    0.000000000000000E+00    0.190000000000000E+01    0.100000000000000E+00
    0.200000000000000E-01    0.192399998922498E+01    0.999994693017692E-01
    0.630000000000000E+01    0.318023953680865E+01    0.100513653154806E+00
    0.632000000000000E+01    0.320426006057550E+01    0.100513742810789E+00
    0.125800000000000E+02    0.443658442663438E+01    0.999902139053599E-01
    0.126000000000000E+02    0.446058405444874E+01    0.999905697219839E-01
    0.188600000000000E+02    0.569477664352538E+01    0.100525114001747E+00
    0.188800000000000E+02    0.571879756963809E+01    0.100520208419509E+00
    0.251400000000000E+02    0.665733600207865E+00    0.100489716739399E+00
    0.251600000000000E+02    0.689753204159196E+00    0.100494746327595E+00
    0.314200000000000E+02    0.192405753095972E+01    0.100005233273582E+00
    0.314400000000000E+02    0.194805771512884E+01    0.100004581881711E+00
    0.377000000000000E+02    0.318020326950197E+01    0.100512050005922E+00
    0.377200000000000E+02    0.320422374977156E+01    0.100512270052062E+00
    0.440000000000000E+02    0.446065293277496E+01    0.999855867679199E-01
    0.440200000000000E+02    0.448465244255767E+01    0.999858226885631E-01
    0.502800000000000E+02    0.571879180940608E+01    0.100537567903877E+00
    0.503000000000000E+02    0.574281322037929E+01    0.100532740614915E+00
    0.565600000000000E+02    0.689754763641133E+00    0.100477004990739E+00
    0.565800000000000E+02    0.713773955059267E+00    0.100482122193823E+00
    0.628400000000000E+02    0.194813835004614E+01    0.100012013525162E+00
    0.628600000000000E+02    0.197213878426055E+01    0.100011239980665E+00
    0.691200000000000E+02    0.320422207427858E+01    0.100511735854608E+00
    0.691400000000000E+02    0.322824255428658E+01    0.100512072542972E+00
    0.754000000000000E+02    0.446073563995144E+01    0.999813901858828E-01
    0.754200000000000E+02    0.448473483045882E+01    0.999814292503957E-01
    0.817000000000000E+02    0.574280201531117E+01    0.100549306645750E+00
    0.817200000000000E+02    0.576682390987791E+01    0.100544563043208E+00
    0.879800000000000E+02    0.713778837621163E+00    0.100463907878542E+00
    0.880000000000000E+02    0.737797497918990E+00    0.100469081461834E+00
    0.942600000000000E+02    0.197219613412024E+01    0.100017963715251E+00
    0.942800000000000E+02    0.199619681215538E+01    0.100017075589047E+00
    0.100540000000000E+03    0.322821096093455E+01    0.100509695799023E+00
    0.100560000000000E+03    0.325223134718190E+01    0.100510134369986E+00
    0.106820000000000E+03    0.448479299147556E+01    0.999780328307434E-01
    0.106840000000000E+03    0.450879211385978E+01    0.999779376992018E-01
    0.113100000000000E+03    0.574279281965309E+01    0.100565969397183E+00
    0.113120000000000E+03    0.576681538380441E+01    0.100561362313570E+00
    0.119400000000000E+03    0.737803175096104E+00    0.100450885373941E+00
    0.119420000000000E+03    0.761821293310078E+00    0.100456098867834E+00
    0.125680000000000E+03    0.199626408570620E+01    0.100024581214350E+00
    0.125700000000000E+03    0.202026503514469E+01    0.100023576340161E+00
    0.131960000000000E+03    0.325222113297099E+01    0.100508374221437E+00
    0.131980000000000E+03    0.327624149668057E+01    0.100508937826569E+00
    0.138240000000000E+03    0.450888265219098E+01    0.999748891258417E-01
    0.138260000000000E+03    0.453288156876846E+01    0.999746582489992E-01
    0.144520000000000E+03    0.576681066461742E+01    0.100577724782410E+00
    0.144540000000000E+03    0.579083369647685E+01    0.100573213302980E+00
    0.150800000000000E+03    0.737823772080361E+00    0.100432837960872E+00
    0.150820000000000E+03    0.761841196387962E+00    0.100438136148315E+00
    0.157080000000000E+03    0.199634255117098E+01    0.100032947547264E+00
    0.157100000000000E+03    0.202034384046991E+01    0.100031787610159E+00
    0.163380000000000E+03    0.327623881695703E+01    0.100506558730599E+00
    0.163400000000000E+03    0.330025908232003E+01    0.100507215075615E+00
    0.169660000000000E+03    0.453296836534776E+01    0.999718277151334E-01
    0.169680000000000E+03    0.455696723607571E+01    0.999714563264179E-01
    0.175940000000000E+03    0.579084934235686E+01    0.100588764786238E+00
    0.175960000000000E+03    0.581487284905194E+01    0.100584352650442E+00
    0.182220000000000E+03    0.761882133859160E+00    0.100419669036100E+00
    0.182240000000000E+03    0.785898977796677E+00    0.100424987959193E+00
    0.188500000000000E+03    0.202043453824609E+01    0.100040411033959E+00
    0.188520000000000E+03    0.204443609741713E+01    0.100039148141635E+00
    0.194780000000000E+03    0.327624268295605E+01    0.100502686829211E+00
    0.194800000000000E+03    0.330026279622393E+01    0.100503466240849E+00
    0.201080000000000E+03    0.455707083779419E+01    0.999687919276997E-01
    0.201100000000000E+03    0.458106968005674E+01    0.999682982436710E-01
    0.207360000000000E+03    0.581489854516860E+01    0.100600828872445E+00
    0.207380000000000E+03    0.583892250001861E+01    0.100596521236771E+00
    0.213640000000000E+03    0.785949348081488E+00    0.100406604726598E+00
    0.213660000000000E+03    0.809965664756703E+00    0.100411954256812E+00
    0.219920000000000E+03    0.204454005765479E+01    0.100048281808374E+00
    0.219940000000000E+03    0.206854195068468E+01    0.100046911063112E+00
    0.226200000000000E+03    0.330030153400259E+01    0.100500611694867E+00
    0.226220000000000E+03    0.332432159697868E+01    0.100501514927118E+00
    0.232480000000000E+03    0.455720718723990E+01    0.999684362702378E-01
    0.232500000000000E+03    0.458120590914257E+01    0.999677329228361E-01
    0.238780000000000E+03    0.583896683817056E+01    0.100611839233422E+00
    0.238800000000000E+03    0.586299123482797E+01    0.100607640622910E+00
    0.245060000000000E+03    0.810053197221464E+00    0.100393785419486E+00
    0.245080000000000E+03    0.834069045947899E+00    0.100399173853309E+00
    0.251340000000000E+03    0.206868349167098E+01    0.100057139824597E+00
    0.251360000000000E+03    0.209268571134152E+01    0.100055677999281E+00
    0.257620000000000E+03    0.332438506387717E+01    0.100497168105646E+00
    0.257640000000000E+03    0.334840496044706E+01    0.100498158731825E+00
    0.263900000000000E+03    0.458135793146016E+01    0.999667135574133E-01
    0.263920000000000E+03    0.460535658718311E+01    0.999658673851826E-01
    0.270180000000000E+03    0.583902350108139E+01    0.100625285601904E+00
    0.270200000000000E+03    0.586304851971011E+01    0.100621256533944E+00
    0.276480000000000E+03    0.834167293800704E+00    0.100380380240708E+00
    0.276500000000000E+03    0.858182587535339E+00    0.100385784573284E+00
    0.282760000000000E+03    0.209281937272016E+01    0.100065315452843E+00
    0.282780000000000E+03    0.211682189113640E+01    0.100063757351881E+00
    0.289040000000000E+03    0.334845442123401E+01    0.100492812852509E+00
    0.289060000000000E+03    0.337247414071095E+01    0.100493906956697E+00
    0.295320000000000E+03    0.460549194898255E+01    0.999651855700418E-01
    0.295340000000000E+03    0.462949054111539E+01    0.999641979260663E-01
    0.301600000000000E+03    0.586308120170759E+01    0.100635225598542E+00
    0.301620000000000E+03    0.588710659322186E+01    0.100631316783342E+00
    0.307880000000000E+03    0.834227245925035E+00    0.100360957273414E+00
    0.307900000000000E+03    0.858241744147790E+00    0.100366393123182E+00
    0.314160000000000E+03    0.209290709361562E+01    0.100074406169131E+00
    0.314180000000000E+03    0.211691000238420E+01    0.100072712943478E+00
    0.320460000000000E+03    0.337248555585427E+01    0.100488213387457E+00
    0.320480000000000E+03    0.339650509551797E+01    0.100489409175673E+00
    0.326740000000000E+03    0.462959273877033E+01    0.999642863042564E-01
    0.326760000000000E+03    0.465359128986154E+01    0.999631535718864E-01
    0.333020000000000E+03    0.588710811895663E+01    0.100644824490991E+00
    0.333040000000000E+03    0.591113389569364E+01    0.100641039016923E+00
    0.339300000000000E+03    0.858283569216155E+00    0.100347318308611E+00
    0.339320000000000E+03    0.882297524067496E+00    0.100352762022333E+00
    0.345580000000000E+03    0.211698298025493E+01    0.100083004835919E+00
    0.345600000000000E+03    0.214098622929669E+01    0.100081225532594E+00
    0.351860000000000E+03    0.337248619284850E+01    0.100482177317629E+00
    0.351880000000000E+03    0.339650549374062E+01    0.100483484643835E+00
    0.358160000000000E+03    0.465368111268208E+01    0.999637152052856E-01
    0.358180000000000E+03    0.467767963675533E+01    0.999624373951086E-01
    0.364440000000000E+03    0.591112273009958E+01    0.100653846830324E+00
    0.364460000000000E+03    0.593514889384107E+01    0.100650187239207E+00
    0.370720000000000E+03    0.882335119363177E+00    0.100333901933514E+00
    0.370740000000000E+03    0.906348549777363E+00    0.100339350540474E+00
    0.377000000000000E+03    0.214105224749449E+01    0.100092060235053E+00
    0.377020000000000E+03    0.216505584245317E+01    0.100090200380033E+00
    0.383280000000000E+03    0.339650039161779E+01    0.100476968260446E+00
    0.383300000000000E+03    0.342051948213259E+01    0.100478372431017E+00
    0.389560000000000E+03    0.465376208707704E+01    0.999649696468485E-01
    0.389580000000000E+03    0.467776066225770E+01    0.999634984821720E-01
    0.395860000000000E+03    0.593512171559689E+01    0.100663097156823E+00
    0.395880000000000E+03    0.595914819166302E+01    0.100659572592341E+00
    0.402140000000000E+03    0.906354447886656E+00    0.100319630589334E+00
    0.402160000000000E+03    0.930367332681044E+00    0.100325084347732E+00
    0.408420000000000E+03    0.216508490069401E+01    0.100100417382617E+00
    0.408440000000000E+03    0.218908885895428E+01    0.100098470775530E+00
    0.414700000000000E+03    0.342048379293777E+01    0.100471719976463E+00
    0.414720000000000E+03    0.344450268856042E+01    0.100473219170095E+00
    0.420980000000000E+03    0.467781968283003E+01    0.999654962608378E-01
    0.421000000000000E+03    0.470181829306995E+01    0.999638840770795E-01
    0.427260000000000E+03    0.593507576033733E+01    0.100674950585057E+00
    0.427280000000000E+03    0.595910272122887E+01    0.100671623919342E+00
    0.433540000000000E+03    0.906360398196057E+00    0.100300966340523E+00
    0.433560000000000E+03    0.930372490272475E+00    0.100306408517968E+00
    0.439840000000000E+03    0.218911310413705E+01    0.100109647240927E+00
    0.439860000000000E+03    0.221311743912838E+01    0.100107629058202E+00
    0.446120000000000E+03    0.344446458324978E+01    0.100465846538385E+00
    0.446140000000000E+03    0.346848323939548E+01    0.100467437192905E+00
    0.452400000000000E+03    0.470186747909463E+01    0.999666894692145E-01
    0.452420000000000E+03    0.472586611749011E+01    0.999649268277428E-01
    0.458680000000000E+03    0.595904749643603E+01    0.100683438882991E+00
    0.458700000000000E+03    0.598307478613776E+01    0.100680254312611E+00
    0.464960000000000E+03    0.930376769509621E+00    0.100287822039227E+00
    0.464980000000000E+03    0.954388394442844E+00    0.100293260059610E+00
    0.471240000000000E+03    0.218913286905081E+01    0.100121212548007E+00
    0.471260000000000E+03    0.221313767007166E+01    0.100119086498636E+00
    0.477540000000000E+03    0.346844321054141E+01    0.100460034158419E+00
    0.477560000000000E+03    0.349246161528310E+01    0.100461715123161E+00
    0.483820000000000E+03    0.472590765760913E+01    0.999680323583787E-01
    0.483840000000000E+03    0.474990633999562E+01    0.999661253104035E-01
    0.490100000000000E+03    0.598301178647989E+01    0.100691140593305E+00
    0.490120000000000E+03    0.600703938794652E+01    0.100688096757158E+00
    0.496380000000000E+03    0.954378365876437E+00    0.100274804063317E+00
    0.496400000000000E+03    0.978389377836379E+00    0.100280206588147E+00
    0.502660000000000E+03    0.221313110609628E+01    0.100130273576301E+00
    0.502680000000000E+03    0.223713626023289E+01    0.100128086050302E+00
    0.508940000000000E+03    0.346836878410318E+01    0.100450398544237E+00
    0.508960000000000E+03    0.349238682544558E+01    0.100452173191732E+00
    0.515240000000000E+03    0.474991665291805E+01    0.999706917942206E-01
    0.515260000000000E+03    0.477391545606838E+01    0.999686454807980E-01
    0.521520000000000E+03    0.600695216177780E+01    0.100698985991299E+00
    0.521540000000000E+03    0.603098012721705E+01    0.100696085234997E+00
    0.527800000000000E+03    0.978385773846185E+00    0.100262859950178E+00
    0.527820000000000E+03    0.100239634558625E+01    0.100268241959403E+00
    0.534080000000000E+03    0.223715664937470E+01    0.100141281373356E+00
    0.534100000000000E+03    0.226116223286886E+01    0.100139038034895E+00
    0.540360000000000E+03    0.349236534182876E+01    0.100445130652763E+00
    0.540380000000000E+03    0.351638316600634E+01    0.100446988262858E+00
    0.546640000000000E+03    0.474998866515637E+01    0.999750725638923E-01
    0.546660000000000E+03    0.477398763042083E+01    0.999728329510578E-01
    0.552940000000000E+03    0.603093951523545E+01    0.100706192340981E+00
    0.552960000000000E+03    0.605496772478170E+01    0.100703445569821E+00
    0.559220000000000E+03    0.100241291402051E+01    0.100249268462502E+00
    0.559240000000000E+03    0.102642299400179E+01    0.100254625471952E+00
    0.565500000000000E+03    0.226118318304282E+01    0.100150971657826E+00
    0.565520000000000E+03    0.228518916314260E+01    0.100148670880290E+00
    0.571780000000000E+03    0.351635559908686E+01    0.100438599944929E+00
    0.571800000000000E+03    0.354037310732633E+01    0.100440548715911E+00
    0.578060000000000E+03    0.477403453440581E+01    0.999769760817781E-01
    0.578080000000000E+03    0.479803357043909E+01    0.999745928566569E-01
    0.584340000000000E+03    0.603087020367798E+01    0.100714649276270E+00
    0.584360000000000E+03    0.605489876414015E+01    0.100712124289958E+00
    0.590620000000000E+03    0.100240583072559E+01    0.100230543891421E+00
    0.590640000000000E+03    0.102641514266202E+01    0.100235856917644E+00
    0.596920000000000E+03    0.228517021021082E+01    0.100161311354316E+00
    0.596940000000000E+03    0.230917648920536E+01    0.100158971343885E+00
    0.603200000000000E+03    0.354027087188194E+01    0.100428488667136E+00
    0.603220000000000E+03    0.356428802094672E+01    0.100430503346190E+00
    0.609480000000000E+03    0.479799034750874E+01    0.999788414414094E-01
    0.609500000000000E+03    0.482198946620565E+01    0.999763210582881E-01
    0.615760000000000E+03    0.605472600909218E+01    0.100719131368661E+00
    0.615780000000000E+03    0.607875475035507E+01    0.100716763311022E+00
    0.622040000000000E+03    0.102629217801677E+01    0.100216427507576E+00
    0.622060000000000E+03    0.105030093603250E+01    0.100221700648146E+00
    0.628320000000000E+03    0.228502845784624E+01    0.100171176108019E+00
    0.628340000000000E+03    0.230903523416055E+01    0.100168747560602E+00
    0.634620000000000E+03    0.356410737961880E+01    0.100420821435608E+00
    0.634640000000000E+03    0.358812427460657E+01    0.100422925650830E+00
    0.640900000000000E+03    0.482195432683909E+01    0.999829749373687E-01
    0.640920000000000E+03    0.484595400923627E+01    0.999803202356433E-01
    0.647180000000000E+03    0.607863490113061E+01    0.100725922328897E+00
    0.647200000000000E+03    0.610266389635512E+01    0.100723711434046E+00
    0.653460000000000E+03    0.105023622363410E+01    0.100205189406156E+00
    0.653480000000000E+03    0.107424423708255E+01    0.100210392481610E+00
    0.659740000000000E+03    0.230894711389431E+01    0.100182999858720E+00
    0.659760000000000E+03    0.233295420163267E+01    0.100180551229142E+00
    0.666020000000000E+03    0.356394020310381E+01    0.100408423381509E+00
    0.666040000000000E+03    0.358795654642790E+01    0.100410584237097E+00
    0.672320000000000E+03    0.484576508953728E+01    0.999841725920577E-01
    0.672340000000000E+03    0.486976439991440E+01    0.999813725086960E-01
    0.678600000000000E+03    0.610230802664375E+01    0.100727421134095E+00
    0.678620000000000E+03    0.612633710542764E+01    0.100725366553872E+00
    0.684880000000000E+03    0.107395578996011E+01    0.100189641164760E+00
    0.684900000000000E+03    0.109796347195424E+01    0.100194810057667E+00
    0.691160000000000E+03    0.233264084887651E+01    0.100189022716036E+00
    0.691180000000000E+03    0.235664835180000E+01    0.100186520106867E+00
    0.697440000000000E+03    0.358761279609405E+01    0.100400409798282E+00
    0.697460000000000E+03    0.361162885753220E+01    0.100402634475858E+00
    0.703720000000000E+03    0.484550645384763E+01    0.999912447337879E-01
    0.703740000000000E+03    0.486950604401397E+01    0.999882670736070E-01
    0.710000000000000E+03    0.610193410463933E+01    0.100733534916511E+00
    0.710020000000000E+03    0.612596344958581E+01    0.100731712923966E+00
    0.716300000000000E+03    0.109766324063469E+01    0.100178066020993E+00
    0.716320000000000E+03    0.112167039569670E+01    0.100183173650773E+00
    0.722580000000000E+03    0.235631840319411E+01    0.100198303095749E+00
    0.722600000000000E+03    0.238032627740915E+01    0.100195770878977E+00
    0.728860000000000E+03    0.361124483290689E+01    0.100390738975866E+00
    0.728880000000000E+03    0.363526047736173E+01    0.100393024266548E+00
    0.735140000000000E+03    0.486917381535409E+01    0.999956023288137E-01
    0.735160000000000E+03    0.489317360918403E+01    0.999924974896957E-01
    0.741420000000000E+03    0.612552255006847E+01    0.100736955387367E+00
    0.741440000000000E+03    0.614955209861569E+01    0.100735294416491E+00
    0.747700000000000E+03    0.109731696050642E+01    0.100160949581413E+00
    0.747720000000000E+03    0.112132347885949E+01    0.100165983201683E+00
    0.754000000000000E+03    0.237996960861062E+01    0.100209194514327E+00
    0.754020000000000E+03    0.240397789041697E+01    0.100206638128294E+00
    0.760280000000000E+03    0.363487435584773E+01    0.100382260731941E+00
    0.760300000000000E+03    0.365888968791796E+01    0.100384606524652E+00
    0.766560000000000E+03    0.489286984314072E+01    0.100001584906611E+00
    0.766580000000000E+03    0.491686983194438E+01    0.999983433037958E-01
    0.772840000000000E+03    0.614913817534909E+01    0.100741916885328E+00
    0.772860000000000E+03    0.617316782719286E+01    0.100740421235993E+00
    0.779120000000000E+03    0.112098721464952E+01    0.100150112201161E+00
    0.779140000000000E+03    0.114499330966021E+01    0.100155080528882E+00
    0.785400000000000E+03    0.237961809045566E+01    0.100222250779206E+00
    0.785420000000000E+03    0.240362691201824E+01    0.100219651590118E+00
    0.791700000000000E+03    0.365851801379699E+01    0.100374046214368E+00
    0.791720000000000E+03    0.368253297439549E+01    0.100376444830574E+00
    0.797980000000000E+03    0.491655908797350E+01    0.100006974874721E+00
    0.798000000000000E+03    0.494055932137712E+01    0.100003610130737E+00
    0.804260000000000E+03    0.617275158183656E+01    0.100744782459920E+00
    0.804280000000000E+03    0.619678140611484E+01    0.100743453819244E+00
    0.810540000000000E+03    0.114466339870341E+01    0.100139029107938E+00
    0.810560000000000E+03    0.116866896714498E+01    0.100143916775302E+00
    0.816820000000000E+03    0.240326052592081E+01    0.100231850099426E+00
    0.816840000000000E+03    0.242726972734590E+01    0.100229240006243E+00
    0.823100000000000E+03    0.365811368564448E+01    0.100361744341731E+00
    0.823120000000000E+03    0.368212817943754E+01    0.100364186258646E+00
    0.829400000000000E+03    0.494021570767507E+01    0.100013153276481E+00
    0.829420000000000E+03    0.496421617771512E+01    0.100009663426896E+00
    0.835680000000000E+03    0.619631817905690E+01    0.100747584432151E+00
    0.835700000000000E+03    0.622034807322848E+01    0.100746423362936E+00
    0.841960000000000E+03    0.116828954662526E+01    0.100127636060395E+00
    0.841980000000000E+03    0.119229474678320E+01    0.100132454589388E+00
    0.848240000000000E+03    0.242686373008257E+01    0.100241983888416E+00
    0.848260000000000E+03    0.245087333867548E+01    0.100239361658878E+00
    0.854520000000000E+03    0.368170159341366E+01    0.100352580763030E+00
    0.854540000000000E+03    0.370571568197397E+01    0.100355071463522E+00
    0.860800000000000E+03    0.493984257900183E+01    0.100022336389786E+00
    0.860820000000000E+03    0.496384341712519E+01    0.100018685826550E+00
    0.867080000000000E+03    0.619583612380347E+01    0.100750077220829E+00
    0.867100000000000E+03    0.621986618500182E+01    0.100749159260785E+00
    0.873380000000000E+03    0.119190208808959E+01    0.100116867366125E+00
    0.873400000000000E+03    0.121590679031488E+01    0.100121598294630E+00
    0.879660000000000E+03    0.245043928496307E+01    0.100251551150127E+00
    0.879680000000000E+03    0.247444926786784E+01    0.100248927247804E+00
    0.885940000000000E+03    0.370525210207211E+01    0.100342234448234E+00
    0.885960000000000E+03    0.372926581549018E+01    0.100344761255690E+00
    0.892220000000000E+03    0.496343790191099E+01    0.100029061385212E+00
    0.892240000000000E+03    0.498743901830608E+01    0.100025293922500E+00
    0.898500000000000E+03    0.621934068434553E+01    0.100751685037803E+00
    0.898520000000000E+03    0.624337075937319E+01    0.100750936821391E+00
    0.904780000000000E+03    0.119145448771064E+01    0.100101218594172E+00
    0.904800000000000E+03    0.121545862384755E+01    0.100105848198385E+00
    0.911080000000000E+03    0.247396227128593E+01    0.100261207283472E+00
    0.911100000000000E+03    0.249797264735503E+01    0.100258574885341E+00
    0.917360000000000E+03    0.372876334355715E+01    0.100331978419089E+00
    0.917380000000000E+03    0.375277668057015E+01    0.100334548231809E+00
    0.923640000000000E+03    0.498701864034774E+01    0.100037689976284E+00
    0.923660000000000E+03    0.501102013767058E+01    0.100033803462459E+00
    0.929920000000000E+03    0.624285920599709E+01    0.100754489882754E+00
    0.929940000000000E+03    0.626688938523785E+01    0.100753911097455E+00
    0.936200000000000E+03    0.121505971265310E+01    0.100092654339798E+00
    0.936220000000000E+03    0.123906350218522E+01    0.100097192266710E+00
    0.942480000000000E+03    0.247354572690983E+01    0.100275390461003E+00
    0.942500000000000E+03    0.249755666713691E+01    0.100272751251997E+00
    0.948780000000000E+03    0.375236327365610E+01    0.100324127054413E+00
    0.948800000000000E+03    0.377637628434104E+01    0.100326722550448E+00
    0.955060000000000E+03    0.501066030741958E+01    0.100045284663761E+00
    0.955080000000000E+03    0.503466204280153E+01    0.100041284064742E+00
    0.961340000000000E+03    0.626641920225802E+01    0.100755546843296E+00
    0.961360000000000E+03    0.726395575884453E-02    0.100755137945765E+00
    0.967620000000000E+03    0.123868703792073E+01    0.100083160461698E+00
    0.967640000000000E+03    0.126269044573246E+01    0.100087604872201E+00
    0.973900000000000E+03    0.249713322030880E+01    0.100285165933870E+00
    0.973920000000000E+03    0.252114455744527E+01    0.100282531167532E+00
    0.980180000000000E+03    0.375193573667048E+01    0.100311706422129E+00
    0.980200000000000E+03    0.377594827886242E+01    0.100314336043113E+00
    0.986480000000000E+03    0.503432371633335E+01    0.100053794656817E+00
    0.986500000000000E+03    0.505832601157636E+01    0.100049667362345E+00
    0.992760000000000E+03    0.682386713856431E-02    0.100755694329848E+00
    0.992780000000000E+03    0.308541719155073E-01    0.100755444190396E+00
    0.999040000000000E+03    0.126236137880642E+01    0.100074420585468E+00
    0.999060000000000E+03    0.128636442776224E+01    0.100078766101206E+00
    0.100532000000000E+04    0.252077397323342E+01    0.100295511560584E+00
    0.100534000000000E+04    0.254478571730715E+01    0.100292893038721E+00
    0.101160000000000E+04    0.377557379650102E+01    0.100301614844966E+00
    0.101162000000000E+04    0.379958585602071E+01    0.100304255879600E+00
    0.101788000000000E+04    0.503394285353420E+01    0.100065228969757E+00
    0.101790000000000E+04    0.505794538958730E+01    0.100060981554853E+00
    0.102416000000000E+04    0.633410932027800E-02    0.100755483269992E+00
    0.102418000000000E+04    0.303643669456051E-01    0.100755493166871E+00
    0.103046000000000E+04    0.128595532349254E+01    0.100064418575610E+00
    0.103048000000000E+04    0.130995792160888E+01    0.100068657914646E+00
    0.103674000000000E+04    0.254431822684069E+01    0.100304455581275E+00
    0.103676000000000E+04    0.256833033534076E+01    0.100301855937995E+00
    0.104302000000000E+04    0.379910414729648E+01    0.100290969283415E+00
    0.104304000000000E+04    0.382311583867659E+01    0.100293623925613E+00
    0.104930000000000E+04    0.505751259038766E+01    0.100073700610343E+00
    0.104932000000000E+04    0.508151545666396E+01    0.100069349542412E+00
    0.105558000000000E+04    0.298242406306599E-01    0.100754904041758E+00
    0.105560000000000E+04    0.538544559167349E-01    0.100755082781801E+00
    0.106186000000000E+04    0.128551263686586E+01    0.100051937696623E+00
    0.106188000000000E+04    0.130951474953054E+01    0.100056045541179E+00
    0.106816000000000E+04    0.256782667337848E+01    0.100313770045421E+00
    0.106818000000000E+04    0.259183917352948E+01    0.100311200015769E+00
    0.107444000000000E+04    0.382261121841020E+01    0.100280948084484E+00
    0.107446000000000E+04    0.384662240442981E+01    0.100283626209170E+00
    0.108072000000000E+04    0.508103234629698E+01    0.100081865416956E+00
    0.108074000000000E+04    0.510503553922854E+01    0.100077416554561E+00
    0.108700000000000E+04    0.532639725477111E-01    0.100752794463251E+00
    0.108702000000000E+04    0.772941963607536E-01    0.100753136521267E+00
    0.109328000000000E+04    0.130902977497635E+01    0.100043031146508E+00
    0.109330000000000E+04    0.133303154187934E+01    0.100047030014155E+00
    0.109956000000000E+04    0.256728228078418E+01    0.100325379751145E+00
    0.109958000000000E+04    0.259129521668547E+01    0.100322823521931E+00
    0.110586000000000E+04    0.384607111208425E+01    0.100269303348922E+00
    0.110588000000000E+04    0.387008192687676E+01    0.100271979035421E+00
    0.111214000000000E+04    0.510453734618886E+01    0.100091375600599E+00
    0.111216000000000E+04    0.512854100057143E+01    0.100086834974651E+00
    0.111842000000000E+04    0.766884433567157E-01    0.100751620618888E+00
    0.111844000000000E+04    0.100718525738557E+00    0.100752138298909E+00
    0.112470000000000E+04    0.133250465195601E+01    0.100034587259368E+00
    0.112472000000000E+04    0.135650603172689E+01    0.100038472191959E+00
    0.113098000000000E+04    0.259070767072740E+01    0.100334370077907E+00
    0.113100000000000E+04    0.261472095002250E+01    0.100331852225982E+00
    0.113726000000000E+04    0.384548567249271E+01    0.100255337315982E+00
    0.113728000000000E+04    0.386949593155509E+01    0.100258001658268E+00
    0.114354000000000E+04    0.510396799121031E+01    0.100104255453886E+00
    0.114356000000000E+04    0.512797207311041E+01    0.100099597358567E+00
    0.114984000000000E+04    0.100037013652809E+00    0.100748782926393E+00
    0.114986000000000E+04    0.124066995015482E+00    0.100749468488925E+00
    0.115612000000000E+04    0.135591995956929E+01    0.100026110015946E+00
    0.115614000000000E+04    0.137992107219452E+01    0.100029884783074E+00
    0.116240000000000E+04    0.261406205712365E+01    0.100342259126317E+00
    0.116242000000000E+04    0.263807568409675E+01    0.100339763755240E+00
    0.116868000000000E+04    0.386884782708580E+01    0.100245117534205E+00
    0.116870000000000E+04    0.389285771308209E+01    0.100247799256113E+00
    0.117496000000000E+04    0.512736606513386E+01    0.100114717939277E+00
    0.117498000000000E+04    0.515137055883474E+01    0.100109973359106E+00
    0.118124000000000E+04    0.993460083832360E-01    0.100746245550568E+00
    0.118126000000000E+04    0.123375878357365E+00    0.100747176919102E+00
    0.118754000000000E+04    0.137934164300805E+01    0.100019955771887E+00
    0.118756000000000E+04    0.140334248429190E+01    0.100023613147756E+00
    0.119382000000000E+04    0.263743955691757E+01    0.100351978770482E+00
    0.119384000000000E+04    0.266145359084044E+01    0.100349541460672E+00
    0.120010000000000E+04    0.389224626279224E+01    0.100235582503179E+00
    0.120012000000000E+04    0.391625571696682E+01    0.100238241583467E+00
    0.120638000000000E+04    0.515078582455385E+01    0.100124986584126E+00
    0.120640000000000E+04    0.517479076952395E+01    0.100120164166974E+00
    0.121266000000000E+04    0.122702657026366E+00    0.100743426541409E+00
    0.121268000000000E+04    0.146732532248279E+00    0.100744509299838E+00
    0.121894000000000E+04    0.137879336901801E+01    0.100010740867955E+00
    0.121896000000000E+04    0.140279383355573E+01    0.100014242038628E+00
    0.122524000000000E+04    0.266084477510753E+01    0.100361043828285E+00
    0.122526000000000E+04    0.268485915668066E+01    0.100358630233970E+00
    0.123152000000000E+04    0.391566030507693E+01    0.100225357857387E+00
    0.123154000000000E+04    0.393966925956101E+01    0.100228015264325E+00
    0.123780000000000E+04    0.517419867488456E+01    0.100134573786206E+00
    0.123782000000000E+04    0.519820396932528E+01    0.100129671973824E+00
    0.124408000000000E+04    0.146039762337296E+00    0.100739557595530E+00
    0.124410000000000E+04    0.170069430897456E+00    0.100740815309837E+00
    0.125036000000000E+04    0.140218126228842E+01    0.100002900550259E+00
    0.125038000000000E+04    0.142618136415763E+01    0.100006276020396E+00
    0.125664000000000E+04    0.266015136720193E+01    0.100371182960177E+00
    0.125666000000000E+04    0.268416616668333E+01    0.100368816749820E+00
    0.126294000000000E+04    0.393899043814622E+01    0.100213671491533E+00
    0.126296000000000E+04    0.396299903194017E+01    0.100216306194099E+00
    0.126922000000000E+04    0.519756887581616E+01    0.100146221056978E+00
    0.126924000000000E+04    0.522157465058672E+01    0.100141243808713E+00
    0.127550000000000E+04    0.169319849808517E+00    0.100735970546992E+00
    0.127552000000000E+04    0.193349345334354E+00    0.100737390126216E+00
    0.128178000000000E+04    0.142554160749205E+01    0.999971573390936E-01
    0.128180000000000E+04    0.144954155665005E+01    0.100000411769685E+00
    0.128806000000000E+04    0.268347618661642E+01    0.100380206972911E+00
    0.128808000000000E+04    0.270749132769447E+01    0.100377896871010E+00
    0.129434000000000E+04    0.393833168872789E+01    0.100201226326558E+00
    0.129436000000000E+04    0.396233976665758E+01    0.100203818533994E+00
    0.130062000000000E+04    0.519692035024241E+01    0.100161322712423E+00
    0.130064000000000E+04    0.522092675298518E+01    0.100156266905605E+00
    0.130692000000000E+04    0.192632970993827E+00    0.100732051242506E+00
    0.130694000000000E+04    0.216662316746579E+00    0.100733631788384E+00
    0.131320000000000E+04    0.144892340225192E+01    0.999914680623097E-01
    0.131322000000000E+04    0.147292308147848E+01    0.999945937833384E-01
    0.131948000000000E+04    0.270678737963794E+01    0.100387840269845E+00
    0.131950000000000E+04    0.273080283493823E+01    0.100385585211035E+00
    0.132576000000000E+04    0.396165820475494E+01    0.100190777747488E+00
    0.132578000000000E+04    0.398566588321319E+01    0.100193346003769E+00
    0.133204000000000E+04    0.522025912381650E+01    0.100172244083226E+00
    0.133206000000000E+04    0.524426591391079E+01    0.100167121334121E+00
    0.133832000000000E+04    0.191883531842450E+00    0.100725913286524E+00
    0.133834000000000E+04    0.215912604711093E+00    0.100727732716126E+00
    0.134462000000000E+04    0.147227712018753E+01    0.999867049983696E-01
    0.134464000000000E+04    0.149627661619525E+01    0.999897040762191E-01
    0.135090000000000E+04    0.273007633627412E+01    0.100395409797409E+00
    0.135092000000000E+04    0.275409211010469E+01    0.100393227620346E+00
    0.135718000000000E+04    0.398497707802585E+01    0.100180777898330E+00
    0.135720000000000E+04    0.400898434330338E+01    0.100183317376571E+00
    0.136346000000000E+04    0.524358918595499E+01    0.100183741237297E+00
    0.136348000000000E+04    0.526759646731148E+01    0.100178563725975E+00
    0.136974000000000E+04    0.215138238822874E+00    0.100720239902950E+00
    0.136976000000000E+04    0.239167093462129E+00    0.100722215715481E+00
    0.137602000000000E+04    0.147160313786708E+01    0.999783711005502E-01
    0.137604000000000E+04    0.149560231793453E+01    0.999811979956172E-01
    0.138232000000000E+04    0.275334500774898E+01    0.100403309399441E+00
    0.138234000000000E+04    0.277736110666842E+01    0.100401188489716E+00
    0.138860000000000E+04    0.400827588046718E+01    0.100170347578330E+00
    0.138862000000000E+04    0.403228273446075E+01    0.100172853740132E+00
    0.139488000000000E+04    0.526689218602019E+01    0.100194906002788E+00
    0.139490000000000E+04    0.529089990563102E+01    0.100189674353909E+00
    0.140116000000000E+04    0.238391223133931E+00    0.100715224076731E+00
    0.140118000000000E+04    0.262419908433003E+00    0.100717350221712E+00
    0.140744000000000E+04    0.149494163637814E+01    0.999748491699381E-01
    0.140746000000000E+04    0.151894067162448E+01    0.999775441952354E-01
    0.141372000000000E+04    0.275260768417661E+01    0.100413013939596E+00
    0.141374000000000E+04    0.277662415827467E+01    0.100410946370558E+00
    0.142000000000000E+04    0.400757520746993E+01    0.100157733463983E+00
    0.142002000000000E+04    0.403158154740322E+01    0.100160174128160E+00
    0.142630000000000E+04    0.529020235685289E+01    0.100206473848572E+00
    0.142632000000000E+04    0.531421054676184E+01    0.100201193074535E+00
    0.143258000000000E+04    0.261645056428506E+00    0.100709463355834E+00
    0.143260000000000E+04    0.285673514647215E+00    0.100711741636305E+00
    0.143886000000000E+04    0.151826884536422E+01    0.999709765689131E-01
    0.143888000000000E+04    0.154226772078482E+01    0.999735382401758E-01
    0.144514000000000E+04    0.277587080533067E+01    0.100420035153988E+00
    0.144516000000000E+04    0.279988756721627E+01    0.100418039868988E+00
    0.145142000000000E+04    0.403086806742135E+01    0.100147683805787E+00
    0.145144000000000E+04    0.405487400450534E+01    0.100150081233521E+00
    0.145770000000000E+04    0.528948805672371E+01    0.100223546506984E+00
    0.145772000000000E+04    0.531349692867548E+01    0.100218217829707E+00
    0.146400000000000E+04    0.284882543350932E+00    0.100703222885759E+00
    0.146402000000000E+04    0.308910743262459E+00    0.100705653175575E+00
    0.147028000000000E+04    0.154157694771970E+01    0.999673480471814E-01
    0.147030000000000E+04    0.156557567703794E+01    0.999697754680605E-01
    0.147656000000000E+04    0.279911379658097E+01    0.100426765143205E+00
    0.147658000000000E+04    0.282313083070812E+01    0.100424846920324E+00
    0.148284000000000E+04    0.405414420126658E+01    0.100137709748050E+00
    0.148286000000000E+04    0.407814974225039E+01    0.100140059613965E+00
    0.148912000000000E+04    0.531276260614618E+01    0.100235446096629E+00
    0.148914000000000E+04    0.533677194995789E+01    0.100230079177879E+00
    0.149540000000000E+04    0.284071733504106E+00    0.100693768923309E+00
    0.149542000000000E+04    0.308099542712398E+00    0.100696421402727E+00
    0.150170000000000E+04    0.156486076659257E+01    0.999639020695092E-01
    0.150172000000000E+04    0.158885935818716E+01    0.999661944981502E-01
    0.150798000000000E+04    0.282232964403465E+01    0.100433032614965E+00
    0.150800000000000E+04    0.284634693381690E+01    0.100431195981866E+00
    0.151426000000000E+04    0.407739421984161E+01    0.100127742383446E+00
    0.151428000000000E+04    0.410139936686119E+01    0.100130040322226E+00
    0.152054000000000E+04    0.533600708845279E+01    0.100247335240804E+00
    0.152056000000000E+04    0.536001690240437E+01    0.100241934853831E+00
    0.152682000000000E+04    0.307261792869895E+00    0.100686467237937E+00
    0.152684000000000E+04    0.331289309363001E+00    0.100689264328193E+00
    0.153310000000000E+04    0.156412065819268E+01    0.999588613142027E-01
    0.153312000000000E+04    0.158811904647928E+01    0.999609711554232E-01
    0.153940000000000E+04    0.284551878663501E+01    0.100439017437497E+00
    0.153942000000000E+04    0.286953631674101E+01    0.100437258255715E+00
    0.154568000000000E+04    0.410061821562772E+01    0.100117786342408E+00
    0.154570000000000E+04    0.412462296614171E+01    0.100120028338478E+00
    0.155196000000000E+04    0.535922143496191E+01    0.100259184556618E+00
    0.155198000000000E+04    0.538323172015635E+01    0.100253755603067E+00
    0.155824000000000E+04    0.330424980386852E+00    0.100678867876088E+00
    0.155826000000000E+04    0.354452195463864E+00    0.100681805962827E+00
    0.156452000000000E+04    0.158735246461038E+01    0.999565176774727E-01
    0.156454000000000E+04    0.161135075679067E+01    0.999584910346825E-01
    0.157080000000000E+04    0.284466280480137E+01    0.100446388939349E+00
    0.157082000000000E+04    0.286868063152292E+01    0.100444719538310E+00
    0.157708000000000E+04    0.409981153962281E+01    0.100105857967895E+00
    0.157710000000000E+04    0.412381581246768E+01    0.100108005635743E+00
    0.158338000000000E+04    0.538240727577727E+01    0.100271151286554E+00
    0.158340000000000E+04    0.540641803885183E+01    0.100265698656306E+00
    0.158966000000000E+04    0.353559659791699E+00    0.100670800497673E+00
    0.158968000000000E+04    0.377586553097899E+00    0.100673875551647E+00
    0.159594000000000E+04    0.161055154726864E+01    0.999543473828721E-01
    0.159596000000000E+04    0.163454975033028E+01    0.999561840149380E-01
    0.160222000000000E+04    0.286778901768389E+01    0.100451521329998E+00
    0.160224000000000E+04    0.289180705293938E+01    0.100449938371319E+00
    0.160850000000000E+04    0.412297459744241E+01    0.100096217052722E+00
    0.160852000000000E+04    0.414697848530022E+01    0.100098299713648E+00
    0.161478000000000E+04    0.538154316312375E+01    0.100288553015246E+00
    0.161480000000000E+04    0.540555462015755E+01    0.100283089109899E+00
    0.162108000000000E+04    0.376659411891751E+00    0.100662494493608E+00
    0.162110000000000E+04    0.400685975610713E+00    0.100665703753346E+00
    0.162736000000000E+04    0.163371706042221E+01    0.999527136658751E-01
    0.162738000000000E+04    0.165771519555051E+01    0.999544136577475E-01
    0.163364000000000E+04    0.289088227358070E+01    0.100456455977563E+00
    0.163366000000000E+04    0.291490050747120E+01    0.100454959154155E+00
    0.163992000000000E+04    0.414610687429172E+01    0.100086787038061E+00
    0.163994000000000E+04    0.417011038428382E+01    0.100088801015810E+00
    0.164620000000000E+04    0.540465726270600E+01    0.100300595933990E+00
    0.164622000000000E+04    0.542866920085771E+01    0.100295120070695E+00
    0.165248000000000E+04    0.375700991102349E+00    0.100650385179267E+00
    0.165250000000000E+04    0.399727068907850E+00    0.100653784885661E+00
    0.165878000000000E+04    0.165684698209066E+01    0.999513034294598E-01
    0.165880000000000E+04    0.168084505830780E+01    0.999528668970654E-01
    0.166506000000000E+04    0.291393784574302E+01    0.100460926446149E+00
    0.166508000000000E+04    0.293795626119118E+01    0.100459519468286E+00
    0.167134000000000E+04    0.416920198911407E+01    0.100077472128051E+00
    0.167136000000000E+04    0.419320512636773E+01    0.100079413597382E+00
    0.167762000000000E+04    0.542773070524913E+01    0.100312596055763E+00
    0.167764000000000E+04    0.545174312097311E+01    0.100307113063967E+00
    0.168390000000000E+04    0.398729977351877E+00    0.100641256646752E+00
    0.168392000000000E+04    0.422755683553078E+00    0.100644776885400E+00
    0.169018000000000E+04    0.165594005670232E+01    0.999489833054057E-01
    0.169020000000000E+04    0.167993803713557E+01    0.999503612755938E-01
    0.169648000000000E+04    0.293695500019339E+01    0.100465169810553E+00
    0.169650000000000E+04    0.296097358605130E+01    0.100463852019088E+00
    0.170276000000000E+04    0.419226123013300E+01    0.100068337871398E+00
    0.170278000000000E+04    0.421626400142350E+01    0.100070203248527E+00
    0.170904000000000E+04    0.545076563079874E+01    0.100324600857419E+00
    0.170906000000000E+04    0.547477852426618E+01    0.100319115598291E+00
    0.171532000000000E+04    0.421739444846480E+00    0.100632809352349E+00
    0.171534000000000E+04    0.445764860337022E+00    0.100636460121134E+00
    0.172160000000000E+04    0.167901889719860E+01    0.999490779279878E-01
    0.172162000000000E+04    0.170301685326604E+01    0.999503185869331E-01
    0.172788000000000E+04    0.293594742983169E+01    0.100470667618510E+00
    0.172790000000000E+04    0.295996618666777E+01    0.100469444313440E+00
    0.173416000000000E+04    0.419130947288295E+01    0.100056619347242E+00
    0.173418000000000E+04    0.421531175651262E+01    0.100058366313073E+00
    0.174046000000000E+04    0.547377578779697E+01    0.100335612794447E+00
    0.174048000000000E+04    0.549778912811780E+01    0.100330129987934E+00
    0.174674000000000E+04    0.444701117081422E+00    0.100622297806987E+00
    0.174676000000000E+04    0.468726085111939E+00    0.100626069651859E+00
    0.175302000000000E+04    0.170202153008722E+01    0.999484362888815E-01
    0.175304000000000E+04    0.172601944048574E+01    0.999495418655898E-01
    0.175930000000000E+04    0.295885304648527E+01    0.100472732387845E+00
    0.175932000000000E+04    0.298287193615124E+01    0.100471612366634E+00
    0.176558000000000E+04    0.421423822046654E+01    0.100048190600393E+00
    0.176560000000000E+04    0.423824015284163E+01    0.100049853746394E+00
    0.177186000000000E+04    0.547266445156811E+01    0.100353126285322E+00
    0.177188000000000E+04    0.549667851767299E+01    0.100347670084830E+00
    0.177816000000000E+04    0.467570949193941E+00    0.100612521448130E+00
    0.177818000000000E+04    0.491595551624414E+00    0.100616406915348E+00
    0.178444000000000E+04    0.172495795871419E+01    0.999484521869347E-01
    0.178446000000000E+04    0.174895591374343E+01    0.999494255325148E-01
    0.179072000000000E+04    0.298172544816543E+01    0.100476478363082E+00
    0.179074000000000E+04    0.300574448497173E+01    0.100475449079053E+00
    0.179700000000000E+04    0.423717392038770E+01    0.100040358391679E+00
    0.179702000000000E+04    0.426117556789632E+01    0.100041932953713E+00
    0.180328000000000E+04    0.549557312357592E+01    0.100365603700497E+00
    0.180330000000000E+04    0.551958764795290E+01    0.100360160925330E+00
    0.180956000000000E+04    0.466408685416354E+00    0.100598117313662E+00
    0.180958000000000E+04    0.490432688286091E+00    0.100602173692184E+00
    0.181586000000000E+04    0.174787158279059E+01    0.999489936350287E-01
    0.181588000000000E+04    0.177186954045874E+01    0.999498325619669E-01
    0.182214000000000E+04    0.300456579237425E+01    0.100479339174810E+00
    0.182216000000000E+04    0.302858493710028E+01    0.100478399427697E+00
    0.182842000000000E+04    0.426004634085029E+01    0.100031871193233E+00
    0.182844000000000E+04    0.428404764412289E+01    0.100033356411396E+00
    0.183470000000000E+04    0.551841095378586E+01    0.100377156218391E+00
    0.183472000000000E+04    0.554242593750178E+01    0.100371730007318E+00
    0.184098000000000E+04    0.489231769666276E+00    0.100588050875822E+00
    0.184100000000000E+04    0.513255373914490E+00    0.100592210367969E+00
    0.184726000000000E+04    0.174675588385026E+01    0.999502668973982E-01
    0.184728000000000E+04    0.177075385860371E+01    0.999509273739323E-01
    0.185354000000000E+04    0.300334644624172E+01    0.100482025893979E+00
    0.185356000000000E+04    0.302736570135130E+01    0.100481202683365E+00
    0.185984000000000E+04    0.428289941213188E+01    0.100024300941292E+00
    0.185986000000000E+04    0.430690041798516E+01    0.100025695031973E+00
    0.186612000000000E+04    0.554122604921531E+01    0.100389128695703E+00
    0.186614000000000E+04    0.556524150881023E+01    0.100383728446120E+00
    0.187240000000000E+04    0.512012456741104E+00    0.100577313295716E+00
    0.187242000000000E+04    0.536035659744357E+00    0.100581573990966E+00
    0.187868000000000E+04    0.176959274071123E+01    0.999513599279765E-01
    0.187870000000000E+04    0.179359077519848E+01    0.999518857785771E-01
    0.188496000000000E+04    0.302611776899130E+01    0.100484874326932E+00
    0.188498000000000E+04    0.305013716826397E+01    0.100484167931120E+00
    0.189124000000000E+04    0.428172316800192E+01    0.100015743168794E+00
    0.189126000000000E+04    0.430572382583887E+01    0.100016996519449E+00
    0.189754000000000E+04    0.556402925193424E+01    0.100402203224252E+00
    0.189756000000000E+04    0.558804523975505E+01    0.100396828987769E+00
    0.190382000000000E+04    0.534813918694454E+00    0.100567878835473E+00
    0.190384000000000E+04    0.558836718754719E+00    0.100572236056223E+00
    0.191010000000000E+04    0.179246084829219E+01    0.999550474345319E-01
    0.191012000000000E+04    0.181645900949798E+01    0.999554485179149E-01
    0.191638000000000E+04    0.304892020588750E+01    0.100487197040511E+00
    0.191640000000000E+04    0.307293967156056E+01    0.100486573630952E+00
    0.192266000000000E+04    0.430459132607575E+01    0.100009547909145E+00
    0.192268000000000E+04    0.432859176031889E+01    0.100010707891663E+00
