    0.000000000000000E+00    0.190000000000000E+01    0.110000000000000E+00
    0.200000000000000E-01    0.192439998920617E+01    0.109999467903411E+00
    0.630000000000000E+01    0.330612463126126E+01    0.110541751787840E+00
    0.632000000000000E+01    0.333054629412256E+01    0.110542585021579E+00
    0.125800000000000E+02    0.468914367718758E+01    0.109961609106900E+00
    0.126000000000000E+02    0.471354212648250E+01    0.109959988039777E+00
    0.188600000000000E+02    0.607206123463046E+01    0.110770793888923E+00
    0.188800000000000E+02    0.609649208011894E+01    0.110768540902481E+00
    0.251400000000000E+02    0.116949578866738E+01    0.110133584983189E+00
    0.251600000000000E+02    0.119390118022303E+01    0.110138356910145E+00
    0.314200000000000E+02    0.255423157245465E+01    0.110352122977952E+00
    0.314400000000000E+02    0.257864559401266E+01    0.110349539428464E+00
    0.377000000000000E+02    0.393467105630106E+01    0.110229308033877E+00
    0.377200000000000E+02    0.395908021342793E+01    0.110231898711570E+00
    0.440000000000000E+02    0.534407907088996E+01    0.110269210340098E+00
    0.440200000000000E+02    0.536848973201074E+01    0.110263811963636E+00
    0.502800000000000E+02    0.440825436477020E+00    0.110680688674966E+00
    0.503000000000000E+02    0.465252757376085E+00    0.110684433309257E+00
    0.565600000000000E+02    0.182466322179685E+01    0.109976087535908E+00
    0.565800000000000E+02    0.184906224977824E+01    0.109976235111094E+00
    0.628400000000000E+02    0.320676812363808E+01    0.110552182708454E+00
    0.628600000000000E+02    0.323119016304105E+01    0.110552508520144E+00
    0.691200000000000E+02    0.458936164237508E+01    0.109960283025848E+00
    0.691400000000000E+02    0.461376004519525E+01    0.109959356956305E+00
    0.754000000000000E+02    0.597270344752879E+01    0.110735669522691E+00
    0.754200000000000E+02    0.599713282991789E+01    0.110732671875018E+00
    0.817000000000000E+02    0.109419130451435E+01    0.110195997087207E+00
    0.817200000000000E+02    0.111859920619492E+01    0.110201123180765E+00
    0.879800000000000E+02    0.247909481036514E+01    0.110296322435140E+00
    0.880000000000000E+02    0.250350660221244E+01    0.110293686052265E+00
    0.942600000000000E+02    0.385948560617129E+01    0.110286406784611E+00
    0.942800000000000E+02    0.388389705104545E+01    0.110289081223222E+00
    0.100540000000000E+03    0.524440265226717E+01    0.110204162158675E+00
    0.100560000000000E+03    0.526881071568754E+01    0.110198981110749E+00
    0.106820000000000E+03    0.341413787153186E+00    0.110726480152454E+00
    0.106840000000000E+03    0.365842936359542E+00    0.110729561809448E+00
    0.113100000000000E+03    0.172485407658709E+01    0.109963058919316E+00
    0.113120000000000E+03    0.174925258585540E+01    0.109963877010895E+00
    0.119400000000000E+03    0.313178247600115E+01    0.110552717837702E+00
    0.119420000000000E+03    0.315620457162325E+01    0.110552496002249E+00
    0.125680000000000E+03    0.451395111876849E+01    0.109971162472998E+00
    0.125700000000000E+03    0.453834996153003E+01    0.109970964053304E+00
    0.131960000000000E+03    0.589772733386647E+01    0.110687584497166E+00
    0.131980000000000E+03    0.592215476990043E+01    0.110683856757308E+00
    0.138240000000000E+03    0.994505191072193E+00    0.110259675987003E+00
    0.138260000000000E+03    0.101891567395938E+01    0.110265030728341E+00
    0.144520000000000E+03    0.237949817264564E+01    0.110241439646638E+00
    0.144540000000000E+03    0.240390776203864E+01    0.110238853962062E+00
    0.150800000000000E+03    0.375991279647965E+01    0.110339170170293E+00
    0.150820000000000E+03    0.378432636803197E+01    0.110341794244385E+00
    0.157080000000000E+03    0.514467275774430E+01    0.110143839215027E+00
    0.157100000000000E+03    0.516907841466866E+01    0.110138990199671E+00
    0.163380000000000E+03    0.266436868951246E+00    0.110765183800931E+00
    0.163400000000000E+03    0.290867539867889E+00    0.110767460599964E+00
    0.169660000000000E+03    0.164940180876391E+01    0.109961126767866E+00
    0.169680000000000E+03    0.167380024747305E+01    0.109962688908978E+00
    0.175940000000000E+03    0.303233690463810E+01    0.110543161328386E+00
    0.175960000000000E+03    0.305675855191959E+01    0.110542438374168E+00
    0.182220000000000E+03    0.441409387879585E+01    0.109990767200063E+00
    0.182240000000000E+03    0.443849341469195E+01    0.109991208798698E+00
    0.188500000000000E+03    0.579819205816685E+01    0.110632721006821E+00
    0.188520000000000E+03    0.582261732657923E+01    0.110628417818306E+00
    0.194780000000000E+03    0.894742726429968E+00    0.110325746143485E+00
    0.194800000000000E+03    0.919155858755062E+00    0.110331202937945E+00
    0.201080000000000E+03    0.230414159752505E+01    0.110183452140836E+00
    0.201100000000000E+03    0.232854885734790E+01    0.110181049772007E+00
    0.207360000000000E+03    0.368464450286032E+01    0.110390711644875E+00
    0.207380000000000E+03    0.370906018095894E+01    0.110393190210677E+00
    0.213640000000000E+03    0.506917065696814E+01    0.110085242297972E+00
    0.213660000000000E+03    0.509357399636065E+01    0.110080855609838E+00
    0.219920000000000E+03    0.166893305600638E+00    0.110789822759172E+00
    0.219940000000000E+03    0.191324938061655E+00    0.110791298441736E+00
    0.226200000000000E+03    0.154939506501347E+01    0.109969179371733E+00
    0.226220000000000E+03    0.157379386069226E+01    0.109971434843456E+00
    0.232480000000000E+03    0.293272047891969E+01    0.110523011060535E+00
    0.232500000000000E+03    0.295714137535333E+01    0.110521796181677E+00
    0.238780000000000E+03    0.433852908750009E+01    0.110022579098269E+00
    0.238800000000000E+03    0.436293000759872E+01    0.110023650603673E+00
    0.245060000000000E+03    0.572297640034685E+01    0.110568399827535E+00
    0.245080000000000E+03    0.574739906463583E+01    0.110563583841815E+00
    0.251340000000000E+03    0.819372769461665E+00    0.110400537576291E+00
    0.251360000000000E+03    0.843788903372172E+00    0.110405951775620E+00
    0.257620000000000E+03    0.220429421711208E+01    0.110131239088817E+00
    0.257640000000000E+03    0.222869939918303E+01    0.110129107811483E+00
    0.263900000000000E+03    0.358497719195793E+01    0.110436823103243E+00
    0.263920000000000E+03    0.360939467911345E+01    0.110439038366749E+00
    0.270180000000000E+03    0.496921429466835E+01    0.110039421682554E+00
    0.270200000000000E+03    0.499361579532643E+01    0.110035566023624E+00
    0.276480000000000E+03    0.917799989498462E-01    0.110804389019900E+00
    0.276500000000000E+03    0.116212203858026E+00    0.110804948048365E+00
    0.282760000000000E+03    0.147377301041109E+01    0.109990965576883E+00
    0.282780000000000E+03    0.149817266614622E+01    0.109993933523490E+00
    0.289040000000000E+03    0.285748476909913E+01    0.110492182966121E+00
    0.289060000000000E+03    0.288190441648544E+01    0.110490515850904E+00
    0.295320000000000E+03    0.423853303734359E+01    0.110060035459159E+00
    0.295340000000000E+03    0.426293545717664E+01    0.110061614336461E+00
    0.301600000000000E+03    0.562320585305139E+01    0.110501774410615E+00
    0.301620000000000E+03    0.564762585104540E+01    0.110496614352707E+00
    0.307880000000000E+03    0.719526183537653E+00    0.110468422371617E+00
    0.307900000000000E+03    0.743945031985163E+00    0.110473672189156E+00
    0.314160000000000E+03    0.210429264884374E+01    0.110082000493311E+00
    0.314180000000000E+03    0.212869586885495E+01    0.110080244939451E+00
    0.320460000000000E+03    0.350961486782683E+01    0.110477107013553E+00
    0.320480000000000E+03    0.353403396765310E+01    0.110478979375129E+00
    0.326740000000000E+03    0.489348843035799E+01    0.109999838077403E+00
    0.326760000000000E+03    0.491788838104446E+01    0.109996626765489E+00
    0.333020000000000E+03    0.627528437712465E+01    0.110806504102864E+00
    0.333040000000000E+03    0.165311807490411E-01    0.110806205292565E+00
    0.339300000000000E+03    0.137363446936945E+01    0.110020943199005E+00
    0.339320000000000E+03    0.139803534179731E+01    0.110024537055040E+00
    0.345580000000000E+03    0.275770180688727E+01    0.110456374512470E+00
    0.345600000000000E+03    0.278211999559159E+01    0.110454327440103E+00
    0.351860000000000E+03    0.413847343342059E+01    0.110104735878082E+00
    0.351880000000000E+03    0.416287765917889E+01    0.110106732858425E+00
    0.358160000000000E+03    0.554773536771870E+01    0.110427477643679E+00
    0.358180000000000E+03    0.557215237996803E+01    0.110422068690780E+00
    0.364440000000000E+03    0.644073691883193E+00    0.110540192860577E+00
    0.364460000000000E+03    0.668495402828853E+00    0.110545110735233E+00
    0.370720000000000E+03    0.202860612313287E+01    0.110038181164126E+00
    0.370740000000000E+03    0.205300761971819E+01    0.110036934403017E+00
    0.377000000000000E+03    0.340981485091964E+01    0.110508571086078E+00
    0.377020000000000E+03    0.343423518902080E+01    0.110510024288563E+00
    0.383280000000000E+03    0.479331076387854E+01    0.109974351778957E+00
    0.383300000000000E+03    0.481770973174332E+01    0.109971803724920E+00
    0.389560000000000E+03    0.617556930296058E+01    0.110797379600982E+00
    0.389580000000000E+03    0.620000119752990E+01    0.110796233058581E+00
    0.395860000000000E+03    0.129788498125237E+01    0.110065333478892E+00
    0.395880000000000E+03    0.132228766030772E+01    0.110069519374825E+00
    0.402140000000000E+03    0.268227430444063E+01    0.110411211021957E+00
    0.402160000000000E+03    0.270669066870016E+01    0.110408866121581E+00
    0.408420000000000E+03    0.406282778385378E+01    0.110157256449243E+00
    0.408440000000000E+03    0.408723412241869E+01    0.110159604083483E+00
    0.414700000000000E+03    0.544778565715154E+01    0.110358575436772E+00
    0.414720000000000E+03    0.547219990148074E+01    0.110353092270742E+00
    0.420980000000000E+03    0.544240695600706E+00    0.110603511084895E+00
    0.421000000000000E+03    0.568664925766029E+00    0.110608005893872E+00
    0.427260000000000E+03    0.192851146124087E+01    0.110005041165850E+00
    0.427280000000000E+03    0.195291162428032E+01    0.110004353867943E+00
    0.433540000000000E+03    0.331007385131704E+01    0.110532481014488E+00
    0.433560000000000E+03    0.333449516099279E+01    0.110533461362451E+00
    0.439840000000000E+03    0.471759943128143E+01    0.109959800742027E+00
    0.439860000000000E+03    0.474199792756156E+01    0.109957999268680E+00
    0.446120000000000E+03    0.610036281062480E+01    0.110775760555581E+00
    0.446140000000000E+03    0.612479380656657E+01    0.110773722818852E+00
    0.452400000000000E+03    0.119784990825519E+01    0.110115578676007E+00
    0.452420000000000E+03    0.122225458522655E+01    0.110120237875310E+00
    0.458680000000000E+03    0.258250030848592E+01    0.110363470708883E+00
    0.458700000000000E+03    0.260691474437692E+01    0.110360939319759E+00
    0.464960000000000E+03    0.396292431077950E+01    0.110211003084182E+00
    0.464980000000000E+03    0.398733279685246E+01    0.110213555706060E+00
    0.471240000000000E+03    0.534790699500729E+01    0.110289041455514E+00
    0.471260000000000E+03    0.537231858166695E+01    0.110283607528069E+00
    0.477540000000000E+03    0.468958006613889E+00    0.110663259553681E+00
    0.477560000000000E+03    0.493384640156364E+00    0.110667162222305E+00
    0.483820000000000E+03    0.185284999803923E+01    0.109977828272777E+00
    0.483840000000000E+03    0.187724907779568E+01    0.109977799843484E+00
    0.490100000000000E+03    0.323480207365799E+01    0.110546415861966E+00
    0.490120000000000E+03    0.325922393180713E+01    0.110546872330341E+00
    0.496380000000000E+03    0.461746940864361E+01    0.109955925393515E+00
    0.496400000000000E+03    0.464186761587234E+01    0.109954813441931E+00
    0.502660000000000E+03    0.600065225732965E+01    0.110741893170428E+00
    0.502680000000000E+03    0.602508189854370E+01    0.110739081849044E+00
    0.508940000000000E+03    0.109776804082162E+01    0.110170876226994E+00
    0.508960000000000E+03    0.112217497306460E+01    0.110175916873334E+00
    0.515240000000000E+03    0.250699120862976E+01    0.110306370575035E+00
    0.515260000000000E+03    0.253140339861022E+01    0.110303740411265E+00
    0.521520000000000E+03    0.388733416152547E+01    0.110267863750633E+00
    0.521540000000000E+03    0.391174483826910E+01    0.110270538126691E+00
    0.527800000000000E+03    0.527222104964494E+01    0.110215979444076E+00
    0.527820000000000E+03    0.529662959505458E+01    0.110210729707861E+00
    0.534080000000000E+03    0.369100711942792E+00    0.110710701725535E+00
    0.534100000000000E+03    0.393529262733864E+00    0.110713962932270E+00
    0.540360000000000E+03    0.175259304011820E+01    0.109961084792309E+00
    0.540380000000000E+03    0.177699145061899E+01    0.109961723950755E+00
    0.546640000000000E+03    0.313493519469091E+01    0.110548400751636E+00
    0.546660000000000E+03    0.315935714963507E+01    0.110548351545897E+00
    0.552940000000000E+03    0.454158494406488E+01    0.109963663586701E+00
    0.552960000000000E+03    0.456598346518990E+01    0.109963289722927E+00
    0.559220000000000E+03    0.592521631562136E+01    0.110697146516020E+00
    0.559240000000000E+03    0.594964415840934E+01    0.110693579983242E+00
    0.565500000000000E+03    0.102202057301656E+01    0.110239823666016E+00
    0.565520000000000E+03    0.104643027747579E+01    0.110245133625038E+00
    0.571780000000000E+03    0.240695853531167E+01    0.110252567580707E+00
    0.571800000000000E+03    0.243136856918773E+01    0.110249962743272E+00
    0.578060000000000E+03    0.378732716293712E+01    0.110322962545922E+00
    0.578080000000000E+03    0.381174011436883E+01    0.110325610170691E+00
    0.584340000000000E+03    0.517210872648388E+01    0.110155975512113E+00
    0.584360000000000E+03    0.519651489679029E+01    0.110151031528972E+00
    0.590620000000000E+03    0.269321639562918E+00    0.110751820018528E+00
    0.590640000000000E+03    0.293751820189755E+00    0.110754355055208E+00
    0.596920000000000E+03    0.167681404017389E+01    0.109958875166975E+00
    0.596940000000000E+03    0.170121240677713E+01    0.109960256115826E+00
    0.603200000000000E+03    0.305961579414259E+01    0.110544116780702E+00
    0.603220000000000E+03    0.308403752393042E+01    0.110543506697967E+00
    0.609480000000000E+03    0.444146750137497E+01    0.109982844835905E+00
    0.609500000000000E+03    0.446586680024791E+01    0.109983129718199E+00
    0.615760000000000E+03    0.582546480325846E+01    0.110645056608712E+00
    0.615780000000000E+03    0.584989054686025E+01    0.110640889923784E+00
    0.622040000000000E+03    0.922033792378670E+00    0.110306108809355E+00
    0.622060000000000E+03    0.946446137614771E+00    0.110311553657200E+00
    0.628320000000000E+03    0.230700356640386E+01    0.110197427972815E+00
    0.628340000000000E+03    0.233141139856718E+01    0.110194947741847E+00
    0.634620000000000E+03    0.371185892508163E+01    0.110376264295769E+00
    0.634640000000000E+03    0.373627403929754E+01    0.110378800432139E+00
    0.640900000000000E+03    0.509642558877249E+01    0.110095999718105E+00
    0.640920000000000E+03    0.512082933760496E+01    0.110091487095905E+00
    0.647180000000000E+03    0.194028031998869E+00    0.110782711984217E+00
    0.647200000000000E+03    0.218459376286660E+00    0.110784390254515E+00
    0.653460000000000E+03    0.157662266056161E+01    0.109964287075761E+00
    0.653480000000000E+03    0.160102125613776E+01    0.109966367153286E+00
    0.659740000000000E+03    0.295982359793004E+01    0.110526741476167E+00
    0.659760000000000E+03    0.298424463931929E+01    0.110525645849280E+00
    0.666020000000000E+03    0.434129889696180E+01    0.110011407430160E+00
    0.666040000000000E+03    0.436569937412594E+01    0.110012293186602E+00
    0.672320000000000E+03    0.575005578778610E+01    0.110582628159959E+00
    0.672340000000000E+03    0.577447901800201E+01    0.110577917484895E+00
    0.678600000000000E+03    0.846460249512347E+00    0.110381386842865E+00
    0.678620000000000E+03    0.870875621073878E+00    0.110386821182062E+00
    0.684880000000000E+03    0.223138587181529E+01    0.110142589705826E+00
    0.684900000000000E+03    0.225579150776662E+01    0.110140379945672E+00
    0.691160000000000E+03    0.361200053924722E+01    0.110424411773123E+00
    0.691180000000000E+03    0.363641756272943E+01    0.110426704025872E+00
    0.697440000000000E+03    0.499630390779259E+01    0.110049554508108E+00
    0.697460000000000E+03    0.502070583180046E+01    0.110045558073941E+00
    0.703720000000000E+03    0.942888145708594E-01    0.110800416048609E+00
    0.703740000000000E+03    0.118720850772661E+00    0.110801265693163E+00
    0.710000000000000E+03    0.147639995176507E+01    0.109981015295509E+00
    0.710020000000000E+03    0.150079901200638E+01    0.109983776454975E+00
    0.716300000000000E+03    0.288440527112493E+01    0.110499981101360E+00
    0.716320000000000E+03    0.290882520462469E+01    0.110498415370281E+00
    0.722580000000000E+03    0.426551146391557E+01    0.110048468129707E+00
    0.722600000000000E+03    0.428991343185498E+01    0.110049927735088E+00
    0.728860000000000E+03    0.565012160159927E+01    0.110517870362885E+00
    0.728880000000000E+03    0.567454222572758E+01    0.110512781006257E+00
    0.735140000000000E+03    0.746443733287265E+00    0.110450683550226E+00
    0.735160000000000E+03    0.770861854125769E+00    0.110455979628975E+00
    0.741420000000000E+03    0.213124717301116E+01    0.110093411026893E+00
    0.741440000000000E+03    0.215565084650746E+01    0.110091559530305E+00
    0.747700000000000E+03    0.351207253407347E+01    0.110464761326111E+00
    0.747720000000000E+03    0.353649115021608E+01    0.110466730407760E+00
    0.754000000000000E+03    0.492044162310958E+01    0.110007090673969E+00
    0.754020000000000E+03    0.494484185553563E+01    0.110003720774562E+00
    0.760280000000000E+03    0.189215580322752E-01    0.110805902833221E+00
    0.760300000000000E+03    0.433538123695598E-01    0.110805820802925E+00
    0.766560000000000E+03    0.140055635874398E+01    0.110011126932743E+00
    0.766580000000000E+03    0.142495687165388E+01    0.110014571568725E+00
    0.772840000000000E+03    0.278452497509397E+01    0.110464885415528E+00
    0.772860000000000E+03    0.280894352069606E+01    0.110462922182745E+00
    0.779120000000000E+03    0.416535702034560E+01    0.110092390613583E+00
    0.779140000000000E+03    0.418976075368425E+01    0.110094292211053E+00
    0.785400000000000E+03    0.555015389388461E+01    0.110449463879983E+00
    0.785420000000000E+03    0.557457178552556E+01    0.110444126931291E+00
    0.791700000000000E+03    0.670884283352507E+00    0.110522768662313E+00
    0.791720000000000E+03    0.695305258843632E+00    0.110527756297464E+00
    0.797980000000000E+03    0.205547117733533E+01    0.110047534441679E+00
    0.798000000000000E+03    0.207987304173457E+01    0.110046165333324E+00
    0.804260000000000E+03    0.343659288922470E+01    0.110500452748140E+00
    0.804280000000000E+03    0.346101292966875E+01    0.110502016859819E+00
    0.810540000000000E+03    0.482019640775843E+01    0.109979593606844E+00
    0.810560000000000E+03    0.484459568639579E+01    0.109976882253201E+00
    0.816820000000000E+03    0.620233014143162E+01    0.110799924732127E+00
    0.816840000000000E+03    0.622676212394038E+01    0.110798988265663E+00
    0.823100000000000E+03    0.130031331201337E+01    0.110050326168400E+00
    0.823120000000000E+03    0.132471515173211E+01    0.110054341892883E+00
    0.829400000000000E+03    0.270898649795959E+01    0.110419724646175E+00
    0.829420000000000E+03    0.273340324085677E+01    0.110417442356713E+00
    0.835680000000000E+03    0.408956228224304E+01    0.110142539673919E+00
    0.835700000000000E+03    0.411396803871435E+01    0.110144823954214E+00
    0.841960000000000E+03    0.547447149237314E+01    0.110373055033806E+00
    0.841980000000000E+03    0.549888631166255E+01    0.110367579066601E+00
    0.848240000000000E+03    0.570852737902669E+00    0.110585509587983E+00
    0.848260000000000E+03    0.595276247185438E+00    0.110590119668780E+00
    0.854520000000000E+03    0.195515539399526E+01    0.110009451592552E+00
    0.854540000000000E+03    0.197955573993477E+01    0.110008615484597E+00
    0.860800000000000E+03    0.333659531687385E+01    0.110524944114086E+00
    0.860820000000000E+03    0.336101635547971E+01    0.110526063595150E+00
    0.867080000000000E+03    0.471977553397937E+01    0.109961369343482E+00
    0.867100000000000E+03    0.474417394716215E+01    0.109959336925915E+00
    0.873380000000000E+03    0.612678151620617E+01    0.110778806586997E+00
    0.873400000000000E+03    0.615121263473702E+01    0.110776966246650E+00
    0.879660000000000E+03    0.122433071673072E+01    0.110099827820473E+00
    0.879680000000000E+03    0.124873478834820E+01    0.110104381667989E+00
    0.885940000000000E+03    0.260888378226036E+01    0.110372608868497E+00
    0.885960000000000E+03    0.263329862502769E+01    0.110370101734871E+00
    0.892220000000000E+03    0.398930839684658E+01    0.110195685044833E+00
    0.892240000000000E+03    0.401371619160409E+01    0.110198206323894E+00
    0.898500000000000E+03    0.537423854327403E+01    0.110302768017782E+00
    0.898520000000000E+03    0.539865055441305E+01    0.110297310985676E+00
    0.904780000000000E+03    0.470780498728345E+00    0.110643614043757E+00
    0.904800000000000E+03    0.495206364366368E+00    0.110647711579629E+00
    0.911080000000000E+03    0.187915601754048E+01    0.109980727762983E+00
    0.911100000000000E+03    0.190355520992512E+01    0.109980543512562E+00
    0.917360000000000E+03    0.326098298035777E+01    0.110541450578746E+00
    0.917380000000000E+03    0.328540466789195E+01    0.110542055431635E+00
    0.923640000000000E+03    0.464372539883652E+01    0.109953675264725E+00
    0.923660000000000E+03    0.466812350071473E+01    0.109952392096480E+00
    0.929920000000000E+03    0.602677823286285E+01    0.110748951250667E+00
    0.929940000000000E+03    0.605120817516035E+01    0.110746323822599E+00
    0.936200000000000E+03    0.112395274506684E+01    0.110154784198109E+00
    0.936220000000000E+03    0.114835904137271E+01    0.110159743898958E+00
    0.942480000000000E+03    0.250870285746578E+01    0.110320114633604E+00
    0.942500000000000E+03    0.253311558950918E+01    0.110317489886193E+00
    0.948780000000000E+03    0.391345079794769E+01    0.110252921480984E+00
    0.948800000000000E+03    0.393786096065674E+01    0.110255578062248E+00
    0.955060000000000E+03    0.529835572489856E+01    0.110230567173812E+00
    0.955080000000000E+03    0.532276485408670E+01    0.110225260619152E+00
    0.961340000000000E+03    0.395151523055119E+00    0.110698779265005E+00
    0.961360000000000E+03    0.419579583350924E+00    0.110702201982680E+00
    0.967620000000000E+03    0.177874085558074E+01    0.109963701604553E+00
    0.967640000000000E+03    0.180313939297412E+01    0.109964181484278E+00
    0.973900000000000E+03    0.316097738517669E+01    0.110548268460907E+00
    0.973920000000000E+03    0.318539930962402E+01    0.110548330440544E+00
    0.980180000000000E+03    0.454332395258825E+01    0.109959809765200E+00
    0.980200000000000E+03    0.456772236327424E+01    0.109959227189327E+00
    0.986480000000000E+03    0.595123580437394E+01    0.110705980142268E+00
    0.986500000000000E+03    0.597566398983622E+01    0.110702574248685E+00
    0.992760000000000E+03    0.104807834013104E+01    0.110221865387704E+00
    0.992780000000000E+03    0.107248731394066E+01    0.110227120986471E+00
    0.999040000000000E+03    0.243296542356143E+01    0.110264402436204E+00
    0.999060000000000E+03    0.245737583870732E+01    0.110261798112284E+00
    0.100532000000000E+04    0.381327126340693E+01    0.110305801356924E+00
    0.100534000000000E+04    0.383768352991706E+01    0.110308463360211E+00
    0.101160000000000E+04    0.519803930460944E+01    0.110166173988353E+00
    0.101162000000000E+04    0.522244588779404E+01    0.110161145803383E+00
    0.101788000000000E+04    0.295117216389826E+00    0.110738978270579E+00
    0.101790000000000E+04    0.319546912598071E+00    0.110741691363700E+00
    0.102416000000000E+04    0.167825935821861E+01    0.109953869190138E+00
    0.102418000000000E+04    0.170265748784095E+01    0.109955036639128E+00
    0.103046000000000E+04    0.308529546206546E+01    0.110541586552945E+00
    0.103048000000000E+04    0.310971708025659E+01    0.110541112440657E+00
    0.103674000000000E+04    0.446716300093476E+01    0.109972090388320E+00
    0.103676000000000E+04    0.449156185141987E+01    0.109972221692522E+00
    0.104302000000000E+04    0.585101847664737E+01    0.110653055389623E+00
    0.104304000000000E+04    0.587544456806586E+01    0.110649021946472E+00
    0.104930000000000E+04    0.947551273958879E+00    0.110285514683942E+00
    0.104932000000000E+04    0.971962566317416E+00    0.110290910727264E+00
    0.105558000000000E+04    0.233242728325422E+01    0.110203559763165E+00
    0.105560000000000E+04    0.235683536872762E+01    0.110201041485984E+00
    0.106186000000000E+04    0.371275806857921E+01    0.110354759896981E+00
    0.106188000000000E+04    0.373717231076398E+01    0.110357319326238E+00
    0.106816000000000E+04    0.512171388516799E+01    0.110102420046836E+00
    0.106818000000000E+04    0.514611796849181E+01    0.110097805612278E+00
    0.107444000000000E+04    0.219154040842795E+00    0.110771279011240E+00
    0.107446000000000E+04    0.243584944757231E+00    0.110773146289379E+00
    0.108072000000000E+04    0.160178032086878E+01    0.109956134643368E+00
    0.108074000000000E+04    0.162617855585063E+01    0.109958052532082E+00
    0.108700000000000E+04    0.298481675183734E+01    0.110525769369948E+00
    0.108702000000000E+04    0.300923771802945E+01    0.110524776839700E+00
    0.109328000000000E+04    0.436629452585066E+01    0.109996730480867E+00
    0.109330000000000E+04    0.439069440450703E+01    0.109997484678606E+00
    0.109956000000000E+04    0.575047898292064E+01    0.110593800094365E+00
    0.109958000000000E+04    0.577490277869470E+01    0.110589237435976E+00
    0.110586000000000E+04    0.871247303556402E+00    0.110357838021908E+00
    0.110588000000000E+04    0.895661718860538E+00    0.110363283953389E+00
    0.111214000000000E+04    0.225609399964651E+01    0.110146757762289E+00
    0.111216000000000E+04    0.228049980313040E+01    0.110144485360191E+00
    0.111842000000000E+04    0.363656312169223E+01    0.110406019732810E+00
    0.111844000000000E+04    0.366097939547353E+01    0.110408373149325E+00
    0.112470000000000E+04    0.502082311605909E+01    0.110050475492009E+00
    0.112472000000000E+04    0.504522506056060E+01    0.110046355642607E+00
    0.113098000000000E+04    0.118642648495552E+00    0.110789374413462E+00
    0.113100000000000E+04    0.143074257720627E+00    0.110790408858118E+00
    0.113726000000000E+04    0.150077619226681E+01    0.109968911777547E+00
    0.113728000000000E+04    0.152517495421353E+01    0.109971524894325E+00
    0.114354000000000E+04    0.288417639179579E+01    0.110499087198083E+00
    0.114356000000000E+04    0.290859631700687E+01    0.110497630179234E+00
    0.114984000000000E+04    0.428967838876474E+01    0.110031903950626E+00
    0.114986000000000E+04    0.431407968462668E+01    0.110033255257104E+00
    0.115612000000000E+04    0.567413514763052E+01    0.110524037805415E+00
    0.115614000000000E+04    0.569855603578230E+01    0.110519021751835E+00
    0.116240000000000E+04    0.770363543851545E+00    0.110427498491670E+00
    0.116242000000000E+04    0.794780754207295E+00    0.110432839768480E+00
    0.116868000000000E+04    0.215509207568334E+01    0.110095204044452E+00
    0.116870000000000E+04    0.217949584024063E+01    0.110093260822759E+00
    0.117496000000000E+04    0.353576348876913E+01    0.110448638259362E+00
    0.117498000000000E+04    0.356018144500240E+01    0.110450685189060E+00
    0.118124000000000E+04    0.491970201479398E+01    0.110009737764480E+00
    0.118126000000000E+04    0.494410235995156E+01    0.110006201073774E+00
    0.118754000000000E+04    0.423915068085989E-01    0.110797491101821E+00
    0.118756000000000E+04    0.668235343039214E-01    0.110797575330830E+00
    0.119382000000000E+04    0.142404057024123E+01    0.109997671105669E+00
    0.119384000000000E+04    0.144844051929817E+01    0.110000983712778E+00
    0.120010000000000E+04    0.280784201372830E+01    0.110465384904557E+00
    0.120012000000000E+04    0.283226058252490E+01    0.110463495882273E+00
    0.120638000000000E+04    0.418862868861993E+01    0.110074881741516E+00
    0.120640000000000E+04    0.421303162973231E+01    0.110076706566255E+00
    0.121266000000000E+04    0.557327309888615E+01    0.110455283469253E+00
    0.121268000000000E+04    0.559769121520935E+01    0.110449986250040E+00
    0.121894000000000E+04    0.669479290657591E+00    0.110495965019151E+00
    0.121896000000000E+04    0.693899274970818E+00    0.110501067182434E+00
    0.122524000000000E+04    0.207843353353360E+01    0.110047576127992E+00
    0.122526000000000E+04    0.210283539724287E+01    0.110046105126667E+00
    0.123152000000000E+04    0.345940075375370E+01    0.110486575826170E+00
    0.123154000000000E+04    0.348382028208744E+01    0.110488248081253E+00
    0.123780000000000E+04    0.484297784887758E+01    0.109975681874890E+00
    0.123782000000000E+04    0.486737681897557E+01    0.109972825590279E+00
    0.124408000000000E+04    0.622490451284943E+01    0.110793110833522E+00
    0.124410000000000E+04    0.624933622782942E+01    0.110792337228711E+00
    0.125036000000000E+04    0.132288657122081E+01    0.110032337372865E+00
    0.125038000000000E+04    0.134728793140130E+01    0.110036252004831E+00
    0.125664000000000E+04    0.270700529655846E+01    0.110423796412738E+00
    0.125666000000000E+04    0.273142220503951E+01    0.110421581144760E+00
    0.126294000000000E+04    0.411194956820850E+01    0.110124823470051E+00
    0.126296000000000E+04    0.413635458265367E+01    0.110127045153618E+00
    0.126922000000000E+04    0.549674751523071E+01    0.110379198471800E+00
    0.126924000000000E+04    0.552116260745129E+01    0.110373733949092E+00
    0.127550000000000E+04    0.593018514879304E+00    0.110566152448693E+00
    0.127552000000000E+04    0.617441257145401E+00    0.110570850576933E+00
    0.128178000000000E+04    0.197730079014264E+01    0.110009570271927E+00
    0.128180000000000E+04    0.200170113620197E+01    0.110008628884119E+00
    0.128806000000000E+04    0.335858346892587E+01    0.110513472511871E+00
    0.128808000000000E+04    0.338300402411619E+01    0.110514670493880E+00
    0.129434000000000E+04    0.474176712498252E+01    0.109956690337490E+00
    0.129436000000000E+04    0.476616547473895E+01    0.109954530194045E+00
    0.130062000000000E+04    0.612416895636761E+01    0.110777962867743E+00
    0.130064000000000E+04    0.614860004283628E+01    0.110776349560290E+00
    0.130692000000000E+04    0.124613532233843E+01    0.110083076554006E+00
    0.130694000000000E+04    0.127053869949395E+01    0.110087537336035E+00
    0.131320000000000E+04    0.263055514461553E+01    0.110375002148931E+00
    0.131322000000000E+04    0.265497007951421E+01    0.110372536542972E+00
    0.131948000000000E+04    0.401091039943526E+01    0.110178079789888E+00
    0.131950000000000E+04    0.403531756972347E+01    0.110180559192679E+00
    0.132576000000000E+04    0.539577278573597E+01    0.110309686797138E+00
    0.132578000000000E+04    0.542018506986324E+01    0.110304213893726E+00
    0.133204000000000E+04    0.492201443145177E+00    0.110627301103887E+00
    0.133206000000000E+04    0.516626622606964E+00    0.110631501454794E+00
    0.133832000000000E+04    0.187616222573342E+01    0.109979631848940E+00
    0.133834000000000E+04    0.190056138750560E+01    0.109979288529565E+00
    0.134462000000000E+04    0.328223712359681E+01    0.110532705210617E+00
    0.134464000000000E+04    0.330665843332395E+01    0.110533389788938E+00
    0.135090000000000E+04    0.466498695363885E+01    0.109947354320728E+00
    0.135092000000000E+04    0.468938494802978E+01    0.109945956102715E+00
    0.135718000000000E+04    0.604789163631244E+01    0.110749311802225E+00
    0.135720000000000E+04    0.607232156740474E+01    0.110746824025397E+00
    0.136346000000000E+04    0.114505298233303E+01    0.110138356736864E+00
    0.136348000000000E+04    0.116945855364816E+01    0.110143240019596E+00
    0.136974000000000E+04    0.252970082950901E+01    0.110324335852677E+00
    0.136976000000000E+04    0.255411372837648E+01    0.110321730110043E+00
    0.137602000000000E+04    0.390996718940050E+01    0.110233902122153E+00
    0.137604000000000E+04    0.393437659443657E+01    0.110236526255919E+00
    0.138232000000000E+04    0.531922497870210E+01    0.110236284606696E+00
    0.138234000000000E+04    0.534363432598411E+01    0.110230938104940E+00
    0.138860000000000E+04    0.415894015829053E+00    0.110684290265129E+00
    0.138862000000000E+04    0.440321475779911E+00    0.110687832588318E+00
    0.139488000000000E+04    0.179945896718687E+01    0.109959254787196E+00
    0.139490000000000E+04    0.182385730687429E+01    0.109959613073338E+00
    0.140116000000000E+04    0.318154087510038E+01    0.110541682205574E+00
    0.140118000000000E+04    0.320596247943831E+01    0.110541853941773E+00
    0.140744000000000E+04    0.456385052356427E+01    0.109949752868643E+00
    0.140746000000000E+04    0.458824843415232E+01    0.109949044072481E+00
    0.141372000000000E+04    0.594715311372033E+01    0.110709419137937E+00
    0.141374000000000E+04    0.597158145183153E+01    0.110706194878918E+00
    0.142000000000000E+04    0.104394210026567E+01    0.110198957272097E+00
    0.142002000000000E+04    0.106834983798922E+01    0.110204142637051E+00
    0.142630000000000E+04    0.245308606169306E+01    0.110263393450287E+00
    0.142632000000000E+04    0.247749654356949E+01    0.110260765296285E+00
    0.143258000000000E+04    0.383328710599790E+01    0.110288098486448E+00
    0.143260000000000E+04    0.385769868347529E+01    0.110290770348871E+00
    0.143886000000000E+04    0.521799484634948E+01    0.110169517901143E+00
    0.143888000000000E+04    0.524240160827526E+01    0.110164431520987E+00
    0.144514000000000E+04    0.314932083808344E+00    0.110725800711831E+00
    0.144516000000000E+04    0.339361191330454E+00    0.110728642789728E+00
    0.145142000000000E+04    0.169805136027730E+01    0.109947026546293E+00
    0.145144000000000E+04    0.172244926068220E+01    0.109948077096469E+00
    0.145770000000000E+04    0.308051809263429E+01    0.110536899499623E+00
    0.145772000000000E+04    0.310493954640583E+01    0.110536519920212E+00
    0.146400000000000E+04    0.448679725115562E+01    0.109963273146106E+00
    0.146402000000000E+04    0.451119579550345E+01    0.109963303249978E+00
    0.147028000000000E+04    0.587052476061262E+01    0.110656030746700E+00
    0.147030000000000E+04    0.589495094811787E+01    0.110652090368358E+00
    0.147656000000000E+04    0.967043762989988E+00    0.110268704329656E+00
    0.147658000000000E+04    0.991454564114747E+00    0.110274097288534E+00
    0.148284000000000E+04    0.235187338230685E+01    0.110208870520080E+00
    0.148286000000000E+04    0.237628167741491E+01    0.110206327582970E+00
    0.148912000000000E+04    0.373214025309289E+01    0.110343135802152E+00
    0.148914000000000E+04    0.375655400372602E+01    0.110345720239782E+00
    0.149540000000000E+04    0.511666491993901E+01    0.110110687380564E+00
    0.149542000000000E+04    0.514106927676244E+01    0.110105978972131E+00
    0.150170000000000E+04    0.238391450720655E+00    0.110761174954972E+00
    0.150172000000000E+04    0.262822181875208E+00    0.110763150685493E+00
    0.150798000000000E+04    0.162107351346754E+01    0.109951250160627E+00
    0.150800000000000E+04    0.164547158631694E+01    0.109953056182770E+00
    0.151426000000000E+04    0.300399473632706E+01    0.110524939330405E+00
    0.151428000000000E+04    0.302841569844486E+01    0.110524032192286E+00
    0.152054000000000E+04    0.438547513265598E+01    0.109988682185659E+00
    0.152056000000000E+04    0.440987468742173E+01    0.109989341346101E+00
    0.152682000000000E+04    0.576956355242578E+01    0.110600854768629E+00
    0.152684000000000E+04    0.579398751355257E+01    0.110596363126929E+00
    0.153310000000000E+04    0.865906367908792E+00    0.110339498889604E+00
    0.153312000000000E+04    0.890320057540521E+00    0.110344961660163E+00
    0.153940000000000E+04    0.227514737028378E+01    0.110153151052828E+00
    0.153942000000000E+04    0.229955344126574E+01    0.110150834980955E+00
    0.154568000000000E+04    0.365556614751290E+01    0.110396783739116E+00
    0.154570000000000E+04    0.367998201033970E+01    0.110399181550957E+00
    0.155196000000000E+04    0.503984070542310E+01    0.110056000823922E+00
    0.155198000000000E+04    0.506424286142146E+01    0.110051795666829E+00
    0.155824000000000E+04    0.137571168819477E+00    0.110784936325615E+00
    0.155826000000000E+04    0.162002640616720E+00    0.110786099560247E+00
    0.156452000000000E+04    0.151976089120990E+01    0.109963777993122E+00
    0.156454000000000E+04    0.154415946507334E+01    0.109966282578664E+00
    0.157080000000000E+04    0.290308490549387E+01    0.110502405858455E+00
    0.157082000000000E+04    0.292750494160236E+01    0.110501020759751E+00
    0.157708000000000E+04    0.428420937232045E+01    0.110021959372643E+00
    0.157710000000000E+04    0.430861027251058E+01    0.110023187130875E+00
    0.158338000000000E+04    0.569300140866358E+01    0.110531771002080E+00
    0.158340000000000E+04    0.571742258847030E+01    0.110526804653476E+00
    0.158966000000000E+04    0.789208999720813E+00    0.110414217051837E+00
    0.158968000000000E+04    0.813625675534695E+00    0.110419581468494E+00
    0.159594000000000E+04    0.217392731155724E+01    0.110100443432905E+00
    0.159596000000000E+04    0.219833127917150E+01    0.110098446133907E+00
    0.160222000000000E+04    0.355452884175793E+01    0.110439543236661E+00
    0.160224000000000E+04    0.357894644220096E+01    0.110441645066412E+00
    0.160850000000000E+04    0.493848714140904E+01    0.110012744194897E+00
    0.160852000000000E+04    0.496288759859931E+01    0.110009111736014E+00
    0.161478000000000E+04    0.366388508305135E-01    0.110794497671103E+00
    0.161480000000000E+04    0.610706535098871E-01    0.110794804215802E+00
    0.162108000000000E+04    0.144273846719238E+01    0.109989410089672E+00
    0.162110000000000E+04    0.146713810607730E+01    0.109992624109998E+00
    0.162736000000000E+04    0.282644713765376E+01    0.110468012482430E+00
    0.162738000000000E+04    0.285086580552684E+01    0.110466186000981E+00
    0.163364000000000E+04    0.420723577094941E+01    0.110065067522302E+00
    0.163366000000000E+04    0.423163842189069E+01    0.110066828218678E+00
    0.163992000000000E+04    0.559184054172306E+01    0.110463712718421E+00
    0.163994000000000E+04    0.561625899545197E+01    0.110458447286659E+00
    0.164620000000000E+04    0.688015290912745E+00    0.110483414422010E+00
    0.164622000000000E+04    0.712434728359312E+00    0.110488560260130E+00
    0.165248000000000E+04    0.207257235108955E+01    0.110054140655309E+00
    0.165250000000000E+04    0.209697446500763E+01    0.110052565672595E+00
    0.165878000000000E+04    0.347785871921292E+01    0.110478738036724E+00
    0.165880000000000E+04    0.350227789467908E+01    0.110480456251612E+00
    0.166506000000000E+04    0.486144916461399E+01    0.109977425095347E+00
    0.166508000000000E+04    0.488584821391009E+01    0.109974468215939E+00
    0.167134000000000E+04    0.624327571686604E+01    0.110792460765585E+00
    0.167136000000000E+04    0.626770742174881E+01    0.110791821943901E+00
    0.167762000000000E+04    0.134129981805654E+01    0.110024233232732E+00
    0.167764000000000E+04    0.136570085617404E+01    0.110028060506920E+00
    0.168390000000000E+04    0.272534575607051E+01    0.110428272725931E+00
    0.168392000000000E+04    0.274976282772559E+01    0.110426094899262E+00
    0.169018000000000E+04    0.410588436379885E+01    0.110113018068561E+00
    0.169020000000000E+04    0.413028894066292E+01    0.110115166419212E+00
    0.169648000000000E+04    0.551505010871642E+01    0.110387845444396E+00
    0.169650000000000E+04    0.553946552130583E+01    0.110382389697633E+00
    0.170276000000000E+04    0.611280938652271E+00    0.110554698210154E+00
    0.170278000000000E+04    0.635703217999890E+00    0.110559457272044E+00
    0.170904000000000E+04    0.199557202570259E+01    0.110012791308831E+00
    0.170906000000000E+04    0.201997248444377E+01    0.110011771355697E+00
    0.171532000000000E+04    0.337677086264057E+01    0.110507211875321E+00
    0.171534000000000E+04    0.340119116898541E+01    0.110508482285720E+00
    0.172160000000000E+04    0.475996708249613E+01    0.109956013353401E+00
    0.172162000000000E+04    0.478436529237842E+01    0.109953743920959E+00
    0.172788000000000E+04    0.614225408326683E+01    0.110777809641213E+00
    0.172790000000000E+04    0.616668517666949E+01    0.110776317155776E+00
    0.173416000000000E+04    0.123983699750852E+01    0.110068256126777E+00
    0.173418000000000E+04    0.126423980111394E+01    0.110072623735442E+00
    0.174046000000000E+04    0.264857965904184E+01    0.110379126243053E+00
    0.174048000000000E+04    0.267299475598020E+01    0.110376688796575E+00
    0.174674000000000E+04    0.402891713110967E+01    0.110167233355387E+00
    0.174676000000000E+04    0.405332388270472E+01    0.110169691414619E+00
    0.175302000000000E+04    0.541373662734622E+01    0.110316389130273E+00
    0.175304000000000E+04    0.543814917900909E+01    0.110310907087292E+00
    0.175930000000000E+04    0.510096509652158E+00    0.110615349081870E+00
    0.175932000000000E+04    0.534521207296166E+00    0.110619629375634E+00
    0.176558000000000E+04    0.189406569958737E+01    0.109980542984151E+00
    0.176560000000000E+04    0.191846486729355E+01    0.109980112833899E+00
    0.177186000000000E+04    0.327561590942696E+01    0.110526109104534E+00
    0.177188000000000E+04    0.330003696000449E+01    0.110526882358136E+00
    0.177816000000000E+04    0.468279855748051E+01    0.109943474188784E+00
    0.177818000000000E+04    0.470719640641346E+01    0.109941973643622E+00
    0.178444000000000E+04    0.606558969811340E+01    0.110749995394566E+00
    0.178446000000000E+04    0.609001965875950E+01    0.110747617208088E+00
    0.179072000000000E+04    0.116274069957217E+01    0.110127168948457E+00
    0.179074000000000E+04    0.118714568280075E+01    0.110131992437827E+00
    0.179700000000000E+04    0.254728035814787E+01    0.110326328176777E+00
    0.179702000000000E+04    0.257169335586377E+01    0.110323732527561E+00
    0.180328000000000E+04    0.392748833743144E+01    0.110220526953169E+00
    0.180330000000000E+04    0.395189719544942E+01    0.110223138734747E+00
    0.180956000000000E+04    0.531227822299525E+01    0.110246105531176E+00
    0.180958000000000E+04    0.533668805418529E+01    0.110240734837806E+00
    0.181586000000000E+04    0.433274234887904E+00    0.110672909940613E+00
    0.181588000000000E+04    0.457701238469326E+00    0.110676540270593E+00
    0.182214000000000E+04    0.181683565927642E+01    0.109957278316746E+00
    0.182216000000000E+04    0.184123389573006E+01    0.109957538875970E+00
    0.182842000000000E+04    0.319880247224592E+01    0.110536563322859E+00
    0.182844000000000E+04    0.322322391489706E+01    0.110536791220000E+00
    0.183470000000000E+04    0.458113566252268E+01    0.109944716459615E+00
    0.183472000000000E+04    0.460553342867115E+01    0.109943914523063E+00
    0.184098000000000E+04    0.596435058779934E+01    0.110710615337120E+00
    0.184100000000000E+04    0.598877905225254E+01    0.110707487800700E+00
    0.184726000000000E+04    0.106117423888918E+01    0.110185160691884E+00
    0.184728000000000E+04    0.108558171844243E+01    0.110190325271819E+00
    0.185354000000000E+04    0.244587769643749E+01    0.110271835390485E+00
    0.185356000000000E+04    0.247028847718138E+01    0.110269195264051E+00
    0.185984000000000E+04    0.385045403320782E+01    0.110278387909621E+00
    0.185986000000000E+04    0.387486521842175E+01    0.110281064260319E+00
    0.186612000000000E+04    0.523513812808415E+01    0.110174296877082E+00
    0.186614000000000E+04    0.525954499803493E+01    0.110169164983450E+00
    0.187240000000000E+04    0.331988126282795E+00    0.110717069698175E+00
    0.187242000000000E+04    0.356416871530200E+00    0.110720005627969E+00
    0.187868000000000E+04    0.171512202944541E+01    0.109944713919822E+00
    0.187870000000000E+04    0.173951981908158E+01    0.109945670833297E+00
    0.188496000000000E+04    0.309748649431776E+01    0.110533992487348E+00
    0.188498000000000E+04    0.312190783671576E+01    0.110533691600114E+00
    0.189124000000000E+04    0.447939266268395E+01    0.109957499572012E+00
    0.189126000000000E+04    0.450379100400778E+01    0.109957394189393E+00
