    0.000000000000000E+00    0.190000000000000E+01    0.150000000000000E+00
    0.200000000000000E-01    0.192599998913152E+01    0.149999462314117E+00
    0.630000000000000E+01    0.380907965456521E+01    0.150469291318104E+00
    0.632000000000000E+01    0.383509846929278E+01    0.150471950741699E+00
    0.125800000000000E+02    0.570025216135330E+01    0.150738624364847E+00
    0.126000000000000E+02    0.572628165667482E+01    0.150733723180747E+00
    0.188600000000000E+02    0.129909066979227E+01    0.150063520746536E+00
    0.188800000000000E+02    0.132509307191296E+01    0.150067606444864E+00
    0.251400000000000E+02    0.318705625243783E+01    0.150800584278048E+00
    0.251600000000000E+02    0.321308828027082E+01    0.150800812292264E+00
    0.314200000000000E+02    0.507563318850842E+01    0.150112065068412E+00
    0.314400000000000E+02    0.510163758671835E+01    0.150107572199065E+00
    0.377000000000000E+02    0.674087593050039E+00    0.150665926865264E+00
    0.377200000000000E+02    0.700114335263606E+00    0.150671056531445E+00
    0.440000000000000E+02    0.259129114972330E+01    0.150526554197664E+00
    0.440200000000000E+02    0.261731214172294E+01    0.150524015658056E+00
    0.502800000000000E+02    0.447475032086109E+01    0.149969033135212E+00
    0.503000000000000E+02    0.450074908838387E+01    0.149969103941964E+00
    0.565600000000000E+02    0.784393950618636E-01    0.151083016142420E+00
    0.565800000000000E+02    0.104482735226455E+00    0.151083588333747E+00
    0.628400000000000E+02    0.196651552452718E+01    0.150027146119848E+00
    0.628600000000000E+02    0.199251658665354E+01    0.150026244614970E+00
    0.691200000000000E+02    0.384930278035344E+01    0.150415868448848E+00
    0.691400000000000E+02    0.387531950242486E+01    0.150418541154829E+00
    0.754000000000000E+02    0.574037324215124E+01    0.150796034604756E+00
    0.754200000000000E+02    0.576640504685973E+01    0.150791418026062E+00
    0.817000000000000E+02    0.136560777842429E+01    0.150028219952980E+00
    0.817200000000000E+02    0.139160897998150E+01    0.150031969860171E+00
    0.879800000000000E+02    0.325310972264386E+01    0.150795254208410E+00
    0.880000000000000E+02    0.327914143022682E+01    0.150795808555207E+00
    0.942600000000000E+02    0.514210607569066E+01    0.150155476006944E+00
    0.942800000000000E+02    0.516811221181717E+01    0.150150709000460E+00
    0.100540000000000E+03    0.740299449104413E+00    0.150606665666738E+00
    0.100560000000000E+03    0.766323819041446E+00    0.150611945399806E+00
    0.106820000000000E+03    0.263142634631114E+01    0.150572718845421E+00
    0.106840000000000E+03    0.265744917710356E+01    0.150570276342004E+00
    0.113100000000000E+03    0.451524856989650E+01    0.149950529061941E+00
    0.113120000000000E+03    0.454124655727634E+01    0.149950152013587E+00
    0.119400000000000E+03    0.144411081365462E+00    0.151072221947638E+00
    0.119420000000000E+03    0.170454104837603E+00    0.151073310468569E+00
    0.125680000000000E+03    0.203298378099464E+01    0.150060189057759E+00
    0.125700000000000E+03    0.205898615909496E+01    0.150058951727963E+00
    0.131960000000000E+03    0.391555556812796E+01    0.150367267531843E+00
    0.131980000000000E+03    0.394157030588991E+01    0.150369908965187E+00
    0.138240000000000E+03    0.580647155266220E+01    0.150845145690385E+00
    0.138260000000000E+03    0.583250533164269E+01    0.150840841571857E+00
    0.144520000000000E+03    0.140608971725828E+01    0.149994967821799E+00
    0.144540000000000E+03    0.143208949281458E+01    0.149998313568943E+00
    0.150800000000000E+03    0.329305545322654E+01    0.150781246841516E+00
    0.150820000000000E+03    0.331908670921524E+01    0.150782108995906E+00
    0.157080000000000E+03    0.518248979125082E+01    0.150208429341944E+00
    0.157100000000000E+03    0.520849803473851E+01    0.150203419175841E+00
    0.163380000000000E+03    0.806488003202816E+00    0.150547284623804E+00
    0.163400000000000E+03    0.832509994794265E+00    0.150552665970672E+00
    0.169660000000000E+03    0.269750502103651E+01    0.150613946454927E+00
    0.169680000000000E+03    0.272352951539784E+01    0.150611649397808E+00
    0.175940000000000E+03    0.458171366977916E+01    0.149938910790000E+00
    0.175960000000000E+03    0.460771118304430E+01    0.149938108589335E+00
    0.182220000000000E+03    0.184287037925884E+00    0.151054169177046E+00
    0.182240000000000E+03    0.210329389645352E+00    0.151055819198724E+00
    0.188500000000000E+03    0.207335499946154E+01    0.150099346992343E+00
    0.188520000000000E+03    0.209935891225163E+01    0.150097780527177E+00
    0.194780000000000E+03    0.395575732527749E+01    0.150315191283494E+00
    0.194800000000000E+03    0.398176998324624E+01    0.150317745682714E+00
    0.201080000000000E+03    0.587248628927688E+01    0.150891019814347E+00
    0.201100000000000E+03    0.589852185426889E+01    0.150887057450494E+00
    0.207360000000000E+03    0.147254251046326E+01    0.149971963989994E+00
    0.207380000000000E+03    0.149854145152813E+01    0.149974918570533E+00
    0.213640000000000E+03    0.335900732971675E+01    0.150763396302551E+00
    0.213660000000000E+03    0.338503787429721E+01    0.150764566449714E+00
    0.219920000000000E+03    0.524882497120137E+01    0.150259772870378E+00
    0.219940000000000E+03    0.527483538156429E+01    0.150254576634025E+00
    0.226200000000000E+03    0.846679734003715E+00    0.150482889777768E+00
    0.226220000000000E+03    0.872699159617298E+00    0.150488343343119E+00
    0.232480000000000E+03    0.273754065904723E+01    0.150654851053443E+00
    0.232500000000000E+03    0.276356679602185E+01    0.150652737355488E+00
    0.238780000000000E+03    0.464819703552297E+01    0.149933300651700E+00
    0.238800000000000E+03    0.467419431475651E+01    0.149932060753797E+00
    0.245060000000000E+03    0.250238471921534E+00    0.151032881804237E+00
    0.245080000000000E+03    0.276279853343453E+00    0.151035039015964E+00
    0.251340000000000E+03    0.213970175114696E+01    0.150139874111768E+00
    0.251360000000000E+03    0.216570722833944E+01    0.150138033044327E+00
    0.257620000000000E+03    0.402199231155527E+01    0.150266116086808E+00
    0.257640000000000E+03    0.404800303178934E+01    0.150268562851391E+00
    0.263900000000000E+03    0.591244334756232E+01    0.150938157881676E+00
    0.263920000000000E+03    0.593848081402933E+01    0.150934629062316E+00
    0.270180000000000E+03    0.151302194269306E+01    0.149953330314058E+00
    0.270200000000000E+03    0.153902011412805E+01    0.149955838772929E+00
    0.276480000000000E+03    0.342500434249428E+01    0.150741896016467E+00
    0.276500000000000E+03    0.345103403426373E+01    0.150743359019460E+00
    0.282760000000000E+03    0.531517024066216E+01    0.150315600001789E+00
    0.282780000000000E+03    0.534118284503398E+01    0.150310247574175E+00
    0.289040000000000E+03    0.912913190943812E+00    0.150423779328138E+00
    0.289060000000000E+03    0.938930132750784E+00    0.150429209113746E+00
    0.295320000000000E+03    0.280355569249463E+01    0.150688902461334E+00
    0.295340000000000E+03    0.282958320714380E+01    0.150687007427720E+00
    0.301600000000000E+03    0.468866234236799E+01    0.149934795077596E+00
    0.301620000000000E+03    0.471465972229805E+01    0.149933087188379E+00
    0.307880000000000E+03    0.290110144250207E+00    0.151000863510816E+00
    0.307900000000000E+03    0.316150263250449E+00    0.151003546729753E+00
    0.314160000000000E+03    0.217998550563857E+01    0.150184729227455E+00
    0.314180000000000E+03    0.220599285139895E+01    0.150182633709466E+00
    0.320460000000000E+03    0.408824397417783E+01    0.150218947010774E+00
    0.320480000000000E+03    0.411425281670876E+01    0.150221242501036E+00
    0.326740000000000E+03    0.597840155988393E+01    0.150975731842113E+00
    0.326760000000000E+03    0.600444059042036E+01    0.150972599490306E+00
    0.333020000000000E+03    0.157946382635129E+01    0.149941159143642E+00
    0.333040000000000E+03    0.160546151847620E+01    0.149943241108942E+00
    0.339300000000000E+03    0.346492634653157E+01    0.150712546021510E+00
    0.339320000000000E+03    0.349095485085616E+01    0.150714274827355E+00
    0.345580000000000E+03    0.535537455566958E+01    0.150376262499102E+00
    0.345600000000000E+03    0.538138952859356E+01    0.150370825527934E+00
    0.351860000000000E+03    0.953100083638390E+00    0.150359871063838E+00
    0.351880000000000E+03    0.979114575595247E+00    0.150365274197858E+00
    0.358160000000000E+03    0.286950460370542E+01    0.150719533944675E+00
    0.358180000000000E+03    0.289553333019262E+01    0.150717889891502E+00
    0.364440000000000E+03    0.475507121439614E+01    0.149940738921437E+00
    0.364460000000000E+03    0.478106880939924E+01    0.149938596088409E+00
    0.370720000000000E+03    0.356027082826358E+00    0.150967758704894E+00
    0.370740000000000E+03    0.382065861278932E+00    0.150970882115867E+00
    0.377000000000000E+03    0.224622801989005E+01    0.150230458523758E+00
    0.377020000000000E+03    0.227223718190311E+01    0.150228175826266E+00
    0.383280000000000E+03    0.412847766493587E+01    0.150170960717156E+00
    0.383300000000000E+03    0.415448450232765E+01    0.150173023431287E+00
    0.389560000000000E+03    0.601824287977206E+01    0.151009186926710E+00
    0.389580000000000E+03    0.604428333161104E+01    0.151006572908662E+00
    0.395860000000000E+03    0.164588380503608E+01    0.149936944195745E+00
    0.395880000000000E+03    0.167188129491319E+01    0.149938590493547E+00
    0.402140000000000E+03    0.353088502080368E+01    0.150681425102190E+00
    0.402160000000000E+03    0.355691231782498E+01    0.150683397685653E+00
    0.408420000000000E+03    0.542158859819767E+01    0.150434288437944E+00
    0.408440000000000E+03    0.544760587328960E+01    0.150428804548490E+00
    0.414700000000000E+03    0.101934869647653E+01    0.150303998223100E+00
    0.414720000000000E+03    0.104536096683626E+01    0.150309301993370E+00
    0.420980000000000E+03    0.290941350361425E+01    0.150746605363355E+00
    0.421000000000000E+03    0.293544331134524E+01    0.150745230136743E+00
    0.427260000000000E+03    0.479550702335746E+01    0.149955908561285E+00
    0.427280000000000E+03    0.482150532200910E+01    0.149953311395544E+00
    0.433540000000000E+03    0.395927878706289E+00    0.150925214764365E+00
    0.433560000000000E+03    0.421964913926445E+00    0.150928777663791E+00
    0.439840000000000E+03    0.231244068530805E+01    0.150277514456549E+00
    0.439860000000000E+03    0.233845169939013E+01    0.150275085858253E+00
    0.446120000000000E+03    0.419473511054082E+01    0.150126796062979E+00
    0.446140000000000E+03    0.422074022753611E+01    0.150128623962697E+00
    0.452400000000000E+03    0.608410142036598E+01    0.151035960690575E+00
    0.452420000000000E+03    0.611014281922826E+01    0.151033824191912E+00
    0.458680000000000E+03    0.168623844483614E+01    0.149934845235865E+00
    0.458700000000000E+03    0.171223585936912E+01    0.149936026797021E+00
    0.464960000000000E+03    0.357075128601491E+01    0.150642076645428E+00
    0.464980000000000E+03    0.359677700338023E+01    0.150644255529250E+00
    0.471240000000000E+03    0.546165067315997E+01    0.150498029929995E+00
    0.471260000000000E+03    0.548767058784290E+01    0.150492567289046E+00
    0.477540000000000E+03    0.108552463651392E+01    0.150249323000874E+00
    0.477560000000000E+03    0.111153468881935E+01    0.150254469832241E+00
    0.483820000000000E+03    0.297523685240446E+01    0.150767104966506E+00
    0.483840000000000E+03    0.300126748921502E+01    0.150766025367444E+00
    0.490100000000000E+03    0.486179643069022E+01    0.149972953460220E+00
    0.490120000000000E+03    0.488779530295449E+01    0.149969938439716E+00
    0.496380000000000E+03    0.461750377978092E+00    0.150881435727473E+00
    0.496400000000000E+03    0.487785714537267E+00    0.150885398250249E+00
    0.502660000000000E+03    0.235248811424356E+01    0.150328397701284E+00
    0.502680000000000E+03    0.237850118599147E+01    0.150325845384318E+00
    0.508940000000000E+03    0.423491377354549E+01    0.150085609762728E+00
    0.508960000000000E+03    0.426091719225440E+01    0.150087129905720E+00
    0.515240000000000E+03    0.614985796369774E+01    0.151056930531264E+00
    0.515260000000000E+03    0.617590029020425E+01    0.151055289952061E+00
    0.521520000000000E+03    0.175254308516924E+01    0.149942660213713E+00
    0.521540000000000E+03    0.177854073963181E+01    0.149943408653241E+00
    0.527800000000000E+03    0.363662982508470E+01    0.150602251940144E+00
    0.527820000000000E+03    0.366265396239180E+01    0.150604611018365E+00
    0.534080000000000E+03    0.552765151353969E+01    0.150555818463693E+00
    0.534100000000000E+03    0.555367365175766E+01    0.150550408940758E+00
    0.540360000000000E+03    0.112564652986714E+01    0.150192736078867E+00
    0.540380000000000E+03    0.115165433700054E+01    0.150197688592603E+00
    0.546640000000000E+03    0.301493780143528E+01    0.150782437581321E+00
    0.546660000000000E+03    0.304096905978224E+01    0.150781668237000E+00
    0.552940000000000E+03    0.492802120651959E+01    0.149996314720232E+00
    0.552960000000000E+03    0.495402105788912E+01    0.149992899739232E+00
    0.559220000000000E+03    0.527525136991812E+00    0.150832890313573E+00
    0.559240000000000E+03    0.553558553853122E+00    0.150837195063012E+00
    0.565500000000000E+03    0.241843383739717E+01    0.150376264399619E+00
    0.565520000000000E+03    0.244444881325546E+01    0.150373652518707E+00
    0.571780000000000E+03    0.430101213071873E+01    0.150048224448281E+00
    0.571800000000000E+03    0.432701409995821E+01    0.150049438970685E+00
    0.578060000000000E+03    0.618944855774816E+01    0.151072985496523E+00
    0.578080000000000E+03    0.621549146525172E+01    0.151071906849824E+00
    0.584340000000000E+03    0.179269382705365E+01    0.149953246539654E+00
    0.584360000000000E+03    0.181869196070863E+01    0.149953544474813E+00
    0.590620000000000E+03    0.367637563483788E+01    0.150557434582408E+00
    0.590640000000000E+03    0.370239797071554E+01    0.150559926305128E+00
    0.596920000000000E+03    0.559351883384727E+01    0.150614614869534E+00
    0.596940000000000E+03    0.561954340711816E+01    0.150609317984367E+00
    0.603200000000000E+03    0.119173362117419E+01    0.150146764474549E+00
    0.603220000000000E+03    0.121773950507963E+01    0.150151473263245E+00
    0.609480000000000E+03    0.308059803060814E+01    0.150792107522459E+00
    0.609500000000000E+03    0.310662967658448E+01    0.150791659030626E+00
    0.615760000000000E+03    0.496813934907266E+01    0.150027494265277E+00
    0.615780000000000E+03    0.499414037131737E+01    0.150023679016772E+00
    0.622040000000000E+03    0.567210396263704E+00    0.150777506190897E+00
    0.622060000000000E+03    0.593241593765015E+00    0.150782147446611E+00
    0.628320000000000E+03    0.245824766586725E+01    0.150426729961529E+00
    0.628340000000000E+03    0.248426464083343E+01    0.150424090000847E+00
    0.634620000000000E+03    0.436706524756687E+01    0.150016253426924E+00
    0.634640000000000E+03    0.439306592065202E+01    0.150017127419694E+00
    0.640900000000000E+03    0.625500519639218E+01    0.151080999681273E+00
    0.640920000000000E+03    0.628104845728672E+01    0.151080445109675E+00
    0.647180000000000E+03    0.185876782103571E+01    0.149971823950224E+00
    0.647200000000000E+03    0.188476659307457E+01    0.149971715211469E+00
    0.653460000000000E+03    0.374207586990087E+01    0.150510450408989E+00
    0.653480000000000E+03    0.376809633605285E+01    0.150513045806352E+00
    0.659740000000000E+03    0.563319293200982E+01    0.150674965459937E+00
    0.659760000000000E+03    0.565921986312446E+01    0.150669843273970E+00
    0.666020000000000E+03    0.123164385468044E+01    0.150095907232678E+00
    0.666040000000000E+03    0.125764777939003E+01    0.150100329117011E+00
    0.672320000000000E+03    0.314606111355761E+01    0.150796611853148E+00
    0.672340000000000E+03    0.317209283674913E+01    0.150796503184381E+00
    0.678600000000000E+03    0.503404170817510E+01    0.150059845245015E+00
    0.678620000000000E+03    0.506004402281485E+01    0.150055691422090E+00
    0.684880000000000E+03    0.632738561781593E+00    0.150721158571177E+00
    0.684900000000000E+03    0.658767507754419E+00    0.150726047536695E+00
    0.691160000000000E+03    0.252381034611176E+01    0.150471570402527E+00
    0.691180000000000E+03    0.254982913737695E+01    0.150468951400366E+00
    0.697440000000000E+03    0.440685154382788E+01    0.149984839915061E+00
    0.697460000000000E+03    0.443285090311463E+01    0.149985313843040E+00
    0.703720000000000E+03    0.110185047482219E-01    0.151080095570590E+00
    0.703740000000000E+03    0.370618644353726E-01    0.151080112318171E+00
    0.710000000000000E+03    0.189851942875305E+01    0.149992326816376E+00
    0.710020000000000E+03    0.192451908673650E+01    0.149991801901613E+00
    0.716300000000000E+03    0.380751289792431E+01    0.150463113823272E+00
    0.716320000000000E+03    0.383353147558955E+01    0.150465774382891E+00
    0.722580000000000E+03    0.569858931223780E+01    0.150728512028169E+00
    0.722600000000000E+03    0.572461836539071E+01    0.150723604994798E+00
    0.728860000000000E+03    0.129733487303372E+01    0.150056353488788E+00
    0.728880000000000E+03    0.132333721328268E+01    0.150060464754245E+00
    0.735140000000000E+03    0.318524154607485E+01    0.150793804473458E+00
    0.735160000000000E+03    0.321127328337661E+01    0.150794006071592E+00
    0.741420000000000E+03    0.507372419888588E+01    0.150103592682547E+00
    0.741440000000000E+03    0.509972838286092E+01    0.150099118119478E+00
    0.747700000000000E+03    0.672103055283628E+00    0.150661402912394E+00
    0.747720000000000E+03    0.698129541775870E+00    0.150666507698917E+00
    0.754000000000000E+03    0.258920006193773E+01    0.150516709030019E+00
    0.754020000000000E+03    0.261522063422979E+01    0.150514163772751E+00
    0.760280000000000E+03    0.447252635519396E+01    0.149960979860955E+00
    0.760300000000000E+03    0.449852480718084E+01    0.149961069378656E+00
    0.766560000000000E+03    0.761652436236773E-01    0.151076007185212E+00
    0.766580000000000E+03    0.102208297114316E+00    0.151076551868415E+00
    0.772840000000000E+03    0.196412533524153E+01    0.150018582589157E+00
    0.772860000000000E+03    0.199012605263329E+01    0.150017701175216E+00
    0.779120000000000E+03    0.384682575049078E+01    0.150411071235565E+00
    0.779140000000000E+03    0.387284223774952E+01    0.150413736733996E+00
    0.785400000000000E+03    0.573779426845033E+01    0.150784847916827E+00
    0.785420000000000E+03    0.576382564187702E+01    0.150780228643965E+00
    0.791700000000000E+03    0.136291680139288E+01    0.150021632186966E+00
    0.791720000000000E+03    0.138891769694942E+01    0.150025395468147E+00
    0.797980000000000E+03    0.325033782868491E+01    0.150786935078370E+00
    0.798000000000000E+03    0.327636928849302E+01    0.150787459828354E+00
    0.804260000000000E+03    0.513922222300016E+01    0.150145140440809E+00
    0.804280000000000E+03    0.516522793632862E+01    0.150140387313181E+00
    0.810540000000000E+03    0.737327286359687E+00    0.150602007387859E+00
    0.810560000000000E+03    0.763351472450495E+00    0.150607280906360E+00
    0.816820000000000E+03    0.262835254034894E+01    0.150562058691420E+00
    0.816840000000000E+03    0.265437497337712E+01    0.150559607490290E+00
    0.823100000000000E+03    0.451205256114713E+01    0.149943717377107E+00
    0.823120000000000E+03    0.453805027459453E+01    0.149943367332501E+00
    0.829400000000000E+03    0.141137325623959E+00    0.151065419728425E+00
    0.829420000000000E+03    0.167180000637245E+00    0.151066478951333E+00
    0.835680000000000E+03    0.202956327742982E+01    0.150049991777075E+00
    0.835700000000000E+03    0.205556522648681E+01    0.150048774775747E+00
    0.841960000000000E+03    0.391204642248977E+01    0.150361433619308E+00
    0.841980000000000E+03    0.393806096989010E+01    0.150364085094891E+00
    0.848240000000000E+03    0.580287908060109E+01    0.150834638537247E+00
    0.848260000000000E+03    0.582891238808133E+01    0.150830314589282E+00
    0.854520000000000E+03    0.140238975019065E+01    0.149990293732021E+00
    0.854540000000000E+03    0.142838942774210E+01    0.149993672735964E+00
    0.860800000000000E+03    0.328930138730425E+01    0.150775093990668E+00
    0.860820000000000E+03    0.331533239134183E+01    0.150775936592750E+00
    0.867080000000000E+03    0.517863477299034E+01    0.150198488159481E+00
    0.867100000000000E+03    0.520464273105108E+01    0.150193493753393E+00
    0.873380000000000E+03    0.802564521003433E+00    0.150544925644085E+00
    0.873400000000000E+03    0.828586421027467E+00    0.150550304679003E+00
    0.879660000000000E+03    0.269351012154357E+01    0.150604372879692E+00
    0.879680000000000E+03    0.271953421741750E+01    0.150602070233700E+00
    0.885940000000000E+03    0.457759653272069E+01    0.149932780463230E+00
    0.885960000000000E+03    0.460359384239314E+01    0.149932013426695E+00
    0.892220000000000E+03    0.180138318038644E+00    0.151049752835599E+00
    0.892240000000000E+03    0.206180341177060E+00    0.151051371962441E+00
    0.898500000000000E+03    0.206906536440874E+01    0.150089044133735E+00
    0.898520000000000E+03    0.209506888315082E+01    0.150087500936340E+00
    0.904780000000000E+03    0.395139270430468E+01    0.150312173559112E+00
    0.904800000000000E+03    0.397740523217976E+01    0.150314734987704E+00
    0.911080000000000E+03    0.586805612877856E+01    0.150880945862815E+00
    0.911100000000000E+03    0.589409134777861E+01    0.150876957601269E+00
    0.917360000000000E+03    0.146800118581973E+01    0.149967290108316E+00
    0.917380000000000E+03    0.149399987990591E+01    0.149970272770907E+00
    0.923640000000000E+03    0.335442828319287E+01    0.150758898878139E+00
    0.923660000000000E+03    0.338045865971367E+01    0.150760043051120E+00
    0.929920000000000E+03    0.524412343649283E+01    0.150248727819462E+00
    0.929940000000000E+03    0.527013329822057E+01    0.150243541537271E+00
    0.936200000000000E+03    0.841891033828460E+00    0.150481526615382E+00
    0.936220000000000E+03    0.867910393991679E+00    0.150486974034569E+00
    0.942480000000000E+03    0.273268094492141E+01    0.150644758368438E+00
    0.942500000000000E+03    0.275870667974573E+01    0.150642624997186E+00
    0.948780000000000E+03    0.464321642015693E+01    0.149926883396516E+00
    0.948800000000000E+03    0.466921344858042E+01    0.149925687406416E+00
    0.955060000000000E+03    0.245219763570731E+00    0.151027638021146E+00
    0.955080000000000E+03    0.271261047713551E+00    0.151029737251527E+00
    0.961340000000000E+03    0.213458371371144E+01    0.150129147753784E+00
    0.961360000000000E+03    0.216058884143376E+01    0.150127333225091E+00
    0.967620000000000E+03    0.401681071258872E+01    0.150265214199509E+00
    0.967640000000000E+03    0.404282131228388E+01    0.150267669236771E+00
    0.973900000000000E+03    0.590720106314689E+01    0.150926784839463E+00
    0.973920000000000E+03    0.593323817175110E+01    0.150923210539865E+00
    0.980180000000000E+03    0.150766594295033E+01    0.149948792139619E+00
    0.980200000000000E+03    0.153366392973021E+01    0.149951341844729E+00
    0.986480000000000E+03    0.341962147653680E+01    0.150738622474726E+00
    0.986500000000000E+03    0.344565105168613E+01    0.150740061848273E+00
    0.992760000000000E+03    0.530967162776574E+01    0.150303015105879E+00
    0.992780000000000E+03    0.533568365801852E+01    0.150297683326534E+00
    0.999040000000000E+03    0.907356435233396E+00    0.150423996713754E+00
    0.999060000000000E+03    0.933373523422233E+00    0.150429451096753E+00
    0.100532000000000E+04    0.279795420923801E+01    0.150679856008917E+00
    0.100534000000000E+04    0.282398133321863E+01    0.150677936813226E+00
    0.101160000000000E+04    0.468293417507948E+01    0.149928824617030E+00
    0.101162000000000E+04    0.470893133495792E+01    0.149927167857686E+00
    0.101788000000000E+04    0.284387839463761E+00    0.150999042305415E+00
    0.101790000000000E+04    0.310427856814613E+00    0.151001676278824E+00
    0.102416000000000E+04    0.217414848759154E+01    0.150174394480931E+00
    0.102418000000000E+04    0.220015538893585E+01    0.150172327950053E+00
    0.103046000000000E+04    0.408232582094342E+01    0.150217670905147E+00
    0.103048000000000E+04    0.410833457324088E+01    0.150219977863769E+00
    0.103674000000000E+04    0.597242954204148E+01    0.150965195596158E+00
    0.103676000000000E+04    0.599846813328668E+01    0.150962035717758E+00
    0.104302000000000E+04    0.157335276466620E+01    0.149936245914225E+00
    0.104304000000000E+04    0.159935015613587E+01    0.149938372692523E+00
    0.104930000000000E+04    0.345880779249956E+01    0.150710065440146E+00
    0.104932000000000E+04    0.348483630831856E+01    0.150711802839875E+00
    0.105558000000000E+04    0.534918852925421E+01    0.150365088749226E+00
    0.105560000000000E+04    0.537520313620371E+01    0.150359637798106E+00
    0.106186000000000E+04    0.946849509594131E+00    0.150361625236433E+00
    0.106188000000000E+04    0.972864122337569E+00    0.150367037468742E+00
    0.106816000000000E+04    0.286324623943278E+01    0.150711639392965E+00
    0.106818000000000E+04    0.288927466938503E+01    0.150709961736253E+00
    0.107444000000000E+04    0.474870529380996E+01    0.149935724302024E+00
    0.107446000000000E+04    0.477470265491297E+01    0.149933633751418E+00
    0.108072000000000E+04    0.349633219344469E+00    0.150967368426428E+00
    0.108074000000000E+04    0.375672011869710E+00    0.150970439903941E+00
    0.108700000000000E+04    0.223974944544921E+01    0.150220874524420E+00
    0.108702000000000E+04    0.226575820714379E+01    0.150218620057631E+00
    0.109328000000000E+04    0.412193782047893E+01    0.150171653007958E+00
    0.109330000000000E+04    0.414794472528547E+01    0.150173743488979E+00
    0.109956000000000E+04    0.601169042111610E+01    0.151001836759222E+00
    0.109958000000000E+04    0.603773049123197E+01    0.150999169653256E+00
    0.110586000000000E+04    0.163917663173447E+01    0.149931493710852E+00
    0.110588000000000E+04    0.166517385794305E+01    0.149933194423338E+00
    0.111214000000000E+04    0.352418389914646E+01    0.150680966802726E+00
    0.111216000000000E+04    0.355021121162144E+01    0.150682929249499E+00
    0.111842000000000E+04    0.541480440030045E+01    0.150422316275762E+00
    0.111844000000000E+04    0.544082118650545E+01    0.150416834902773E+00
    0.112470000000000E+04    0.101250195723583E+01    0.150306472676977E+00
    0.112472000000000E+04    0.103851431720568E+01    0.150311790580770E+00
    0.113098000000000E+04    0.290254813456772E+01    0.150739049533618E+00
    0.113100000000000E+04    0.292857765944837E+01    0.150737649177636E+00
    0.113726000000000E+04    0.478851715635506E+01    0.149948948141950E+00
    0.113728000000000E+04    0.481451508794726E+01    0.149946402657354E+00
    0.114354000000000E+04    0.388926433468214E+00    0.150925690947251E+00
    0.114356000000000E+04    0.414963555831491E+00    0.150929226728329E+00
    0.114984000000000E+04    0.230535546406486E+01    0.150266796179303E+00
    0.114986000000000E+04    0.233136606580933E+01    0.150264383544947E+00
    0.115612000000000E+04    0.418759152573625E+01    0.150127881971038E+00
    0.115614000000000E+04    0.421359671160394E+01    0.150129746002291E+00
    0.116240000000000E+04    0.607696883086896E+01    0.151029434282064E+00
    0.116242000000000E+04    0.610300996794831E+01    0.151027232168061E+00
    0.116868000000000E+04    0.167899338834263E+01    0.149931219085340E+00
    0.116870000000000E+04    0.170499065873150E+01    0.149932459230858E+00
    0.117496000000000E+04    0.356352397854130E+01    0.150643875755680E+00
    0.117498000000000E+04    0.358954976739710E+01    0.150646028908301E+00
    0.118124000000000E+04    0.545435961957696E+01    0.150486699321194E+00
    0.118126000000000E+04    0.548037908167157E+01    0.150481231635711E+00
    0.118754000000000E+04    0.107817590963259E+01    0.150253368678835E+00
    0.118756000000000E+04    0.110418612730678E+01    0.150258538778877E+00
    0.119382000000000E+04    0.296789685594172E+01    0.150761273902687E+00
    0.119384000000000E+04    0.299392725727103E+01    0.150760154117793E+00
    0.120010000000000E+04    0.485434769687686E+01    0.149966772289440E+00
    0.120012000000000E+04    0.488034632262975E+01    0.149963813928723E+00
    0.120638000000000E+04    0.454323646982630E+00    0.150884465877253E+00
    0.120640000000000E+04    0.480359102573402E+00    0.150888376366367E+00
    0.121266000000000E+04    0.234499042376319E+01    0.150318345961500E+00
    0.121268000000000E+04    0.237100309352149E+01    0.150315807118089E+00
    0.121894000000000E+04    0.422735522485550E+01    0.150087648087486E+00
    0.121896000000000E+04    0.425335872942355E+01    0.150089209844670E+00
    0.122524000000000E+04    0.614232077315069E+01    0.151051044980339E+00
    0.122526000000000E+04    0.616836285088539E+01    0.151049332907045E+00
    0.123152000000000E+04    0.174488925294463E+01    0.149937509033284E+00
    0.123154000000000E+04    0.177088673492108E+01    0.149938317910018E+00
    0.123780000000000E+04    0.362900300993829E+01    0.150605575327347E+00
    0.123782000000000E+04    0.365502729204400E+01    0.150607921290079E+00
    0.124408000000000E+04    0.551998218236827E+01    0.150545190830404E+00
    0.124410000000000E+04    0.554600389177813E+01    0.150539771309867E+00
    0.125036000000000E+04    0.111792511844874E+01    0.150197694940992E+00
    0.125038000000000E+04    0.114393312347602E+01    0.150202677997135E+00
    0.125664000000000E+04    0.300724510484633E+01    0.150778239298479E+00
    0.125666000000000E+04    0.303327619511424E+01    0.150777426323375E+00
    0.126294000000000E+04    0.492022878944726E+01    0.149990121657477E+00
    0.126296000000000E+04    0.494622838195096E+01    0.149986762356886E+00
    0.126922000000000E+04    0.519762231816685E+00    0.150837703838256E+00
    0.126924000000000E+04    0.545795838975437E+00    0.150841960929275E+00
    0.127550000000000E+04    0.241061992797336E+01    0.150366781208694E+00
    0.127552000000000E+04    0.243663453996783E+01    0.150364174693994E+00
    0.128178000000000E+04    0.429314877868887E+01    0.150050882950322E+00
    0.128180000000000E+04    0.431915088498090E+01    0.150052148017705E+00
    0.128806000000000E+04    0.618163609546559E+01    0.151069623045710E+00
    0.128808000000000E+04    0.620767887444708E+01    0.151068465026534E+00
    0.129434000000000E+04    0.178478129352925E+01    0.149949396886008E+00
    0.129436000000000E+04    0.181077927496813E+01    0.149949756215759E+00
    0.130062000000000E+04    0.366849613989029E+01    0.150562164679397E+00
    0.130064000000000E+04    0.369451866369513E+01    0.150564638917739E+00
    0.130692000000000E+04    0.558560922703418E+01    0.150604151527960E+00
    0.130694000000000E+04    0.561163338408073E+01    0.150598834780957E+00
    0.131320000000000E+04    0.118377981617641E+01    0.150151254696264E+00
    0.131322000000000E+04    0.120978596191117E+01    0.150156005558089E+00
    0.131948000000000E+04    0.307270602390258E+01    0.150790839095054E+00
    0.131950000000000E+04    0.309873761947938E+01    0.150790341195069E+00
    0.132576000000000E+04    0.496017661586734E+01    0.150023053465852E+00
    0.132578000000000E+04    0.498617748492006E+01    0.150019300540290E+00
    0.133204000000000E+04    0.559309244643828E+00    0.150784727064640E+00
    0.133206000000000E+04    0.585340724480375E+00    0.150789328148943E+00
    0.133832000000000E+04    0.245033323100620E+01    0.150419621742638E+00
    0.133834000000000E+04    0.247634993337010E+01    0.150416987012429E+00
    0.134462000000000E+04    0.435910256813622E+01    0.150019258546106E+00
    0.134464000000000E+04    0.438510333415411E+01    0.150020184269245E+00
    0.135090000000000E+04    0.624710572396475E+01    0.151078733646868E+00
    0.135092000000000E+04    0.627314892810546E+01    0.151078101551888E+00
    0.135718000000000E+04    0.185079089362034E+01    0.149966703701170E+00
    0.135720000000000E+04    0.187678952607462E+01    0.149966652750982E+00
    0.136346000000000E+04    0.373415184540909E+01    0.150517683794092E+00
    0.136348000000000E+04    0.376017262053529E+01    0.150520277441351E+00
    0.136974000000000E+04    0.562527028048726E+01    0.150666721859876E+00
    0.136976000000000E+04    0.565129685882152E+01    0.150661576789168E+00
    0.137602000000000E+04    0.122369166878002E+01    0.150102705773079E+00
    0.137604000000000E+04    0.124969585869439E+01    0.150107171231492E+00
    0.138232000000000E+04    0.313817815570815E+01    0.150795758769863E+00
    0.138234000000000E+04    0.316420996888473E+01    0.150795592048548E+00
    0.138860000000000E+04    0.502612965059029E+01    0.150056389198175E+00
    0.138862000000000E+04    0.505213183966089E+01    0.150052283443746E+00
    0.139488000000000E+04    0.624878691308822E+00    0.150730523386923E+00
    0.139490000000000E+04    0.650908009309205E+00    0.150735378764155E+00
    0.140116000000000E+04    0.251596371619939E+01    0.150466109034827E+00
    0.140118000000000E+04    0.254198228298264E+01    0.150463488454616E+00
    0.140744000000000E+04    0.439897479791216E+01    0.149989584830828E+00
    0.140746000000000E+04    0.442497441023238E+01    0.149990117313635E+00
    0.141372000000000E+04    0.324475097067989E-02    0.151082777832853E+00
    0.141374000000000E+04    0.292880726644853E-01    0.151082721941687E+00
    0.142000000000000E+04    0.189066641273325E+01    0.149989541957056E+00
    0.142002000000000E+04    0.191666598217648E+01    0.149989073403240E+00
    0.142630000000000E+04    0.379971958178658E+01    0.150471293806323E+00
    0.142632000000000E+04    0.382573846800642E+01    0.150473946290340E+00
    0.143258000000000E+04    0.569082762880566E+01    0.150721823164161E+00
    0.143260000000000E+04    0.571685650558265E+01    0.150716881948477E+00
    0.143886000000000E+04    0.128956752483964E+01    0.150064464225251E+00
    0.143888000000000E+04    0.131557014220016E+01    0.150068619505337E+00
    0.144514000000000E+04    0.317756064953051E+01    0.150795868192412E+00
    0.144516000000000E+04    0.320359246357521E+01    0.150796024518105E+00
    0.145142000000000E+04    0.506598150239574E+01    0.150098326979801E+00
    0.145144000000000E+04    0.509198534241023E+01    0.150093885499581E+00
    0.145770000000000E+04    0.664407240201854E+00    0.150670341944011E+00
    0.145772000000000E+04    0.690434160165751E+00    0.150675437728178E+00
    0.146400000000000E+04    0.258153645681887E+01    0.150512116161988E+00
    0.146402000000000E+04    0.260755684878563E+01    0.150509559114966E+00
    0.147028000000000E+04    0.446486232233610E+01    0.149967065189020E+00
    0.147030000000000E+04    0.449086103915897E+01    0.149967214229217E+00
    0.147656000000000E+04    0.686080169600700E-01    0.151079473826078E+00
    0.147658000000000E+04    0.946512346790769E-01    0.151079943827300E+00
    0.148284000000000E+04    0.195652597088406E+01    0.150017847426154E+00
    0.148286000000000E+04    0.198252657490457E+01    0.150017015811455E+00
    0.148912000000000E+04    0.383927472210394E+01    0.150419128068548E+00
    0.148914000000000E+04    0.386529153805941E+01    0.150421794356787E+00
    0.149540000000000E+04    0.573027247953110E+01    0.150778755909306E+00
    0.149542000000000E+04    0.575630359028651E+01    0.150774090401775E+00
    0.150170000000000E+04    0.135533926991025E+01    0.150027174662705E+00
    0.150172000000000E+04    0.138134043058403E+01    0.150030993334056E+00
    0.150798000000000E+04    0.324285361995794E+01    0.150789567740328E+00
    0.150800000000000E+04    0.326888520801413E+01    0.150790047804594E+00
    0.151426000000000E+04    0.513170117960840E+01    0.150140882371472E+00
    0.151428000000000E+04    0.515770673949783E+01    0.150136168693705E+00
    0.152054000000000E+04    0.729848073686071E+00    0.150612135398536E+00
    0.152056000000000E+04    0.755872667934909E+00    0.150617390087361E+00
    0.152682000000000E+04    0.262088792480654E+01    0.150560491972260E+00
    0.152684000000000E+04    0.264691001889696E+01    0.150558042666377E+00
    0.153310000000000E+04    0.450450058655656E+01    0.149944228400288E+00
    0.153312000000000E+04    0.453049819564762E+01    0.149943932324917E+00
    0.153940000000000E+04    0.133617656479373E+00    0.151066339416754E+00
    0.153942000000000E+04    0.159660358608562E+00    0.151067324396167E+00
    0.154568000000000E+04    0.202196409570115E+01    0.150044342417187E+00
    0.154570000000000E+04    0.204796581689470E+01    0.150043171734442E+00
    0.155196000000000E+04    0.390445936283027E+01    0.150368112640445E+00
    0.155198000000000E+04    0.393047415793944E+01    0.150370771946309E+00
    0.155824000000000E+04    0.579529242993385E+01    0.150825537521570E+00
    0.155826000000000E+04    0.582132537660800E+01    0.150821163780220E+00
    0.156452000000000E+04    0.139471883503415E+01    0.149992105768762E+00
    0.156454000000000E+04    0.142071857805308E+01    0.149995538183729E+00
    0.157080000000000E+04    0.328167317243538E+01    0.150774892081394E+00
    0.157082000000000E+04    0.330770417004305E+01    0.150775695202803E+00
    0.157708000000000E+04    0.517092332819402E+01    0.150189081313443E+00
    0.157710000000000E+04    0.519693085506970E+01    0.150184109826099E+00
    0.158338000000000E+04    0.794829386127731E+00    0.150550861436402E+00
    0.158340000000000E+04    0.820851519906682E+00    0.150556224456789E+00
    0.158966000000000E+04    0.268576522911962E+01    0.150596172698455E+00
    0.158968000000000E+04    0.271178902488555E+01    0.150593844534528E+00
    0.159594000000000E+04    0.456977093464684E+01    0.149932111597729E+00
    0.159596000000000E+04    0.459576821964538E+01    0.149931407010931E+00
    0.160222000000000E+04    0.172368695812565E+00    0.151050860073110E+00
    0.160224000000000E+04    0.198410776074070E+00    0.151052401937872E+00
    0.160850000000000E+04    0.206120516058309E+01    0.150081405901570E+00
    0.160852000000000E+04    0.208720837851206E+01    0.150079901507885E+00
    0.161478000000000E+04    0.394353086777664E+01    0.150317675241421E+00
    0.161480000000000E+04    0.396954358158928E+01    0.150320249990068E+00
    0.162108000000000E+04    0.586019429807675E+01    0.150872151838999E+00
    0.162110000000000E+04    0.588622913742756E+01    0.150868108837275E+00
    0.162736000000000E+04    0.146004540042532E+01    0.149968751571295E+00
    0.162738000000000E+04    0.148604415441287E+01    0.149971794657433E+00
    0.163364000000000E+04    0.334651682506956E+01    0.150759517303274E+00
    0.163366000000000E+04    0.337254721283398E+01    0.150760616799999E+00
    0.163992000000000E+04    0.523612809984252E+01    0.150238347063808E+00
    0.163994000000000E+04    0.526213753617776E+01    0.150233184032248E+00
    0.164620000000000E+04    0.833880462329489E+00    0.150487927911110E+00
    0.164622000000000E+04    0.859900088070845E+00    0.150493372674958E+00
    0.165248000000000E+04    0.272466367304241E+01    0.150636564841803E+00
    0.165250000000000E+04    0.275068908044022E+01    0.150634413855145E+00
    0.165878000000000E+04    0.463510565718752E+01    0.149925008511648E+00
    0.165880000000000E+04    0.466110264632698E+01    0.149923879995634E+00
    0.166506000000000E+04    0.237144141678073E+00    0.151028854866092E+00
    0.166508000000000E+04    0.263185390225317E+00    0.151030884350682E+00
    0.167134000000000E+04    0.212640001269392E+01    0.150120221563738E+00
    0.167136000000000E+04    0.215240478285796E+01    0.150118447176365E+00
    0.167762000000000E+04    0.400861079297920E+01    0.150269610066913E+00
    0.167764000000000E+04    0.403462164607754E+01    0.150272090294970E+00
    0.168390000000000E+04    0.589902091076237E+01    0.150918782235864E+00
    0.168392000000000E+04    0.592505763465033E+01    0.150915133629611E+00
    0.169018000000000E+04    0.149935636547980E+01    0.149947546400137E+00
    0.169020000000000E+04    0.152535432523109E+01    0.149950163174061E+00
    0.169648000000000E+04    0.341134601739850E+01    0.150738844794819E+00
    0.169650000000000E+04    0.343737556860378E+01    0.150740235137040E+00
    0.170276000000000E+04    0.530129587511647E+01    0.150291403254981E+00
    0.170278000000000E+04    0.532730745830077E+01    0.150286090841042E+00
    0.170904000000000E+04    0.898956458572684E+00    0.150430063525351E+00
    0.170906000000000E+04    0.924973765503637E+00    0.150435516998037E+00
    0.171532000000000E+04    0.278956825299929E+01    0.150673054586233E+00
    0.171534000000000E+04    0.281559514199398E+01    0.150671117670277E+00
    0.172160000000000E+04    0.467446099292738E+01    0.149926714330356E+00
    0.172162000000000E+04    0.470045801434662E+01    0.149925119885426E+00
    0.172788000000000E+04    0.275977483439419E+00    0.151002592799418E+00
    0.172790000000000E+04    0.302017654497376E+00    0.151005151715696E+00
    0.173416000000000E+04    0.216565943809746E+01    0.150165521061869E+00
    0.173418000000000E+04    0.219166595331126E+01    0.150163483606057E+00
    0.174046000000000E+04    0.407383752961368E+01    0.150223893668260E+00
    0.174048000000000E+04    0.409984663304476E+01    0.150226245435440E+00
    0.174674000000000E+04    0.596399281110871E+01    0.150958925367402E+00
    0.174676000000000E+04    0.599003110595868E+01    0.150955697887358E+00
    0.175302000000000E+04    0.156484038254030E+01    0.149937783920420E+00
    0.175304000000000E+04    0.159083792548972E+01    0.149939981414277E+00
    0.175930000000000E+04    0.345035225638048E+01    0.150713836885091E+00
    0.175932000000000E+04    0.347638083209858E+01    0.150715500113338E+00
    0.176558000000000E+04    0.534066248552153E+01    0.150354647117852E+00
    0.176560000000000E+04    0.536667664390370E+01    0.150349221748517E+00
    0.177186000000000E+04    0.938295148909674E+00    0.150369487787385E+00
    0.177188000000000E+04    0.964309957472324E+00    0.150374899334621E+00
    0.177816000000000E+04    0.285469560276306E+01    0.150705361402133E+00
    0.177818000000000E+04    0.288072378021889E+01    0.150703643609306E+00
    0.178444000000000E+04    0.474005793611786E+01    0.149932337464773E+00
    0.178446000000000E+04    0.476605520307885E+01    0.149930316094992E+00
    0.179072000000000E+04    0.341084462190338E+00    0.150972142915001E+00
    0.179074000000000E+04    0.367123417847324E+00    0.150975142718856E+00
    0.179700000000000E+04    0.223112275258381E+01    0.150211695406992E+00
    0.179702000000000E+04    0.225713116301313E+01    0.150209461346624E+00
    0.180328000000000E+04    0.411329372955788E+01    0.150177826170705E+00
    0.180330000000000E+04    0.413930082943807E+01    0.150179951141950E+00
    0.180956000000000E+04    0.600307956336246E+01    0.150995352135418E+00
    0.180958000000000E+04    0.602911935532984E+01    0.150992610262066E+00
    0.181586000000000E+04    0.163047495511819E+01    0.149931431151617E+00
    0.181588000000000E+04    0.165647220049959E+01    0.149933200339862E+00
    0.182214000000000E+04    0.351552822959138E+01    0.150684607526815E+00
    0.182216000000000E+04    0.354155566515055E+01    0.150686526488877E+00
    0.182842000000000E+04    0.540609051876891E+01    0.150411515282450E+00
    0.182844000000000E+04    0.543210687801275E+01    0.150406035052723E+00
    0.183470000000000E+04    0.100376574107713E+01    0.150314609767048E+00
    0.183472000000000E+04    0.102977842897189E+01    0.150319946371663E+00
    0.184098000000000E+04    0.289385065012584E+01    0.150733989446348E+00
    0.184100000000000E+04    0.291987996503713E+01    0.150732542863039E+00
    0.184726000000000E+04    0.477972859515330E+01    0.149945554415438E+00
    0.184728000000000E+04    0.480572639426418E+01    0.149943077079572E+00
    0.185354000000000E+04    0.380198615737754E+00    0.150931084909014E+00
    0.185356000000000E+04    0.406235953039868E+00    0.150934557580703E+00
    0.185984000000000E+04    0.229657708346849E+01    0.150258408729427E+00
    0.185986000000000E+04    0.232258737059283E+01    0.150256019167589E+00
    0.186612000000000E+04    0.417879928838101E+01    0.150134843959153E+00
    0.186614000000000E+04    0.420480475429213E+01    0.150136752337207E+00
    0.187240000000000E+04    0.606823828348888E+01    0.151024542172497E+00
    0.187242000000000E+04    0.609427926701028E+01    0.151022242274052E+00
    0.187868000000000E+04    0.167015688457968E+01    0.149929232028990E+00
    0.187870000000000E+04    0.169615408189293E+01    0.149930543080688E+00
    0.188496000000000E+04    0.355474082822548E+01    0.150648545286741E+00
    0.188498000000000E+04    0.358076678632551E+01    0.150650666467360E+00
    0.189124000000000E+04    0.544551738063501E+01    0.150475179097043E+00
    0.189126000000000E+04    0.547153631900983E+01    0.150469706580619E+00
    0.189754000000000E+04    0.106928769586375E+01    0.150260691761327E+00
    0.189756000000000E+04    0.109529818099554E+01    0.150265883927450E+00
    0.190382000000000E+04    0.295904579906619E+01    0.150756297152836E+00
    0.190384000000000E+04    0.298507600478251E+01    0.150755126848310E+00
    0.191010000000000E+04    0.484539507333056E+01    0.149961548820898E+00
    0.191012000000000E+04    0.487139347357834E+01    0.149958655650501E+00
    0.191638000000000E+04    0.445420363706035E+00    0.150890095221884E+00
    0.191640000000000E+04    0.471456052941903E+00    0.150893948644039E+00
    0.192266000000000E+04    0.233602259328791E+01    0.150308131962521E+00
    0.192268000000000E+04    0.236203484979342E+01    0.150305612060990E+00
    0.192894000000000E+04    0.421834645898025E+01    0.150092403616288E+00
    0.192896000000000E+04    0.424435014693245E+01    0.150094018086881E+00
    0.193524000000000E+04    0.613332905316565E+01    0.151044688790150E+00
    0.193526000000000E+04    0.615937081668199E+01    0.151042890539758E+00
    0.194152000000000E+04    0.173575536184308E+01    0.149932713597225E+00
    0.194154000000000E+04    0.176175268215820E+01    0.149933596450488E+00
    0.194780000000000E+04    0.361990408922884E+01    0.150608897615097E+00
    0.194782000000000E+04    0.364592851564521E+01    0.150611218522550E+00
    0.195408000000000E+04    0.551083745193955E+01    0.150532725745458E+00
    0.195410000000000E+04    0.553685871559264E+01    0.150527280053232E+00
    0.196036000000000E+04    0.110871386506051E+01    0.150203529472067E+00
    0.196038000000000E+04    0.113472211255521E+01    0.150208547012507E+00
    0.196664000000000E+04    0.299808093338697E+01    0.150773651646801E+00
    0.196666000000000E+04    0.302411182913283E+01    0.150772785936091E+00
    0.197294000000000E+04    0.491093418700393E+01    0.149982627101786E+00
    0.197296000000000E+04    0.493693344756139E+01    0.149979340038424E+00
    0.197922000000000E+04    0.510521731729114E+00    0.150844078386613E+00
    0.197924000000000E+04    0.536555576702085E+00    0.150848273410193E+00
    0.198550000000000E+04    0.240131671987183E+01    0.150356142769158E+00
    0.198552000000000E+04    0.242733089616740E+01    0.150353550934415E+00
    0.199178000000000E+04    0.428378002101454E+01    0.150054719127671E+00
    0.199180000000000E+04    0.430978220661882E+01    0.150056034715004E+00
    0.199806000000000E+04    0.617230236300475E+01    0.151063540531353E+00
    0.199808000000000E+04    0.619834493717508E+01    0.151062299822009E+00
    0.200434000000000E+04    0.177532018427064E+01    0.149943694374261E+00
    0.200436000000000E+04    0.180131790320411E+01    0.149944123334621E+00
    0.201062000000000E+04    0.365905797246796E+01    0.150566659963440E+00
    0.201064000000000E+04    0.368508070033386E+01    0.150569121964112E+00
    0.201692000000000E+04    0.557610927500764E+01    0.150590472406049E+00
    0.201694000000000E+04    0.560213280072867E+01    0.150585127238008E+00
    0.202320000000000E+04    0.117418042479994E+01    0.150156117077718E+00
    0.202322000000000E+04    0.120018675710389E+01    0.150160911365892E+00
    0.202948000000000E+04    0.306313487004718E+01    0.150785305343561E+00
    0.202950000000000E+04    0.308916626181872E+01    0.150784760158801E+00
    0.203576000000000E+04    0.495048324470281E+01    0.150013770347019E+00
    0.203578000000000E+04    0.497648374160144E+01    0.150010082812286E+00
    0.204204000000000E+04    0.549618771777659E+00    0.150790057110610E+00
    0.204206000000000E+04    0.575650482971469E+00    0.150794601740861E+00
    0.204832000000000E+04    0.244056966843664E+01    0.150406608452646E+00
    0.204834000000000E+04    0.246658585213754E+01    0.150403966751262E+00
    0.205462000000000E+04    0.434924070128864E+01    0.150021269487476E+00
    0.205464000000000E+04    0.437524158569249E+01    0.150022262713506E+00
    0.206090000000000E+04    0.623729232100550E+01    0.151074221657631E+00
    0.206092000000000E+04    0.626333527884526E+01    0.151073493459794E+00
    0.206718000000000E+04    0.184082657377303E+01    0.149959924629159E+00
    0.206720000000000E+04    0.186682495925788E+01    0.149959952624920E+00
    0.207346000000000E+04    0.372420892748869E+01    0.150522500789189E+00
    0.207348000000000E+04    0.375022987373814E+01    0.150525067986118E+00
    0.207974000000000E+04    0.561528702375608E+01    0.150652973822864E+00
    0.207976000000000E+04    0.564131312431573E+01    0.150647797814249E+00
    0.208602000000000E+04    0.121359791107579E+01    0.150108155135538E+00
    0.208604000000000E+04    0.123960212360271E+01    0.150112663054291E+00
    0.209232000000000E+04    0.312809208105455E+01    0.150789733392454E+00
    0.209234000000000E+04    0.315412365767406E+01    0.150789507702359E+00
    0.209860000000000E+04    0.501587893449732E+01    0.150044233082085E+00
    0.209862000000000E+04    0.504188061430932E+01    0.150040190929094E+00
    0.210488000000000E+04    0.614645342229323E+00    0.150736690662519E+00
    0.210490000000000E+04    0.640674916655826E+00    0.150741498496973E+00
    0.211116000000000E+04    0.250565728515357E+01    0.150452118900069E+00
    0.211118000000000E+04    0.253167526944799E+01    0.150449489569511E+00
    0.211744000000000E+04    0.438856833807176E+01    0.149990354357993E+00
    0.211746000000000E+04    0.441456807264012E+01    0.149990970294903E+00
    0.212372000000000E+04    0.627607561365994E+01    0.151078261167844E+00
    0.212374000000000E+04    0.189332598306464E-01    0.151078107620417E+00
    0.213000000000000E+04    0.188015590204441E+01    0.149980716694389E+00
    0.213002000000000E+04    0.190615509153668E+01    0.149980320890774E+00
    0.213630000000000E+04    0.378920650444024E+01    0.150475457694417E+00
    0.213632000000000E+04    0.381522557844619E+01    0.150478102097793E+00
    0.214258000000000E+04    0.568026361652073E+01    0.150707654250823E+00
    0.214260000000000E+04    0.570629187866734E+01    0.150702665096823E+00
    0.214886000000000E+04    0.127885431046570E+01    0.150067094589530E+00
    0.214888000000000E+04    0.130485689986699E+01    0.150071303037627E+00
    0.215514000000000E+04    0.316688654898826E+01    0.150792426165795E+00
    0.215516000000000E+04    0.319291825295295E+01    0.150792527252693E+00
    0.216142000000000E+04    0.505517318453531E+01    0.150086662108123E+00
    0.216144000000000E+04    0.508117657416096E+01    0.150082284794560E+00
    0.216770000000000E+04    0.653619734558561E+00    0.150678403306391E+00
    0.216772000000000E+04    0.679646973622312E+00    0.150683458289927E+00
    0.217400000000000E+04    0.257070444340161E+01    0.150499550375465E+00
    0.217402000000000E+04    0.259672437356721E+01    0.150496975045667E+00
    0.218028000000000E+04    0.445391596057198E+01    0.149967443334733E+00
    0.218030000000000E+04    0.447991462429036E+01    0.149967671554506E+00
    0.218656000000000E+04    0.577074894890757E-01    0.151076585741334E+00
    0.218658000000000E+04    0.837505910481013E-01    0.151076946963816E+00
    0.219284000000000E+04    0.194547880402206E+01    0.150006980955845E+00
    0.219286000000000E+04    0.197147904271787E+01    0.150006218988384E+00
    0.219912000000000E+04    0.382824841061802E+01    0.150426838017876E+00
    0.219914000000000E+04    0.385426555925778E+01    0.150429514374616E+00
    0.220540000000000E+04    0.571923450632585E+01    0.150765216126400E+00
    0.220542000000000E+04    0.574526503499328E+01    0.150760495401909E+00
    0.221170000000000E+04    0.134420544113254E+01    0.150032050279466E+00
    0.221172000000000E+04    0.137020678858835E+01    0.150035941038734E+00
    0.221798000000000E+04    0.323177533265289E+01    0.150788099138104E+00
    0.221800000000000E+04    0.325780685474820E+01    0.150788522861142E+00
    0.222426000000000E+04    0.512051022610513E+01    0.150128600281611E+00
    0.222428000000000E+04    0.514651529806042E+01    0.150123935131163E+00
    0.223054000000000E+04    0.718673647718788E+00    0.150621414354129E+00
    0.223056000000000E+04    0.744698612205411E+00    0.150626637973446E+00
    0.223682000000000E+04    0.260971507047179E+01    0.150546255320342E+00
    0.223684000000000E+04    0.263573683998129E+01    0.150543767488996E+00
    0.224310000000000E+04    0.449326876486703E+01    0.149947969445309E+00
    0.224312000000000E+04    0.451926668819397E+01    0.149947765702873E+00
    0.224940000000000E+04    0.122548710514820E+00    0.151068919780831E+00
    0.224942000000000E+04    0.148591485804900E+00    0.151069798027925E+00
    0.225568000000000E+04    0.201079833801987E+01    0.150037682637129E+00
    0.225570000000000E+04    0.203679981115511E+01    0.150036586111329E+00
    0.226196000000000E+04    0.389333911719950E+01    0.150378300209829E+00
    0.226198000000000E+04    0.391935429609521E+01    0.150380959485097E+00
    0.226824000000000E+04    0.578420790051132E+01    0.150815547232733E+00
    0.226826000000000E+04    0.581024050096994E+01    0.150811110487996E+00
    0.227452000000000E+04    0.138355291798098E+01    0.149997842109938E+00
    0.227454000000000E+04    0.140955282989034E+01    0.150001347235848E+00
    0.228080000000000E+04    0.327061253816555E+01    0.150778142440903E+00
    0.228082000000000E+04    0.329664367852456E+01    0.150778875992831E+00
    0.228708000000000E+04    0.515977451377967E+01    0.150178778879414E+00
    0.228710000000000E+04    0.518578159098388E+01    0.150173862608704E+00
    0.229338000000000E+04    0.783747170142306E+00    0.150564508820864E+00
    0.229340000000000E+04    0.809769839271667E+00    0.150569847237883E+00
    0.229966000000000E+04    0.267470597955617E+01    0.150588115514447E+00
    0.229968000000000E+04    0.270072944041794E+01    0.150585753574426E+00
    0.230594000000000E+04    0.455863599374243E+01    0.149934495293714E+00
    0.230596000000000E+04    0.458463332598876E+01    0.149933876639018E+00
    0.231222000000000E+04    0.161337265372822E+00    0.151053891070462E+00
    0.231224000000000E+04    0.187379549713569E+00    0.151055326719320E+00
    0.231850000000000E+04    0.205009931804216E+01    0.150073859974024E+00
    0.231852000000000E+04    0.207610223993015E+01    0.150072416743681E+00
