    0.000000000000000E+00    0.190000000000000E+01    0.270000000000000E+00
    0.200000000000000E-01    0.193079998759722E+01    0.269999445533815E+00
    0.630000000000000E+01    0.531560628488060E+01    0.269204061303092E+00
    0.632000000000000E+01    0.534637443722901E+01    0.269198708823759E+00
    0.125800000000000E+02    0.239995322889010E+01    0.267707512716387E+00
    0.126000000000000E+02    0.243066141434257E+01    0.267704913578166E+00
    0.188600000000000E+02    0.575452231550907E+01    0.266842169688897E+00
    0.188800000000000E+02    0.578519595792597E+01    0.266837571618804E+00
    0.251400000000000E+02    0.281023299888115E+01    0.265494949978668E+00
    0.251600000000000E+02    0.284085272649126E+01    0.265493114204900E+00
    0.314200000000000E+02    0.614047816846987E+01    0.265317171209640E+00
    0.314400000000000E+02    0.617109083868593E+01    0.265315692640105E+00
    0.377000000000000E+02    0.318241482587158E+01    0.264759748807879E+00
    0.377200000000000E+02    0.321300520972522E+01    0.264760010212471E+00
    0.440000000000000E+02    0.256071568104232E+00    0.265511623042874E+00
    0.440200000000000E+02    0.286692102262819E+00    0.265513824039084E+00
    0.502800000000000E+02    0.359002721069263E+01    0.265868262587753E+00
    0.503000000000000E+02    0.362066196432809E+01    0.265870472259963E+00
    0.565600000000000E+02    0.651062391925635E+00    0.267324236439054E+00
    0.565800000000000E+02    0.681755566138122E+00    0.267329220394923E+00
    0.628400000000000E+02    0.401230385020112E+01    0.268249980395889E+00
    0.628600000000000E+02    0.404303390471230E+01    0.268252433990719E+00
    0.691200000000000E+02    0.110287906671371E+01    0.269647616788123E+00
    0.691400000000000E+02    0.113366500979281E+01    0.269652633741269E+00
    0.754000000000000E+02    0.449250047985439E+01    0.270298055212299E+00
    0.754200000000000E+02    0.452331243869351E+01    0.270297828003771E+00
    0.817000000000000E+02    0.163276792301619E+01    0.270576431512930E+00
    0.817200000000000E+02    0.166359099240788E+01    0.270578155188971E+00
    0.879800000000000E+02    0.502807882519446E+01    0.270242820684193E+00
    0.880000000000000E+02    0.505888847153636E+01    0.270238682779567E+00
    0.942600000000000E+02    0.212812581806418E+01    0.269151067953850E+00
    0.942800000000000E+02    0.215889181273656E+01    0.269149271313467E+00
    0.100540000000000E+03    0.550093842541932E+01    0.268207399543129E+00
    0.100560000000000E+03    0.553166663418685E+01    0.268201952017665E+00
    0.106820000000000E+03    0.257240845395026E+01    0.266656208878171E+00
    0.106840000000000E+03    0.260307455596276E+01    0.266653656577121E+00
    0.113100000000000E+03    0.591483930134498E+01    0.266020429402684E+00
    0.113120000000000E+03    0.594548015526846E+01    0.266016980343365E+00
    0.119400000000000E+03    0.299281819098084E+01    0.264961587866869E+00
    0.119420000000000E+03    0.302341662673265E+01    0.264960579046482E+00
    0.125680000000000E+03    0.353597451787380E-01    0.265174994714884E+00
    0.125700000000000E+03    0.659667513236002E-01    0.265175080660654E+00
    0.131960000000000E+03    0.336140697941983E+01    0.265017699094309E+00
    0.131980000000000E+03    0.339200726925111E+01    0.265018910032878E+00
    0.138240000000000E+03    0.409591656567983E+00    0.266117327992404E+00
    0.138260000000000E+03    0.440236078438289E+00    0.266120855763681E+00
    0.144520000000000E+03    0.375345524903653E+01    0.266786068587009E+00
    0.144540000000000E+03    0.378412674488322E+01    0.266788684987033E+00
    0.150800000000000E+03    0.826605111284408E+00    0.268342799094344E+00
    0.150820000000000E+03    0.857338946851257E+00    0.268348243252862E+00
    0.157080000000000E+03    0.420110287049553E+01    0.269274520954074E+00
    0.157100000000000E+03    0.423187396371131E+01    0.269276206040074E+00
    0.163380000000000E+03    0.133317830816421E+01    0.270315369623267E+00
    0.163400000000000E+03    0.136399094741537E+01    0.270319299342901E+00
    0.169660000000000E+03    0.472898803423925E+01    0.270581999553838E+00
    0.169680000000000E+03    0.475981128618059E+01    0.270580031897948E+00
    0.175940000000000E+03    0.183802612755142E+01    0.270227808966533E+00
    0.175960000000000E+03    0.186883521288144E+01    0.270227824850334E+00
    0.182220000000000E+03    0.522643924796296E+01    0.269532247187497E+00
    0.182240000000000E+03    0.525722044651764E+01    0.269527101744092E+00
    0.188500000000000E+03    0.231537124217465E+01    0.268105564426845E+00
    0.188520000000000E+03    0.234609540521814E+01    0.268103070310227E+00
    0.194780000000000E+03    0.567480185831698E+01    0.267191461883043E+00
    0.194800000000000E+03    0.570548948979075E+01    0.267186545300592E+00
    0.201080000000000E+03    0.276496094139952E+01    0.265759498314149E+00
    0.201100000000000E+03    0.279559120641818E+01    0.265757419881022E+00
    0.207360000000000E+03    0.609779223879656E+01    0.265446908736862E+00
    0.207380000000000E+03    0.612841013366534E+01    0.265444857262310E+00
    0.213640000000000E+03    0.314039310735274E+01    0.264748556812603E+00
    0.213660000000000E+03    0.317098301237007E+01    0.264748471591336E+00
    0.219920000000000E+03    0.182479884059035E+00    0.265356501892841E+00
    0.219940000000000E+03    0.213094175201832E+00    0.265358153671674E+00
    0.226200000000000E+03    0.351355187403374E+01    0.265581434579257E+00
    0.226220000000000E+03    0.354417517579833E+01    0.265583408227210E+00
    0.232480000000000E+03    0.570541147918448E+00    0.266961500621401E+00
    0.232500000000000E+03    0.601219703988988E+00    0.266966189648973E+00
    0.238780000000000E+03    0.395748213031072E+01    0.267845729837330E+00
    0.238800000000000E+03    0.398819601145289E+01    0.267848332963479E+00
    0.245060000000000E+03    0.104349366660733E+01    0.269326732322318E+00
    0.245080000000000E+03    0.107426688278508E+01    0.269331991095274E+00
    0.251340000000000E+03    0.442962947272753E+01    0.270082134365627E+00
    0.251360000000000E+03    0.446043275426115E+01    0.270082498697125E+00
    0.257620000000000E+03    0.153773414408261E+01    0.270585648256621E+00
    0.257640000000000E+03    0.156855741471884E+01    0.270588011947178E+00
    0.263900000000000E+03    0.493421641395588E+01    0.270413749401895E+00
    0.263920000000000E+03    0.496503294599489E+01    0.270410140040190E+00
    0.270180000000000E+03    0.203753947129422E+01    0.269494417947275E+00
    0.270200000000000E+03    0.206831920361407E+01    0.269493019278869E+00
    0.276480000000000E+03    0.544577749979612E+01    0.268581170953465E+00
    0.276500000000000E+03    0.547652067227159E+01    0.268575675094967E+00
    0.282760000000000E+03    0.252194361068649E+01    0.267029621558942E+00
    0.282780000000000E+03    0.255262471838796E+01    0.267027002916353E+00
    0.289040000000000E+03    0.586858655155930E+01    0.266295021885577E+00
    0.289060000000000E+03    0.589923830697239E+01    0.266291090205156E+00
    0.295320000000000E+03    0.291856867031976E+01    0.265118837374975E+00
    0.295340000000000E+03    0.294917333805120E+01    0.265117497083319E+00
    0.301600000000000E+03    0.624544659267798E+01    0.265184883552905E+00
    0.301620000000000E+03    0.627605403387423E+01    0.265184386240647E+00
    0.307880000000000E+03    0.328745794474509E+01    0.264877230674224E+00
    0.307900000000000E+03    0.331805298685487E+01    0.264878076538870E+00
    0.314160000000000E+03    0.333261331168217E+00    0.265854493366614E+00
    0.314180000000000E+03    0.363895586926105E+00    0.265857604459358E+00
    0.320460000000000E+03    0.370372455536659E+01    0.266421543973568E+00
    0.320480000000000E+03    0.373438149674280E+01    0.266424071996452E+00
    0.326740000000000E+03    0.772203837231700E+00    0.267961143362094E+00
    0.326760000000000E+03    0.802922377586924E+00    0.267966476071384E+00
    0.333020000000000E+03    0.414182849908173E+01    0.268908761200652E+00
    0.333040000000000E+03    0.417258491059590E+01    0.268910798225921E+00
    0.339300000000000E+03    0.123947752495917E+01    0.270104926165206E+00
    0.339320000000000E+03    0.127028180366085E+01    0.270109337247552E+00
    0.345580000000000E+03    0.463357805703095E+01    0.270528316214029E+00
    0.345600000000000E+03    0.466439914052307E+01    0.270527003037526E+00
    0.351860000000000E+03    0.174340205997805E+01    0.270406501136776E+00
    0.351880000000000E+03    0.177421830210835E+01    0.270407134609784E+00
    0.358160000000000E+03    0.516576383199185E+01    0.269830799965172E+00
    0.358180000000000E+03    0.519655709451126E+01    0.269825954678712E+00
    0.364440000000000E+03    0.225910517271882E+01    0.268505207711824E+00
    0.364460000000000E+03    0.228984526559952E+01    0.268502908690773E+00
    0.370720000000000E+03    0.562349483922389E+01    0.267557892339549E+00
    0.370740000000000E+03    0.565419712184507E+01    0.267552708125509E+00
    0.377000000000000E+03    0.268723392058314E+01    0.266067909758087E+00
    0.377020000000000E+03    0.271787658564494E+01    0.266065610404423E+00
    0.383280000000000E+03    0.602326609263116E+01    0.265626816672954E+00
    0.383300000000000E+03    0.605389114438663E+01    0.265624224555473E+00
    0.389560000000000E+03    0.306716492879195E+01    0.264788158255173E+00
    0.389580000000000E+03    0.309775644686590E+01    0.264787713291988E+00
    0.395860000000000E+03    0.139529449633983E+00    0.265251405145081E+00
    0.395880000000000E+03    0.170139564805254E+00    0.265252470393949E+00
    0.402140000000000E+03    0.346826860924364E+01    0.265335270446163E+00
    0.402160000000000E+03    0.349888203445403E+01    0.265336976022340E+00
    0.408420000000000E+03    0.521648403030099E+00    0.266624755995314E+00
    0.408440000000000E+03    0.552313580166924E+00    0.266629073483767E+00
    0.414700000000000E+03    0.387311508741527E+01    0.267442787354665E+00
    0.414720000000000E+03    0.390381284843465E+01    0.267445450407072E+00
    0.420980000000000E+03    0.954350672816759E+00    0.268973881081393E+00
    0.421000000000000E+03    0.985109690192530E+00    0.268979280990406E+00
    0.427260000000000E+03    0.433645884412988E+01    0.269816537123265E+00
    0.427280000000000E+03    0.436725156986461E+01    0.269817447811286E+00
    0.433540000000000E+03    0.144259002921581E+01    0.270534893689018E+00
    0.433560000000000E+03    0.147341146252097E+01    0.270537888912692E+00
    0.439840000000000E+03    0.487032862961394E+01    0.270527863548627E+00
    0.439860000000000E+03    0.490114970562718E+01    0.270524825727341E+00
    0.446120000000000E+03    0.197633818788245E+01    0.269805230460605E+00
    0.446140000000000E+03    0.200713037705032E+01    0.269804310915019E+00
    0.452400000000000E+03    0.535825591268167E+01    0.268954761757595E+00
    0.452420000000000E+03    0.538901402261547E+01    0.268949326815164E+00
    0.458680000000000E+03    0.243924760483389E+01    0.267424348920402E+00
    0.458700000000000E+03    0.246994443096276E+01    0.267421718223842E+00
    0.464960000000000E+03    0.579048209665802E+01    0.266608155909477E+00
    0.464980000000000E+03    0.582114641055546E+01    0.266603827071599E+00
    0.471240000000000E+03    0.284370683785426E+01    0.265325919067344E+00
    0.471260000000000E+03    0.287431978689801E+01    0.265324269121687E+00
    0.477540000000000E+03    0.620296530745350E+01    0.265244994160233E+00
    0.477560000000000E+03    0.623357511977474E+01    0.265243901837215E+00
    0.483820000000000E+03    0.324470057326948E+01    0.264790974031830E+00
    0.483840000000000E+03    0.327529222118869E+01    0.264791483594248E+00
    0.490100000000000E+03    0.288689399243481E+00    0.265637389614678E+00
    0.490120000000000E+03    0.319314946586928E+00    0.265639963984348E+00
    0.496380000000000E+03    0.362487247673050E+01    0.266082338526095E+00
    0.496400000000000E+03    0.365551580894817E+01    0.266084684802168E+00
    0.502660000000000E+03    0.688839663818385E+00    0.267579513572840E+00
    0.502680000000000E+03    0.719542956568603E+00    0.267584675415327E+00
    0.508940000000000E+03    0.405348718503035E+01    0.268522834155004E+00
    0.508960000000000E+03    0.408422807486625E+01    0.268525140620331E+00
    0.515240000000000E+03    0.117782573219029E+01    0.269851424309827E+00
    0.515260000000000E+03    0.120861988003367E+01    0.269856222923237E+00
    0.521520000000000E+03    0.456955204873827E+01    0.270411356440571E+00
    0.521540000000000E+03    0.460036871510545E+01    0.270410698641423E+00
    0.527800000000000E+03    0.167944586700310E+01    0.270528656942054E+00
    0.527820000000000E+03    0.171026700700588E+01    0.270529931672395E+00
    0.534080000000000E+03    0.507345969185997E+01    0.270092018850268E+00
    0.534100000000000E+03    0.510426329010772E+01    0.270087568541556E+00
    0.540360000000000E+03    0.217092252191696E+01    0.268893765728681E+00
    0.540380000000000E+03    0.220167821178848E+01    0.268891737350319E+00
    0.546640000000000E+03    0.554032868952311E+01    0.267941518217093E+00
    0.546660000000000E+03    0.557104627610943E+01    0.267936163726041E+00
    0.552940000000000E+03    0.263922584256557E+01    0.266403649189862E+00
    0.552960000000000E+03    0.266988187101344E+01    0.266401205522090E+00
    0.559220000000000E+03    0.597887401430989E+01    0.265844106549528E+00
    0.559240000000000E+03    0.600950777445075E+01    0.265840991435462E+00
    0.565500000000000E+03    0.302458393992436E+01    0.264874480214728E+00
    0.565520000000000E+03    0.305517871802749E+01    0.264873703800161E+00
    0.571780000000000E+03    0.665395478076789E-01    0.265187048359663E+00
    0.571800000000000E+03    0.971470409427866E-01    0.265187544105401E+00
    0.578060000000000E+03    0.339347816461202E+01    0.265128301028397E+00
    0.578080000000000E+03    0.342408331662944E+01    0.265129698820731E+00
    0.584340000000000E+03    0.443634873145470E+00    0.266310662370696E+00
    0.584360000000000E+03    0.474287461317545E+00    0.266314568775061E+00
    0.590620000000000E+03    0.379050170356879E+01    0.267048074426935E+00
    0.590640000000000E+03    0.382118367983219E+01    0.267050723790358E+00
    0.596920000000000E+03    0.897656957337972E+00    0.268608212947001E+00
    0.596940000000000E+03    0.928401329723442E+00    0.268613656009157E+00
    0.603200000000000E+03    0.427536775407498E+01    0.269508710783728E+00
    0.603220000000000E+03    0.430614813322688E+01    0.269510100967214E+00
    0.609480000000000E+03    0.137882598227725E+01    0.270423970276825E+00
    0.609500000000000E+03    0.140964293015350E+01    0.270427535741495E+00
    0.615760000000000E+03    0.477534034982750E+01    0.270581149087482E+00
    0.615780000000000E+03    0.480616357395525E+01    0.270578738918267E+00
    0.622040000000000E+03    0.188338326442806E+01    0.270071292296938E+00
    0.622060000000000E+03    0.191418609276946E+01    0.270070907684252E+00
    0.628320000000000E+03    0.526930966079726E+01    0.269306572495699E+00
    0.628340000000000E+03    0.530008183011137E+01    0.269301278779469E+00
    0.634620000000000E+03    0.238577566540994E+01    0.267824295797095E+00
    0.634640000000000E+03    0.241648857456153E+01    0.267821725426391E+00
    0.640900000000000E+03    0.574177230428097E+01    0.266941936154046E+00
    0.640920000000000E+03    0.577244996159493E+01    0.266937227252360E+00
    0.647180000000000E+03    0.279853521216762E+01    0.265568001286263E+00
    0.647200000000000E+03    0.282915782611258E+01    0.265566085514686E+00
    0.653460000000000E+03    0.612946151407948E+01    0.265348435707277E+00
    0.653480000000000E+03    0.616007548112248E+01    0.265346775001976E+00
    0.659740000000000E+03    0.317150172984498E+01    0.264747841383550E+00
    0.659760000000000E+03    0.320209161191531E+01    0.264747991794766E+00
    0.666020000000000E+03    0.214132010957883E+00    0.265453539940232E+00
    0.666040000000000E+03    0.244750186556757E+00    0.265455577279255E+00
    0.672320000000000E+03    0.357771925595625E+01    0.265773030384245E+00
    0.672340000000000E+03    0.360835022539300E+01    0.265775184071586E+00
    0.678600000000000E+03    0.637446513432906E+00    0.267208504853325E+00
    0.678620000000000E+03    0.668134950772810E+00    0.267213399450946E+00
    0.684880000000000E+03    0.399707022258622E+01    0.268120920180524E+00
    0.684900000000000E+03    0.402779511190670E+01    0.268123429963430E+00
    0.691160000000000E+03    0.108621501798689E+01    0.269548480370777E+00
    0.691180000000000E+03    0.111699709691311E+01    0.269553588474762E+00
    0.697440000000000E+03    0.447478257711214E+01    0.270233774557794E+00
    0.697460000000000E+03    0.450559191927528E+01    0.270233735240032E+00
    0.703720000000000E+03    0.158382739504646E+01    0.270581573400899E+00
    0.703740000000000E+03    0.161465051065352E+01    0.270583499890681E+00
    0.710000000000000E+03    0.497955315406170E+01    0.270301683672533E+00
    0.710020000000000E+03    0.501036518928117E+01    0.270297713890441E+00
    0.716300000000000E+03    0.211144353229656E+01    0.269258233644521E+00
    0.716320000000000E+03    0.214221379116339E+01    0.269256555144964E+00
    0.722580000000000E+03    0.548567978386245E+01    0.268321014644133E+00
    0.722600000000000E+03    0.551641254435935E+01    0.268315542553642E+00
    0.728860000000000E+03    0.255856969421188E+01    0.266767769167932E+00
    0.728880000000000E+03    0.258924033257676E+01    0.266765188574328E+00
    0.735140000000000E+03    0.590223652622444E+01    0.266099275652768E+00
    0.735160000000000E+03    0.593288044789119E+01    0.266095663528842E+00
    0.741420000000000E+03    0.295030014754730E+01    0.265001827150978E+00
    0.741440000000000E+03    0.298090014005379E+01    0.265000698955847E+00
    0.747700000000000E+03    0.627626268768222E+01    0.265168104795368E+00
    0.747720000000000E+03    0.236839736621732E-01    0.265168013894062E+00
    0.754000000000000E+03    0.334935900863638E+01    0.264962024185024E+00
    0.754020000000000E+03    0.337995742718363E+01    0.264963115306297E+00
    0.760280000000000E+03    0.396735985191526E+00    0.266026636597875E+00
    0.760300000000000E+03    0.427377133970595E+00    0.266030075855650E+00
    0.766560000000000E+03    0.373925289436238E+01    0.266664670042558E+00
    0.766580000000000E+03    0.376991957788005E+01    0.266667275135197E+00
    0.772840000000000E+03    0.810875264871129E+00    0.268219401373009E+00
    0.772860000000000E+03    0.841604143825180E+00    0.268224817604847E+00
    0.779120000000000E+03    0.418380419106666E+01    0.269158343761882E+00
    0.779140000000000E+03    0.421457059237514E+01    0.269160145531638E+00
    0.785400000000000E+03    0.128394964986296E+01    0.270249713646608E+00
    0.785420000000000E+03    0.131475970336101E+01    0.270253814100460E+00
    0.791700000000000E+03    0.471009752508098E+01    0.270569557529902E+00
    0.791720000000000E+03    0.474092025515984E+01    0.270567794752458E+00
    0.797980000000000E+03    0.181944224881386E+01    0.270289685989591E+00
    0.798000000000000E+03    0.185025381190712E+01    0.270289893399984E+00
    0.804260000000000E+03    0.520891816399785E+01    0.269630632520036E+00
    0.804280000000000E+03    0.523970340286701E+01    0.269625573892926E+00
    0.810540000000000E+03    0.229925539056649E+01    0.268234025224274E+00
    0.810560000000000E+03    0.232998453163532E+01    0.268231586020093E+00
    0.816820000000000E+03    0.566019687451080E+01    0.267303320366795E+00
    0.816840000000000E+03    0.569088894025595E+01    0.267298308873814E+00
    0.823100000000000E+03    0.272099430890285E+01    0.265852692767111E+00
    0.823120000000000E+03    0.275162836384675E+01    0.265850537820817E+00
    0.829400000000000E+03    0.608539840564981E+01    0.265495770829541E+00
    0.829420000000000E+03    0.611601820014266E+01    0.265493541245060E+00
    0.835680000000000E+03    0.312828320507970E+01    0.264751362601800E+00
    0.835700000000000E+03    0.315887322108097E+01    0.264751174139653E+00
    0.841960000000000E+03    0.170163340117369E+00    0.265314165463767E+00
    0.841980000000000E+03    0.200775965932962E+00    0.265315630605914E+00
    0.848240000000000E+03    0.350037373816463E+01    0.265493669197901E+00
    0.848260000000000E+03    0.353099343619010E+01    0.265495555704088E+00
    0.854520000000000E+03    0.556073838063867E+00    0.266845191171721E+00
    0.854540000000000E+03    0.586747765719110E+00    0.266849764977401E+00
    0.860800000000000E+03    0.391068823064597E+01    0.267708945740106E+00
    0.860820000000000E+03    0.394139666212936E+01    0.267711574426025E+00
    0.867080000000000E+03    0.995072677868620E+00    0.269207526338442E+00
    0.867100000000000E+03    0.102584103874005E+01    0.269212845964450E+00
    0.873380000000000E+03    0.441066615694172E+01    0.269997128089100E+00
    0.873400000000000E+03    0.444146607305788E+01    0.269997678467699E+00
    0.879660000000000E+03    0.151819599006990E+01    0.270574414814896E+00
    0.879680000000000E+03    0.154901899847209E+01    0.270576991598274E+00
    0.885940000000000E+03    0.491487981733394E+01    0.270455188346166E+00
    0.885960000000000E+03    0.494569795659368E+01    0.270451756225490E+00
    0.892220000000000E+03    0.201910732924603E+01    0.269598118497612E+00
    0.892240000000000E+03    0.204989120669757E+01    0.269596868309135E+00
    0.898500000000000E+03    0.539807076535976E+01    0.268706854065067E+00
    0.898520000000000E+03    0.542881899478061E+01    0.268701371482686E+00
    0.904780000000000E+03    0.247581849452445E+01    0.267156927065084E+00
    0.904800000000000E+03    0.250650461893360E+01    0.267154283522782E+00
    0.911080000000000E+03    0.585455381419933E+01    0.266389691468828E+00
    0.911100000000000E+03    0.588520936963664E+01    0.266385624494341E+00
    0.917360000000000E+03    0.290549865089724E+01    0.265178716814471E+00
    0.917380000000000E+03    0.293610572646367E+01    0.265177281883272E+00
    0.923640000000000E+03    0.623284478031769E+01    0.265195237453060E+00
    0.923660000000000E+03    0.626345258739070E+01    0.265194542371143E+00
    0.929920000000000E+03    0.327462752907263E+01    0.264838398085953E+00
    0.929940000000000E+03    0.330522108079549E+01    0.264839141330427E+00
    0.936200000000000E+03    0.319717629275146E+00    0.265773472252542E+00
    0.936220000000000E+03    0.350348640850143E+00    0.265776403502588E+00
    0.942480000000000E+03    0.365819716155738E+01    0.266297958489482E+00
    0.942500000000000E+03    0.368884911977898E+01    0.266300410381187E+00
    0.948780000000000E+03    0.755747766071863E+00    0.267829495076127E+00
    0.948800000000000E+03    0.786461097584152E+00    0.267834776848327E+00
    0.955060000000000E+03    0.412367574200766E+01    0.268777562024299E+00
    0.955080000000000E+03    0.415442680906972E+01    0.268779705809316E+00
    0.961340000000000E+03    0.121991157396815E+01    0.270020305535842E+00
    0.961360000000000E+03    0.125071223933014E+01    0.270024840817657E+00
    0.967620000000000E+03    0.461319657662921E+01    0.270491030705870E+00
    0.967640000000000E+03    0.464401620875469E+01    0.270489942558760E+00
    0.973900000000000E+03    0.172307088618163E+01    0.270449596212059E+00
    0.973920000000000E+03    0.175388887392592E+01    0.270450446136933E+00
    0.980180000000000E+03    0.511548501285779E+01    0.269922733483302E+00
    0.980200000000000E+03    0.514628191553652E+01    0.269918023825042E+00
    0.986480000000000E+03    0.224100265999300E+01    0.268634638828385E+00
    0.986500000000000E+03    0.227174794422717E+01    0.268632426932053E+00
    0.992760000000000E+03    0.560703611336930E+01    0.267681602001906E+00
    0.992780000000000E+03    0.563774327795591E+01    0.267676348657268E+00
    0.999040000000000E+03    0.267219194849213E+01    0.266174236698485E+00
    0.999060000000000E+03    0.270283879308909E+01    0.266171884003002E+00
    0.100532000000000E+04    0.600931889654726E+01    0.265689404176000E+00
    0.100534000000000E+04    0.603994643757051E+01    0.265686627743372E+00
    0.101160000000000E+04    0.305368166491917E+01    0.264804246821250E+00
    0.101162000000000E+04    0.308427382272521E+01    0.264803684180670E+00
    0.101788000000000E+04    0.953516120459881E-01    0.265215028829236E+00
    0.101790000000000E+04    0.125960244743737E+00    0.265215900040451E+00
    0.102416000000000E+04    0.342329579974898E+01    0.265249017034898E+00
    0.102418000000000E+04    0.345390576998284E+01    0.265250605062866E+00
    0.103046000000000E+04    0.506029464615267E+00    0.266505690149272E+00
    0.103048000000000E+04    0.536689802494948E+00    0.266509865824878E+00
    0.103674000000000E+04    0.385575039043215E+01    0.267296016456967E+00
    0.103676000000000E+04    0.388644214662600E+01    0.267298695116641E+00
    0.104302000000000E+04    0.935187626713287E+00    0.268839062035377E+00
    0.104304000000000E+04    0.965941198780683E+00    0.268844484343997E+00
    0.104930000000000E+04    0.431568870848855E+01    0.269705476820389E+00
    0.104932000000000E+04    0.434647694816522E+01    0.269706563921572E+00
    0.105558000000000E+04    0.142086669488867E+01    0.270495928899471E+00
    0.105560000000000E+04    0.145168659681440E+01    0.270499136480497E+00
    0.106186000000000E+04    0.481766403994197E+01    0.270550715241380E+00
    0.106188000000000E+04    0.484848601275598E+01    0.270547901877943E+00
    0.106816000000000E+04    0.195522255345986E+01    0.269900253741911E+00
    0.106818000000000E+04    0.198601854237199E+01    0.269899518553793E+00
    0.107444000000000E+04    0.533855791152700E+01    0.269076316421423E+00
    0.107446000000000E+04    0.536932089007018E+01    0.269070910342007E+00
    0.108072000000000E+04    0.242117542146184E+01    0.267561725558911E+00
    0.108074000000000E+04    0.245187772631448E+01    0.267559105545175E+00
    0.108700000000000E+04    0.577402838700027E+01    0.266717286473548E+00
    0.108702000000000E+04    0.580469723067654E+01    0.266712800836060E+00
    0.109328000000000E+04    0.282844133021490E+01    0.265404886355243E+00
    0.109330000000000E+04    0.285905745805940E+01    0.265403132056648E+00
    0.109956000000000E+04    0.615782704621461E+01    0.265275048375654E+00
    0.109958000000000E+04    0.618843812632645E+01    0.265273755433274E+00
    0.110586000000000E+04    0.323015178525338E+01    0.264763666137414E+00
    0.110588000000000E+04    0.326074231831399E+01    0.264764053404531E+00
    0.111214000000000E+04    0.273516076548503E+00    0.265559923489103E+00
    0.111216000000000E+04    0.304138619534115E+00    0.265562302280475E+00
    0.111842000000000E+04    0.360841787830645E+01    0.265960052000950E+00
    0.111844000000000E+04    0.363905630858244E+01    0.265962327435018E+00
    0.112470000000000E+04    0.670712825612100E+00    0.267436068459280E+00
    0.112472000000000E+04    0.701410307564402E+00    0.267441124615983E+00
    0.113098000000000E+04    0.403342834010755E+01    0.268370242801301E+00
    0.113100000000000E+04    0.406416318824267E+01    0.268372634341020E+00
    0.113726000000000E+04    0.112530789129232E+01    0.269735343981325E+00
    0.113728000000000E+04    0.115609729818880E+01    0.269740261923301E+00
    0.114354000000000E+04    0.451582257913878E+01    0.270347097943816E+00
    0.114356000000000E+04    0.454663649965596E+01    0.270346672208512E+00
    0.114984000000000E+04    0.165624244841570E+01    0.270550612752073E+00
    0.114986000000000E+04    0.168706449241245E+01    0.270552129295261E+00
    0.115612000000000E+04    0.505091215595598E+01    0.270169020434699E+00
    0.115614000000000E+04    0.508171886801961E+01    0.270164734766417E+00
    0.116240000000000E+04    0.214971551957569E+01    0.269027746930382E+00
    0.116242000000000E+04    0.218047658091609E+01    0.269025842106864E+00
    0.116868000000000E+04    0.552089075236086E+01    0.268078293403310E+00
    0.116870000000000E+04    0.555161377871514E+01    0.268072885512488E+00
    0.117496000000000E+04    0.259078212377949E+01    0.266533050521434E+00
    0.117498000000000E+04    0.262144331665536E+01    0.266530535642895E+00
    0.118124000000000E+04    0.593183419098432E+01    0.265931357193118E+00
    0.118126000000000E+04    0.596247144160839E+01    0.265928063089420E+00
    0.118754000000000E+04    0.300893108687615E+01    0.264910061002457E+00
    0.118756000000000E+04    0.303952741129729E+01    0.264909155987187E+00
    0.119382000000000E+04    0.510653390624611E-01    0.265168257995751E+00
    0.119384000000000E+04    0.816721123919706E-01    0.265168521610729E+00
    0.120010000000000E+04    0.337738387233412E+01    0.265054175977932E+00
    0.120012000000000E+04    0.340798606681551E+01    0.265055459641297E+00
    0.120638000000000E+04    0.426359298540092E+00    0.266193244390427E+00
    0.120640000000000E+04    0.457007096585130E+00    0.266196971315605E+00
    0.121266000000000E+04    0.377144327288897E+01    0.266893511148030E+00
    0.121268000000000E+04    0.380211907383773E+01    0.266896150795203E+00
    0.121894000000000E+04    0.845956124052009E+00    0.268452197803692E+00
    0.121896000000000E+04    0.876694319283388E+00    0.268457656360754E+00
    0.122524000000000E+04    0.425256373455636E+01    0.269374248084932E+00
    0.122526000000000E+04    0.428333870391657E+01    0.269375804923774E+00
    0.123152000000000E+04    0.135477333785911E+01    0.270360835653174E+00
    0.123154000000000E+04    0.138558786439876E+01    0.270364612688207E+00
    0.123780000000000E+04    0.475091267359630E+01    0.270581416307493E+00
    0.123782000000000E+04    0.478173600873379E+01    0.270579255611619E+00
    0.124408000000000E+04    0.185950336448468E+01    0.270158557981394E+00
    0.124410000000000E+04    0.189030963651112E+01    0.270158394137881E+00
    0.125036000000000E+04    0.524680884975760E+01    0.269431271093228E+00
    0.125038000000000E+04    0.527758604154860E+01    0.269426060374490E+00
    0.125664000000000E+04    0.233433071594277E+01    0.267980482412066E+00
    0.125666000000000E+04    0.236504986233672E+01    0.267977949682321E+00
    0.126294000000000E+04    0.572289749295896E+01    0.267074293734919E+00
    0.126296000000000E+04    0.575358039578168E+01    0.267069455562704E+00
    0.126922000000000E+04    0.278112444557974E+01    0.265670192049428E+00
    0.126924000000000E+04    0.281175120771263E+01    0.265668182669048E+00
    0.127550000000000E+04    0.611306914401598E+01    0.265397653783327E+00
    0.127552000000000E+04    0.614368505901598E+01    0.265395762486401E+00
    0.128178000000000E+04    0.315531291381853E+01    0.264739412306497E+00
    0.128180000000000E+04    0.318590245309360E+01    0.264739425187946E+00
    0.128806000000000E+04    0.197535316927087E+00    0.265390066596980E+00
    0.128808000000000E+04    0.228151058282947E+00    0.265391883648056E+00
    0.129434000000000E+04    0.352934075752728E+01    0.265655081552695E+00
    0.129436000000000E+04    0.355996697529577E+01    0.265657119261512E+00
    0.130062000000000E+04    0.587373723880091E+00    0.267057534242225E+00
    0.130064000000000E+04    0.618056088936328E+00    0.267062308825225E+00
    0.130692000000000E+04    0.397567581934823E+01    0.267957531589662E+00
    0.130694000000000E+04    0.400639419667004E+01    0.267960105464829E+00
    0.131320000000000E+04    0.106297085804249E+01    0.269417838941834E+00
    0.131322000000000E+04    0.109374766354449E+01    0.269423037214079E+00
    0.131948000000000E+04    0.445009226004527E+01    0.270144156663184E+00
    0.131950000000000E+04    0.448089804190568E+01    0.270144353359811E+00
    0.132576000000000E+04    0.155861604406050E+01    0.270584262872703E+00
    0.132578000000000E+04    0.158943947699345E+01    0.270586453329401E+00
    0.133204000000000E+04    0.495480006869502E+01    0.270366993597168E+00
    0.133206000000000E+04    0.498561470734148E+01    0.270363229606610E+00
    0.133832000000000E+04    0.205716347218004E+01    0.269394158706255E+00
    0.133834000000000E+04    0.208793907514473E+01    0.269392639174542E+00
    0.134462000000000E+04    0.546404060189798E+01    0.268468283450055E+00
    0.134464000000000E+04    0.549477937857228E+01    0.268462797306693E+00
    0.135090000000000E+04    0.253882777659965E+01    0.266917083241683E+00
    0.135092000000000E+04    0.256950437876867E+01    0.266914483301923E+00
    0.135718000000000E+04    0.588417498213357E+01    0.266208493571615E+00
    0.135720000000000E+04    0.591482324627214E+01    0.266204703903607E+00
    0.136346000000000E+04    0.293329763216934E+01    0.265065041020863E+00
    0.136348000000000E+04    0.296390020534545E+01    0.265063785590900E+00
    0.136974000000000E+04    0.625972235476138E+01    0.265172010485314E+00
    0.136976000000000E+04    0.714377819804213E-02    0.265171670636981E+00
    0.137602000000000E+04    0.330183292198535E+01    0.264904617613545E+00
    0.137604000000000E+04    0.333242909556611E+01    0.264905552737373E+00
    0.138232000000000E+04    0.378840886775379E+00    0.265921905373076E+00
    0.138234000000000E+04    0.409477897625493E+00    0.265925142196241E+00
    0.138860000000000E+04    0.371972236042257E+01    0.266516888376264E+00
    0.138862000000000E+04    0.375038304622876E+01    0.266519441088875E+00
    0.139488000000000E+04    0.789422828025636E+00    0.268063172738316E+00
    0.139490000000000E+04    0.820145448945823E+00    0.268068543322352E+00
    0.140116000000000E+04    0.416036906442923E+01    0.269008863133764E+00
    0.140118000000000E+04    0.419112951129046E+01    0.269010813525081E+00
    0.140744000000000E+04    0.125902490722183E+01    0.270163463864405E+00
    0.140746000000000E+04    0.128983151609782E+01    0.270167750873526E+00
    0.141372000000000E+04    0.465362518236725E+01    0.270546178191616E+00
    0.141374000000000E+04    0.468444703055275E+01    0.270544688171922E+00
    0.142000000000000E+04    0.176328220928872E+01    0.270360049231209E+00
    0.142002000000000E+04    0.179409661366162E+01    0.270360513877845E+00
    0.142630000000000E+04    0.518479019381175E+01    0.269748478931417E+00
    0.142632000000000E+04    0.521558005033785E+01    0.269743543087639E+00
    0.143258000000000E+04    0.227689235602156E+01    0.268392215480731E+00
    0.143260000000000E+04    0.230762794992324E+01    0.268389865719399E+00
    0.143886000000000E+04    0.563988843819561E+01    0.267452895584719E+00
    0.143888000000000E+04    0.567058654452967E+01    0.267447782716911E+00
    0.144514000000000E+04    0.270237612101437E+01    0.265978528677072E+00
    0.144516000000000E+04    0.273301496215799E+01    0.265976294720219E+00
    0.145142000000000E+04    0.603738233310105E+01    0.265566211647829E+00
    0.145144000000000E+04    0.606800494155004E+01    0.265563771328177E+00
    0.145770000000000E+04    0.308076733713733E+01    0.264763848448184E+00
    0.145772000000000E+04    0.311135785291617E+01    0.264763499033798E+00
    0.146400000000000E+04    0.153054608827915E+00    0.265266908664375E+00
    0.146402000000000E+04    0.183665326241226E+00    0.265268134477303E+00
    0.147028000000000E+04    0.348226419081357E+01    0.265389361438814E+00
    0.147030000000000E+04    0.351287978005803E+01    0.265391140657505E+00
    0.147656000000000E+04    0.536472874467108E+00    0.266704960375890E+00
    0.147658000000000E+04    0.567141221654310E+00    0.266709382515490E+00
    0.148284000000000E+04    0.388909425231122E+01    0.267541512037464E+00
    0.148286000000000E+04    0.391979591865311E+01    0.267544166444964E+00
    0.148912000000000E+04    0.971490402773270E+00    0.269061242998261E+00
    0.148914000000000E+04    0.100225288367847E+01    0.269066612169213E+00
    0.149540000000000E+04    0.435461306244224E+01    0.269883977468561E+00
    0.149542000000000E+04    0.438540850023310E+01    0.269884751565282E+00
    0.150170000000000E+04    0.149208809769652E+01    0.270551079668567E+00
    0.150172000000000E+04    0.152291019217819E+01    0.270553908891390E+00
    0.150798000000000E+04    0.488891152820952E+01    0.270498912854013E+00
    0.150800000000000E+04    0.491973145944758E+01    0.270495722659487E+00
    0.151426000000000E+04    0.199422355928436E+01    0.269723858184553E+00
    0.151428000000000E+04    0.202501247556165E+01    0.269722812410978E+00
    0.152054000000000E+04    0.537496575979912E+01    0.268855235053541E+00
    0.152056000000000E+04    0.540571988548390E+01    0.268849779521625E+00
    0.152682000000000E+04    0.245465235157872E+01    0.267316114483686E+00
    0.152684000000000E+04    0.248534488086625E+01    0.267313480634791E+00
    0.153310000000000E+04    0.580461098460864E+01    0.266519731605856E+00
    0.153312000000000E+04    0.583527176325151E+01    0.266515505528852E+00
    0.153940000000000E+04    0.288747842128578E+01    0.265262544260285E+00
    0.153942000000000E+04    0.291808862134485E+01    0.265261004919875E+00
    0.154568000000000E+04    0.621548210539231E+01    0.265215067766201E+00
    0.154570000000000E+04    0.624609063130401E+01    0.265214088373125E+00
    0.155196000000000E+04    0.325708154531185E+01    0.264796577929489E+00
    0.155198000000000E+04    0.328767339190927E+01    0.264797179013788E+00
    0.155824000000000E+04    0.301340937583518E+00    0.265677311504068E+00
    0.155826000000000E+04    0.331968097860226E+00    0.265680026655633E+00
    0.156452000000000E+04    0.363824684385418E+01    0.266152524936972E+00
    0.156454000000000E+04    0.366889297619491E+01    0.266154911875034E+00
    0.157080000000000E+04    0.703154245263249E+00    0.267661273803513E+00
    0.157082000000000E+04    0.733860879666736E+00    0.267666486469272E+00
    0.157708000000000E+04    0.406891495384298E+01    0.268609135267196E+00
    0.157710000000000E+04    0.409965936766730E+01    0.268611382094512E+00
    0.158338000000000E+04    0.119416963655067E+01    0.269908408041224E+00
    0.158340000000000E+04    0.122496599223132E+01    0.269913110102321E+00
    0.158966000000000E+04    0.458639949640883E+01    0.270437055380003E+00
    0.158968000000000E+04    0.461721701674742E+01    0.270436239387903E+00
    0.159594000000000E+04    0.169623530380295E+01    0.270496443915101E+00
    0.159596000000000E+04    0.172705516916312E+01    0.270497564622796E+00
    0.160222000000000E+04    0.508962269821677E+01    0.270026526378672E+00
    0.160224000000000E+04    0.512042370443851E+01    0.270021976492947E+00
    0.160850000000000E+04    0.218605885123452E+01    0.268796165711500E+00
    0.160852000000000E+04    0.221681064316908E+01    0.268794066095283E+00
    0.161478000000000E+04    0.555420510058320E+01    0.267843693943981E+00
    0.161480000000000E+04    0.558491874709762E+01    0.267838375285942E+00
    0.162108000000000E+04    0.265192444209470E+01    0.266313492791750E+00
    0.162110000000000E+04    0.268257685877461E+01    0.266311075620171E+00
    0.162736000000000E+04    0.599057508880924E+01    0.265780215362346E+00
    0.162738000000000E+04    0.602120629548745E+01    0.265777218374213E+00
    0.163364000000000E+04    0.303570518346078E+01    0.264839495345736E+00
    0.163366000000000E+04    0.306629867855645E+01    0.264838789966889E+00
    0.163992000000000E+04    0.774501682017217E-01    0.265187267398896E+00
    0.163994000000000E+04    0.108057711495348E+00    0.265187892200741E+00
    0.164620000000000E+04    0.340463107585538E+01    0.265161531830694E+00
    0.164622000000000E+04    0.343523758166020E+01    0.265163008522116E+00
    0.165248000000000E+04    0.455344179429630E+00    0.266368437331151E+00
    0.165250000000000E+04    0.485998994061447E+00    0.266372441094874E+00
    0.165878000000000E+04    0.383375796162682E+01    0.267127234223466E+00
    0.165880000000000E+04    0.386444312293315E+01    0.267129913251322E+00
    0.166506000000000E+04    0.911194317467562E+00    0.268682586038666E+00
    0.166508000000000E+04    0.941941722646789E+00    0.268688036832560E+00
    0.167134000000000E+04    0.428981379322704E+01    0.269572038332771E+00
    0.167136000000000E+04    0.432059667718204E+01    0.269573326907654E+00
    0.167762000000000E+04    0.139382206196115E+01    0.270446406531156E+00
    0.167764000000000E+04    0.142464001002145E+01    0.270449856048997E+00
    0.168390000000000E+04    0.479044537955497E+01    0.270570199846338E+00
    0.168392000000000E+04    0.482126822446935E+01    0.270567651757092E+00
    0.169018000000000E+04    0.189799772884589E+01    0.270014291552261E+00
    0.169020000000000E+04    0.192879804909580E+01    0.270013781096147E+00
    0.169648000000000E+04    0.531374002497296E+01    0.269219134421189E+00
    0.169650000000000E+04    0.534450869775537E+01    0.269213788112543E+00
    0.170276000000000E+04    0.239828859707313E+01    0.267727928877789E+00
    0.170278000000000E+04    0.242899746106650E+01    0.267725363362345E+00
    0.170904000000000E+04    0.575312341884592E+01    0.266859539625832E+00
    0.170906000000000E+04    0.578379774110590E+01    0.266854909255802E+00
    0.171532000000000E+04    0.280897742164188E+01    0.265503931365465E+00
    0.171534000000000E+04    0.283959746930668E+01    0.265502068881111E+00
    0.172160000000000E+04    0.613924521322178E+01    0.265311937076389E+00
    0.172162000000000E+04    0.616985774173236E+01    0.265310387584713E+00
    0.172788000000000E+04    0.318103246561259E+01    0.264741138278634E+00
    0.172790000000000E+04    0.321162212408171E+01    0.264741364355068E+00
    0.173416000000000E+04    0.223747789544632E+00    0.265475509174801E+00
    0.173418000000000E+04    0.254366859477614E+00    0.265477666751146E+00
    0.174046000000000E+04    0.358780551525933E+01    0.265821148193864E+00
    0.174048000000000E+04    0.361843842151575E+01    0.265823348911042E+00
    0.174674000000000E+04    0.648218155293762E+00    0.267270655745483E+00
    0.174676000000000E+04    0.678909079753339E+00    0.267275608235049E+00
    0.175302000000000E+04    0.400869863641219E+01    0.268190155345308E+00
    0.175304000000000E+04    0.403942627746937E+01    0.268192631758580E+00
    0.175930000000000E+04    0.109860073916207E+01    0.269599755073444E+00
    0.175932000000000E+04    0.112938489414455E+01    0.269604811659562E+00
    0.176558000000000E+04    0.448771252412553E+01    0.270263907991576E+00
    0.176560000000000E+04    0.451852308042908E+01    0.270263751216415E+00
    0.177186000000000E+04    0.159684711729369E+01    0.270569622271914E+00
    0.177188000000000E+04    0.162766969047789E+01    0.270571424441449E+00
    0.177816000000000E+04    0.502296382868326E+01    0.270251553770191E+00
    0.177818000000000E+04    0.505377382267352E+01    0.270247475372319E+00
    0.178444000000000E+04    0.212325377600200E+01    0.269180552214845E+00
    0.178446000000000E+04    0.215402095769105E+01    0.269178802922647E+00
    0.179072000000000E+04    0.549646734176213E+01    0.268239562028583E+00
    0.179074000000000E+04    0.552719684318390E+01    0.268234108897172E+00
    0.179700000000000E+04    0.256833246809856E+01    0.266687381100488E+00
    0.179702000000000E+04    0.259899985577704E+01    0.266684829498832E+00
    0.180328000000000E+04    0.591108731036547E+01    0.266038159018325E+00
    0.180330000000000E+04    0.594172883250531E+01    0.266034643113249E+00
    0.180956000000000E+04    0.295852606226117E+01    0.264962917923900E+00
    0.180958000000000E+04    0.298912440930053E+01    0.264961847126119E+00
    0.181586000000000E+04    0.315022786226109E-01    0.265152108611698E+00
    0.181588000000000E+04    0.621083714740962E-01    0.265152105529680E+00
    0.182214000000000E+04    0.335714403400380E+01    0.264971142729548E+00
    0.182216000000000E+04    0.338774290056972E+01    0.264972282982271E+00
    0.182842000000000E+04    0.404780705703160E+00    0.266056483931396E+00
    0.182844000000000E+04    0.435423136939789E+00    0.266059999818077E+00
    0.183470000000000E+04    0.374782295909745E+01    0.266712043056990E+00
    0.183472000000000E+04    0.377849148207770E+01    0.266714648398666E+00
    0.184098000000000E+04    0.820030079723892E+00    0.268267568044393E+00
    0.184100000000000E+04    0.850760881241968E+00    0.268272997176232E+00
    0.184726000000000E+04    0.419357129290483E+01    0.269203160042771E+00
    0.184728000000000E+04    0.422433950474169E+01    0.269204905193346E+00
    0.185354000000000E+04    0.129411402383266E+01    0.270267816428077E+00
    0.185356000000000E+04    0.132492478830591E+01    0.270271838613983E+00
    0.185984000000000E+04    0.472034380962941E+01    0.270563704199113E+00
    0.185986000000000E+04    0.475116634231017E+01    0.270561842757140E+00
    0.186612000000000E+04    0.182940149065371E+01    0.270248505263849E+00
    0.186614000000000E+04    0.186021143325570E+01    0.270248624273988E+00
    0.187240000000000E+04    0.521821855624967E+01    0.269571569376744E+00
    0.187242000000000E+04    0.524900134310610E+01    0.269566473276975E+00
    0.187868000000000E+04    0.230773500950636E+01    0.268159544949785E+00
    0.187870000000000E+04    0.233846126586877E+01    0.268157089406969E+00
    0.188496000000000E+04    0.566783267324217E+01    0.267238422013050E+00
    0.188498000000000E+04    0.569852219457835E+01    0.267233459481930E+00
    0.189124000000000E+04    0.272789135078210E+01    0.265797100270705E+00
    0.189126000000000E+04    0.275852314011672E+01    0.265794965968188E+00
    0.189754000000000E+04    0.609167941899295E+01    0.265458250191383E+00
    0.189756000000000E+04    0.612229775895412E+01    0.265456093696852E+00
    0.190382000000000E+04    0.313424387384657E+01    0.264734498756307E+00
    0.190384000000000E+04    0.316483324546607E+01    0.264734347439169E+00
    0.191010000000000E+04    0.176011867413308E+00    0.265316076054165E+00
    0.191012000000000E+04    0.206624541263409E+00    0.265317620566500E+00
    0.191638000000000E+04    0.350638935391862E+01    0.265514763647311E+00
    0.191640000000000E+04    0.353700998542308E+01    0.265516692115305E+00
    0.192266000000000E+04    0.562456878350076E+00    0.266879257990322E+00
    0.192268000000000E+04    0.593132148869245E+00    0.266883880520887E+00
    0.192894000000000E+04    0.391754948500147E+01    0.267749616260699E+00
    0.192896000000000E+04    0.394825949861206E+01    0.267752226458962E+00
    0.193524000000000E+04    0.103316790572489E+01    0.269245914307685E+00
    0.193526000000000E+04    0.106393792195240E+01    0.269251205409038E+00
    0.194152000000000E+04    0.441839245226674E+01    0.270020038720805E+00
    0.194154000000000E+04    0.444919331187930E+01    0.270020519051169E+00
    0.194780000000000E+04    0.152602167587611E+01    0.270568705332839E+00
    0.194782000000000E+04    0.155684439704646E+01    0.270571199514231E+00
    0.195408000000000E+04    0.492250568690861E+01    0.270429530969654E+00
    0.195410000000000E+04    0.495332284090819E+01    0.270426034517576E+00
    0.196036000000000E+04    0.202627254446543E+01    0.269549086810208E+00
    0.196038000000000E+04    0.205705445784497E+01    0.269547782072625E+00
    0.196664000000000E+04    0.540454440299254E+01    0.268650854710169E+00
    0.196666000000000E+04    0.543529035369011E+01    0.268645371491656E+00
    0.197294000000000E+04    0.251227812833940E+01    0.267096875441806E+00
    0.197296000000000E+04    0.254296192658694E+01    0.267094249373392E+00
    0.197922000000000E+04    0.585967789472761E+01    0.266343107222038E+00
    0.197924000000000E+04    0.589033158014490E+01    0.266339082172185E+00
    0.198550000000000E+04    0.291010076760904E+01    0.265143261620753E+00
    0.198552000000000E+04    0.294070640879227E+01    0.265141855912371E+00
    0.199178000000000E+04    0.623710879906457E+01    0.265177026046742E+00
    0.199180000000000E+04    0.626771595292894E+01    0.265176394913239E+00
    0.199806000000000E+04    0.327880284201365E+01    0.264836934598307E+00
    0.199808000000000E+04    0.330939628507122E+01    0.264837707898855E+00
    0.200434000000000E+04    0.323937697713063E+00    0.265784928996313E+00
    0.200436000000000E+04    0.354569155102581E+00    0.265787921526679E+00
    0.201062000000000E+04    0.366266722150522E+01    0.266322824200408E+00
    0.201064000000000E+04    0.369332020080810E+01    0.266325299775498E+00
    0.201692000000000E+04    0.760552784296578E+00    0.267857892226832E+00
    0.201694000000000E+04    0.791267201586834E+00    0.267863189767769E+00
    0.202320000000000E+04    0.412883815072701E+01    0.268805548450634E+00
    0.202322000000000E+04    0.415959042330769E+01    0.268807658553517E+00
    0.202948000000000E+04    0.122539242201992E+01    0.270035377925686E+00
    0.202950000000000E+04    0.125619395198692E+01    0.270039890147943E+00
    0.203576000000000E+04    0.461882384823730E+01    0.270493361393147E+00
    0.203578000000000E+04    0.464964355009624E+01    0.270492208140034E+00
    0.204204000000000E+04    0.172855465388875E+01    0.270428551786071E+00
    0.204206000000000E+04    0.175937168968812E+01    0.270429341921690E+00
    0.204832000000000E+04    0.512063716185139E+01    0.269887287523201E+00
    0.204834000000000E+04    0.515143276529079E+01    0.269882543552062E+00
    0.205462000000000E+04    0.224569777977695E+01    0.268591091321626E+00
    0.205464000000000E+04    0.227644136518575E+01    0.268588858087087E+00
    0.206090000000000E+04    0.561119863626891E+01    0.267640213589592E+00
    0.206092000000000E+04    0.564190414966106E+01    0.267634981607830E+00
    0.206718000000000E+04    0.267586678677526E+01    0.266136728132863E+00
    0.206720000000000E+04    0.270651220162199E+01    0.266134388481765E+00
    0.207346000000000E+04    0.601260827592068E+01    0.265664777282371E+00
    0.207348000000000E+04    0.604323487609145E+01    0.265662046777703E+00
    0.207974000000000E+04    0.305673278843051E+01    0.264790675029239E+00
    0.207976000000000E+04    0.308732435845695E+01    0.264790136432184E+00
    0.208602000000000E+04    0.983021801075665E-01    0.265213921162614E+00
    0.208604000000000E+04    0.128910985387847E+00    0.265214834681175E+00
    0.209232000000000E+04    0.345700024279267E+01    0.265265091805919E+00
    0.209234000000000E+04    0.348761101249511E+01    0.265266768577534E+00
    0.209860000000000E+04    0.509364534115321E+00    0.266529576933725E+00
    0.209862000000000E+04    0.540025808525115E+00    0.266533786409684E+00
    0.210488000000000E+04    0.385943069836867E+01    0.267326088061369E+00
    0.210490000000000E+04    0.389012379287169E+01    0.267328759591117E+00
    0.211116000000000E+04    0.939275682128937E+00    0.268867651509639E+00
    0.211118000000000E+04    0.970030498800043E+00    0.268873081821405E+00
    0.211744000000000E+04    0.432011816455179E+01    0.269727996570322E+00
    0.211746000000000E+04    0.435090725755117E+01    0.269729038610897E+00
    0.212372000000000E+04    0.142545553991704E+01    0.270501265211778E+00
    0.212374000000000E+04    0.145627562695654E+01    0.270504422257725E+00
    0.213000000000000E+04    0.482226195931162E+01    0.270542341004161E+00
    0.213002000000000E+04    0.485308377541605E+01    0.270539482038534E+00
    0.213630000000000E+04    0.195960388362118E+01    0.269874953236458E+00
    0.213632000000000E+04    0.199039875838935E+01    0.269874172916115E+00
    0.214258000000000E+04    0.534251908801980E+01    0.269041510102336E+00
    0.214260000000000E+04    0.537328064509484E+01    0.269036100125933E+00
    0.214886000000000E+04    0.242468666699779E+01    0.267523126224222E+00
    0.214888000000000E+04    0.245538751427557E+01    0.267520505709414E+00
    0.215514000000000E+04    0.577706174769764E+01    0.266685893652155E+00
    0.215516000000000E+04    0.580772913135206E+01    0.266681454443557E+00
    0.216142000000000E+04    0.283105145239051E+01    0.265375887461803E+00
    0.216144000000000E+04    0.286166639909516E+01    0.265374173751327E+00
    0.216770000000000E+04    0.616013477492424E+01    0.265257411270733E+00
    0.216772000000000E+04    0.619074509015036E+01    0.265256168151244E+00
    0.217400000000000E+04    0.323231354298514E+01    0.264759538714473E+00
    0.217402000000000E+04    0.326290383670721E+01    0.264759952654481E+00
    0.218028000000000E+04    0.275651463859049E+00    0.265565599098245E+00
    0.218030000000000E+04    0.306274172060057E+00    0.265568020479292E+00
    0.218656000000000E+04    0.361067874864875E+01    0.265974847773908E+00
    0.218658000000000E+04    0.364131778801220E+01    0.265977136884894E+00
    0.219284000000000E+04    0.673189238491432E+00    0.267454797769369E+00
    0.219286000000000E+04    0.703887504086651E+00    0.267459878552343E+00
    0.219912000000000E+04    0.403617421405625E+01    0.268391158234037E+00
    0.219914000000000E+04    0.406690992252652E+01    0.268393535980137E+00
    0.220540000000000E+04    0.112829987640725E+01    0.269749867306947E+00
    0.220542000000000E+04    0.115908996080452E+01    0.269754775280485E+00
    0.221170000000000E+04    0.454976692307991E+01    0.270352970210838E+00
    0.221172000000000E+04    0.458058101492907E+01    0.270352494810473E+00
    0.221798000000000E+04    0.165933267929086E+01    0.270540425425279E+00
    0.221800000000000E+04    0.169015432018477E+01    0.270541898849341E+00
    0.222426000000000E+04    0.505382771007635E+01    0.270149839390946E+00
    0.222428000000000E+04    0.508463370202435E+01    0.270145522043318E+00
    0.223054000000000E+04    0.215228608742245E+01    0.268998130881443E+00
    0.223056000000000E+04    0.218304581389793E+01    0.268996195817354E+00
    0.223682000000000E+04    0.552301039407030E+01    0.268045916671199E+00
    0.223684000000000E+04    0.555373212729910E+01    0.268040516759986E+00
    0.224310000000000E+04    0.259251322083310E+01    0.266502074110163E+00
    0.224312000000000E+04    0.262317324786909E+01    0.266499559932001E+00
    0.224940000000000E+04    0.596387466884153E+01    0.265900819210110E+00
    0.224942000000000E+04    0.599451097036490E+01    0.265897530306291E+00
    0.225568000000000E+04    0.301014796113895E+01    0.264895893437782E+00
    0.225570000000000E+04    0.304074377071402E+01    0.264895002323058E+00
    0.226196000000000E+04    0.521678351606170E-01    0.265163440164920E+00
    0.226198000000000E+04    0.827743973441102E-01    0.265163732285198E+00
    0.226824000000000E+04    0.337846948253764E+01    0.265056680109232E+00
    0.226826000000000E+04    0.340907177346799E+01    0.265057980501855E+00
    0.227452000000000E+04    0.427513615163207E+00    0.266202540397939E+00
    0.227454000000000E+04    0.458161798557285E+00    0.266206296123398E+00
    0.228080000000000E+04    0.377274547637717E+01    0.266907329102032E+00
    0.228082000000000E+04    0.380342181627930E+01    0.266909967122691E+00
    0.228708000000000E+04    0.847421407909223E+00    0.268465460566289E+00
    0.228710000000000E+04    0.878160189205573E+00    0.268470922071613E+00
    0.229338000000000E+04    0.425421243534356E+01    0.269386435711364E+00
    0.229340000000000E+04    0.428498789068453E+01    0.269387972559201E+00
    0.229966000000000E+04    0.135648012192951E+01    0.270363911783296E+00
    0.229968000000000E+04    0.138729449031553E+01    0.270367651406378E+00
    0.230594000000000E+04    0.475254768483137E+01    0.270573469206413E+00
    0.230596000000000E+04    0.478337064172183E+01    0.270571274006159E+00
    0.231222000000000E+04    0.186099177697452E+01    0.270141907122611E+00
    0.231224000000000E+04    0.189179744820240E+01    0.270141717340952E+00
    0.231850000000000E+04    0.524806374783066E+01    0.269410908670534E+00
    0.231852000000000E+04    0.527884009913805E+01    0.269405682882367E+00
    0.232478000000000E+04    0.233529315887154E+01    0.267956045085772E+00
    0.232480000000000E+04    0.236601132118085E+01    0.267953501101336E+00
    0.233108000000000E+04    0.572357169078123E+01    0.267052655178086E+00
    0.233110000000000E+04    0.575425376573048E+01    0.267047826858756E+00
    0.233736000000000E+04    0.278153566937317E+01    0.265650655257840E+00
    0.233738000000000E+04    0.281216158763118E+01    0.265648655476767E+00
    0.234364000000000E+04    0.611326698082985E+01    0.265382878135886E+00
    0.234366000000000E+04    0.614388246237604E+01    0.265381008633296E+00
    0.234992000000000E+04    0.315543771363764E+01    0.264734390608794E+00
    0.234994000000000E+04    0.318602707962964E+01    0.264734414504345E+00
    0.235620000000000E+04    0.197624140253538E+00    0.265390739470041E+00
    0.235622000000000E+04    0.228239817517988E+00    0.265392571964739E+00
    0.236248000000000E+04    0.352943749241513E+01    0.265659634869346E+00
    0.236250000000000E+04    0.356006391191295E+01    0.265661680880159E+00
    0.236878000000000E+04    0.618241300831414E+00    0.267070648010731E+00
    0.236880000000000E+04    0.648924228360102E+00    0.267075433764496E+00
    0.237506000000000E+04    0.397597541366667E+01    0.267967094266912E+00
    0.237508000000000E+04    0.400669412847947E+01    0.267969656791975E+00
    0.238134000000000E+04    0.106335964802201E+01    0.269424130878529E+00
    0.238136000000000E+04    0.109413678276451E+01    0.269429322190355E+00
    0.238762000000000E+04    0.445057566881724E+01    0.270148186839533E+00
    0.238764000000000E+04    0.448138162971009E+01    0.270148364060345E+00
    0.239390000000000E+04    0.155908279404412E+01    0.270579301977278E+00
    0.239392000000000E+04    0.158990591953852E+01    0.270581463523139E+00
    0.240018000000000E+04    0.495515699126781E+01    0.270356336041898E+00
    0.240020000000000E+04    0.498597121683906E+01    0.270352554315419E+00
    0.240648000000000E+04    0.208815635027759E+01    0.269377047506286E+00
    0.240650000000000E+04    0.211893138478581E+01    0.269375516808217E+00
    0.241276000000000E+04    0.546402627937050E+01    0.268452215057822E+00
    0.241278000000000E+04    0.549476429294418E+01    0.268446724582512E+00
    0.241904000000000E+04    0.253855907828120E+01    0.266898436703778E+00
    0.241906000000000E+04    0.256923493767454E+01    0.266895831225665E+00
    0.242532000000000E+04    0.588369347875414E+01    0.266193446274009E+00
    0.242534000000000E+04    0.591434118013467E+01    0.266189657743940E+00
    0.243160000000000E+04    0.293264074352373E+01    0.265052418882625E+00
    0.243162000000000E+04    0.296324275835877E+01    0.265051172639440E+00
    0.243788000000000E+04    0.625893373902318E+01    0.265163556518018E+00
    0.243790000000000E+04    0.635485933526070E-02    0.265163242070104E+00
    0.244416000000000E+04    0.330099796277909E+01    0.264901284756018E+00
    0.244418000000000E+04    0.333159397917507E+01    0.264902230288042E+00
    0.245046000000000E+04    0.377961855406738E+00    0.265920357453660E+00
    0.245048000000000E+04    0.408598743663333E+00    0.265923609143441E+00
    0.245674000000000E+04    0.371883234223651E+01    0.266517961948323E+00
    0.245676000000000E+04    0.374949313840852E+01    0.266520524968267E+00
    0.246302000000000E+04    0.788565355645005E+00    0.268065453120413E+00
    0.246304000000000E+04    0.819288066862100E+00    0.268070827109416E+00
    0.246930000000000E+04    0.415953021702671E+01    0.269010405193005E+00
    0.246932000000000E+04    0.419029068777400E+01    0.269012342686570E+00
    0.247558000000000E+04    0.125818462800635E+01    0.270162179050680E+00
    0.247560000000000E+04    0.128899120215738E+01    0.270166460219770E+00
    0.248186000000000E+04    0.465275686808809E+01    0.270542547111878E+00
    0.248188000000000E+04    0.468357851459541E+01    0.270541042073529E+00
    0.248816000000000E+04    0.179313132574453E+01    0.270351638278327E+00
    0.248818000000000E+04    0.182394538289827E+01    0.270352085270180E+00
    0.249444000000000E+04    0.518371976852814E+01    0.269738643752959E+00
    0.249446000000000E+04    0.521450935690245E+01    0.269733704880158E+00
    0.250072000000000E+04    0.227570444117237E+01    0.268380637482317E+00
    0.250074000000000E+04    0.230643957756001E+01    0.268378274421813E+00
    0.250700000000000E+04    0.563853190539021E+01    0.267440664577074E+00
    0.250702000000000E+04    0.566922947872354E+01    0.267435552955354E+00
    0.251328000000000E+04    0.270090098018363E+01    0.265965891969451E+00
    0.251330000000000E+04    0.273153954855752E+01    0.265963649019716E+00
    0.251956000000000E+04    0.603583597648685E+01    0.265560378139242E+00
    0.251958000000000E+04    0.606645836205098E+01    0.265557946520742E+00
    0.252586000000000E+04    0.310975191944090E+01    0.264759495067765E+00
    0.252588000000000E+04    0.314034227743377E+01    0.264759174880640E+00
    0.253214000000000E+04    0.151406459572172E+00    0.265264492337365E+00
    0.253216000000000E+04    0.182017096946311E+00    0.265265725711913E+00
    0.253842000000000E+04    0.348059456493957E+01    0.265388190316290E+00
    0.253844000000000E+04    0.351121009948338E+01    0.265389970651456E+00
    0.254470000000000E+04    0.534783911106842E+00    0.266703916412042E+00
    0.254472000000000E+04    0.565452292305508E+00    0.266708337638522E+00
    0.255098000000000E+04    0.388742320062283E+01    0.267542121986577E+00
    0.255100000000000E+04    0.391812497255978E+01    0.267544778839608E+00
    0.255726000000000E+04    0.969847489053791E+00    0.269061557054761E+00
    0.255728000000000E+04    0.100061006107126E+01    0.269066938226086E+00
    0.256354000000000E+04    0.435296725497074E+01    0.269884612328810E+00
    0.256356000000000E+04    0.438376265457555E+01    0.269885377969937E+00
    0.256984000000000E+04    0.149041874224076E+01    0.270548643716842E+00
    0.256986000000000E+04    0.152124075125903E+01    0.270551470569323E+00
    0.257612000000000E+04    0.488720511725614E+01    0.270495700800444E+00
    0.257614000000000E+04    0.491802487399764E+01    0.270492503722772E+00
    0.258240000000000E+04    0.199243980885240E+01    0.269717877215080E+00
    0.258242000000000E+04    0.202322846331617E+01    0.269716826781990E+00
    0.258868000000000E+04    0.537312121648756E+01    0.268850384132448E+00
    0.258870000000000E+04    0.540387523873551E+01    0.268844928116719E+00
    0.259496000000000E+04    0.245276233957475E+01    0.267311213539903E+00
    0.259498000000000E+04    0.248345469314063E+01    0.267308570577909E+00
    0.260124000000000E+04    0.580263727461806E+01    0.266514123660242E+00
    0.260126000000000E+04    0.583329780734039E+01    0.266509895774911E+00
    0.260754000000000E+04    0.288546142015593E+01    0.265256376779601E+00
    0.260756000000000E+04    0.291607162674472E+01    0.265254819543211E+00
    0.261382000000000E+04    0.621346635353666E+01    0.265214365101306E+00
    0.261384000000000E+04    0.624407492188129E+01    0.265213429997816E+00
    0.262010000000000E+04    0.325507038021260E+01    0.264797176470650E+00
    0.262012000000000E+04    0.328566226889416E+01    0.264797783656430E+00
    0.262638000000000E+04    0.299339991900069E+00    0.265678471539553E+00
    0.262640000000000E+04    0.329967207994741E+00    0.265681190039019E+00
    0.263266000000000E+04    0.363626379800144E+01    0.266153995063054E+00
    0.263268000000000E+04    0.366690997975911E+01    0.266156381441946E+00
    0.263894000000000E+04    0.701184820319668E+00    0.267662411069480E+00
    0.263896000000000E+04    0.731891533039288E+00    0.267667623037091E+00
    0.264524000000000E+04    0.409772108650122E+01    0.268613209562495E+00
    0.264526000000000E+04    0.412846569460180E+01    0.268615468823723E+00
    0.265152000000000E+04    0.119225170077470E+01    0.269909892055285E+00
    0.265154000000000E+04    0.122304811220101E+01    0.269914596101614E+00
    0.265780000000000E+04    0.458447794597350E+01    0.270437418128611E+00
    0.265782000000000E+04    0.461529543835513E+01    0.270436597279201E+00
    0.266408000000000E+04    0.169429752398537E+01    0.270494957935130E+00
    0.266410000000000E+04    0.172511731777740E+01    0.270496075841974E+00
    0.267036000000000E+04    0.508765811742160E+01    0.270024356169869E+00
    0.267038000000000E+04    0.511845901883862E+01    0.270019801280523E+00
    0.267664000000000E+04    0.218405475479904E+01    0.268793149304913E+00
    0.267666000000000E+04    0.221480641598828E+01    0.268791041841663E+00
    0.268294000000000E+04    0.558288199972958E+01    0.267836167084338E+00
    0.268296000000000E+04    0.561359538790475E+01    0.267830828426458E+00
    0.268922000000000E+04    0.264985572545356E+01    0.266311027920487E+00
    0.268924000000000E+04    0.268050803097776E+01    0.266308603662873E+00
    0.269550000000000E+04    0.598847249625942E+01    0.265776729712295E+00
    0.269552000000000E+04    0.601910370143014E+01    0.265773724883453E+00
    0.270178000000000E+04    0.303361219371072E+01    0.264839284606208E+00
    0.270180000000000E+04    0.306420573397008E+01    0.264838573405434E+00
    0.270806000000000E+04    0.753750324283828E-01    0.265188395774613E+00
    0.270808000000000E+04    0.105982594973284E+00    0.265189014842574E+00
    0.271434000000000E+04    0.340255627799070E+01    0.265161981949203E+00
    0.271436000000000E+04    0.343316277736358E+01    0.265163448951752E+00
    0.272062000000000E+04    0.453278157747263E+00    0.266369707473699E+00
    0.272064000000000E+04    0.483933039180556E+00    0.266373717285385E+00
    0.272692000000000E+04    0.383170089623127E+01    0.267128238401376E+00
    0.272694000000000E+04    0.386238605619656E+01    0.267130910263565E+00
    0.273320000000000E+04    0.909131315079321E+00    0.268682509933578E+00
    0.273322000000000E+04    0.939878810038863E+00    0.268687959991232E+00
    0.273948000000000E+04    0.428778751127356E+01    0.269573480304684E+00
    0.273950000000000E+04    0.431857050856797E+01    0.269574770672376E+00
    0.274576000000000E+04    0.139180399253746E+01    0.270446446076995E+00
    0.274578000000000E+04    0.142262184849005E+01    0.270449888975179E+00
    0.275204000000000E+04    0.478839900160438E+01    0.270569213048312E+00
    0.275206000000000E+04    0.481922176023090E+01    0.270566665491039E+00
    0.275832000000000E+04    0.189598540962015E+01    0.270010993781492E+00
    0.275834000000000E+04    0.192678581285691E+01    0.270010485325003E+00
    0.276462000000000E+04    0.531176651444366E+01    0.269221054118421E+00
    0.276464000000000E+04    0.534253527066539E+01    0.269215710376963E+00
    0.277090000000000E+04    0.239636811442051E+01    0.267730191800350E+00
    0.277092000000000E+04    0.242707724699449E+01    0.267727600273398E+00
    0.277718000000000E+04    0.575122656754684E+01    0.266860330711460E+00
    0.277720000000000E+04    0.578190092904242E+01    0.266855693279219E+00
    0.278346000000000E+04    0.280709133842902E+01    0.265504323248913E+00
    0.278348000000000E+04    0.283771140342560E+01    0.265502461753475E+00
    0.278974000000000E+04    0.613740069197502E+01    0.265314511067351E+00
    0.278976000000000E+04    0.616801334276988E+01    0.265312974559072E+00
    0.279602000000000E+04    0.317924520654014E+01    0.264744616877017E+00
    0.279604000000000E+04    0.320983499179420E+01    0.264744834931535E+00
    0.280232000000000E+04    0.252629197205351E+00    0.265482409349658E+00
    0.280234000000000E+04    0.283248538898988E+00    0.265484557859720E+00
    0.280860000000000E+04    0.358613213974240E+01    0.265827115261363E+00
    0.280862000000000E+04    0.361676526135489E+01    0.265829305946811E+00
    0.281488000000000E+04    0.646618268233397E+00    0.267276520379883E+00
    0.281490000000000E+04    0.677309432822767E+00    0.267281477768640E+00
    0.282116000000000E+04    0.400718431258974E+01    0.268197334332768E+00
    0.282118000000000E+04    0.403791224734596E+01    0.268199808067882E+00
    0.282744000000000E+04    0.109716981808924E+01    0.269605941996377E+00
    0.282746000000000E+04    0.112795421271221E+01    0.269610996628399E+00
    0.283372000000000E+04    0.448635020155325E+01    0.270268965163745E+00
    0.283374000000000E+04    0.451716098321776E+01    0.270268798468988E+00
    0.284000000000000E+04    0.159553392308135E+01    0.270570826707825E+00
    0.284002000000000E+04    0.162635655404029E+01    0.270572620682700E+00
    0.284630000000000E+04    0.502167768612435E+01    0.270252862834185E+00
    0.284632000000000E+04    0.505248775351720E+01    0.270248779142291E+00
    0.285258000000000E+04    0.212197616458434E+01    0.269179966357476E+00
    0.285260000000000E+04    0.215274332398985E+01    0.269178211247035E+00
    0.285886000000000E+04    0.549517838681277E+01    0.268238841111981E+00
    0.285888000000000E+04    0.552590785474695E+01    0.268233384352544E+00
    0.286514000000000E+04    0.256704423628798E+01    0.266687251436530E+00
    0.286516000000000E+04    0.259771166484097E+01    0.266684685842103E+00
    0.287142000000000E+04    0.590980087130902E+01    0.266039390820912E+00
    0.287144000000000E+04    0.594044244496672E+01    0.266035877246005E+00
    0.287770000000000E+04    0.295726862542051E+01    0.264964908626879E+00
    0.287772000000000E+04    0.298786715120150E+01    0.264963837265488E+00
    0.288400000000000E+04    0.303370594001535E-01    0.265158124317471E+00
    0.288402000000000E+04    0.609436031609221E-01    0.265158119386403E+00
    0.289028000000000E+04    0.335613415011630E+01    0.264982788601111E+00
    0.289030000000000E+04    0.338673354242110E+01    0.264983959014397E+00
    0.289656000000000E+04    0.403925696378792E+00    0.266071514816665E+00
    0.289658000000000E+04    0.434568633754679E+00    0.266075039171562E+00
    0.290284000000000E+04    0.374713754417735E+01    0.266728228188539E+00
    0.290286000000000E+04    0.377780672136760E+01    0.266730834719348E+00
    0.290912000000000E+04    0.819559849458528E+00    0.268284679783282E+00
    0.290914000000000E+04    0.850291342898345E+00    0.268290114759044E+00
    0.291540000000000E+04    0.419330421302675E+01    0.269218863991842E+00
    0.291542000000000E+04    0.422407297294831E+01    0.269220590516745E+00
    0.292170000000000E+04    0.132481283289508E+01    0.270282439391753E+00
    0.292172000000000E+04    0.135562423691226E+01    0.270286438489479E+00
    0.292798000000000E+04    0.472037562110654E+01    0.270571429541951E+00
    0.292800000000000E+04    0.475119854257537E+01    0.270569550647034E+00
    0.293426000000000E+04    0.182947159014202E+01    0.270248381155266E+00
    0.293428000000000E+04    0.186028145121963E+01    0.270248476116856E+00
    0.294054000000000E+04    0.521825204793367E+01    0.269567756718851E+00
    0.294056000000000E+04    0.524903470407116E+01    0.269562652209714E+00
    0.294682000000000E+04    0.230772960221748E+01    0.268153783721710E+00
    0.294684000000000E+04    0.233845568579636E+01    0.268151315172966E+00
    0.295310000000000E+04    0.566774210135100E+01    0.267233426044275E+00
    0.295312000000000E+04    0.569843137135103E+01    0.267228467610194E+00
    0.295940000000000E+04    0.275837970541397E+01    0.265792532654161E+00
    0.295942000000000E+04    0.278901134499301E+01    0.265790421708206E+00
    0.296568000000000E+04    0.609154874294563E+01    0.265461514705716E+00
    0.296570000000000E+04    0.612216720675497E+01    0.265459374779602E+00
    0.297196000000000E+04    0.313416764702015E+01    0.264741322127693E+00
    0.297198000000000E+04    0.316475725757209E+01    0.264741183668515E+00
    0.297824000000000E+04    0.176058824009488E+00    0.265329019106882E+00
    0.297826000000000E+04    0.206672101943695E+00    0.265330586097319E+00
    0.298452000000000E+04    0.350666341747001E+01    0.265533907207611E+00
    0.298454000000000E+04    0.353728477677396E+01    0.265535838226500E+00
    0.299080000000000E+04    0.562967911618216E+00    0.266900317772020E+00
    0.299082000000000E+04    0.593644017088081E+00    0.266904957215949E+00
    0.299708000000000E+04    0.391836358723049E+01    0.267774380093891E+00
    0.299710000000000E+04    0.394907465103461E+01    0.267776994101173E+00
    0.300338000000000E+04    0.103428651695867E+01    0.269267986504297E+00
    0.300340000000000E+04    0.106505732597361E+01    0.269273270140432E+00
    0.300966000000000E+04    0.441973502382552E+01    0.270037000907534E+00
    0.300968000000000E+04    0.445053653047853E+01    0.270037452954504E+00
    0.301594000000000E+04    0.152752881019387E+01    0.270576117461070E+00
    0.301596000000000E+04    0.155835191341157E+01    0.270578588785943E+00
    0.302222000000000E+04    0.492406666467559E+01    0.270429817214690E+00
    0.302224000000000E+04    0.495488379464041E+01    0.270426292330424E+00
    0.302850000000000E+04    0.202774781948028E+01    0.269538924587266E+00
    0.302852000000000E+04    0.205852927467913E+01    0.269537602608436E+00
    0.303478000000000E+04    0.540589271284534E+01    0.268639115426448E+00
    0.303480000000000E+04    0.543663827947876E+01    0.268633639467278E+00
    0.304108000000000E+04    0.251348870983202E+01    0.267084415629848E+00
    0.304110000000000E+04    0.254417197434213E+01    0.267081794135692E+00
    0.304736000000000E+04    0.586072971255817E+01    0.266334343078408E+00
    0.304738000000000E+04    0.589138303313666E+01    0.266330349647235E+00
    0.305364000000000E+04    0.291109699817298E+01    0.265141232934534E+00
    0.305366000000000E+04    0.294170260491137E+01    0.265139840460584E+00
    0.305992000000000E+04    0.623811578852565E+01    0.265182649471297E+00
    0.305994000000000E+04    0.626872308859402E+01    0.265182043721379E+00
    0.306620000000000E+04    0.327990726927510E+01    0.264849773103848E+00
    0.306622000000000E+04    0.331050124522608E+01    0.264850564336206E+00
    0.307248000000000E+04    0.325269570444107E+00    0.265807087698261E+00
    0.307250000000000E+04    0.355901934865869E+00    0.265810111680695E+00
    0.307878000000000E+04    0.369497820518518E+01    0.266354177119531E+00
    0.307880000000000E+04    0.372563230990181E+01    0.266356672472449E+00
    0.308506000000000E+04    0.762546147293506E+00    0.267887610583895E+00
    0.308508000000000E+04    0.793261757748951E+00    0.267892921816186E+00
    0.309134000000000E+04    0.413123461035684E+01    0.268836528090606E+00
    0.309136000000000E+04    0.416198816153792E+01    0.268838626551846E+00
    0.309762000000000E+04    0.122811532983815E+01    0.270056731763946E+00
    0.309764000000000E+04    0.125891764648259E+01    0.270061213098411E+00
    0.310390000000000E+04    0.462174855432022E+01    0.270505123178292E+00
    0.310392000000000E+04    0.465256876078092E+01    0.270503928430946E+00
    0.311018000000000E+04    0.173156183273750E+01    0.270425717721384E+00
    0.311020000000000E+04    0.176237886119816E+01    0.270426466793948E+00
    0.311646000000000E+04    0.512351151363782E+01    0.269877002615340E+00
    0.311648000000000E+04    0.515430650300550E+01    0.269872228920156E+00
    0.312276000000000E+04    0.224830503858902E+01    0.268568087215329E+00
    0.312278000000000E+04    0.227904771322483E+01    0.268565832218017E+00
    0.312904000000000E+04    0.561352154614724E+01    0.267619056018953E+00
    0.312906000000000E+04    0.564422629266937E+01    0.267613834152392E+00
    0.313532000000000E+04    0.267793261506995E+01    0.266118655742132E+00
    0.313534000000000E+04    0.270857721867014E+01    0.266116322834466E+00
    0.314160000000000E+04    0.601444863871893E+01    0.265653460319274E+00
    0.314162000000000E+04    0.604507480007305E+01    0.265650763144067E+00
    0.314788000000000E+04    0.305852268660965E+01    0.264790507623472E+00
    0.314790000000000E+04    0.308911429627733E+01    0.264789991829317E+00
    0.315416000000000E+04    0.100149093487744E+00    0.265224590639659E+00
    0.315418000000000E+04    0.130758099985542E+00    0.265225566386552E+00
    0.316046000000000E+04    0.345899677251782E+01    0.265283815856862E+00
    0.316048000000000E+04    0.348960815983810E+01    0.265285478971490E+00
    0.316674000000000E+04    0.511628063152784E+00    0.266554927140756E+00
    0.316676000000000E+04    0.542290356393096E+00    0.266559168601255E+00
    0.317302000000000E+04    0.386205989692553E+01    0.267356903175985E+00
    0.317304000000000E+04    0.389275420353533E+01    0.267359571938069E+00
    0.317930000000000E+04    0.942267821700625E+00    0.268895830540851E+00
    0.317932000000000E+04    0.973023847160221E+00    0.268901254354887E+00
    0.318558000000000E+04    0.432347813342312E+01    0.269752603689643E+00
    0.318560000000000E+04    0.435426830167398E+01    0.269753613724577E+00
    0.319186000000000E+04    0.142903780789857E+01    0.270510618150621E+00
    0.319188000000000E+04    0.145985822283455E+01    0.270513727588995E+00
    0.319816000000000E+04    0.485667722348080E+01    0.270536359768028E+00
    0.319818000000000E+04    0.488749866077615E+01    0.270533445273874E+00
    0.320444000000000E+04    0.196306403300969E+01    0.269855396126766E+00
    0.320446000000000E+04    0.199385820628231E+01    0.269854576675372E+00
    0.321072000000000E+04    0.534572017914616E+01    0.269019015042489E+00
    0.321074000000000E+04    0.537648085334695E+01    0.269013592799705E+00
    0.321700000000000E+04    0.242758646308266E+01    0.267497715243134E+00
    0.321702000000000E+04    0.245828629529115E+01    0.267495084734148E+00
    0.322328000000000E+04    0.577967422616894E+01    0.266666314154908E+00
    0.322330000000000E+04    0.581034083294435E+01    0.266661893490936E+00
    0.322956000000000E+04    0.283346321884983E+01    0.265363005187133E+00
    0.322958000000000E+04    0.286407763829175E+01    0.265361295762192E+00
    0.323586000000000E+04    0.619304801804719E+01    0.265253307437941E+00
    0.323588000000000E+04    0.622365822506799E+01    0.265252095111997E+00
    0.324214000000000E+04    0.323469903069508E+01    0.264769072434654E+00
    0.324216000000000E+04    0.326528971200150E+01    0.264769519226906E+00
    0.324842000000000E+04    0.278235333472367E+00    0.265587239287086E+00
    0.324844000000000E+04    0.308858813579718E+00    0.265589676888889E+00
    0.325470000000000E+04    0.361356644181524E+01    0.266003698822290E+00
    0.325472000000000E+04    0.364420663388682E+01    0.266006005128609E+00
    0.326098000000000E+04    0.676469829173584E+00    0.267488481540682E+00
    0.326100000000000E+04    0.707169464913022E+00    0.267493589538704E+00
    0.326726000000000E+04    0.403990293856077E+01    0.268426682875961E+00
    0.326728000000000E+04    0.407064006178280E+01    0.268429040599742E+00
    0.327354000000000E+04    0.113241602633570E+01    0.269776364688674E+00
    0.327356000000000E+04    0.116320721192187E+01    0.269781247923581E+00
    0.327984000000000E+04    0.455417553393272E+01    0.270369812331205E+00
    0.327986000000000E+04    0.458499031056363E+01    0.270369287415507E+00
    0.328612000000000E+04    0.166380302027210E+01    0.270536688337053E+00
    0.328614000000000E+04    0.169462434184425E+01    0.270538104322788E+00
    0.329240000000000E+04    0.505814705756893E+01    0.270133468945360E+00
    0.329242000000000E+04    0.508895236108128E+01    0.270129119191039E+00
    0.329868000000000E+04    0.215635348404794E+01    0.268968880102664E+00
    0.329870000000000E+04    0.218711216026713E+01    0.268966919951749E+00
    0.330496000000000E+04    0.552673950284952E+01    0.268017703309674E+00
    0.330498000000000E+04    0.555746013366115E+01    0.268012310346011E+00
    0.331124000000000E+04    0.259590749598920E+01    0.266476466257997E+00
    0.331126000000000E+04    0.262656648442862E+01    0.266473962077017E+00
    0.331754000000000E+04    0.596695671216730E+01    0.265887297154048E+00
    0.331756000000000E+04    0.599759215293125E+01    0.265884054303584E+00
    0.332382000000000E+04    0.301301050076563E+01    0.264886871889337E+00
    0.332384000000000E+04    0.304360590526449E+01    0.264886014407256E+00
    0.333010000000000E+04    0.549975532912867E-01    0.265168122490086E+00
    0.333012000000000E+04    0.856043211306314E-01    0.265168478328729E+00
    0.333638000000000E+04    0.338145408448599E+01    0.265075139241607E+00
    0.333640000000000E+04    0.341205690668448E+01    0.265076476925916E+00
    0.334266000000000E+04    0.430727457207468E+00    0.266228480594632E+00
    0.334268000000000E+04    0.461376584313257E+00    0.266232256791934E+00
    0.334894000000000E+04    0.377636351404908E+01    0.266941797757967E+00
    0.334896000000000E+04    0.380704126080036E+01    0.266944443034578E+00
    0.335524000000000E+04    0.882226573241496E+00    0.268506276788479E+00
    0.335526000000000E+04    0.912966934430187E+00    0.268511727703243E+00
    0.336152000000000E+04    0.425870242270776E+01    0.269418226698786E+00
    0.336154000000000E+04    0.428947919721577E+01    0.269419724993460E+00
    0.336780000000000E+04    0.136132332970010E+01    0.270379980838552E+00
    0.336782000000000E+04    0.139213862413453E+01    0.270383687286474E+00
    0.337408000000000E+04    0.475755225197827E+01    0.270578230374850E+00
    0.337410000000000E+04    0.478837534235936E+01    0.270575979135267E+00
    0.338036000000000E+04    0.186588412960282E+01    0.270123307431451E+00
    0.338038000000000E+04    0.189668894431452E+01    0.270123067237812E+00
    0.338664000000000E+04    0.525267848518615E+01    0.269382430975942E+00
    0.338666000000000E+04    0.528345383582473E+01    0.269377194161640E+00
    0.339294000000000E+04    0.237027555745863E+01    0.267920242442054E+00
    0.339296000000000E+04    0.240099228430608E+01    0.267917707311462E+00
    0.339922000000000E+04    0.572741875975953E+01    0.267023218613063E+00
    0.339924000000000E+04    0.575809959833987E+01    0.267018431639879E+00
    0.340550000000000E+04    0.278507440358680E+01    0.265629016060966E+00
    0.340552000000000E+04    0.281569950306402E+01    0.265627036452153E+00
    0.341178000000000E+04    0.611659930040605E+01    0.265374906036153E+00
    0.341180000000000E+04    0.614721428685516E+01    0.265373089874800E+00
    0.341806000000000E+04    0.315869373771602E+01    0.264736114225223E+00
    0.341808000000000E+04    0.318928313943070E+01    0.264736173235345E+00
    0.342434000000000E+04    0.200985560648405E+00    0.265406564081069E+00
    0.342436000000000E+04    0.231601911163125E+00    0.265408462203115E+00
    0.343062000000000E+04    0.353311523622233E+01    0.265689368797118E+00
    0.343064000000000E+04    0.356374277794748E+01    0.265691438878840E+00
    0.343692000000000E+04    0.622310890706103E+00    0.267106483548866E+00
    0.343694000000000E+04    0.652995247117360E+00    0.267111303008517E+00
    0.344320000000000E+04    0.398055862234469E+01    0.268008474394605E+00
    0.344322000000000E+04    0.401127906748115E+01    0.268011033144753E+00
    0.344948000000000E+04    0.106843323669364E+01    0.269458110900251E+00
    0.344950000000000E+04    0.109921165670949E+01    0.269463280080434E+00
    0.345576000000000E+04    0.445600376375478E+01    0.270171686232669E+00
    0.345578000000000E+04    0.448681066908375E+01    0.270171806293349E+00
    0.346204000000000E+04    0.156469062747419E+01    0.270581822966892E+00
    0.346206000000000E+04    0.159551392522826E+01    0.270583928006744E+00
    0.346832000000000E+04    0.496069696627728E+01    0.270343225665483E+00
    0.346834000000000E+04    0.499151061731300E+01    0.270339389010818E+00
    0.347462000000000E+04    0.209339273853220E+01    0.269345454062520E+00
    0.347464000000000E+04    0.212416652180400E+01    0.269343881261210E+00
    0.348090000000000E+04    0.546884402764226E+01    0.268417891518036E+00
    0.348092000000000E+04    0.549958074332062E+01    0.268412408762735E+00
    0.348718000000000E+04    0.254291827175439E+01    0.266864224609832E+00
    0.348720000000000E+04    0.257359261599959E+01    0.266861627441820E+00
    0.349346000000000E+04    0.588759653134730E+01    0.266165532460561E+00
    0.349348000000000E+04    0.591824311602977E+01    0.266161800689444E+00
    0.349974000000000E+04    0.293628067713598E+01    0.265036814112240E+00
    0.349976000000000E+04    0.296688210320008E+01    0.265035617959258E+00
    0.350602000000000E+04    0.626245800924607E+01    0.265162758895380E+00
    0.350604000000000E+04    0.987903682016622E-02    0.265162502147365E+00
    0.351232000000000E+04    0.333518786813966E+01    0.264915344873087E+00
    0.351234000000000E+04    0.336578447451666E+01    0.264916346714136E+00
    0.351860000000000E+04    0.381815907833698E+00    0.265947548732311E+00
    0.351862000000000E+04    0.412453895575709E+00    0.265950849975506E+00
