    0.000000000000000E+00    0.190000000000000E+01    0.280000000000000E+00
    0.200000000000000E-01    0.193119998756409E+01    0.279999444144238E+00
    0.630000000000000E+01    0.544135405235660E+01    0.279161180676597E+00
    0.632000000000000E+01    0.547252048578319E+01    0.279155691022135E+00
    0.125800000000000E+02    0.265038922958997E+01    0.277614157401032E+00
    0.126000000000000E+02    0.268149369357011E+01    0.277611742958208E+00
    0.188600000000000E+02    0.613159360089382E+01    0.277257068678483E+00
    0.188800000000000E+02    0.616268390547671E+01    0.277255402962945E+00
    0.251400000000000E+02    0.332396811556620E+01    0.276822314787063E+00
    0.251600000000000E+02    0.335504101712804E+01    0.276823337406104E+00
    0.314200000000000E+02    0.520792641166629E+00    0.278017272750862E+00
    0.314400000000000E+02    0.551913397674070E+00    0.278021664717818E+00
    0.377000000000000E+02    0.401572496387254E+01    0.278882519877547E+00
    0.377200000000000E+02    0.404688032544980E+01    0.278884933548316E+00
    0.440000000000000E+02    0.127050619477579E+01    0.280158840243425E+00
    0.440200000000000E+02    0.130171262786507E+01    0.280163154695031E+00
    0.502800000000000E+02    0.479020667879696E+01    0.280422327731643E+00
    0.503000000000000E+02    0.482142350836622E+01    0.280419873820679E+00
    0.565600000000000E+02    0.202104903599242E+01    0.279739146127479E+00
    0.565800000000000E+02    0.205223855952474E+01    0.279737917493622E+00
    0.628400000000000E+02    0.552726313829433E+01    0.278835821152507E+00
    0.628600000000000E+02    0.555841656986485E+01    0.278830420406640E+00
    0.691200000000000E+02    0.273240923433009E+01    0.277331462085239E+00
    0.691400000000000E+02    0.276350224374877E+01    0.277329333258503E+00
    0.754000000000000E+02    0.621106010133809E+01    0.277175246353966E+00
    0.754200000000000E+02    0.624214712441767E+01    0.277174497916466E+00
    0.817000000000000E+02    0.343506910979241E+01    0.276969338341398E+00
    0.817200000000000E+02    0.346614790089836E+01    0.276970879152014E+00
    0.879800000000000E+02    0.634706808341605E+00    0.278318075832209E+00
    0.880000000000000E+02    0.665839633075734E+00    0.278322966154401E+00
    0.942600000000000E+02    0.413400750410335E+01    0.279231395085417E+00
    0.942800000000000E+02    0.416517681265361E+01    0.279233469818732E+00
    0.100540000000000E+03    0.136086131988995E+01    0.280312464272159E+00
    0.100560000000000E+03    0.139207391998295E+01    0.280316137533536E+00
    0.106820000000000E+03    0.488128159364649E+01    0.280373818131140E+00
    0.106840000000000E+03    0.491249651827178E+01    0.280370578814399E+00
    0.113100000000000E+03    0.210982758669195E+01    0.279434486580384E+00
    0.113120000000000E+03    0.214100478655411E+01    0.279432702528757E+00
    0.119400000000000E+03    0.564294858022544E+01    0.278502854180073E+00
    0.119420000000000E+03    0.567408881831022E+01    0.278497691508371E+00
    0.125680000000000E+03    0.284454146462105E+01    0.277092377735992E+00
    0.125700000000000E+03    0.287562505762682E+01    0.277090633055341E+00
    0.131960000000000E+03    0.382900219790088E-01    0.277162199950741E+00
    0.131980000000000E+03    0.693766036633860E-01    0.277162366604941E+00
    0.138240000000000E+03    0.351584094542187E+01    0.277179218502145E+00
    0.138260000000000E+03    0.354692812150066E+01    0.277181170291014E+00
    0.144520000000000E+03    0.718801690004938E+00    0.278638349729962E+00
    0.144540000000000E+03    0.749947394922884E+00    0.278643590224486E+00
    0.150800000000000E+03    0.422247753017038E+01    0.279558344346853E+00
    0.150820000000000E+03    0.425365995699232E+01    0.279559939929247E+00
    0.157080000000000E+03    0.145202864521283E+01    0.280403900521792E+00
    0.157100000000000E+03    0.148324478751138E+01    0.280406823344676E+00
    0.163380000000000E+03    0.500346934496866E+01    0.280254113001658E+00
    0.163400000000000E+03    0.503467943475215E+01    0.280250148004487E+00
    0.169660000000000E+03    0.222906021506191E+01    0.279097711588785E+00
    0.169680000000000E+03    0.226022400543451E+01    0.279095505551796E+00
    0.175940000000000E+03    0.572660936481401E+01    0.278192344376475E+00
    0.175960000000000E+03    0.575773699361679E+01    0.278187597474020E+00
    0.182220000000000E+03    0.292503239844308E+01    0.276904428433691E+00
    0.182240000000000E+03    0.295610854235105E+01    0.276903137815625E+00
    0.188500000000000E+03    0.117659544573542E+00    0.277200632863186E+00
    0.188520000000000E+03    0.148747599987757E+00    0.277201717985984E+00
    0.194780000000000E+03    0.359724316954419E+01    0.277433703684886E+00
    0.194800000000000E+03    0.362834055235373E+01    0.277435992160966E+00
    0.201080000000000E+03    0.835042909426647E+00    0.278969295408583E+00
    0.201100000000000E+03    0.866201812978090E+00    0.278974718484365E+00
    0.207360000000000E+03    0.434285846054843E+01    0.279845512113625E+00
    0.207380000000000E+03    0.437405224458530E+01    0.279846493398120E+00
    0.213640000000000E+03    0.157438942067182E+01    0.280424191437337E+00
    0.213660000000000E+03    0.160560629525111E+01    0.280426295431416E+00
    0.219920000000000E+03    0.509354124152730E+01    0.280074421859392E+00
    0.219940000000000E+03    0.512474419144394E+01    0.280069860005216E+00
    0.226200000000000E+03    0.231570379949176E+01    0.278743618400992E+00
    0.226220000000000E+03    0.234685344486468E+01    0.278741129326075E+00
    0.232480000000000E+03    0.580894856266428E+01    0.277906264515279E+00
    0.232500000000000E+03    0.584006475331319E+01    0.277902070021652E+00
    0.238780000000000E+03    0.303589415783711E+01    0.276778411433854E+00
    0.238800000000000E+03    0.306696526972706E+01    0.276777648843395E+00
    0.245060000000000E+03    0.228251309803170E+00    0.277305432530922E+00
    0.245080000000000E+03    0.259343579573056E+00    0.277307401660762E+00
    0.251340000000000E+03    0.371060412655663E+01    0.277734409616144E+00
    0.251360000000000E+03    0.374171354649337E+01    0.277736950179856E+00
    0.257620000000000E+03    0.921246758027849E+00    0.279290091237408E+00
    0.257640000000000E+03    0.952418511226028E+00    0.279295536976549E+00
    0.263900000000000E+03    0.443283271758031E+01    0.280083977974817E+00
    0.263920000000000E+03    0.446403607526429E+01    0.280084246341962E+00
    0.270180000000000E+03    0.166557069605511E+01    0.280372296242339E+00
    0.270200000000000E+03    0.169678541181526E+01    0.280373561742738E+00
    0.276480000000000E+03    0.521398427165798E+01    0.279836606880539E+00
    0.276500000000000E+03    0.524517768269686E+01    0.279831571435447E+00
    0.282760000000000E+03    0.243228443151725E+01    0.278382299076202E+00
    0.282780000000000E+03    0.246341964058922E+01    0.278379682602372E+00
    0.289040000000000E+03    0.592139128511025E+01    0.277651802858664E+00
    0.289060000000000E+03    0.595249731367943E+01    0.277648270494129E+00
    0.295320000000000E+03    0.311532184073189E+01    0.276716316783763E+00
    0.295340000000000E+03    0.314639048250734E+01    0.276716104855905E+00
    0.301600000000000E+03    0.308175199708501E+00    0.277465278822316E+00
    0.301620000000000E+03    0.339273889956132E+00    0.277468093704828E+00
    0.307880000000000E+03    0.379386382058510E+01    0.278064727852202E+00
    0.307900000000000E+03    0.382498644097473E+01    0.278067380987227E+00
    0.314160000000000E+03    0.100854451708977E+01    0.279592348311929E+00
    0.314180000000000E+03    0.103972839090767E+01    0.279597642771657E+00
    0.320460000000000E+03    0.455460998877146E+01    0.280264250040227E+00
    0.320480000000000E+03    0.458582063969641E+01    0.280263726421131E+00
    0.326740000000000E+03    0.178776038425048E+01    0.280251610347730E+00
    0.326760000000000E+03    0.181897038843044E+01    0.280252046370812E+00
    0.333020000000000E+03    0.530229300433939E+01    0.279561951917670E+00
    0.333040000000000E+03    0.533347541997637E+01    0.279556613304761E+00
    0.339300000000000E+03    0.251658813786571E+01    0.278033159596618E+00
    0.339320000000000E+03    0.254770938561376E+01    0.278030542647200E+00
    0.345580000000000E+03    0.600194039553776E+01    0.277446252354713E+00
    0.345600000000000E+03    0.603303821495172E+01    0.277443493308481E+00
    0.351860000000000E+03    0.319469357585137E+01    0.276719322579724E+00
    0.351880000000000E+03    0.322576234143878E+01    0.276719653913690E+00
    0.358160000000000E+03    0.419907164366577E+00    0.277679663944306E+00
    0.358180000000000E+03    0.451014439874598E+00    0.277683231616576E+00
    0.364440000000000E+03    0.390942871263724E+01    0.278418296802596E+00
    0.364460000000000E+03    0.394056545777369E+01    0.278420945607417E+00
    0.370720000000000E+03    0.112815858389979E+01    0.279868896609225E+00
    0.370740000000000E+03    0.115935348077221E+01    0.279873860170705E+00
    0.377000000000000E+03    0.464564705514317E+01    0.280379003754531E+00
    0.377020000000000E+03    0.467686237041642E+01    0.280377649900581E+00
    0.383280000000000E+03    0.187833844459874E+01    0.280065785687256E+00
    0.383300000000000E+03    0.190954099316707E+01    0.280065444348147E+00
    0.389560000000000E+03    0.538955179047673E+01    0.279256806963042E+00
    0.389580000000000E+03    0.542072196514403E+01    0.279251333798830E+00
    0.395860000000000E+03    0.263089366512077E+01    0.277701877450159E+00
    0.395880000000000E+03    0.266200166406816E+01    0.277699408997713E+00
    0.402140000000000E+03    0.611293516184060E+01    0.277288924538472E+00
    0.402160000000000E+03    0.614402669453625E+01    0.277287002843109E+00
    0.408420000000000E+03    0.330523293356305E+01    0.276786480994176E+00
    0.408440000000000E+03    0.333630437624140E+01    0.276787363540379E+00
    0.414700000000000E+03    0.501330320822831E+00    0.277933459003391E+00
    0.414720000000000E+03    0.532447762046672E+00    0.277937687607220E+00
    0.420980000000000E+03    0.399498256854781E+01    0.278775854261855E+00
    0.421000000000000E+03    0.402613354244806E+01    0.278778344769092E+00
    0.427260000000000E+03    0.121745204073386E+01    0.280095076911433E+00
    0.427280000000000E+03    0.124865586555006E+01    0.280099566272152E+00
    0.433540000000000E+03    0.473673699559322E+01    0.280422808601183E+00
    0.433560000000000E+03    0.476795393636235E+01    0.280420614226643E+00
    0.439840000000000E+03    0.199932102052628E+01    0.279819667796342E+00
    0.439860000000000E+03    0.203051374716983E+01    0.279818627884408E+00
    0.446120000000000E+03    0.550669090736835E+01    0.278929181841687E+00
    0.446140000000000E+03    0.553784799834443E+01    0.278923731754990E+00
    0.452400000000000E+03    0.271293956398381E+01    0.277407399257616E+00
    0.452420000000000E+03    0.274403579476655E+01    0.277405172924281E+00
    0.458680000000000E+03    0.619229706116323E+01    0.277192709343841E+00
    0.458700000000000E+03    0.622338476808341E+01    0.277191670715178E+00
    0.464960000000000E+03    0.338496140654320E+01    0.276917579459921E+00
    0.464980000000000E+03    0.341603811104380E+01    0.276918953178549E+00
    0.471240000000000E+03    0.583658745278399E+00    0.278222031602636E+00
    0.471260000000000E+03    0.614787764002244E+00    0.278226798020178E+00
    0.477540000000000E+03    0.411279833402477E+01    0.279129639117484E+00
    0.477560000000000E+03    0.414396347687705E+01    0.279131836724633E+00
    0.483820000000000E+03    0.133868859365532E+01    0.280272180512523E+00
    0.483840000000000E+03    0.136989931005007E+01    0.280276040897884E+00
    0.490100000000000E+03    0.485892987828936E+01    0.280392597100729E+00
    0.490120000000000E+03    0.489014553239031E+01    0.280389584547042E+00
    0.496380000000000E+03    0.208821349300342E+01    0.279526526866738E+00
    0.496400000000000E+03    0.211939450620491E+01    0.279524895782691E+00
    0.502660000000000E+03    0.559143503916198E+01    0.278602774019631E+00
    0.502680000000000E+03    0.562257912005271E+01    0.278597536436309E+00
    0.508940000000000E+03    0.279402928789239E+01    0.277154931088712E+00
    0.508960000000000E+03    0.282511536049799E+01    0.277153059574051E+00
    0.515240000000000E+03    0.192308955511180E-01    0.277153364133497E+00
    0.515260000000000E+03    0.503170281938310E-01    0.277153251524361E+00
    0.521520000000000E+03    0.349619159414351E+01    0.277106951034236E+00
    0.521540000000000E+03    0.352727590402890E+01    0.277108785606629E+00
    0.527800000000000E+03    0.698059755522195E+00    0.278537173460979E+00
    0.527820000000000E+03    0.729201315106593E+00    0.278542315556459E+00
    0.534080000000000E+03    0.420036306360828E+01    0.279457976250350E+00
    0.534100000000000E+03    0.423154145008721E+01    0.279459727423107E+00
    0.540360000000000E+03    0.142912650122651E+01    0.280380242983977E+00
    0.540380000000000E+03    0.146034178989407E+01    0.280383403373093E+00
    0.546640000000000E+03    0.494948103209731E+01    0.280296560929703E+00
    0.546660000000000E+03    0.498069284342603E+01    0.280292812618523E+00
    0.552940000000000E+03    0.220718049931008E+01    0.279198107645709E+00
    0.552960000000000E+03    0.223834826398195E+01    0.279196022139255E+00
    0.559220000000000E+03    0.570604538787052E+01    0.278281786136143E+00
    0.559240000000000E+03    0.573717665948629E+01    0.278276901742772E+00
    0.565500000000000E+03    0.290535432278205E+01    0.276952506544992E+00
    0.565520000000000E+03    0.293643238930281E+01    0.276951077737270E+00
    0.571780000000000E+03    0.982025187239515E-01    0.277179438965605E+00
    0.571800000000000E+03    0.129289715463983E+00    0.277180251261875E+00
    0.578060000000000E+03    0.357705105989862E+01    0.277349762859323E+00
    0.578080000000000E+03    0.360814505015321E+01    0.277351961009482E+00
    0.584340000000000E+03    0.782503748118074E+00    0.278863021679183E+00
    0.584360000000000E+03    0.813658431381214E+00    0.278868411996297E+00
    0.590620000000000E+03    0.428904900365205E+01    0.279760192339730E+00
    0.590640000000000E+03    0.432023948666961E+01    0.279761376247426E+00
    0.596920000000000E+03    0.155125151538834E+01    0.280425467386868E+00
    0.596940000000000E+03    0.158246850393277E+01    0.280427820797265E+00
    0.603200000000000E+03    0.507078952011921E+01    0.280132900170251E+00
    0.603220000000000E+03    0.510199475940851E+01    0.280128504560928E+00
    0.609480000000000E+03    0.229400861502120E+01    0.278850474860159E+00
    0.609500000000000E+03    0.232516253328993E+01    0.278848059894925E+00
    0.615760000000000E+03    0.578852791854104E+01    0.277987761308769E+00
    0.615780000000000E+03    0.581964738800707E+01    0.277983381074812E+00
    0.622040000000000E+03    0.298507571321443E+01    0.276808026095068E+00
    0.622060000000000E+03    0.301614796994829E+01    0.276807106030228E+00
    0.628320000000000E+03    0.177401908518732E+00    0.277264644406658E+00
    0.628340000000000E+03    0.208492551451741E+00    0.277266360022541E+00
    0.634620000000000E+03    0.368991944536697E+01    0.277638447734097E+00
    0.634640000000000E+03    0.372102495829256E+01    0.277640932213510E+00
    0.640900000000000E+03    0.899303705251668E+00    0.279192099128301E+00
    0.640920000000000E+03    0.930471550200195E+00    0.279197554058579E+00
    0.647180000000000E+03    0.440979940073214E+01    0.280013921567084E+00
    0.647200000000000E+03    0.444100021103429E+01    0.280014427095667E+00
    0.653460000000000E+03    0.164231162702686E+01    0.280397203793828E+00
    0.653480000000000E+03    0.167352752705096E+01    0.280398731131308E+00
    0.659740000000000E+03    0.516022398018913E+01    0.279918503274015E+00
    0.659760000000000E+03    0.519142062873993E+01    0.279913601535888E+00
    0.666020000000000E+03    0.237977001725858E+01    0.278494454566690E+00
    0.666040000000000E+03    0.241090972233792E+01    0.278491852515658E+00
    0.672320000000000E+03    0.590125849238029E+01    0.277724450786890E+00
    0.672340000000000E+03    0.593236743222451E+01    0.277720689413993E+00
    0.678600000000000E+03    0.309569024584312E+01    0.276728326375795E+00
    0.678620000000000E+03    0.312675932050820E+01    0.276727938451869E+00
    0.684880000000000E+03    0.288311527301857E+00    0.277410783396417E+00
    0.684900000000000E+03    0.319408111367920E+00    0.277413345774222E+00
    0.691160000000000E+03    0.377296198897693E+01    0.277962426076032E+00
    0.691180000000000E+03    0.380408053090969E+01    0.277965060577449E+00
    0.697440000000000E+03    0.986418861140237E+00    0.279503722172015E+00
    0.697460000000000E+03    0.101759905993026E+01    0.279509070085374E+00
    0.703720000000000E+03    0.450032036615175E+01    0.280215749858410E+00
    0.703740000000000E+03    0.453152903266187E+01    0.280215477904616E+00
    0.710000000000000E+03    0.173345760465122E+01    0.280296276768679E+00
    0.710020000000000E+03    0.176466944610797E+01    0.280296969836964E+00
    0.716300000000000E+03    0.528010147170698E+01    0.279649911976178E+00
    0.716320000000000E+03    0.531128737816630E+01    0.279644641776945E+00
    0.722580000000000E+03    0.249562188702293E+01    0.278138455936808E+00
    0.722600000000000E+03    0.252674735487926E+01    0.278135822091543E+00
    0.728860000000000E+03    0.598209297966719E+01    0.277504733871799E+00
    0.728880000000000E+03    0.601319316860645E+01    0.277501721443834E+00
    0.735140000000000E+03    0.317512624990218E+01    0.276712013627424E+00
    0.735160000000000E+03    0.320619468998507E+01    0.276712169327223E+00
    0.741420000000000E+03    0.368767045125423E+00    0.277606626670872E+00
    0.741440000000000E+03    0.399871561889313E+00    0.277609967833342E+00
    0.747700000000000E+03    0.385710991466908E+01    0.278308425404486E+00
    0.747720000000000E+03    0.388824247743946E+01    0.278311109058745E+00
    0.754000000000000E+03    0.110581581273641E+01    0.279792955988337E+00
    0.754020000000000E+03    0.113700760618372E+01    0.279798031462392E+00
    0.760280000000000E+03    0.462256794455811E+01    0.280351826521425E+00
    0.760300000000000E+03    0.465378200103282E+01    0.280350722877686E+00
    0.766560000000000E+03    0.185549667868327E+01    0.280129284809043E+00
    0.766580000000000E+03    0.188670182354872E+01    0.280129176892326E+00
    0.772840000000000E+03    0.536779952781922E+01    0.279352741741191E+00
    0.772860000000000E+03    0.539897354865616E+01    0.279347288000629E+00
    0.779120000000000E+03    0.257925853517850E+01    0.277802277838408E+00
    0.779140000000000E+03    0.261037051479752E+01    0.277799750995984E+00
    0.785400000000000E+03    0.606228894149422E+01    0.277334325870963E+00
    0.785420000000000E+03    0.609338232290611E+01    0.277332145846378E+00
    0.791700000000000E+03    0.328574578869097E+01    0.276762395240978E+00
    0.791720000000000E+03    0.331681612814509E+01    0.276763122707929E+00
    0.797980000000000E+03    0.481153698919570E+00    0.277852497027249E+00
    0.798000000000000E+03    0.512267878246121E+00    0.277856534981248E+00
    0.804260000000000E+03    0.397352550979940E+01    0.278667743435636E+00
    0.804280000000000E+03    0.400467227295076E+01    0.278670297961847E+00
    0.810540000000000E+03    0.119492944794729E+01    0.280032587434217E+00
    0.810560000000000E+03    0.122613083662986E+01    0.280037237599123E+00
    0.816820000000000E+03    0.471376768989740E+01    0.280417086404105E+00
    0.816840000000000E+03    0.474498447671044E+01    0.280415145681396E+00
    0.823100000000000E+03    0.194563928306570E+01    0.279901183874215E+00
    0.823120000000000E+03    0.197683524695731E+01    0.279900346293485E+00
    0.829400000000000E+03    0.548540159408344E+01    0.279027609092287E+00
    0.829420000000000E+03    0.551656259024526E+01    0.279022131608455E+00
    0.835680000000000E+03    0.269280011936530E+01    0.277492904682644E+00
    0.835700000000000E+03    0.272389969393976E+01    0.277490598435401E+00
    0.841960000000000E+03    0.617287648824640E+01    0.277214429589886E+00
    0.841980000000000E+03    0.620396506846987E+01    0.277213121857932E+00
    0.848240000000000E+03    0.336534081142008E+01    0.276871152285006E+00
    0.848260000000000E+03    0.339641569269088E+01    0.276872396518334E+00
    0.854520000000000E+03    0.563182918734128E+00    0.278130704028692E+00
    0.854540000000000E+03    0.594308238062013E+00    0.278135315187058E+00
    0.860800000000000E+03    0.405981284032760E+01    0.279020692373346E+00
    0.860820000000000E+03    0.409097373021973E+01    0.279022988303189E+00
    0.867080000000000E+03    0.128472103361105E+01    0.280222280473152E+00
    0.867100000000000E+03    0.131593001149054E+01    0.280226363514326E+00
    0.873380000000000E+03    0.483599807740825E+01    0.280408434957649E+00
    0.873400000000000E+03    0.486721435342361E+01    0.280405658394714E+00
    0.879660000000000E+03    0.206597274076103E+01    0.279620024667033E+00
    0.879680000000000E+03    0.209715744933669E+01    0.279618568291395E+00
    0.885940000000000E+03    0.557049224693515E+01    0.278701671321624E+00
    0.885960000000000E+03    0.560164030678152E+01    0.278696351781325E+00
    0.892220000000000E+03    0.277416699693026E+01    0.277226891233381E+00
    0.892240000000000E+03    0.280525597825022E+01    0.277224902948359E+00
    0.898500000000000E+03    0.625202452315079E+01    0.277159715536325E+00
    0.898520000000000E+03    0.628311093616094E+01    0.277159325085299E+00
    0.904780000000000E+03    0.344540210434661E+01    0.277043838025400E+00
    0.904800000000000E+03    0.347648390547283E+01    0.277045538868425E+00
    0.911080000000000E+03    0.677380521055284E+00    0.278443069298436E+00
    0.911100000000000E+03    0.708518337262149E+00    0.278448110010145E+00
    0.917360000000000E+03    0.417840143576564E+01    0.279362643292077E+00
    0.917380000000000E+03    0.420957599248777E+01    0.279364543727041E+00
    0.923640000000000E+03    0.140638886876513E+01    0.280355837307647E+00
    0.923660000000000E+03    0.143760318189538E+01    0.280359222303167E+00
    0.929920000000000E+03    0.492682495884219E+01    0.280333233202923E+00
    0.929940000000000E+03    0.495803823109554E+01    0.280329696075921E+00
    0.936200000000000E+03    0.215425762988025E+01    0.279302925913879E+00
    0.936220000000000E+03    0.218542960743662E+01    0.279300963142359E+00
    0.942480000000000E+03    0.565448778383643E+01    0.278381329994501E+00
    0.942500000000000E+03    0.568562302847067E+01    0.278376329092099E+00
    0.948780000000000E+03    0.288586183520579E+01    0.277008667893231E+00
    0.948800000000000E+03    0.291694204082091E+01    0.277007119584283E+00
    0.955060000000000E+03    0.790170288723857E-01    0.277165616854226E+00
    0.955080000000000E+03    0.110103626568389E+00    0.277166115151592E+00
    0.961340000000000E+03    0.355721707237126E+01    0.277271032293850E+00
    0.961360000000000E+03    0.358830795429139E+01    0.277273136628037E+00
    0.967620000000000E+03    0.761561863879024E+00    0.278764317323529E+00
    0.967640000000000E+03    0.792712535803275E+00    0.278769649603289E+00
    0.973900000000000E+03    0.426682776713392E+01    0.279671831721419E+00
    0.973920000000000E+03    0.429801468089840E+01    0.279673196532695E+00
    0.980180000000000E+03    0.149721262432672E+01    0.280417161242123E+00
    0.980200000000000E+03    0.152842938683602E+01    0.280419774845823E+00
    0.986480000000000E+03    0.504831764297614E+01    0.280186877849853E+00
    0.986500000000000E+03    0.507952506308015E+01    0.280182660653059E+00
    0.992760000000000E+03    0.227255649182052E+01    0.278956403424352E+00
    0.992780000000000E+03    0.230371456349781E+01    0.278954071620526E+00
    0.999040000000000E+03    0.576836923052588E+01    0.278073111550016E+00
    0.999060000000000E+03    0.579949212446445E+01    0.278068564716324E+00
    0.100532000000000E+04    0.296569313464056E+01    0.276845802076892E+00
    0.100534000000000E+04    0.299676689130365E+01    0.276844717852638E+00
    0.101160000000000E+04    0.158080144813766E+00    0.277231258750186E+00
    0.101162000000000E+04    0.189169411532475E+00    0.277232689529574E+00
    0.101788000000000E+04    0.363863405266397E+01    0.277543959137364E+00
    0.101790000000000E+04    0.366973586215317E+01    0.277546361714949E+00
    0.102416000000000E+04    0.846772687422799E+00    0.279089028094557E+00
    0.102418000000000E+04    0.877936346937986E+00    0.279094487283479E+00
    0.103046000000000E+04    0.438723084169214E+01    0.279941397336403E+00
    0.103048000000000E+04    0.441842852029185E+01    0.279942110771773E+00
    0.103674000000000E+04    0.161932449117899E+01    0.280410687192367E+00
    0.103676000000000E+04    0.165054097247707E+01    0.280412469194460E+00
    0.104302000000000E+04    0.513780154455185E+01    0.279986211350663E+00
    0.104304000000000E+04    0.516900090660738E+01    0.279981446234439E+00
    0.104930000000000E+04    0.235844853729577E+01    0.278600092920284E+00
    0.104932000000000E+04    0.238959236564597E+01    0.278597532799782E+00
    0.105558000000000E+04    0.585001492734682E+01    0.277800052341379E+00
    0.105560000000000E+04    0.588112690970252E+01    0.277796103345046E+00
    0.106186000000000E+04    0.304503351658036E+01    0.276744548566540E+00
    0.106188000000000E+04    0.307610324115490E+01    0.276743979007499E+00
    0.106816000000000E+04    0.268522775859310E+00    0.277358001179577E+00
    0.106818000000000E+04    0.299617127539250E+00    0.277360295738537E+00
    0.107444000000000E+04    0.375207274841773E+01    0.277857074293086E+00
    0.107446000000000E+04    0.378318708978509E+01    0.277859683434098E+00
    0.108072000000000E+04    0.964259918917605E+00    0.279408637031912E+00
    0.108074000000000E+04    0.995436359967243E+00    0.279414039534117E+00
    0.108700000000000E+04    0.447712550287906E+01    0.280157423471234E+00
    0.108702000000000E+04    0.450833180554741E+01    0.280157391922849E+00
    0.109328000000000E+04    0.171010437328505E+01    0.280331149648677E+00
    0.109330000000000E+04    0.174131764787398E+01    0.280332098011640E+00
    0.109956000000000E+04    0.522636520361220E+01    0.279736710467318E+00
    0.109958000000000E+04    0.525755459966172E+01    0.279731542935379E+00
    0.110586000000000E+04    0.247425243656198E+01    0.278242029157609E+00
    0.110588000000000E+04    0.250538195399668E+01    0.278239396875784E+00
    0.111214000000000E+04    0.596180700750483E+01    0.277562700948509E+00
    0.111216000000000E+04    0.599290951280045E+01    0.277559450860996E+00
    0.111842000000000E+04    0.315516038299143E+01    0.276706848192829E+00
    0.111844000000000E+04    0.318622861707445E+01    0.276706842886778E+00
    0.112470000000000E+04    0.348363429845676E+00    0.277537274851822E+00
    0.112472000000000E+04    0.379464961611575E+00    0.277540376501646E+00
    0.113098000000000E+04    0.383542342321834E+01    0.278194839738671E+00
    0.113100000000000E+04    0.386655127836752E+01    0.278197510874122E+00
    0.113726000000000E+04    0.105163540402418E+01    0.279699171962200E+00
    0.113728000000000E+04    0.108282345967518E+01    0.279704360819577E+00
    0.114354000000000E+04    0.456750409773281E+01    0.280312601085856E+00
    0.114356000000000E+04    0.459871659051441E+01    0.280311762516092E+00
    0.114984000000000E+04    0.183174290421243E+01    0.280184239092391E+00
    0.114986000000000E+04    0.186295027705523E+01    0.280184373024438E+00
    0.115612000000000E+04    0.534504996850546E+01    0.279444265520189E+00
    0.115614000000000E+04    0.537622767646985E+01    0.279438845593804E+00
    0.116240000000000E+04    0.255771744929302E+01    0.277900431669798E+00
    0.116242000000000E+04    0.258883331712582E+01    0.277897849826217E+00
    0.116868000000000E+04    0.604169002071990E+01    0.277376348199904E+00
    0.116870000000000E+04    0.607278509246839E+01    0.277373896040526E+00
    0.117496000000000E+04    0.323415077720597E+01    0.276734261128250E+00
    0.117498000000000E+04    0.326522012569444E+01    0.276734794367833E+00
    0.118124000000000E+04    0.428871360598578E+00    0.277764299614972E+00
    0.118126000000000E+04    0.459981980238126E+00    0.277768123183075E+00
    0.118754000000000E+04    0.395099275281700E+01    0.278550373222429E+00
    0.118756000000000E+04    0.398213482924871E+01    0.278552985230767E+00
    0.119382000000000E+04    0.117116505573722E+01    0.279958374176983E+00
    0.119384000000000E+04    0.120236346938577E+01    0.279963173203872E+00
    0.120010000000000E+04    0.468936059713701E+01    0.280399168997466E+00
    0.120012000000000E+04    0.472057653553543E+01    0.280397486738676E+00
    0.120638000000000E+04    0.192159380441262E+01    0.279974871125074E+00
    0.120640000000000E+04    0.195279277734949E+01    0.279974256461461E+00
    0.121266000000000E+04    0.543138967701566E+01    0.279132136040737E+00
    0.121268000000000E+04    0.546255491059583E+01    0.279126647423319E+00
    0.121894000000000E+04    0.264004963860975E+01    0.277584688957495E+00
    0.121896000000000E+04    0.267115289217031E+01    0.277582281378686E+00
    0.122524000000000E+04    0.615204544602784E+01    0.277241650730557E+00
    0.122526000000000E+04    0.618313515081877E+01    0.277240052811287E+00
    0.123152000000000E+04    0.334435878788418E+01    0.276826285633173E+00
    0.123154000000000E+04    0.337543183518119E+01    0.276827362056972E+00
    0.123780000000000E+04    0.541323439261532E+00    0.278035538615092E+00
    0.123782000000000E+04    0.572444914550260E+00    0.278039966162398E+00
    0.124408000000000E+04    0.403653130072780E+01    0.278905464484516E+00
    0.124410000000000E+04    0.406768757763439E+01    0.278907861618358E+00
    0.125036000000000E+04    0.126032269912253E+01    0.280164736126605E+00
    0.125038000000000E+04    0.129152935470870E+01    0.280169011886989E+00
    0.125664000000000E+04    0.478002726316549E+01    0.280416516189675E+00
    0.125666000000000E+04    0.481124387857881E+01    0.280414006218681E+00
    0.126294000000000E+04    0.204185896473291E+01    0.279711308988022E+00
    0.126296000000000E+04    0.207304737311074E+01    0.279710035559684E+00
    0.126922000000000E+04    0.554767240986757E+01    0.278802851900750E+00
    0.126924000000000E+04    0.557882448230544E+01    0.278797452963250E+00
    0.127550000000000E+04    0.275244131373915E+01    0.277303341127313E+00
    0.127552000000000E+04    0.278353332868051E+01    0.277301239297019E+00
    0.128178000000000E+04    0.623088753619959E+01    0.277166991886054E+00
    0.128180000000000E+04    0.626197427445913E+01    0.277166299291341E+00
    0.128806000000000E+04    0.342384855341197E+01    0.276978377313276E+00
    0.128808000000000E+04    0.345492770215742E+01    0.276979927807115E+00
    0.129434000000000E+04    0.623614456442965E+00    0.278333003080384E+00
    0.129436000000000E+04    0.654747835159469E+00    0.278337917633482E+00
    0.130062000000000E+04    0.412314218949518E+01    0.279249517888479E+00
    0.130064000000000E+04    0.415431222313464E+01    0.279251560105526E+00
    0.130692000000000E+04    0.138133394326383E+01    0.280317540674312E+00
    0.130694000000000E+04    0.141254669647628E+01    0.280321155543573E+00
    0.131320000000000E+04    0.490169152174349E+01    0.280360577761093E+00
    0.131322000000000E+04    0.493290588321133E+01    0.280357274870096E+00
    0.131948000000000E+04    0.212998159629569E+01    0.279406240170514E+00
    0.131950000000000E+04    0.216115778373432E+01    0.279404422060105E+00
    0.132576000000000E+04    0.563157218414926E+01    0.278480491199312E+00
    0.132578000000000E+04    0.566271137417561E+01    0.278475359162102E+00
    0.133204000000000E+04    0.283283303810504E+01    0.277070128535300E+00
    0.133206000000000E+04    0.286391573896390E+01    0.277068403749085E+00
    0.133832000000000E+04    0.263341500726710E-01    0.277152251226031E+00
    0.133834000000000E+04    0.574203144105923E-01    0.277152481535465E+00
    0.134462000000000E+04    0.353496791344560E+01    0.277188196543615E+00
    0.134464000000000E+04    0.356605547129539E+01    0.277190181216801E+00
    0.135090000000000E+04    0.738092022266756E+00    0.278654786171521E+00
    0.135092000000000E+04    0.769238276512624E+00    0.278660030225430E+00
    0.135718000000000E+04    0.424193964457891E+01    0.279570886813742E+00
    0.135720000000000E+04    0.427312252611137E+01    0.279572443631246E+00
    0.136346000000000E+04    0.147157323548481E+01    0.280401612088541E+00
    0.136348000000000E+04    0.150278933621075E+01    0.280404483876458E+00
    0.136974000000000E+04    0.499168879981653E+01    0.280240434898917E+00
    0.136976000000000E+04    0.502289834094518E+01    0.280236432087115E+00
    0.137602000000000E+04    0.221703290662526E+01    0.279071238567761E+00
    0.137604000000000E+04    0.224819568618386E+01    0.279069005158291E+00
    0.138232000000000E+04    0.574541773767669E+01    0.278167306019171E+00
    0.138234000000000E+04    0.577654441214918E+01    0.278162582462394E+00
    0.138860000000000E+04    0.294356704820257E+01    0.276888744939363E+00
    0.138862000000000E+04    0.297464250337634E+01    0.276887494639339E+00
    0.139488000000000E+04    0.136057835026349E+00    0.277198937087578E+00
    0.139490000000000E+04    0.167145876343056E+00    0.277200074556302E+00
    0.140116000000000E+04    0.361572452028850E+01    0.277445484463875E+00
    0.140118000000000E+04    0.364682238346131E+01    0.277447795642552E+00
    0.140744000000000E+04    0.822530106639078E+00    0.278978514017196E+00
    0.140746000000000E+04    0.853689313365976E+00    0.278983940729927E+00
    0.141372000000000E+04    0.433045890737185E+01    0.279853295247022E+00
    0.141374000000000E+04    0.436165307751526E+01    0.279854240230287E+00
    0.142000000000000E+04    0.156202364101591E+01    0.280416861765096E+00
    0.142002000000000E+04    0.159324033698249E+01    0.280418928550839E+00
    0.142630000000000E+04    0.511222675405634E+01    0.280055125723453E+00
    0.142632000000000E+04    0.514342887095563E+01    0.280050523354904E+00
    0.143258000000000E+04    0.233407749153412E+01    0.278716815354163E+00
    0.143260000000000E+04    0.236522611157216E+01    0.278714317785188E+00
    0.143886000000000E+04    0.582702250404782E+01    0.277884722045909E+00
    0.143888000000000E+04    0.585813788638825E+01    0.277880555372296E+00
    0.144514000000000E+04    0.302267400532219E+01    0.276767818434142E+00
    0.144516000000000E+04    0.305374461905967E+01    0.276767070526062E+00
    0.145142000000000E+04    0.214912929236561E+00    0.277304010200101E+00
    0.145144000000000E+04    0.246005173665253E+00    0.277306033610914E+00
    0.145770000000000E+04    0.369734371520917E+01    0.277743355668708E+00
    0.145772000000000E+04    0.372845350459284E+01    0.277745895801219E+00
    0.146400000000000E+04    0.939244572201460E+00    0.279301829465006E+00
    0.146402000000000E+04    0.970416716405907E+00    0.279307259183742E+00
    0.147028000000000E+04    0.445092230774208E+01    0.280087706731617E+00
    0.147030000000000E+04    0.448212584358635E+01    0.280087937361690E+00
    0.147656000000000E+04    0.168366297968578E+01    0.280363136354205E+00
    0.147658000000000E+04    0.171487751663562E+01    0.280364365056234E+00
    0.148284000000000E+04    0.520070498835094E+01    0.279821980508051E+00
    0.148286000000000E+04    0.523189777686639E+01    0.279816931425001E+00
    0.148912000000000E+04    0.241876099549700E+01    0.278360893159552E+00
    0.148914000000000E+04    0.244989533864646E+01    0.278358272906608E+00
    0.149540000000000E+04    0.590763686745322E+01    0.277637616505609E+00
    0.149542000000000E+04    0.593874237116142E+01    0.277634124397332E+00
    0.150170000000000E+04    0.313250263652253E+01    0.276709272993717E+00
    0.150172000000000E+04    0.316357083926823E+01    0.276709088245640E+00
    0.150798000000000E+04    0.325275675631019E+00    0.277466419046302E+00
    0.150800000000000E+04    0.356374391762529E+00    0.277469267145241E+00
    0.151426000000000E+04    0.381103978077499E+01    0.278073635992529E+00
    0.151428000000000E+04    0.384216279396423E+01    0.278076305046954E+00
    0.152054000000000E+04    0.102584284767590E+01    0.279599683601597E+00
    0.152056000000000E+04    0.105702696586650E+01    0.279604963942151E+00
    0.152682000000000E+04    0.454072069919584E+01    0.280263647812447E+00
    0.152684000000000E+04    0.457193123327670E+01    0.280263091682546E+00
    0.153310000000000E+04    0.177378099718362E+01    0.280238053844215E+00
    0.153312000000000E+04    0.180499051353536E+01    0.280238463394110E+00
    0.153940000000000E+04    0.531933523711905E+01    0.279541570293136E+00
    0.153942000000000E+04    0.535051694174672E+01    0.279536220234893E+00
    0.154568000000000E+04    0.253338440907874E+01    0.278012090845101E+00
    0.154570000000000E+04    0.256450483746994E+01    0.278009480142227E+00
    0.155196000000000E+04    0.601850939969790E+01    0.277431711043183E+00
    0.155198000000000E+04    0.604960661927817E+01    0.277428977159462E+00
    0.155824000000000E+04    0.321113567322118E+01    0.276714147881140E+00
    0.155826000000000E+04    0.324220422959206E+01    0.276714499921410E+00
    0.156452000000000E+04    0.405228596956476E+00    0.277678950876857E+00
    0.156454000000000E+04    0.436335841767232E+00    0.277682549970826E+00
    0.157080000000000E+04    0.389478767948276E+01    0.278422623045358E+00
    0.157082000000000E+04    0.392592460543756E+01    0.278425260869420E+00
    0.157708000000000E+04    0.111354013528307E+01    0.279868361449824E+00
    0.157710000000000E+04    0.114473501654402E+01    0.279873319423256E+00
    0.158338000000000E+04    0.466222566977740E+01    0.280375017484568E+00
    0.158340000000000E+04    0.469344078323411E+01    0.280373630224690E+00
    0.158966000000000E+04    0.189480259753600E+01    0.280051604028238E+00
    0.158968000000000E+04    0.192600460120730E+01    0.280051236875435E+00
    0.159594000000000E+04    0.540581648452689E+01    0.279238312423128E+00
    0.159596000000000E+04    0.543698595156820E+01    0.279232832072887E+00
    0.160222000000000E+04    0.261583111274922E+01    0.277687999462868E+00
    0.160224000000000E+04    0.264693855786209E+01    0.277685525804165E+00
    0.160850000000000E+04    0.609771898417193E+01    0.277280519379591E+00
    0.160852000000000E+04    0.612881017693007E+01    0.277278629294270E+00
    0.161478000000000E+04    0.328995706089290E+01    0.276783567408447E+00
    0.161480000000000E+04    0.332102839944082E+01    0.276784452113774E+00
    0.162108000000000E+04    0.517142851852441E+00    0.277937512248481E+00
    0.162110000000000E+04    0.548260450094858E+00    0.277941753397713E+00
    0.162736000000000E+04    0.401085624645066E+01    0.278781179406039E+00
    0.162738000000000E+04    0.404200747739242E+01    0.278783665709160E+00
    0.163364000000000E+04    0.123339368172537E+01    0.280097478241336E+00
    0.163366000000000E+04    0.126459765553091E+01    0.280101951997725E+00
    0.163992000000000E+04    0.475268801732091E+01    0.280416479773340E+00
    0.163994000000000E+04    0.478390484699503E+01    0.280414261322553E+00
    0.164620000000000E+04    0.198398193771072E+01    0.279809187925220E+00
    0.164622000000000E+04    0.201517422350844E+01    0.279808136880645E+00
    0.165248000000000E+04    0.549121242978799E+01    0.278918408720520E+00
    0.165250000000000E+04    0.552236906150438E+01    0.278912973695033E+00
    0.165878000000000E+04    0.272841724182854E+01    0.277393207398437E+00
    0.165880000000000E+04    0.275951290378271E+01    0.277390998687920E+00
    0.166506000000000E+04    0.620763216049409E+01    0.277184240508319E+00
    0.166508000000000E+04    0.623871952816125E+01    0.277183219631656E+00
    0.167134000000000E+04    0.340022918110299E+01    0.276915627870137E+00
    0.167136000000000E+04    0.343130580573779E+01    0.276917023406127E+00
    0.167762000000000E+04    0.598936575633161E+00    0.278224976911597E+00
    0.167764000000000E+04    0.630065724704764E+00    0.278229748944488E+00
    0.168390000000000E+04    0.409695338705887E+01    0.279130226967710E+00
    0.168392000000000E+04    0.412811856753297E+01    0.279132409879183E+00
    0.169018000000000E+04    0.132280751950339E+01    0.280268421004836E+00
    0.169020000000000E+04    0.135401804458979E+01    0.280272275266030E+00
    0.169648000000000E+04    0.487418448536982E+01    0.280382854718147E+00
    0.169650000000000E+04    0.490539976670289E+01    0.280379819296312E+00
    0.170276000000000E+04    0.210332189879546E+01    0.279513366246141E+00
    0.170278000000000E+04    0.213450239532494E+01    0.279511727828868E+00
    0.170904000000000E+04    0.560635341772831E+01    0.278588067502471E+00
    0.170906000000000E+04    0.563749686149595E+01    0.278582825177342E+00
    0.171532000000000E+04    0.280875513384035E+01    0.277142777570052E+00
    0.171534000000000E+04    0.283984078317644E+01    0.277140930516295E+00
    0.172160000000000E+04    0.277986125865937E-02    0.277148118555163E+00
    0.172162000000000E+04    0.338658303476222E-01    0.277148025638018E+00
    0.172788000000000E+04    0.347969393735275E+01    0.277103645905933E+00
    0.172790000000000E+04    0.351077805113846E+01    0.277105476051607E+00
    0.173416000000000E+04    0.681495205907595E+00    0.278533513348158E+00
    0.173418000000000E+04    0.712636690067939E+00    0.278538674437838E+00
    0.174046000000000E+04    0.421497731317731E+01    0.279459427183598E+00
    0.174048000000000E+04    0.424615581231910E+01    0.279461181637363E+00
    0.174674000000000E+04    0.144372912116160E+01    0.280377676934433E+00
    0.174676000000000E+04    0.147494423610533E+01    0.280380817191807E+00
    0.175302000000000E+04    0.496398949184368E+01    0.280286933693785E+00
    0.175304000000000E+04    0.499520090505439E+01    0.280283169730103E+00
    0.175930000000000E+04    0.219040163626050E+01    0.279189065503590E+00
    0.175932000000000E+04    0.222156912807850E+01    0.279186970454781E+00
    0.176558000000000E+04    0.568913660554290E+01    0.278274232919269E+00
    0.176560000000000E+04    0.572026751336671E+01    0.278269360412763E+00
    0.177186000000000E+04    0.288831108979821E+01    0.276943061613280E+00
    0.177188000000000E+04    0.291938872405490E+01    0.276941636338546E+00
    0.177816000000000E+04    0.112138044550647E+00    0.277172965547508E+00
    0.177818000000000E+04    0.143225010712740E+00    0.277173782962225E+00
    0.178444000000000E+04    0.359092061521187E+01    0.277345811281332E+00
    0.178446000000000E+04    0.362201434454073E+01    0.277348026099622E+00
    0.179072000000000E+04    0.796311661261825E+00    0.278859747133025E+00
    0.179074000000000E+04    0.827466157916660E+00    0.278865135953266E+00
    0.179700000000000E+04    0.430279096530103E+01    0.279754406028933E+00
    0.179702000000000E+04    0.433398122953577E+01    0.279755586404005E+00
    0.180328000000000E+04    0.153371883663294E+01    0.280416720539717E+00
    0.180330000000000E+04    0.156493553157497E+01    0.280419077539424E+00
    0.180956000000000E+04    0.505317745541333E+01    0.280127308025534E+00
    0.180958000000000E+04    0.508438249112623E+01    0.280122915093859E+00
    0.181586000000000E+04    0.230748230958397E+01    0.278840896937534E+00
    0.181588000000000E+04    0.233863588143549E+01    0.278838486711628E+00
    0.182214000000000E+04    0.580189801297820E+01    0.277978216270630E+00
    0.182216000000000E+04    0.583301706985321E+01    0.277973828748420E+00
    0.182842000000000E+04    0.299832924759221E+01    0.276800175093043E+00
    0.182844000000000E+04    0.302940117659318E+01    0.276799247992084E+00
    0.183470000000000E+04    0.190562767824304E+00    0.277257339062613E+00
    0.183472000000000E+04    0.221653150252678E+00    0.277259051655228E+00
    0.184098000000000E+04    0.367190503298889E+01    0.277629634632904E+00
    0.184100000000000E+04    0.370301020412398E+01    0.277632110733061E+00
    0.184726000000000E+04    0.881161958717712E+00    0.279180817594627E+00
    0.184728000000000E+04    0.912329257001602E+00    0.279186270671939E+00
    0.185354000000000E+04    0.439149958553526E+01    0.280006573198437E+00
    0.185356000000000E+04    0.442269992098409E+01    0.280007074820779E+00
    0.185984000000000E+04    0.165509341266397E+01    0.280388870680486E+00
    0.185986000000000E+04    0.168630898789070E+01    0.280390395342835E+00
    0.186612000000000E+04    0.517289510863657E+01    0.279908345987197E+00
    0.186614000000000E+04    0.520409138387186E+01    0.279903440298530E+00
    0.187240000000000E+04    0.239232999282012E+01    0.278486666477597E+00
    0.187242000000000E+04    0.242346938554101E+01    0.278484073727737E+00
    0.187868000000000E+04    0.588260894695577E+01    0.277719016066676E+00
    0.187870000000000E+04    0.591371766626207E+01    0.277715252406903E+00
    0.188496000000000E+04    0.307696058508964E+01    0.276719615301429E+00
    0.188498000000000E+04    0.310802931445915E+01    0.276719208756144E+00
    0.189124000000000E+04    0.269446685048933E+00    0.277398673650946E+00
    0.189126000000000E+04    0.300542751552712E+00    0.277401236359477E+00
    0.189754000000000E+04    0.378504879132242E+01    0.277951050766367E+00
    0.189756000000000E+04    0.381616684698611E+01    0.277953694144787E+00
    0.190382000000000E+04    0.998370596174482E+00    0.279493668546445E+00
    0.190384000000000E+04    0.102955039677317E+01    0.279499013082719E+00
    0.191010000000000E+04    0.451214249118038E+01    0.280205070462785E+00
    0.191012000000000E+04    0.454335074638493E+01    0.280204807036092E+00
    0.191638000000000E+04    0.174517498916794E+01    0.280289772714360E+00
    0.191640000000000E+04    0.177638657799162E+01    0.280290473055151E+00
    0.192266000000000E+04    0.526055528775532E+01    0.279648350560839E+00
    0.192268000000000E+04    0.529174115218302E+01    0.279643092954278E+00
    0.192894000000000E+04    0.247606825937919E+01    0.278136537494101E+00
    0.192896000000000E+04    0.250719364337920E+01    0.278133896027589E+00
    0.193524000000000E+04    0.599359953873727E+01    0.277497386180214E+00
    0.193526000000000E+04    0.602469941345225E+01    0.277494349808558E+00
    0.194152000000000E+04    0.318652044703822E+01    0.276702286392903E+00
    0.194154000000000E+04    0.321758850177957E+01    0.276702444095317E+00
    0.194780000000000E+04    0.380043475884577E+00    0.277595110435602E+00
    0.194782000000000E+04    0.411147433913357E+00    0.277598444041003E+00
    0.195408000000000E+04    0.386818907694487E+01    0.278293595159005E+00
    0.195410000000000E+04    0.389932086227509E+01    0.278296260186678E+00
    0.196036000000000E+04    0.108550875611309E+01    0.279774185824072E+00
    0.196038000000000E+04    0.111669976560643E+01    0.279779269621996E+00
    0.196664000000000E+04    0.460208309866448E+01    0.280340976628813E+00
    0.196666000000000E+04    0.463329676649118E+01    0.280339897941749E+00
    0.197294000000000E+04    0.186613195906284E+01    0.280125242057362E+00
    0.197296000000000E+04    0.189733694121514E+01    0.280125148252307E+00
    0.197922000000000E+04    0.537839243559210E+01    0.279349184231237E+00
    0.197924000000000E+04    0.540956632060488E+01    0.279343724863637E+00
    0.198550000000000E+04    0.258982689604045E+01    0.277800876036307E+00
    0.198552000000000E+04    0.262093885771628E+01    0.277798336302531E+00
    0.199178000000000E+04    0.607281625690075E+01    0.277327798154808E+00
    0.199180000000000E+04    0.610390937097873E+01    0.277325582604630E+00
    0.199806000000000E+04    0.326507844298203E+01    0.276749057979582E+00
    0.199808000000000E+04    0.329614838626821E+01    0.276749748568719E+00
    0.200434000000000E+04    0.460321097873475E+00    0.277834032204898E+00
    0.200436000000000E+04    0.491434659683819E+00    0.277838053414026E+00
    0.201062000000000E+04    0.395247821502335E+01    0.278647749292890E+00
    0.201064000000000E+04    0.398362417988619E+01    0.278650301334494E+00
    0.201692000000000E+04    0.120483192650363E+01    0.280020485593166E+00
    0.201694000000000E+04    0.123603276685390E+01    0.280025139156897E+00
    0.202320000000000E+04    0.472350025178002E+01    0.280407279469939E+00
    0.202322000000000E+04    0.475471653128579E+01    0.280405358199853E+00
    0.202948000000000E+04    0.195531194831210E+01    0.279900870355050E+00
    0.202950000000000E+04    0.198650793897696E+01    0.279900057353396E+00
    0.203576000000000E+04    0.546394151247978E+01    0.279034117117606E+00
    0.203578000000000E+04    0.549510278828711E+01    0.279028640404291E+00
    0.204204000000000E+04    0.267141847261291E+01    0.277496200115395E+00
    0.204206000000000E+04    0.270251824997695E+01    0.277493882686419E+00
    0.204832000000000E+04    0.615152937749644E+01    0.277212116267099E+00
    0.204834000000000E+04    0.618261788628024E+01    0.277210782090250E+00
    0.205462000000000E+04    0.337496567103835E+01    0.276859502659658E+00
    0.205464000000000E+04    0.340604001470820E+01    0.276860725692367E+00
    0.206090000000000E+04    0.572619440952167E+00    0.278114516167009E+00
    0.206092000000000E+04    0.603744276255384E+00    0.278119097007742E+00
    0.206718000000000E+04    0.406906650067094E+01    0.279000243284072E+00
    0.206720000000000E+04    0.410022682474892E+01    0.279002572141178E+00
    0.207346000000000E+04    0.129382815018653E+01    0.280213904401095E+00
    0.207348000000000E+04    0.132503680554919E+01    0.280218007957236E+00
    0.207974000000000E+04    0.481381880217486E+01    0.280406812034270E+00
    0.207976000000000E+04    0.484503503279666E+01    0.280404075190554E+00
    0.208602000000000E+04    0.204384542155503E+01    0.279627615068958E+00
    0.208604000000000E+04    0.207503046858710E+01    0.279626175519709E+00
    0.209232000000000E+04    0.557964430834727E+01    0.278706980623481E+00
    0.209234000000000E+04    0.561079261418172E+01    0.278701647438674E+00
    0.209860000000000E+04    0.278338516318217E+01    0.277230659147050E+00
    0.209862000000000E+04    0.281447429340778E+01    0.277228667033900E+00
    0.210488000000000E+04    0.626125249658207E+01    0.277155198518845E+00
    0.210490000000000E+04    0.915323367280507E-02    0.277154769081959E+00
    0.211116000000000E+04    0.345450373935591E+01    0.277030550340993E+00
    0.211118000000000E+04    0.348558500619993E+01    0.277032244324082E+00
    0.211744000000000E+04    0.655164603897902E+00    0.278421458910857E+00
    0.211746000000000E+04    0.686301562704557E+00    0.278426493030130E+00
    0.212372000000000E+04    0.415591344132054E+01    0.279342350623081E+00
    0.212374000000000E+04    0.418708717913796E+01    0.279344267522327E+00
    0.213000000000000E+04    0.138369166295206E+01    0.280344473947459E+00
    0.213002000000000E+04    0.141490554052007E+01    0.280347898747263E+00
    0.213630000000000E+04    0.493528829265642E+01    0.280331786950151E+00
    0.213632000000000E+04    0.496650153201608E+01    0.280328278324155E+00
    0.214258000000000E+04    0.216276790646771E+01    0.279312089069190E+00
    0.214260000000000E+04    0.219394020445725E+01    0.279310142336159E+00
    0.214886000000000E+04    0.566309335458027E+01    0.278388144789199E+00
    0.214888000000000E+04    0.569422883271272E+01    0.278383119780565E+00
    0.215514000000000E+04    0.286343091624849E+01    0.277012456269436E+00
    0.215516000000000E+04    0.289451132664499E+01    0.277010865451958E+00
    0.216142000000000E+04    0.565700660263246E-01    0.277157974042585E+00
    0.216144000000000E+04    0.876563956885548E-01    0.277158467629405E+00
    0.216770000000000E+04    0.353461402354014E+01    0.277253069415984E+00
    0.216772000000000E+04    0.356570419155105E+01    0.277255147053577E+00
    0.217400000000000E+04    0.769840152650886E+00    0.278746252926034E+00
    0.217402000000000E+04    0.800990102595279E+00    0.278751570212241E+00
    0.218028000000000E+04    0.427486212929489E+01    0.279653773321162E+00
    0.218030000000000E+04    0.430604831522623E+01    0.279655168031543E+00
    0.218656000000000E+04    0.150510194544268E+01    0.280412441894562E+00
    0.218658000000000E+04    0.153631852152330E+01    0.280415090884397E+00
    0.219284000000000E+04    0.502499036599329E+01    0.280193649019914E+00
    0.219286000000000E+04    0.505619804525622E+01    0.280189470064894E+00
    0.219912000000000E+04    0.224937388851549E+01    0.278971244910351E+00
    0.219914000000000E+04    0.228053255500572E+01    0.278968922683731E+00
    0.220540000000000E+04    0.574536706819936E+01    0.278086044208078E+00
    0.220542000000000E+04    0.577649047140812E+01    0.278081476380060E+00
    0.221170000000000E+04    0.297386696297690E+01    0.276847312929055E+00
    0.221172000000000E+04    0.300494078336760E+01    0.276846212235184E+00
    0.221798000000000E+04    0.166217697050797E+00    0.277221803627144E+00
    0.221800000000000E+04    0.197306594317979E+00    0.277223193164203E+00
    0.222426000000000E+04    0.364657502367209E+01    0.277524473692849E+00
    0.222428000000000E+04    0.367767605665540E+01    0.277526872819473E+00
    0.223054000000000E+04    0.854470908539497E+00    0.279069311649505E+00
    0.223056000000000E+04    0.885633781549586E+00    0.279074763516274E+00
    0.223682000000000E+04    0.436348258040789E+01    0.279923296201753E+00
    0.223684000000000E+04    0.439467953222220E+01    0.279924048319815E+00
    0.224310000000000E+04    0.159543862410737E+01    0.280407626509327E+00
    0.224312000000000E+04    0.162665498417527E+01    0.280409460072798E+00
    0.224940000000000E+04    0.514517218151877E+01    0.279992531927040E+00
    0.224942000000000E+04    0.517637180399197E+01    0.279987787188813E+00
    0.225568000000000E+04    0.236595149320328E+01    0.278614731606644E+00
    0.225570000000000E+04    0.239709590792108E+01    0.278612184954201E+00
    0.226196000000000E+04    0.585767804371562E+01    0.277808257970926E+00
    0.226198000000000E+04    0.588879034818501E+01    0.277804267598220E+00
    0.226824000000000E+04    0.305273082575286E+01    0.276743458046445E+00
    0.226826000000000E+04    0.308380050900814E+01    0.276742867967306E+00
    0.227452000000000E+04    0.245051613462692E+00    0.277342865346651E+00
    0.227454000000000E+04    0.276145364695822E+00    0.277345120956242E+00
    0.228080000000000E+04    0.372834024883468E+01    0.277831626865292E+00
    0.228082000000000E+04    0.375945357466298E+01    0.277834217946693E+00
    0.228708000000000E+04    0.940195250096622E+00    0.279382801603285E+00
    0.228710000000000E+04    0.971370659824061E+00    0.279388219825473E+00
    0.229338000000000E+04    0.448399563149405E+01    0.280141893767186E+00
    0.229340000000000E+04    0.451520131023290E+01    0.280141907282824E+00
    0.229966000000000E+04    0.171689386402977E+01    0.280334024646958E+00
    0.229968000000000E+04    0.174810725417001E+01    0.280335019953017E+00
    0.230594000000000E+04    0.523324800969385E+01    0.279746743513940E+00
    0.230596000000000E+04    0.526443781676016E+01    0.279741589926013E+00
    0.231222000000000E+04    0.245016957866164E+01    0.278260747874470E+00
    0.231224000000000E+04    0.248129984682510E+01    0.278258107445686E+00
    0.231850000000000E+04    0.593791396308097E+01    0.277573093474026E+00
    0.231852000000000E+04    0.596901687721311E+01    0.277569802258274E+00
    0.232478000000000E+04    0.313130517930949E+01    0.276702339134173E+00
    0.232480000000000E+04    0.316237323615678E+01    0.276702283235298E+00
    0.233108000000000E+04    0.355455686992173E+00    0.277520645754959E+00
    0.233110000000000E+04    0.386556559707969E+00    0.277523698182037E+00
    0.233736000000000E+04    0.384222967578808E+01    0.278168922023965E+00
    0.233738000000000E+04    0.387335649779152E+01    0.278171599967317E+00
    0.234364000000000E+04    0.105815274594988E+01    0.279679031315033E+00
    0.234366000000000E+04    0.108933999880946E+01    0.279684233862026E+00
    0.234992000000000E+04    0.457380304790149E+01    0.280300002352517E+00
    0.234994000000000E+04    0.460501503241767E+01    0.280299214885382E+00
    0.235620000000000E+04    0.180680145519864E+01    0.280191534772320E+00
    0.235622000000000E+04    0.183800911741037E+01    0.280191722735536E+00
    0.236248000000000E+04    0.532028581692521E+01    0.279463160332212E+00
    0.236250000000000E+04    0.535146429609995E+01    0.279457758805384E+00
    0.236878000000000E+04    0.256432004651742E+01    0.277917112810826E+00
    0.236880000000000E+04    0.259543658244320E+01    0.277914530159290E+00
    0.237506000000000E+04    0.604844519997096E+01    0.277381473224975E+00
    0.237508000000000E+04    0.607954046601571E+01    0.277378960906155E+00
    0.238134000000000E+04    0.324086710805614E+01    0.276725529950504E+00
    0.238136000000000E+04    0.327193611217081E+01    0.276726036661163E+00
    0.238762000000000E+04    0.435415756485781E+00    0.277743795248900E+00
    0.238764000000000E+04    0.466525563764208E+00    0.277747571287805E+00
    0.239390000000000E+04    0.392606816555826E+01    0.278519343321898E+00
    0.239392000000000E+04    0.395720900607330E+01    0.278521957508379E+00
    0.240018000000000E+04    0.114588736078622E+01    0.279934799506213E+00
    0.240020000000000E+04    0.117708483605156E+01    0.279939638541195E+00
    0.240648000000000E+04    0.469509919538223E+01    0.280390588715773E+00
    0.240650000000000E+04    0.472631478331959E+01    0.280388961924495E+00
    0.241276000000000E+04    0.192735548907785E+01    0.279987120974060E+00
    0.241278000000000E+04    0.195855494624175E+01    0.279986555189308E+00
    0.241904000000000E+04    0.543735184166962E+01    0.279148576106882E+00
    0.241906000000000E+04    0.546851775293408E+01    0.279143082561791E+00
    0.242532000000000E+04    0.264621438633458E+01    0.277601072026745E+00
    0.242534000000000E+04    0.267731829245895E+01    0.277598655586021E+00
    0.243160000000000E+04    0.612724952425742E+01    0.277245457821333E+00
    0.243162000000000E+04    0.615833936572108E+01    0.277243800474084E+00
    0.243788000000000E+04    0.331948876449678E+01    0.276811748931476E+00
    0.243790000000000E+04    0.335056123942149E+01    0.276812771603145E+00
    0.244416000000000E+04    0.516179031233605E+00    0.278006866608098E+00
    0.244418000000000E+04    0.547299369266966E+00    0.278011262020722E+00
    0.245046000000000E+04    0.404214436181383E+01    0.278875297101273E+00
    0.245048000000000E+04    0.407329943810919E+01    0.278877719022216E+00
    0.245674000000000E+04    0.126564375926228E+01    0.280148526250984E+00
    0.245676000000000E+04    0.129684977490479E+01    0.280152841482219E+00
    0.246302000000000E+04    0.478521823864321E+01    0.280412772749997E+00
    0.246304000000000E+04    0.481643469167921E+01    0.280410320006494E+00
    0.246930000000000E+04    0.201594354660438E+01    0.279729512028148E+00
    0.246932000000000E+04    0.204713267250690E+01    0.279728283014915E+00
    0.247558000000000E+04    0.552204013833216E+01    0.278826881737270E+00
    0.247560000000000E+04    0.555319320250737E+01    0.278821479983198E+00
    0.248186000000000E+04    0.272707390975484E+01    0.277320809094776E+00
    0.248188000000000E+04    0.275816658928898E+01    0.277318669024389E+00
    0.248816000000000E+04    0.623669781531271E+01    0.277165121955291E+00
    0.248818000000000E+04    0.626778441104943E+01    0.277164357691180E+00
    0.249444000000000E+04    0.342949227117333E+01    0.276958961174960E+00
    0.249446000000000E+04    0.346057065635569E+01    0.276960486064844E+00
    0.250072000000000E+04    0.628979045392953E+00    0.278304505604213E+00
    0.250074000000000E+04    0.660111411801154E+00    0.278309394082872E+00
    0.250700000000000E+04    0.412813720624445E+01    0.279218414487593E+00
    0.250702000000000E+04    0.415930598512841E+01    0.279220490158402E+00
    0.251328000000000E+04    0.135480568701041E+01    0.280300350321932E+00
    0.251330000000000E+04    0.138601762607823E+01    0.280304022310166E+00
    0.251956000000000E+04    0.487506414291192E+01    0.280363808681798E+00
    0.251958000000000E+04    0.490627866469094E+01    0.280360579162472E+00
    0.252586000000000E+04    0.213471043967547E+01    0.279426368872829E+00
    0.252588000000000E+04    0.216588744414094E+01    0.279424595073784E+00
    0.253214000000000E+04    0.563655847239033E+01    0.278498588095177E+00
    0.253216000000000E+04    0.566769834833167E+01    0.278493423563183E+00
    0.253842000000000E+04    0.283801113211712E+01    0.277081669452570E+00
    0.253844000000000E+04    0.286909435829466E+01    0.277079930114413E+00
    0.254470000000000E+04    0.315915678897909E-01    0.277146516219007E+00
    0.254472000000000E+04    0.626774763741196E-01    0.277146665813504E+00
    0.255098000000000E+04    0.350890507749727E+01    0.277161064945415E+00
    0.255100000000000E+04    0.353999152744063E+01    0.277163004605962E+00
    0.255726000000000E+04    0.711618136309880E+00    0.278618080722493E+00
    0.255728000000000E+04    0.742763090125663E+00    0.278623314372734E+00
    0.256354000000000E+04    0.421505793303140E+01    0.279539076894965E+00
    0.256356000000000E+04    0.424623968401556E+01    0.279540690456409E+00
    0.256984000000000E+04    0.147563635422648E+01    0.280393335347271E+00
    0.256986000000000E+04    0.150685214490068E+01    0.280396270160841E+00
    0.257612000000000E+04    0.499575323629006E+01    0.280248287777502E+00
    0.257614000000000E+04    0.502696309048224E+01    0.280244340049502E+00
    0.258240000000000E+04    0.222130980929933E+01    0.279096400387418E+00
    0.258242000000000E+04    0.225247361223592E+01    0.279094201886076E+00
    0.258868000000000E+04    0.571887794099212E+01    0.278192068560739E+00
    0.258870000000000E+04    0.575000558334978E+01    0.278187310263315E+00
    0.259496000000000E+04    0.291725200476321E+01    0.276898605462300E+00
    0.259498000000000E+04    0.294832785739345E+01    0.276897297006649E+00
    0.260124000000000E+04    0.109742018933048E+00    0.277187204696812E+00
    0.260126000000000E+04    0.140829608860713E+00    0.277188265787597E+00
    0.260754000000000E+04    0.362023085476085E+01    0.277417125664370E+00
    0.260756000000000E+04    0.365132758059326E+01    0.277419418982293E+00
    0.261382000000000E+04    0.826661628790134E+00    0.278947382777973E+00
    0.261384000000000E+04    0.857819584753543E+00    0.278952795266433E+00
    0.262010000000000E+04    0.433419151047428E+01    0.279825750234769E+00
    0.262012000000000E+04    0.436538457123424E+01    0.279826755278901E+00
    0.262638000000000E+04    0.156556659434182E+01    0.280415058003570E+00
    0.262640000000000E+04    0.159678321692263E+01    0.280417196088176E+00
    0.263266000000000E+04    0.508464714763795E+01    0.280072724879872E+00
    0.263268000000000E+04    0.511584997139198E+01    0.280068178811102E+00
    0.263894000000000E+04    0.230681323428689E+01    0.278747110902768E+00
    0.263896000000000E+04    0.233796305978922E+01    0.278744625622813E+00
    0.264524000000000E+04    0.583123160441119E+01    0.277903656061440E+00
    0.264526000000000E+04    0.586234774106379E+01    0.277899427653649E+00
    0.265152000000000E+04    0.302701632431490E+01    0.276771603880837E+00
    0.265154000000000E+04    0.305808709754001E+01    0.276770816654446E+00
    0.265780000000000E+04    0.219198065255114E+00    0.277287842896048E+00
    0.265782000000000E+04    0.250289669042104E+00    0.277289780519466E+00
    0.266408000000000E+04    0.370129201186865E+01    0.277710079957845E+00
    0.266410000000000E+04    0.373240046586216E+01    0.277712607967003E+00
    0.267036000000000E+04    0.911608722776691E+00    0.279264394274350E+00
    0.267038000000000E+04    0.942779365698698E+00    0.279269837455834E+00
    0.267664000000000E+04    0.442287800275335E+01    0.280063369382610E+00
    0.267666000000000E+04    0.445408056606084E+01    0.280063674186801E+00
    0.268294000000000E+04    0.168669883876191E+01    0.280368030750045E+00
    0.268296000000000E+04    0.171791356850918E+01    0.280369336095475E+00
    0.268922000000000E+04    0.520390301174848E+01    0.279840560679318E+00
    0.268924000000000E+04    0.523509654137888E+01    0.279835542488417E+00
    0.269550000000000E+04    0.242226593303712E+01    0.278390272508677E+00
    0.269552000000000E+04    0.245340146803483E+01    0.278387662400674E+00
    0.270178000000000E+04    0.591146117920198E+01    0.277654280627499E+00
    0.270180000000000E+04    0.594256735052841E+01    0.277650712948961E+00
    0.270806000000000E+04    0.310533903939086E+01    0.276707451223727E+00
    0.270808000000000E+04    0.313640721677803E+01    0.276707193261753E+00
    0.271434000000000E+04    0.297958613560695E+00    0.277442307213563E+00
    0.271436000000000E+04    0.329056389756261E+00    0.277445079792833E+00
    0.272062000000000E+04    0.378331103113578E+01    0.278034058508523E+00
    0.272064000000000E+04    0.381443249473432E+01    0.278036719183144E+00
    0.272692000000000E+04    0.102881095293924E+01    0.279569609641950E+00
    0.272694000000000E+04    0.105999383003837E+01    0.279574905479508E+00
    0.273320000000000E+04    0.454335603188156E+01    0.280244751014826E+00
    0.273322000000000E+04    0.457456583995918E+01    0.280244275377539E+00
    0.273948000000000E+04    0.177639086948693E+01    0.280251195544825E+00
    0.273950000000000E+04    0.180760091586581E+01    0.280251687381434E+00
    0.274576000000000E+04    0.529099681641310E+01    0.279571123056245E+00
    0.274578000000000E+04    0.532217957971989E+01    0.279565801689400E+00
    0.275204000000000E+04    0.250540643286331E+01    0.278043915807227E+00
    0.275206000000000E+04    0.253652806799710E+01    0.278041297463368E+00
    0.275832000000000E+04    0.599086130978503E+01    0.277447779999204E+00
    0.275834000000000E+04    0.602195922195460E+01    0.277444969894889E+00
    0.276462000000000E+04    0.321459936582596E+01    0.276707453520670E+00
    0.276464000000000E+04    0.324566739786314E+01    0.276707777466972E+00
    0.277090000000000E+04    0.408423603768824E+00    0.277650141499111E+00
    0.277092000000000E+04    0.439529486705396E+00    0.277653614310987E+00
    0.277718000000000E+04    0.389748565443369E+01    0.278379153129158E+00
    0.277720000000000E+04    0.392862088067614E+01    0.278381807029995E+00
    0.278346000000000E+04    0.111578008198103E+01    0.279837378755889E+00
    0.278348000000000E+04    0.114697367560439E+01    0.279842374489590E+00
    0.278974000000000E+04    0.463291193688019E+01    0.280360620598876E+00
    0.278976000000000E+04    0.466412634166045E+01    0.280359322375835E+00
    0.279602000000000E+04    0.186551003742807E+01    0.280068969125575E+00
    0.279604000000000E+04    0.189671278459082E+01    0.280068686393453E+00
    0.280232000000000E+04    0.540804701329034E+01    0.279265121061462E+00
    0.280234000000000E+04    0.543921756688360E+01    0.279259635554652E+00
    0.280860000000000E+04    0.261837880224539E+01    0.277714661221727E+00
    0.280862000000000E+04    0.264948724839087E+01    0.277712169308228E+00
    0.281488000000000E+04    0.610049047817029E+01    0.277286991600511E+00
    0.281490000000000E+04    0.613158198273322E+01    0.277284996757584E+00
    0.282116000000000E+04    0.329265667712571E+01    0.276766946997770E+00
    0.282118000000000E+04    0.332372734425462E+01    0.276767777651673E+00
    0.282744000000000E+04    0.488393205083412E+00    0.277897117115012E+00
    0.282746000000000E+04    0.519509144076437E+00    0.277901283074564E+00
    0.283372000000000E+04    0.398151821354440E+01    0.278732525354825E+00
    0.283374000000000E+04    0.401266757704798E+01    0.278735033821319E+00
    0.284000000000000E+04    0.120355354331878E+01    0.280065520117766E+00
    0.284002000000000E+04    0.123475623745799E+01    0.280070061415489E+00
    0.284630000000000E+04    0.475377163190569E+01    0.280408117278699E+00
    0.284632000000000E+04    0.478498791697166E+01    0.280405981915976E+00
    0.285258000000000E+04    0.198513301021012E+01    0.279831446417991E+00
    0.285260000000000E+04    0.201632623256955E+01    0.279830464971829E+00
    0.285886000000000E+04    0.549273635510235E+01    0.278948139630870E+00
    0.285888000000000E+04    0.552389423815202E+01    0.278942678420396E+00
    0.286514000000000E+04    0.269917625932794E+01    0.277420398226350E+00
    0.286516000000000E+04    0.273027294955864E+01    0.277418140173591E+00
    0.287142000000000E+04    0.617857119525979E+01    0.277185875414683E+00
    0.287144000000000E+04    0.620965867567702E+01    0.277184760696697E+00
    0.287770000000000E+04    0.337102258575396E+01    0.276889996799387E+00
    0.287772000000000E+04    0.340209819252141E+01    0.276891319306841E+00
    0.288400000000000E+04    0.600393457040809E+00    0.278183588968074E+00
    0.288402000000000E+04    0.631520859880766E+00    0.278188286526981E+00
    0.289028000000000E+04    0.409779376718325E+01    0.279082341876808E+00
    0.289030000000000E+04    0.412895711895908E+01    0.279084572596879E+00
    0.289656000000000E+04    0.132325276683514E+01    0.280244977156900E+00
    0.289658000000000E+04    0.135446262566438E+01    0.280248918028473E+00
    0.290284000000000E+04    0.484331194146398E+01    0.280387817501690E+00
    0.290286000000000E+04    0.487452739822857E+01    0.280384882045909E+00
    0.290912000000000E+04    0.207270109942601E+01    0.279547788276786E+00
    0.290914000000000E+04    0.210388295507619E+01    0.279546211341209E+00
    0.291540000000000E+04    0.557623081060046E+01    0.278626588301423E+00
    0.291542000000000E+04    0.560737584238632E+01    0.278621315888532E+00
    0.292170000000000E+04    0.281011595695327E+01    0.277165033777501E+00
    0.292172000000000E+04    0.284120244660880E+01    0.277163130785063E+00
    0.292798000000000E+04    0.424971850770817E-02    0.277142438844616E+00
    0.292800000000000E+04    0.353354786448108E-01    0.277142223456056E+00
    0.293426000000000E+04    0.348091691497484E+01    0.277071945874767E+00
    0.293428000000000E+04    0.351199981643640E+01    0.277073731809605E+00
    0.294054000000000E+04    0.682262044264462E+00    0.278489725646331E+00
    0.294056000000000E+04    0.713401696718392E+00    0.278494831357153E+00
    0.294682000000000E+04    0.418394181617168E+01    0.279411868582926E+00
    0.294684000000000E+04    0.421511834290959E+01    0.279413675653304E+00
    0.295310000000000E+04    0.141227515238643E+01    0.280359744907312E+00
    0.295312000000000E+04    0.144348958725550E+01    0.280362990974844E+00
    0.295940000000000E+04    0.496373016226607E+01    0.280296540369484E+00
    0.295942000000000E+04    0.499494195244370E+01    0.280292857080915E+00
    0.296568000000000E+04    0.219044367618426E+01    0.279226869175284E+00
    0.296570000000000E+04    0.222161268257969E+01    0.279224822821707E+00
    0.297196000000000E+04    0.568967806009459E+01    0.278307944781084E+00
    0.297198000000000E+04    0.572081035715655E+01    0.278303005434756E+00
    0.297824000000000E+04    0.288916243894892E+01    0.276960809012882E+00
    0.297826000000000E+04    0.292024077014867E+01    0.276959319578849E+00
    0.298452000000000E+04    0.819315308217483E-01    0.277159273848431E+00
    0.298454000000000E+04    0.113017976460469E+00    0.277159971795952E+00
    0.299080000000000E+04    0.356035976724979E+01    0.277304014637143E+00
    0.299082000000000E+04    0.359145196659301E+01    0.277306166541995E+00
    0.299708000000000E+04    0.765183944988166E+00    0.278808447157884E+00
    0.299710000000000E+04    0.796336350133060E+00    0.278813811532500E+00
    0.300338000000000E+04    0.430221151376645E+01    0.279712313599417E+00
    0.300340000000000E+04    0.433340005106311E+01    0.279713573611579E+00
    0.300966000000000E+04    0.153283043785814E+01    0.280411251067850E+00
    0.300968000000000E+04    0.156404691833268E+01    0.280413714147083E+00
    0.301594000000000E+04    0.505238074579302E+01    0.280145621611405E+00
    0.301596000000000E+04    0.508358648637386E+01    0.280141299316781E+00
    0.302222000000000E+04    0.227590592157230E+01    0.278884772299539E+00
    0.302224000000000E+04    0.230706125140478E+01    0.278882386686513E+00
    0.302850000000000E+04    0.577085786315092E+01    0.278014180306737E+00
    0.302852000000000E+04    0.580197842084817E+01    0.278009728187930E+00
    0.303478000000000E+04    0.296758322503501E+01    0.276811740179176E+00
    0.303480000000000E+04    0.299865559125465E+01    0.276810725074858E+00
    0.304108000000000E+04    0.190814405223136E+00    0.277236176293163E+00
    0.304110000000000E+04    0.221903930456392E+00    0.277237759861365E+00
    0.304736000000000E+04    0.367168383433273E+01    0.277582576971250E+00
    0.304738000000000E+04    0.370278718633926E+01    0.277585026082193E+00
    0.305364000000000E+04    0.880353890734114E+00    0.279133150100033E+00
    0.305366000000000E+04    0.911519289514217E+00    0.279138600486562E+00
    0.305992000000000E+04    0.439010639554454E+01    0.279968838140168E+00
    0.305994000000000E+04    0.442130518332851E+01    0.279969438152931E+00
    0.306620000000000E+04    0.162225801282966E+01    0.280390898069670E+00
    0.306622000000000E+04    0.165347366924925E+01    0.280392548284495E+00
    0.307248000000000E+04    0.514028320170746E+01    0.279939359489023E+00
    0.307250000000000E+04    0.517148068641018E+01    0.279934523983704E+00
    0.307878000000000E+04    0.239134666467544E+01    0.278529991836498E+00
    0.307880000000000E+04    0.242248778021531E+01    0.278527426147337E+00
    0.308506000000000E+04    0.588211485751617E+01    0.277746571735645E+00
    0.308508000000000E+04    0.591322471768035E+01    0.277742721714464E+00
    0.309134000000000E+04    0.307663093155861E+01    0.276722025484939E+00
    0.309136000000000E+04    0.310769964219435E+01    0.276721555116197E+00
    0.309762000000000E+04    0.268913777160378E+00    0.277367714391200E+00
    0.309764000000000E+04    0.300008541094940E+00    0.277370154716858E+00
    0.310390000000000E+04    0.375279846130525E+01    0.277893046032917E+00
    0.310392000000000E+04    0.378391425736208E+01    0.277895670354769E+00
    0.311018000000000E+04    0.965416256946810E+00    0.279439333736817E+00
    0.311020000000000E+04    0.996593968204252E+00    0.279444720693034E+00
    0.311646000000000E+04    0.447862122959305E+01    0.280173486476584E+00
    0.311648000000000E+04    0.450982818762986E+01    0.280173337687757E+00
    0.312276000000000E+04    0.174268364979889E+01    0.280304029902688E+00
    0.312278000000000E+04    0.177389557828610E+01    0.280304845216963E+00
    0.312904000000000E+04    0.525831855032993E+01    0.279678541361136E+00
    0.312906000000000E+04    0.528950560826797E+01    0.279673321447384E+00
    0.313532000000000E+04    0.247428634668267E+01    0.278177880097488E+00
    0.313534000000000E+04    0.250541340224390E+01    0.278175241650898E+00
    0.314160000000000E+04    0.596113542514559E+01    0.277519185827550E+00
    0.314162000000000E+04    0.599223615361097E+01    0.277516051950494E+00
    0.314788000000000E+04    0.315411511207003E+01    0.276690047974660E+00
    0.314790000000000E+04    0.318518267746367E+01    0.276690112665574E+00
    0.315416000000000E+04    0.347283989324751E+00    0.277549507382153E+00
    0.315418000000000E+04    0.378386055946066E+00    0.277552731774277E+00
    0.316046000000000E+04    0.386579174460985E+01    0.278228989979402E+00
    0.316048000000000E+04    0.389692084378112E+01    0.278231667262747E+00
    0.316674000000000E+04    0.108235889054777E+01    0.279723633263139E+00
    0.316676000000000E+04    0.111354793034570E+01    0.279728773055716E+00
    0.317302000000000E+04    0.459842414074592E+01    0.280314136452430E+00
    0.317304000000000E+04    0.462963676127401E+01    0.280313190958250E+00
    0.317930000000000E+04    0.183123377435550E+01    0.280147046608329E+00
    0.317932000000000E+04    0.186243961814125E+01    0.280147079248088E+00
    0.318558000000000E+04    0.534393592195738E+01    0.279392805167166E+00
    0.318560000000000E+04    0.537511155806715E+01    0.279387375536527E+00
    0.319186000000000E+04    0.255594764658690E+01    0.277845481445433E+00
    0.319188000000000E+04    0.258706139379046E+01    0.277842910568111E+00
    0.319816000000000E+04    0.607043917621922E+01    0.277340417095972E+00
    0.319818000000000E+04    0.610153275940047E+01    0.277338054636442E+00
    0.320444000000000E+04    0.326261343991428E+01    0.276725981820990E+00
    0.320446000000000E+04    0.329368245366004E+01    0.276726595419303E+00
    0.321072000000000E+04    0.457403471002181E+00    0.277781859728819E+00
    0.321074000000000E+04    0.488514858866438E+00    0.277785771712270E+00
    0.321700000000000E+04    0.394871902145678E+01    0.278577433188117E+00
    0.321702000000000E+04    0.397986203883102E+01    0.278580025884223E+00
    0.322328000000000E+04    0.116908701851753E+01    0.279969043785135E+00
    0.322330000000000E+04    0.120028563707092E+01    0.279973779581167E+00
    0.322956000000000E+04    0.468730219102690E+01    0.280391365516090E+00
    0.322958000000000E+04    0.471851783761940E+01    0.280389595195997E+00
    0.323586000000000E+04    0.195043122678089E+01    0.279932982812567E+00
    0.323588000000000E+04    0.198162852775476E+01    0.279932287558110E+00
    0.324214000000000E+04    0.545961025158886E+01    0.279076933973030E+00
    0.324216000000000E+04    0.549077337821018E+01    0.279071444798490E+00
    0.324842000000000E+04    0.266766155830010E+01    0.277537823196582E+00
    0.324844000000000E+04    0.269876295643735E+01    0.277535451931906E+00
    0.325470000000000E+04    0.614812689135670E+01    0.277219339656622E+00
    0.325472000000000E+04    0.617921573506555E+01    0.277217835253692E+00
    0.326098000000000E+04    0.334029370645112E+01    0.276823977544429E+00
    0.326100000000000E+04    0.337136666982224E+01    0.276825095312154E+00
    0.326726000000000E+04    0.537330603126975E+00    0.278048355998013E+00
    0.326728000000000E+04    0.568452838262601E+00    0.278052849438301E+00
    0.327354000000000E+04    0.403284899907158E+01    0.278927369700781E+00
    0.327356000000000E+04    0.406400632864916E+01    0.278929749862991E+00
    0.327984000000000E+04    0.128801822501919E+01    0.280172274547868E+00
    0.327986000000000E+04    0.131922517598196E+01    0.280176480365839E+00
    0.328612000000000E+04    0.480767608223869E+01    0.280401106916558E+00
    0.328614000000000E+04    0.483889207774155E+01    0.280398514197938E+00
    0.329240000000000E+04    0.203792246718876E+01    0.279672093887448E+00
    0.329242000000000E+04    0.206910914293712E+01    0.279670758318939E+00
    0.329868000000000E+04    0.554312459740413E+01    0.278758042743137E+00
    0.329870000000000E+04    0.557427484754680E+01    0.278752668433443E+00
    0.330496000000000E+04    0.274738633760899E+01    0.277264980046855E+00
    0.330498000000000E+04    0.277847689369446E+01    0.277262901324863E+00
    0.331124000000000E+04    0.622546587201668E+01    0.277148074137492E+00
    0.331126000000000E+04    0.625655180161812E+01    0.277147475925685E+00
    0.331754000000000E+04    0.344939662319757E+01    0.276979718024345E+00
    0.331756000000000E+04    0.348047584067717E+01    0.276981333759190E+00
    0.332382000000000E+04    0.649291277208249E+00    0.278348828477288E+00
    0.332384000000000E+04    0.680425336399821E+00    0.278353784506342E+00
    0.333010000000000E+04    0.414904556089732E+01    0.279265442968628E+00
    0.333012000000000E+04    0.418021616808255E+01    0.279267449357174E+00
    0.333638000000000E+04    0.137610744697122E+01    0.280311907200390E+00
    0.333640000000000E+04    0.140731997033163E+01    0.280315469012788E+00
    0.334266000000000E+04    0.489634495525206E+01    0.280341520735964E+00
    0.334268000000000E+04    0.492755874578506E+01    0.280338169386481E+00
    0.334894000000000E+04    0.212429763977889E+01    0.279367638917476E+00
    0.334896000000000E+04    0.215547230173615E+01    0.279365781211450E+00
    0.335524000000000E+04    0.565651632382924E+01    0.278438578313852E+00
    0.335526000000000E+04    0.568765377093496E+01    0.278433473751950E+00
    0.336152000000000E+04    0.285731919856880E+01    0.277039069753089E+00
    0.336154000000000E+04    0.288840067730416E+01    0.277037394534752E+00
    0.336780000000000E+04    0.505655315737386E-01    0.277140358367063E+00
    0.336782000000000E+04    0.816511790226286E-01    0.277140658144120E+00
    0.337408000000000E+04    0.352805868469022E+01    0.277191559750312E+00
    0.337410000000000E+04    0.355914617183771E+01    0.277193574896200E+00
    0.338036000000000E+04    0.731199075485165E+00    0.278661669663287E+00
    0.338038000000000E+04    0.762345485026344E+00    0.278666922557684E+00
    0.338664000000000E+04    0.423515499934820E+01    0.279578078030394E+00
    0.338666000000000E+04    0.426633817102447E+01    0.279579596064197E+00
    0.339294000000000E+04    0.149598247046379E+01    0.280392868586451E+00
    0.339296000000000E+04    0.152719823640655E+01    0.280395679271398E+00
    0.339922000000000E+04    0.501589463521668E+01    0.280214837752408E+00
    0.339924000000000E+04    0.504710324207190E+01    0.280210791070853E+00
    0.340550000000000E+04    0.224084837964074E+01    0.279034518127382E+00
    0.340552000000000E+04    0.227200965473912E+01    0.279032271362226E+00
    0.341178000000000E+04    0.573761294301312E+01    0.278135354427299E+00
    0.341180000000000E+04    0.576873827587679E+01    0.278130670575801E+00
    0.341806000000000E+04    0.293543199504438E+01    0.276864943964678E+00
    0.341808000000000E+04    0.296650654920359E+01    0.276863712533456E+00
    0.342434000000000E+04    0.127714609920986E+00    0.277188279059178E+00
    0.342436000000000E+04    0.158802169280534E+00    0.277189466270594E+00
    0.343062000000000E+04    0.360731624388609E+01    0.277444875437496E+00
    0.343064000000000E+04    0.363841407458403E+01    0.277447196383573E+00
    0.343692000000000E+04    0.845293903793390E+00    0.278985662741708E+00
    0.343694000000000E+04    0.876453468744330E+00    0.278991096500850E+00
    0.344320000000000E+04    0.435330128861187E+01    0.279854883671087E+00
    0.344322000000000E+04    0.438449545420190E+01    0.279855792284889E+00
    0.344948000000000E+04    0.158476026627432E+01    0.280403163726283E+00
    0.344950000000000E+04    0.161597625319064E+01    0.280405176715413E+00
    0.345576000000000E+04    0.510350060131714E+01    0.280032946087114E+00
    0.345578000000000E+04    0.513470187450275E+01    0.280028328761387E+00
    0.346204000000000E+04    0.232503486253790E+01    0.278686746295775E+00
    0.346206000000000E+04    0.235618224013342E+01    0.278684236390561E+00
    0.346832000000000E+04    0.581759639146821E+01    0.277858550855592E+00
    0.346834000000000E+04    0.584871068347638E+01    0.277854416437848E+00
    0.347462000000000E+04    0.304405655854498E+01    0.276748385042340E+00
    0.347464000000000E+04    0.307512647847307E+01    0.276747684734380E+00
    0.348090000000000E+04    0.236162142686226E+00    0.277297077945385E+00
    0.348092000000000E+04    0.267254089671042E+00    0.277299132052958E+00
    0.348718000000000E+04    0.371853921654292E+01    0.277742977538798E+00
    0.348720000000000E+04    0.374964897626978E+01    0.277745533505161E+00
    0.349346000000000E+04    0.929289218412123E+00    0.279298063735404E+00
    0.349348000000000E+04    0.960461315745306E+00    0.279303502411427E+00
    0.349974000000000E+04    0.444094552872230E+01    0.280082944327065E+00
    0.349976000000000E+04    0.447214887678274E+01    0.280083143336623E+00
    0.350602000000000E+04    0.167350454617826E+01    0.280347075405373E+00
    0.350604000000000E+04    0.170471822612490E+01    0.280348269981655E+00
    0.351232000000000E+04    0.522144964632480E+01    0.279794661291104E+00
    0.351234000000000E+04    0.525264136510668E+01    0.279789589933980E+00
    0.351860000000000E+04    0.243915929795548E+01    0.278332555702076E+00
    0.351862000000000E+04    0.247029254209247E+01    0.278329931436362E+00
    0.352488000000000E+04    0.592768907024129E+01    0.277612382405101E+00
    0.352490000000000E+04    0.595879352499378E+01    0.277608907912599E+00
    0.353116000000000E+04    0.312122117756098E+01    0.276691369561918E+00
    0.353118000000000E+04    0.315228880230643E+01    0.276691196162940E+00
    0.353744000000000E+04    0.313856260460852E+00    0.277456014318414E+00
    0.353746000000000E+04    0.344954581789352E+00    0.277458886450877E+00
    0.354372000000000E+04    0.379951826308479E+01    0.278066346850299E+00
    0.354374000000000E+04    0.383064089100026E+01    0.278069003776060E+00
    0.355000000000000E+04    0.101418552160339E+01    0.279590070558005E+00
    0.355002000000000E+04    0.104536925135653E+01    0.279595355890565E+00
    0.355630000000000E+04    0.456020113921841E+01    0.280251028788039E+00
    0.355632000000000E+04    0.459141143915804E+01    0.280250459712410E+00
    0.356258000000000E+04    0.179315176171804E+01    0.280225193217177E+00
    0.356260000000000E+04    0.182436081362994E+01    0.280225594187460E+00
    0.356886000000000E+04    0.530732365904987E+01    0.279527139505197E+00
    0.356888000000000E+04    0.533850478913700E+01    0.279521760013751E+00
    0.357514000000000E+04    0.252113499502138E+01    0.277993675988515E+00
    0.357516000000000E+04    0.255225464479736E+01    0.277991059542989E+00
    0.358142000000000E+04    0.600606351565602E+01    0.277414251126669E+00
    0.358144000000000E+04    0.603716026354505E+01    0.277411527759730E+00
    0.358770000000000E+04    0.319857733165736E+01    0.276702029779368E+00
    0.358772000000000E+04    0.322964541966394E+01    0.276702375350502E+00
    0.359400000000000E+04    0.423621797707710E+00    0.277671123003796E+00
    0.359402000000000E+04    0.454728719147170E+00    0.277674725354762E+00
    0.360028000000000E+04    0.391308209692761E+01    0.278416835787497E+00
    0.360030000000000E+04    0.394421856481131E+01    0.278419490623829E+00
    0.360656000000000E+04    0.113170076421829E+01    0.279861856664572E+00
    0.360658000000000E+04    0.116289499348659E+01    0.279866784794116E+00
    0.361284000000000E+04    0.464900364366440E+01    0.280363279921704E+00
    0.361286000000000E+04    0.468021818693796E+01    0.280361888222384E+00
    0.361912000000000E+04    0.188143423972178E+01    0.280038314284375E+00
    0.361914000000000E+04    0.191263575996345E+01    0.280037945718099E+00
    0.362540000000000E+04    0.539230442707503E+01    0.279227260653577E+00
    0.362542000000000E+04    0.542347347230498E+01    0.279221783708907E+00
    0.363170000000000E+04    0.263328887661555E+01    0.277673604979060E+00
    0.363172000000000E+04    0.266439573160187E+01    0.277671139610031E+00
    0.363798000000000E+04    0.611501671568021E+01    0.277267513972210E+00
    0.363800000000000E+04    0.614610743987760E+01    0.277265601789416E+00
    0.364426000000000E+04    0.330707887081553E+01    0.276770791306106E+00
    0.364428000000000E+04    0.333814969555351E+01    0.276771682034629E+00
    0.365054000000000E+04    0.502996550050739E+00    0.277921125369847E+00
    0.365056000000000E+04    0.534113588275432E+00    0.277925366968130E+00
    0.365682000000000E+04    0.399654422091044E+01    0.278766287255042E+00
    0.365684000000000E+04    0.402769492791685E+01    0.278768769449276E+00
    0.366310000000000E+04    0.121889694932634E+01    0.280082185740900E+00
    0.366312000000000E+04    0.125010025762549E+01    0.280086660057843E+00
