    0.000000000000000E+00    0.190000000000000E+01    0.390000000000000E+00
    0.200000000000000E-01    0.193559998946481E+01    0.389999429046478E+00
    0.630000000000000E+01    0.545906984354723E+00    0.390079222827240E+00
    0.632000000000000E+01    0.581510217898742E+00    0.390083667182364E+00
    0.125800000000000E+02    0.544694758255513E+01    0.390207512680607E+00
    0.126000000000000E+02    0.548255578206692E+01    0.390202026858185E+00
    0.188600000000000E+02    0.405479385009927E+01    0.389658868654384E+00
    0.188800000000000E+02    0.409038025001993E+01    0.389661207610961E+00
    0.251400000000000E+02    0.266233802969409E+01    0.389265152212917E+00
    0.251600000000000E+02    0.269790869385514E+01    0.389262808676408E+00
    0.314200000000000E+02    0.126885893401506E+01    0.390292400869341E+00
    0.314400000000000E+02    0.130447070827044E+01    0.390296594147890E+00
    0.377000000000000E+02    0.616782670032509E+01    0.389969345657058E+00
    0.377200000000000E+02    0.620342544159928E+01    0.389968200923768E+00
    0.440000000000000E+02    0.481728585647633E+01    0.390246981626648E+00
    0.440200000000000E+02    0.485289568378677E+01    0.390244330372210E+00
    0.502800000000000E+02    0.342367106509437E+01    0.389113403074459E+00
    0.503000000000000E+02    0.345923560687700E+01    0.389114912273381E+00
    0.565600000000000E+02    0.203087411945592E+01    0.389897955925361E+00
    0.565800000000000E+02    0.206647003281383E+01    0.389896658740148E+00
    0.628400000000000E+02    0.640296550058608E+00    0.390121539460260E+00
    0.628600000000000E+02    0.675901460808106E+00    0.390126512798337E+00
    0.691200000000000E+02    0.554155971680851E+01    0.390168981619405E+00
    0.691400000000000E+02    0.557716657189778E+01    0.390163628703178E+00
    0.754000000000000E+02    0.415005988443738E+01    0.389776925735879E+00
    0.754200000000000E+02    0.418565064989872E+01    0.389778829990835E+00
    0.817000000000000E+02    0.279293590717543E+01    0.389177028190751E+00
    0.817200000000000E+02    0.282850295086374E+01    0.389175066577191E+00
    0.879800000000000E+02    0.139934434221936E+01    0.390282344792596E+00
    0.880000000000000E+02    0.143495572126142E+01    0.390285799676806E+00
    0.942600000000000E+02    0.142185660041036E-01    0.389959684521512E+00
    0.942800000000000E+02    0.498168819271143E-01    0.389959648642275E+00
    0.100540000000000E+03    0.491218476353336E+01    0.390272867639074E+00
    0.100560000000000E+03    0.494779595581028E+01    0.390269405975468E+00
    0.106820000000000E+03    0.351863549197753E+01    0.389176794270722E+00
    0.106840000000000E+03    0.355420256247876E+01    0.389178795846088E+00
    0.113100000000000E+03    0.212601203778004E+01    0.389790537702358E+00
    0.113120000000000E+03    0.216160363142109E+01    0.389788663514759E+00
    0.119400000000000E+03    0.770288290583210E+00    0.390172120594357E+00
    0.119420000000000E+03    0.805895232440690E+00    0.390177442862389E+00
    0.125680000000000E+03    0.567153581734613E+01    0.390121661628930E+00
    0.125700000000000E+03    0.570714057645009E+01    0.390116638271248E+00
    0.131960000000000E+03    0.428086013412462E+01    0.389887318638692E+00
    0.131980000000000E+03    0.431645569750063E+01    0.389888653863943E+00
    0.138240000000000E+03    0.288806506576714E+01    0.389119234836732E+00
    0.138260000000000E+03    0.292362969019311E+01    0.389117755324343E+00
    0.144520000000000E+03    0.149449159542598E+01    0.390256112525011E+00
    0.144540000000000E+03    0.153010199803953E+01    0.390258764073429E+00
    0.150800000000000E+03    0.108498787054145E+00    0.389969170610079E+00
    0.150820000000000E+03    0.144097478849517E+00    0.389970220269122E+00
    0.157080000000000E+03    0.500735135957359E+01    0.390291921861823E+00
    0.157100000000000E+03    0.504296297281786E+01    0.390287764603150E+00
    0.163380000000000E+03    0.364942828319863E+01    0.389257838783733E+00
    0.163400000000000E+03    0.368499855021622E+01    0.389260232188176E+00
    0.169660000000000E+03    0.225692643181253E+01    0.389671562470922E+00
    0.169680000000000E+03    0.229251329857749E+01    0.389669248274904E+00
    0.175940000000000E+03    0.864919264601610E+00    0.390212134881285E+00
    0.175960000000000E+03    0.900527871567476E+00    0.390217595966399E+00
    0.182220000000000E+03    0.576600914916810E+01    0.390080947648943E+00
    0.182240000000000E+03    0.580161225333336E+01    0.390076453787193E+00
    0.188500000000000E+03    0.437621137663740E+01    0.389989348202656E+00
    0.188520000000000E+03    0.441181112497185E+01    0.389989981320280E+00
    0.194780000000000E+03    0.298327391186416E+01    0.389077286932199E+00
    0.194800000000000E+03    0.301883689275382E+01    0.389076380102975E+00
    0.201080000000000E+03    0.162539110270870E+01    0.390213294837007E+00
    0.201100000000000E+03    0.166099974332707E+01    0.390215043396440E+00
    0.207360000000000E+03    0.238423513919543E+00    0.389987826427099E+00
    0.207380000000000E+03    0.274023031316744E+00    0.389989938160258E+00
    0.213640000000000E+03    0.513808222222156E+01    0.390286950200905E+00
    0.213660000000000E+03    0.517369363484852E+01    0.390282170803651E+00
    0.219920000000000E+03    0.374479099932552E+01    0.389353537623471E+00
    0.219940000000000E+03    0.378036517020740E+01    0.389356153152816E+00
    0.226200000000000E+03    0.235240213050889E+01    0.389558877408311E+00
    0.226220000000000E+03    0.238798441430146E+01    0.389556310202711E+00
    0.232480000000000E+03    0.959839189702336E+00    0.390247369301066E+00
    0.232500000000000E+03    0.995449273912186E+00    0.390252765757052E+00
    0.238780000000000E+03    0.589621600796039E+01    0.390039493984206E+00
    0.238800000000000E+03    0.593181740340174E+01    0.390035732497126E+00
    0.245060000000000E+03    0.450733425470077E+01    0.390080400873493E+00
    0.245080000000000E+03    0.454293750801418E+01    0.390080203167155E+00
    0.251340000000000E+03    0.311416824672347E+01    0.389056730683706E+00
    0.251360000000000E+03    0.314973051036537E+01    0.389056491729764E+00
    0.257620000000000E+03    0.172088351227239E+01    0.390151996308670E+00
    0.257640000000000E+03    0.175648966106428E+01    0.390152876167184E+00
    0.263900000000000E+03    0.332939968888525E+00    0.390015340228220E+00
    0.263920000000000E+03    0.368540574118811E+00    0.390018411916579E+00
    0.270180000000000E+03    0.523325865224132E+01    0.390271577353484E+00
    0.270200000000000E+03    0.526886942883272E+01    0.390266387732450E+00
    0.276480000000000E+03    0.387587518092641E+01    0.389461184538518E+00
    0.276500000000000E+03    0.391145368594613E+01    0.389463863171174E+00
    0.282760000000000E+03    0.248352946240919E+01    0.389444463708408E+00
    0.282780000000000E+03    0.251910718911410E+01    0.389441831354278E+00
    0.289040000000000E+03    0.109053116038262E+01    0.390278119923507E+00
    0.289060000000000E+03    0.112614236819104E+01    0.390283222556110E+00
    0.295320000000000E+03    0.599078410959498E+01    0.390008314692192E+00
    0.295340000000000E+03    0.602638438410429E+01    0.390005400951108E+00
    0.301600000000000E+03    0.460291622960096E+01    0.390157361398050E+00
    0.301620000000000E+03    0.463852250419518E+01    0.390156308077088E+00
    0.307880000000000E+03    0.320956936591404E+01    0.389057419487945E+00
    0.307900000000000E+03    0.324513158630759E+01    0.389057831701898E+00
    0.314160000000000E+03    0.181642247307764E+01    0.390071864438486E+00
    0.314180000000000E+03    0.185202539557406E+01    0.390071901156898E+00
    0.320460000000000E+03    0.463079710988382E+00    0.390051386384380E+00
    0.320480000000000E+03    0.498681811548408E+00    0.390055292851480E+00
    0.326740000000000E+03    0.536389460247631E+01    0.390239303741193E+00
    0.326760000000000E+03    0.539950408196319E+01    0.390233861414582E+00
    0.333020000000000E+03    0.397135933758682E+01    0.389573751374759E+00
    0.333040000000000E+03    0.400694232617889E+01    0.389576301306101E+00
    0.339300000000000E+03    0.257899944070118E+01    0.389340854433083E+00
    0.339320000000000E+03    0.261457303487134E+01    0.389338306476047E+00
    0.345580000000000E+03    0.118565487731746E+01    0.390294428816935E+00
    0.345600000000000E+03    0.122126637933957E+01    0.390299041098350E+00
    0.351860000000000E+03    0.608517872076879E+01    0.389979215294915E+00
    0.351880000000000E+03    0.612077781629819E+01    0.389977273768960E+00
    0.358160000000000E+03    0.473388254938800E+01    0.390215057965129E+00
    0.358180000000000E+03    0.476949114528452E+01    0.390213084774833E+00
    0.364440000000000E+03    0.334034176075704E+01    0.389080751788785E+00
    0.364460000000000E+03    0.337590489429545E+01    0.389081818499573E+00
    0.370720000000000E+03    0.194739712361559E+01    0.389978221098586E+00
    0.370740000000000E+03    0.198299632082433E+01    0.389977455039678E+00
    0.377000000000000E+03    0.557534011282996E+00    0.390091214510413E+00
    0.377020000000000E+03    0.593137665930385E+00    0.390095793606270E+00
    0.383280000000000E+03    0.545864138493062E+01    0.390202701905665E+00
    0.383300000000000E+03    0.549424939517917E+01    0.390197231617766E+00
    0.389560000000000E+03    0.406668681255576E+01    0.389688458367047E+00
    0.389580000000000E+03    0.410227433318607E+01    0.389690713713574E+00
    0.395860000000000E+03    0.270974130315312E+01    0.389242904458807E+00
    0.395880000000000E+03    0.274531099617730E+01    0.389240644094790E+00
    0.402140000000000E+03    0.131628317516174E+01    0.390296668911474E+00
    0.402160000000000E+03    0.135189512942134E+01    0.390300682102641E+00
    0.408420000000000E+03    0.621506268679207E+01    0.389966809836465E+00
    0.408440000000000E+03    0.625066130308483E+01    0.389965942847057E+00
    0.414700000000000E+03    0.482917616659404E+01    0.390258263283121E+00
    0.414720000000000E+03    0.486478656958377E+01    0.390255439312520E+00
    0.420980000000000E+03    0.343563315872416E+01    0.389128431669557E+00
    0.421000000000000E+03    0.347119826196297E+01    0.389130055075166E+00
    0.427260000000000E+03    0.204288381772596E+01    0.389875433120035E+00
    0.427280000000000E+03    0.207847886128025E+01    0.389873992154327E+00
    0.433540000000000E+03    0.652163500595634E+00    0.390134195169782E+00
    0.433560000000000E+03    0.687768906298516E+00    0.390139270672907E+00
    0.439840000000000E+03    0.558904065102877E+01    0.390157005078882E+00
    0.439860000000000E+03    0.562464684269480E+01    0.390151707706533E+00
    0.446120000000000E+03    0.419778596079766E+01    0.389805425232838E+00
    0.446140000000000E+03    0.423337819935068E+01    0.389807213814647E+00
    0.452400000000000E+03    0.280513375663134E+01    0.389167210450810E+00
    0.452420000000000E+03    0.284070039070366E+01    0.389165340228607E+00
    0.458680000000000E+03    0.141159168538729E+01    0.390280605465679E+00
    0.458700000000000E+03    0.144720304835937E+01    0.390283890038194E+00
    0.464960000000000E+03    0.263271168691972E-01    0.389965480006171E+00
    0.464980000000000E+03    0.619255181256904E-01    0.389965706096592E+00
    0.471240000000000E+03    0.492450843983750E+01    0.390284152945751E+00
    0.471260000000000E+03    0.496011980936794E+01    0.390280527963732E+00
    0.477540000000000E+03    0.356653057055848E+01    0.389195899848375E+00
    0.477560000000000E+03    0.360209843605855E+01    0.389198021751265E+00
    0.483820000000000E+03    0.217396850722878E+01    0.389762541371403E+00
    0.483840000000000E+03    0.220955901677735E+01    0.389760540952058E+00
    0.490100000000000E+03    0.782496075777431E+00    0.390182465206602E+00
    0.490120000000000E+03    0.818103443749806E+00    0.390187844220085E+00
    0.496380000000000E+03    0.568374591283737E+01    0.390114469896110E+00
    0.496400000000000E+03    0.571935036833452E+01    0.390109553964070E+00
    0.502660000000000E+03    0.429328940079313E+01    0.389913121351172E+00
    0.502680000000000E+03    0.432888604470122E+01    0.389914307009201E+00
    0.508940000000000E+03    0.290048601918340E+01    0.389108724518019E+00
    0.508960000000000E+03    0.293605015506023E+01    0.389107368465953E+00
    0.515240000000000E+03    0.154251296940788E+01    0.390249396965650E+00
    0.515260000000000E+03    0.157812310069426E+01    0.390251812729791E+00
    0.521520000000000E+03    0.156297667172339E+00    0.389975446526792E+00
    0.521540000000000E+03    0.191896716736437E+00    0.389976794690057E+00
    0.527800000000000E+03    0.505541175341489E+01    0.390293139510906E+00
    0.527820000000000E+03    0.509102345800000E+01    0.390288799772380E+00
    0.534080000000000E+03    0.366199247527459E+01    0.389282501637349E+00
    0.534100000000000E+03    0.369756377480587E+01    0.389284951721346E+00
    0.540360000000000E+03    0.226956977134535E+01    0.389649563241516E+00
    0.540380000000000E+03    0.230515573785510E+01    0.389647180693362E+00
    0.546640000000000E+03    0.877465637391424E+00    0.390223734885141E+00
    0.546660000000000E+03    0.913074658381447E+00    0.390229198560372E+00
    0.552940000000000E+03    0.581412922697746E+01    0.390071032018366E+00
    0.552960000000000E+03    0.584973197666943E+01    0.390066706731417E+00
    0.559220000000000E+03    0.442459671663676E+01    0.390016519006011E+00
    0.559240000000000E+03    0.446019741981365E+01    0.390016945075006E+00
    0.565500000000000E+03    0.303159430495919E+01    0.389071784456130E+00
    0.565520000000000E+03    0.306715705911051E+01    0.389071057096972E+00
    0.571780000000000E+03    0.163819118633853E+01    0.390201543498884E+00
    0.571800000000000E+03    0.167379936920463E+01    0.390203098321580E+00
    0.578060000000000E+03    0.251018205146011E+00    0.389995427525243E+00
    0.578080000000000E+03    0.286617982666257E+00    0.389997771040064E+00
    0.584340000000000E+03    0.515086291021453E+01    0.390287939200000E+00
    0.584360000000000E+03    0.518647435382150E+01    0.390283058535664E+00
    0.590620000000000E+03    0.375767598871789E+01    0.389379955868618E+00
    0.590640000000000E+03    0.379325116145219E+01    0.389382583901137E+00
    0.596920000000000E+03    0.240088944266472E+01    0.389530414016833E+00
    0.596940000000000E+03    0.243647064395896E+01    0.389527818786527E+00
    0.603200000000000E+03    0.100826200340248E+01    0.390261339912813E+00
    0.603220000000000E+03    0.104387256358177E+01    0.390266670774106E+00
    0.609480000000000E+03    0.590893014202243E+01    0.390034198171422E+00
    0.609500000000000E+03    0.594453140986843E+01    0.390030620185466E+00
    0.615760000000000E+03    0.452035357748105E+01    0.390103435744265E+00
    0.615780000000000E+03    0.455595783491071E+01    0.390103043095488E+00
    0.622040000000000E+03    0.312718385938933E+01    0.389057527369806E+00
    0.622060000000000E+03    0.316274578994603E+01    0.389057467962017E+00
    0.628320000000000E+03    0.173386481181365E+01    0.390131479943667E+00
    0.628340000000000E+03    0.176947013532617E+01    0.390132175447771E+00
    0.634620000000000E+03    0.381228354525547E+00    0.390022547079798E+00
    0.634640000000000E+03    0.416829197675497E+00    0.390025875405399E+00
    0.640900000000000E+03    0.528167809990919E+01    0.390262240883070E+00
    0.640920000000000E+03    0.531728850425816E+01    0.390256956036661E+00
    0.647180000000000E+03    0.388877217974732E+01    0.389487254854854E+00
    0.647200000000000E+03    0.392435154702434E+01    0.389489914377908E+00
    0.653460000000000E+03    0.249642112808488E+01    0.389419496655689E+00
    0.653480000000000E+03    0.253199802698509E+01    0.389416881488203E+00
    0.659740000000000E+03    0.110336341313041E+01    0.390283270142362E+00
    0.659760000000000E+03    0.113897473964653E+01    0.390288274101349E+00
    0.666020000000000E+03    0.600345406562974E+01    0.390002303716473E+00
    0.666040000000000E+03    0.603905410639345E+01    0.389999614027200E+00
    0.672320000000000E+03    0.465143533979176E+01    0.390172430994196E+00
    0.672340000000000E+03    0.468704219758615E+01    0.390171111587098E+00
    0.678600000000000E+03    0.325801372273258E+01    0.389061254475386E+00
    0.678620000000000E+03    0.329357614109131E+01    0.389061879913184E+00
    0.684880000000000E+03    0.186496666358698E+01    0.390051641852378E+00
    0.684900000000000E+03    0.190056878804830E+01    0.390051443664455E+00
    0.691160000000000E+03    0.475787392762641E+00    0.390059297972522E+00
    0.691180000000000E+03    0.511389757800771E+00    0.390063389682081E+00
    0.697440000000000E+03    0.537672212650591E+01    0.390233433337926E+00
    0.697460000000000E+03    0.541233166428924E+01    0.390227975489982E+00
    0.703720000000000E+03    0.398436041230207E+01    0.389602343580004E+00
    0.703740000000000E+03    0.401994445405126E+01    0.389604832082292E+00
    0.710000000000000E+03    0.259195443828753E+01    0.389317782307242E+00
    0.710020000000000E+03    0.262752717297121E+01    0.389315287912391E+00
    0.716300000000000E+03    0.123422727147067E+01    0.390299064782795E+00
    0.716320000000000E+03    0.126983928256141E+01    0.390303547996864E+00
    0.722580000000000E+03    0.613362955388061E+01    0.389978804632218E+00
    0.722600000000000E+03    0.616922866384039E+01    0.389977148724613E+00
    0.728860000000000E+03    0.474703486044041E+01    0.390230953558603E+00
    0.728880000000000E+03    0.478264411207624E+01    0.390228764342808E+00
    0.735140000000000E+03    0.335352029058708E+01    0.389091783563560E+00
    0.735160000000000E+03    0.338908389781886E+01    0.389092990145509E+00
    0.741420000000000E+03    0.196066806723161E+01    0.389956873520174E+00
    0.741440000000000E+03    0.199626651631343E+01    0.389955934946648E+00
    0.747700000000000E+03    0.570583425556606E+00    0.390101584653222E+00
    0.747720000000000E+03    0.606187382742519E+00    0.390106294348356E+00
    0.754000000000000E+03    0.550735611116215E+01    0.390189263537505E+00
    0.754020000000000E+03    0.554296365266828E+01    0.390183812700205E+00
    0.760280000000000E+03    0.411558886246303E+01    0.389720764480998E+00
    0.760300000000000E+03    0.415117773076668E+01    0.389722917907535E+00
    0.766560000000000E+03    0.272307894394407E+01    0.389226897058990E+00
    0.766580000000000E+03    0.275864800760542E+01    0.389224716583522E+00
    0.772840000000000E+03    0.132962006433559E+01    0.390296704114421E+00
    0.772860000000000E+03    0.136523200571037E+01    0.390300553396118E+00
    0.779120000000000E+03    0.622822368489960E+01    0.389967462809008E+00
    0.779140000000000E+03    0.626382232763126E+01    0.389966854153895E+00
    0.785400000000000E+03    0.484259811267611E+01    0.390270303360489E+00
    0.785420000000000E+03    0.487820896950757E+01    0.390267288094324E+00
    0.791700000000000E+03    0.348462300026176E+01    0.389145877199537E+00
    0.791720000000000E+03    0.352018873314046E+01    0.389147652474657E+00
    0.797980000000000E+03    0.209194175881976E+01    0.389847324246523E+00
    0.798000000000000E+03    0.212753576049840E+01    0.389845714644372E+00
    0.804260000000000E+03    0.701066519649203E+00    0.390150745497676E+00
    0.804280000000000E+03    0.736672651181834E+00    0.390155914586550E+00
    0.810540000000000E+03    0.560240622164065E+01    0.390152057588809E+00
    0.810560000000000E+03    0.563801230875674E+01    0.390146846163678E+00
    0.816820000000000E+03    0.421140467481837E+01    0.389836740589760E+00
    0.816840000000000E+03    0.424699812200879E+01    0.389838387854566E+00
    0.823100000000000E+03    0.281877396624918E+01    0.389155906815961E+00
    0.823120000000000E+03    0.285434019191916E+01    0.389154154500846E+00
    0.829400000000000E+03    0.146088343229508E+01    0.390281121598216E+00
    0.829420000000000E+03    0.149649474254443E+01    0.390284158745202E+00
    0.835680000000000E+03    0.754139396356095E-01    0.389969748908755E+00
    0.835700000000000E+03    0.111012687739958E+00    0.389970272181173E+00
    0.841960000000000E+03    0.497393376082232E+01    0.390291614349968E+00
    0.841980000000000E+03    0.500954547935976E+01    0.390287776244302E+00
    0.848240000000000E+03    0.358042078783842E+01    0.389218335519487E+00
    0.848260000000000E+03    0.361598941558577E+01    0.389220541796136E+00
    0.854520000000000E+03    0.218797492447561E+01    0.389735152387668E+00
    0.854540000000000E+03    0.222356464967129E+01    0.389733054064513E+00
    0.860800000000000E+03    0.796457000870305E+00    0.390199470696970E+00
    0.860820000000000E+03    0.832065055251860E+00    0.390204889029384E+00
    0.867080000000000E+03    0.569777468913776E+01    0.390114288219057E+00
    0.867100000000000E+03    0.573337916740365E+01    0.390109500974951E+00
    0.873380000000000E+03    0.434325398440683E+01    0.389949846288189E+00
    0.873400000000000E+03    0.437885197794662E+01    0.389950831312910E+00
    0.879660000000000E+03    0.295046270353600E+01    0.389103384109997E+00
    0.879680000000000E+03    0.298602678988254E+01    0.389102197761980E+00
    0.885940000000000E+03    0.155707556389621E+01    0.390246896333340E+00
    0.885960000000000E+03    0.159268553617585E+01    0.390249112077389E+00
    0.892220000000000E+03    0.170699570672696E+00    0.389985079416525E+00
    0.892240000000000E+03    0.206298912404236E+00    0.389986657109765E+00
    0.898500000000000E+03    0.507006615195451E+01    0.390300034730782E+00
    0.898520000000000E+03    0.510567812391059E+01    0.390295554044294E+00
    0.904780000000000E+03    0.367678101750721E+01    0.389311520870084E+00
    0.904800000000000E+03    0.371235346959543E+01    0.389314021215930E+00
    0.911080000000000E+03    0.232002949900811E+01    0.389622982400701E+00
    0.911100000000000E+03    0.235561441304935E+01    0.389620528333506E+00
    0.917360000000000E+03    0.927862545406015E+00    0.390242684672148E+00
    0.917380000000000E+03    0.963472316911748E+00    0.390248124705379E+00
    0.923640000000000E+03    0.582890300449412E+01    0.390067787961569E+00
    0.923660000000000E+03    0.586450563795711E+01    0.390063639210344E+00
    0.929920000000000E+03    0.443969199477715E+01    0.390046710781795E+00
    0.929940000000000E+03    0.447529387665918E+01    0.390046937857744E+00
    0.936200000000000E+03    0.304671797732863E+01    0.389070915873212E+00
    0.936220000000000E+03    0.308228076159321E+01    0.389070335132703E+00
    0.942480000000000E+03    0.165343235628666E+01    0.390190564026419E+00
    0.942500000000000E+03    0.168904017612522E+01    0.390191901780848E+00
    0.948780000000000E+03    0.301707708137428E+00    0.390010399687554E+00
    0.948800000000000E+03    0.337308103097939E+00    0.390013019936460E+00
    0.955060000000000E+03    0.520182251285678E+01    0.390287049809819E+00
    0.955080000000000E+03    0.523743393784548E+01    0.390282027758454E+00
    0.961340000000000E+03    0.380878743689891E+01    0.389416649702147E+00
    0.961360000000000E+03    0.384436410125613E+01    0.389419315058559E+00
    0.967620000000000E+03    0.241652292546746E+01    0.389508255935812E+00
    0.967640000000000E+03    0.245210321902937E+01    0.389505630758189E+00
    0.973900000000000E+03    0.102384975161931E+01    0.390273844832886E+00
    0.973920000000000E+03    0.105946081307980E+01    0.390279117139291E+00
    0.980180000000000E+03    0.592447226354739E+01    0.390032702032602E+00
    0.980200000000000E+03    0.596007346480246E+01    0.390029343414534E+00
    0.986480000000000E+03    0.457184563907890E+01    0.390130300363695E+00
    0.986500000000000E+03    0.460745102776809E+01    0.390129644610743E+00
    0.992760000000000E+03    0.317870787081279E+01    0.389063306508257E+00
    0.992780000000000E+03    0.321427032755628E+01    0.389063428952963E+00
    0.999040000000000E+03    0.178561858955868E+01    0.390121390545830E+00
    0.999060000000000E+03    0.182122352242050E+01    0.390121810931681E+00
    0.100532000000000E+04    0.397271265204836E+00    0.390042064028007E+00
    0.100534000000000E+04    0.432872940132938E+00    0.390045589751821E+00
    0.101160000000000E+04    0.529796610156814E+01    0.390265295255339E+00
    0.101162000000000E+04    0.533357662070603E+01    0.390259944353697E+00
    0.101788000000000E+04    0.390533558308948E+01    0.389527230646923E+00
    0.101790000000000E+04    0.394091672143804E+01    0.389529863984892E+00
    0.102416000000000E+04    0.251307545682766E+01    0.389399092513463E+00
    0.102418000000000E+04    0.254865133318913E+01    0.389396470391650E+00
    0.103046000000000E+04    0.115562468945313E+01    0.390298669898438E+00
    0.103048000000000E+04    0.119123686035414E+01    0.390303546964928E+00
    0.103674000000000E+04    0.605567160302508E+01    0.390002352866094E+00
    0.103676000000000E+04    0.609127145569346E+01    0.389999965824228E+00
    0.104302000000000E+04    0.466839544303230E+01    0.390198225801826E+00
    0.104304000000000E+04    0.470400335539830E+01    0.390196697073242E+00
    0.104930000000000E+04    0.327506102374514E+01    0.389075743122050E+00
    0.104932000000000E+04    0.331062406129831E+01    0.389076495802668E+00
    0.105558000000000E+04    0.188214478943360E+01    0.390033677405486E+00
    0.105560000000000E+04    0.191774617115425E+01    0.390033275408695E+00
    0.106186000000000E+04    0.492819577137652E+00    0.390078313716925E+00
    0.106188000000000E+04    0.528422769142026E+00    0.390082597646667E+00
    0.106816000000000E+04    0.542954090581543E+01    0.390227130884449E+00
    0.106818000000000E+04    0.546514987795285E+01    0.390221640133347E+00
    0.107444000000000E+04    0.403739550491787E+01    0.389643856904143E+00
    0.107446000000000E+04    0.407298135824976E+01    0.389646274511715E+00
    0.108072000000000E+04    0.264508429765328E+01    0.389296598071930E+00
    0.108074000000000E+04    0.268065611239763E+01    0.389294178353714E+00
    0.108700000000000E+04    0.125174049768566E+01    0.390303955211178E+00
    0.108702000000000E+04    0.128735253939453E+01    0.390308249687112E+00
    0.109328000000000E+04    0.615100094495915E+01    0.389981165526584E+00
    0.109330000000000E+04    0.618660017781485E+01    0.389979810677675E+00
    0.109956000000000E+04    0.476475781202589E+01    0.390250239935392E+00
    0.109958000000000E+04    0.480036779486431E+01    0.390247835213543E+00
    0.110586000000000E+04    0.340689361810814E+01    0.389112984156984E+00
    0.110588000000000E+04    0.344245812013560E+01    0.389114375678153E+00
    0.111214000000000E+04    0.201419444892144E+01    0.389932240985994E+00
    0.111216000000000E+04    0.204979173975926E+01    0.389931089605822E+00
    0.111842000000000E+04    0.623944830108940E+00    0.390123021502693E+00
    0.111844000000000E+04    0.659549783365719E+00    0.390127889042270E+00
    0.112470000000000E+04    0.552530674766763E+01    0.390187739562888E+00
    0.112472000000000E+04    0.556091425339491E+01    0.390182332125321E+00
    0.113098000000000E+04    0.413377991234438E+01    0.389759716736526E+00
    0.113100000000000E+04    0.416937006202988E+01    0.389761724143719E+00
    0.113726000000000E+04    0.274128696826756E+01    0.389208796143461E+00
    0.113728000000000E+04    0.277685532506257E+01    0.389206719487049E+00
    0.114354000000000E+04    0.134785003214301E+01    0.390295442829050E+00
    0.114356000000000E+04    0.138346191974028E+01    0.390299093086900E+00
    0.114984000000000E+04    0.628188126550776E+01    0.389973270769622E+00
    0.114986000000000E+04    0.342947117064796E-01    0.389973022770216E+00
    0.115612000000000E+04    0.489662103998626E+01    0.390282297126167E+00
    0.115614000000000E+04    0.493223233210256E+01    0.390278980560321E+00
    0.116240000000000E+04    0.350311717103341E+01    0.389169483698905E+00
    0.116242000000000E+04    0.353868393005405E+01    0.389171398486374E+00
    0.116868000000000E+04    0.211058913215811E+01    0.389823144147160E+00
    0.116870000000000E+04    0.214618222795070E+01    0.389821373654772E+00
    0.117496000000000E+04    0.719507246114972E+00    0.390166237816176E+00
    0.117498000000000E+04    0.755113762250858E+00    0.390171494732897E+00
    0.118124000000000E+04    0.562087103751855E+01    0.390142165236046E+00
    0.118126000000000E+04    0.565647675523724E+01    0.390137055740324E+00
    0.118754000000000E+04    0.426576430087880E+01    0.389875208741347E+00
    0.118756000000000E+04    0.430135933724432E+01    0.389876671819565E+00
    0.119382000000000E+04    0.287314434880591E+01    0.389142964077817E+00
    0.119384000000000E+04    0.290871007135684E+01    0.389141398816912E+00
    0.120010000000000E+04    0.147974375371541E+01    0.390276027144857E+00
    0.120012000000000E+04    0.151535484731630E+01    0.390278844893197E+00
    0.120638000000000E+04    0.940837270632073E-01    0.389978840170526E+00
    0.120640000000000E+04    0.129682874411174E+00    0.389979657452766E+00
    0.121266000000000E+04    0.499292772199351E+01    0.390301118290580E+00
    0.121268000000000E+04    0.502853968917088E+01    0.390297092019970E+00
    0.121894000000000E+04    0.359953881192541E+01    0.389248844954906E+00
    0.121896000000000E+04    0.363510877616045E+01    0.389251140172559E+00
    0.122524000000000E+04    0.224276569716949E+01    0.389707987942349E+00
    0.122526000000000E+04    0.227835401297261E+01    0.389705747610111E+00
    0.123152000000000E+04    0.851010149307513E+00    0.390215140124706E+00
    0.123154000000000E+04    0.886618723328411E+00    0.390220580932611E+00
    0.123780000000000E+04    0.575228951043937E+01    0.390099958507289E+00
    0.123782000000000E+04    0.578789349942417E+01    0.390095362935396E+00
    0.124408000000000E+04    0.436244477888567E+01    0.389980544953866E+00
    0.124410000000000E+04    0.439804396950422E+01    0.389981308186314E+00
    0.125036000000000E+04    0.296963899461298E+01    0.389094852252102E+00
    0.125038000000000E+04    0.300520276718498E+01    0.389093825816819E+00
    0.125664000000000E+04    0.157628021344681E+01    0.390232613049730E+00
    0.125666000000000E+04    0.161188955421630E+01    0.390234569063928E+00
    0.126294000000000E+04    0.225228412634351E+00    0.389994048145233E+00
    0.126296000000000E+04    0.260828205136022E+00    0.389995968930460E+00
    0.126922000000000E+04    0.512488461706107E+01    0.390297643382734E+00
    0.126924000000000E+04    0.516049645560406E+01    0.390292955825169E+00
    0.127550000000000E+04    0.373164193956791E+01    0.389343454083844E+00
    0.127552000000000E+04    0.376721570837890E+01    0.389346037874536E+00
    0.128178000000000E+04    0.233939806959688E+01    0.389591398913864E+00
    0.128180000000000E+04    0.237498193280044E+01    0.389588878270651E+00
    0.128806000000000E+04    0.947071086457981E+00    0.390252272789586E+00
    0.128808000000000E+04    0.982681160713128E+00    0.390257678496465E+00
    0.129434000000000E+04    0.584803121799359E+01    0.390059741325664E+00
    0.129436000000000E+04    0.588363361233087E+01    0.390055826296982E+00
    0.130062000000000E+04    0.445914115127744E+01    0.390075581321698E+00
    0.130064000000000E+04    0.449474415764826E+01    0.390075559768147E+00
    0.130692000000000E+04    0.310171771160140E+01    0.389068633270768E+00
    0.130694000000000E+04    0.313728044485879E+01    0.389068303105625E+00
    0.131320000000000E+04    0.170854155590860E+01    0.390175265129244E+00
    0.131322000000000E+04    0.174414863097263E+01    0.390176282786110E+00
    0.131948000000000E+04    0.320885452646962E+00    0.390018823855350E+00
    0.131950000000000E+04    0.356486202863834E+00    0.390021728263734E+00
    0.132576000000000E+04    0.522123378009792E+01    0.390285346817168E+00
    0.132578000000000E+04    0.525684529040382E+01    0.390280207260110E+00
    0.133204000000000E+04    0.382831174371404E+01    0.389449109463308E+00
    0.133206000000000E+04    0.386388953554524E+01    0.389451770102721E+00
    0.133832000000000E+04    0.243606743108421E+01    0.389475931615465E+00
    0.133834000000000E+04    0.247164653727259E+01    0.389473293179938E+00
    0.134462000000000E+04    0.107891368334549E+01    0.390287278163007E+00
    0.134464000000000E+04    0.111452527135862E+01    0.390292436345614E+00
    0.135090000000000E+04    0.597941349986604E+01    0.390025168012300E+00
    0.135092000000000E+04    0.601501449952912E+01    0.390022120266664E+00
    0.135718000000000E+04    0.459153467633678E+01    0.390157084665915E+00
    0.135720000000000E+04    0.462714093253044E+01    0.390156165568966E+00
    0.136346000000000E+04    0.319836405489650E+01    0.389068307312639E+00
    0.136348000000000E+04    0.323392679264134E+01    0.389068606088342E+00
    0.136974000000000E+04    0.180536889982477E+01    0.390099655798525E+00
    0.136976000000000E+04    0.184097289974852E+01    0.390099826806663E+00
    0.137602000000000E+04    0.416747430645955E+00    0.390053981773556E+00
    0.137604000000000E+04    0.452349662052711E+00    0.390057735373954E+00
    0.138232000000000E+04    0.535325868255677E+01    0.390256036333636E+00
    0.138234000000000E+04    0.538886890458525E+01    0.390250603857123E+00
    0.138860000000000E+04    0.396076926340174E+01    0.389566257273083E+00
    0.138862000000000E+04    0.399635179964343E+01    0.389568838962400E+00
    0.139488000000000E+04    0.256853347809238E+01    0.389369457515617E+00
    0.139490000000000E+04    0.260410830099045E+01    0.389366906971861E+00
    0.140116000000000E+04    0.117545109885941E+01    0.390304382554060E+00
    0.140118000000000E+04    0.121106330504972E+01    0.390309103155945E+00
    0.140744000000000E+04    0.607530894456931E+01    0.389999677924940E+00
    0.140746000000000E+04    0.611090890799687E+01    0.389997587188004E+00
    0.141372000000000E+04    0.468843513493721E+01    0.390221204073513E+00
    0.141374000000000E+04    0.472404394623481E+01    0.390219386078519E+00
    0.142000000000000E+04    0.329512359690625E+01    0.389088196111837E+00
    0.142002000000000E+04    0.333068712112572E+01    0.389089140491814E+00
    0.142630000000000E+04    0.193791325397979E+01    0.390007760673242E+00
    0.142632000000000E+04    0.197351360248058E+01    0.390007089379791E+00
    0.143258000000000E+04    0.548333034852476E+00    0.390096819292563E+00
    0.143260000000000E+04    0.583936933674977E+00    0.390101312149393E+00
    0.143886000000000E+04    0.544961208447194E+01    0.390221416853018E+00
    0.143888000000000E+04    0.548522115514606E+01    0.390215942715340E+00
    0.144514000000000E+04    0.405773699854535E+01    0.389683977006678E+00
    0.144516000000000E+04    0.409332430655559E+01    0.389686284166335E+00
    0.145142000000000E+04    0.266541954154900E+01    0.389273486706820E+00
    0.145144000000000E+04    0.270099050285398E+01    0.389271161616047E+00
    0.145770000000000E+04    0.127212788674342E+01    0.390307984472120E+00
    0.145772000000000E+04    0.130774025061237E+01    0.390312118562140E+00
    0.146400000000000E+04    0.620681378058953E+01    0.389982148497947E+00
    0.146402000000000E+04    0.624241303163899E+01    0.389981141031472E+00
    0.147028000000000E+04    0.482095737907093E+01    0.390266879385221E+00
    0.147030000000000E+04    0.485656806467659E+01    0.390264154061865E+00
    0.147656000000000E+04    0.342753479035218E+01    0.389132542122967E+00
    0.147658000000000E+04    0.346310003300505E+01    0.389134104501990E+00
    0.148284000000000E+04    0.203495323914422E+01    0.389905135507622E+00
    0.148286000000000E+04    0.207054963311020E+01    0.389903780658406E+00
    0.148912000000000E+04    0.644498045566252E+00    0.390141684346705E+00
    0.148914000000000E+04    0.680103586310452E+00    0.390146691833920E+00
    0.149540000000000E+04    0.554588991082892E+01    0.390179299254140E+00
    0.149542000000000E+04    0.558149702291485E+01    0.390173965848221E+00
    0.150170000000000E+04    0.419029019380514E+01    0.389801476571639E+00
    0.150172000000000E+04    0.422588228024051E+01    0.389803337476088E+00
    0.150798000000000E+04    0.279781668355281E+01    0.389189926652220E+00
    0.150800000000000E+04    0.283338426566297E+01    0.389188009044788E+00
    0.151426000000000E+04    0.140446134837612E+01    0.390298635083859E+00
    0.151428000000000E+04    0.144007337790799E+01    0.390302014898235E+00
    0.152054000000000E+04    0.194713313776447E-01    0.389976696254187E+00
    0.152056000000000E+04    0.550703446401712E-01    0.389976765982413E+00
    0.152682000000000E+04    0.491774112434678E+01    0.390295272783563E+00
    0.152684000000000E+04    0.495335299539465E+01    0.390291756710882E+00
    0.153310000000000E+04    0.352433464499154E+01    0.389197293300846E+00
    0.153312000000000E+04    0.355990241722293E+01    0.389199322128285E+00
    0.153940000000000E+04    0.216744309480964E+01    0.389789847917516E+00
    0.153942000000000E+04    0.220303465858433E+01    0.389787912910783E+00
    0.154568000000000E+04    0.776211321887786E+00    0.390187584274411E+00
    0.154570000000000E+04    0.811818943439903E+00    0.390192932352357E+00
    0.155196000000000E+04    0.567761820638407E+01    0.390131194618853E+00
    0.155198000000000E+04    0.571322332699356E+01    0.390126217758089E+00
    0.155824000000000E+04    0.428719582476924E+01    0.389910919091561E+00
    0.155826000000000E+04    0.432279240957769E+01    0.389912187442102E+00
    0.156452000000000E+04    0.289456332738973E+01    0.389126772885449E+00
    0.156454000000000E+04    0.293012818166835E+01    0.389125357366689E+00
    0.157080000000000E+04    0.150111937773727E+01    0.390263681691312E+00
    0.157082000000000E+04    0.153673000009439E+01    0.390266255031535E+00
    0.157708000000000E+04    0.115163471023152E+00    0.389982356364161E+00
    0.157710000000000E+04    0.150762783561277E+00    0.389983508919666E+00
    0.158338000000000E+04    0.504988916901220E+01    0.390301438861726E+00
    0.158340000000000E+04    0.508550118523362E+01    0.390297166883671E+00
    0.158966000000000E+04    0.365654894218233E+01    0.389280513189612E+00
    0.158968000000000E+04    0.369212017726841E+01    0.389282945364415E+00
    0.159594000000000E+04    0.226423789651653E+01    0.389672558002744E+00
    0.159596000000000E+04    0.229982474394819E+01    0.389670210584237E+00
    0.160222000000000E+04    0.872308625482219E+00    0.390227650799084E+00
    0.160224000000000E+04    0.907917898628057E+00    0.390233115882803E+00
    0.160850000000000E+04    0.577354308928534E+01    0.390088784407756E+00
    0.160852000000000E+04    0.580914650956265E+01    0.390084368465381E+00
    0.161478000000000E+04    0.438396911999371E+01    0.390012115971233E+00
    0.161480000000000E+04    0.441956961633605E+01    0.390012668714743E+00
    0.162108000000000E+04    0.302670490938590E+01    0.389084987400771E+00
    0.162110000000000E+04    0.306226834182098E+01    0.389084232062002E+00
    0.162736000000000E+04    0.163345061279915E+01    0.390219376490372E+00
    0.162738000000000E+04    0.166905951556237E+01    0.390221021942421E+00
    0.163364000000000E+04    0.246531494051851E+00    0.390003775835511E+00
    0.163366000000000E+04    0.282131638633018E+00    0.390006009439164E+00
    0.163992000000000E+04    0.514644135189656E+01    0.390299302943372E+00
    0.163994000000000E+04    0.518205326051884E+01    0.390294465851906E+00
    0.164620000000000E+04    0.375335633164423E+01    0.389379402830978E+00
    0.164622000000000E+04    0.378893152725459E+01    0.389382031075437E+00
    0.165248000000000E+04    0.236113432001912E+01    0.389557481487601E+00
    0.165250000000000E+04    0.239671655513848E+01    0.389554893005126E+00
    0.165878000000000E+04    0.100428341867791E+01    0.390269545945553E+00
    0.165880000000000E+04    0.103989436896654E+01    0.390274899893448E+00
    0.166506000000000E+04    0.590515080335308E+01    0.390048390232599E+00
    0.166508000000000E+04    0.594075255694406E+01    0.390044728547514E+00
    0.167134000000000E+04    0.451657430108025E+01    0.390104598459685E+00
    0.167136000000000E+04    0.455217855973706E+01    0.390104288737401E+00
    0.167762000000000E+04    0.312354697458250E+01    0.389068001334051E+00
    0.167764000000000E+04    0.315910961416785E+01    0.389067851849583E+00
    0.168390000000000E+04    0.173041811749999E+01    0.390153999037435E+00
    0.168392000000000E+04    0.176602433052767E+01    0.390154768514102E+00
    0.169018000000000E+04    0.342486244090651E+00    0.390031235222443E+00
    0.169020000000000E+04    0.378087466854140E+00    0.390034423023272E+00
    0.169648000000000E+04    0.527862899719867E+01    0.390275702404256E+00
    0.169650000000000E+04    0.531423993818316E+01    0.390270437664183E+00
    0.170276000000000E+04    0.388585615615330E+01    0.389489235360446E+00
    0.170278000000000E+04    0.392143578217292E+01    0.389491909196430E+00
    0.170904000000000E+04    0.249364947265849E+01    0.389441811642063E+00
    0.170906000000000E+04    0.252922705178753E+01    0.389439175571037E+00
    0.171532000000000E+04    0.110077475080152E+01    0.390293343279740E+00
    0.171534000000000E+04    0.113638672426623E+01    0.390298395490016E+00
    0.172160000000000E+04    0.600112143795150E+01    0.390016832828046E+00
    0.172162000000000E+04    0.603672189646704E+01    0.390014063271879E+00
    0.172788000000000E+04    0.461349899757079E+01    0.390178159233330E+00
    0.172790000000000E+04    0.464910596864729E+01    0.390176914202693E+00
    0.173416000000000E+04    0.322024510081701E+01    0.389068017071193E+00
    0.173418000000000E+04    0.325580767265501E+01    0.389068530139440E+00
    0.174046000000000E+04    0.186287707201518E+01    0.390072079043839E+00
    0.174048000000000E+04    0.189848001586824E+01    0.390071964808433E+00
    0.174674000000000E+04    0.473932808210975E+00    0.390068434674564E+00
    0.174676000000000E+04    0.509535416313611E+00    0.390072451577039E+00
    0.175302000000000E+04    0.537494979513804E+01    0.390247083825388E+00
    0.175304000000000E+04    0.541055970683010E+01    0.390241630327200E+00
    0.175930000000000E+04    0.398268190912768E+01    0.389604990592104E+00
    0.175932000000000E+04    0.401826606849681E+01    0.389607503917940E+00
    0.176558000000000E+04    0.259041981769360E+01    0.389338060242661E+00
    0.176560000000000E+04    0.262599330512967E+01    0.389335545862472E+00
    0.177186000000000E+04    0.119724530517078E+01    0.390306185350573E+00
    0.177188000000000E+04    0.123285758349584E+01    0.390310745818031E+00
    0.177816000000000E+04    0.613246136218913E+01    0.389990573527586E+00
    0.177818000000000E+04    0.616806093066498E+01    0.389988830917298E+00
    0.178444000000000E+04    0.474592384235802E+01    0.390237810893734E+00
    0.178446000000000E+04    0.478153337599042E+01    0.390235697708093E+00
    0.179072000000000E+04    0.335255479965235E+01    0.389100171130014E+00
    0.179074000000000E+04    0.338811873026634E+01    0.389101332172410E+00
    0.179700000000000E+04    0.195983989709430E+01    0.389976397895191E+00
    0.179702000000000E+04    0.199543911916589E+01    0.389975519523480E+00
    0.180328000000000E+04    0.570021237758283E+00    0.390110994367937E+00
    0.180330000000000E+04    0.605625706397859E+00    0.390115663519972E+00
    0.180956000000000E+04    0.547134892060240E+01    0.390210746833205E+00
    0.180958000000000E+04    0.550695729734480E+01    0.390205293692571E+00
    0.181586000000000E+04    0.411528630157727E+01    0.389724654124954E+00
    0.181588000000000E+04    0.415087528035110E+01    0.389726837007414E+00
    0.182214000000000E+04    0.272292168065951E+01    0.389244237188751E+00
    0.182216000000000E+04    0.275849141627805E+01    0.389242031149410E+00
    0.182842000000000E+04    0.132962310839230E+01    0.390309306850633E+00
    0.182844000000000E+04    0.136523556568909E+01    0.390313205347017E+00
    0.183470000000000E+04    0.622843799223210E+01    0.389979822568754E+00
    0.183472000000000E+04    0.626403712741012E+01    0.389979138421178E+00
    0.184098000000000E+04    0.484289374863829E+01    0.390279137541796E+00
    0.184100000000000E+04    0.487850495506109E+01    0.390276174805953E+00
    0.184726000000000E+04    0.344949459536929E+01    0.389152963002886E+00
    0.184728000000000E+04    0.348506054696963E+01    0.389154671125697E+00
    0.185354000000000E+04    0.205690711719626E+01    0.389868735895773E+00
    0.185356000000000E+04    0.209250189657314E+01    0.389867184682147E+00
    0.185984000000000E+04    0.701809290590518E+00    0.390158789939016E+00
    0.185986000000000E+04    0.737415731809051E+00    0.390163935221488E+00
    0.186612000000000E+04    0.560326064489254E+01    0.390163396793106E+00
    0.186614000000000E+04    0.563886710809629E+01    0.390158155131759E+00
    0.187240000000000E+04    0.421232039371216E+01    0.389839514501118E+00
    0.187242000000000E+04    0.424791397938952E+01    0.389841204126160E+00
    0.187868000000000E+04    0.281981195880735E+01    0.389168599249448E+00
    0.187870000000000E+04    0.285537865263041E+01    0.389166810246161E+00
    0.188496000000000E+04    0.142643034024377E+01    0.390289111974925E+00
    0.188498000000000E+04    0.146204202613944E+01    0.390292255251949E+00
    0.189124000000000E+04    0.411631638389736E-01    0.389979251641212E+00
    0.189126000000000E+04    0.767621684353799E-01    0.389979669719717E+00
    0.189754000000000E+04    0.497530120130887E+01    0.390296954141961E+00
    0.189756000000000E+04    0.501091315365557E+01    0.390293141365064E+00
    0.190382000000000E+04    0.358191607642311E+01    0.389225411564880E+00
    0.190384000000000E+04    0.361748513316934E+01    0.389227601162537E+00
    0.191010000000000E+04    0.218957042238162E+01    0.389756212309295E+00
    0.191012000000000E+04    0.222516068316327E+01    0.389754131248678E+00
    0.191638000000000E+04    0.798159878216666E+00    0.390204843502064E+00
    0.191640000000000E+04    0.833768140977099E+00    0.390210247533544E+00
    0.192266000000000E+04    0.569957297703968E+01    0.390122768399239E+00
    0.192268000000000E+04    0.573517781394639E+01    0.390117952344356E+00
    0.192894000000000E+04    0.430949703925762E+01    0.389950485828672E+00
    0.192896000000000E+04    0.434509506219547E+01    0.389951535967227E+00
    0.193524000000000E+04    0.295240621426956E+01    0.389113618023650E+00
    0.193526000000000E+04    0.298797071198760E+01    0.389112407861044E+00
    0.194152000000000E+04    0.155912316783088E+01    0.390257805493847E+00
    0.194154000000000E+04    0.159473357741172E+01    0.390260062109988E+00
    0.194780000000000E+04    0.172899844238600E+00    0.389992171195892E+00
    0.194782000000000E+04    0.208499472534641E+00    0.389993695722600E+00
    0.195408000000000E+04    0.507232218512627E+01    0.390306849545470E+00
    0.195410000000000E+04    0.510793443030843E+01    0.390302394456793E+00
    0.196036000000000E+04    0.367911287146762E+01    0.389314387580680E+00
    0.196038000000000E+04    0.371468543749961E+01    0.389316881540289E+00
    0.196664000000000E+04    0.228687006570499E+01    0.389639037945443E+00
    0.196666000000000E+04    0.232245562169146E+01    0.389636598535264E+00
    0.197294000000000E+04    0.930421745614694E+00    0.390249636331456E+00
    0.197296000000000E+04    0.966031792050671E+00    0.390255076162520E+00
    0.197922000000000E+04    0.583157482621937E+01    0.390076601160318E+00
    0.197924000000000E+04    0.586717781283460E+01    0.390072418566965E+00
    0.198550000000000E+04    0.444240961321611E+01    0.390049569383566E+00
    0.198552000000000E+04    0.447801160861172E+01    0.390049830944134E+00
    0.199178000000000E+04    0.304953164728613E+01    0.389079523278671E+00
    0.199180000000000E+04    0.308509477749567E+01    0.389078921471153E+00
    0.199806000000000E+04    0.165634435388893E+01    0.390201979629731E+00
    0.199808000000000E+04    0.169195259917205E+01    0.390203354025697E+00
    0.200434000000000E+04    0.269157007280228E+00    0.390014349192229E+00
    0.200436000000000E+04    0.304757565087584E+00    0.390016895814664E+00
    0.201062000000000E+04    0.516932356932966E+01    0.390298968345710E+00
    0.201064000000000E+04    0.520493548197283E+01    0.390293992120599E+00
    0.201692000000000E+04    0.381197115947816E+01    0.389419556247824E+00
    0.201694000000000E+04    0.384754793710954E+01    0.389422222301424E+00
    0.202320000000000E+04    0.241979918580319E+01    0.389520566371809E+00
    0.202322000000000E+04    0.245537997692827E+01    0.389517948475270E+00
    0.202948000000000E+04    0.102724962036336E+01    0.390281360501947E+00
    0.202950000000000E+04    0.106286096984377E+01    0.390286638710724E+00
    0.203576000000000E+04    0.592798561913241E+01    0.390040888174074E+00
    0.203578000000000E+04    0.596358716314535E+01    0.390037495741895E+00
    0.204204000000000E+04    0.453980441521708E+01    0.390135124811952E+00
    0.204206000000000E+04    0.457540991798260E+01    0.390134543262623E+00
    0.204832000000000E+04    0.314677030955681E+01    0.389070984194847E+00
    0.204834000000000E+04    0.318233281128641E+01    0.389071059621896E+00
    0.205462000000000E+04    0.178927257491387E+01    0.390129508979452E+00
    0.205464000000000E+04    0.182487779242729E+01    0.390129965327074E+00
    0.206090000000000E+04    0.401013794865321E+00    0.390044951665075E+00
    0.206092000000000E+04    0.436615645036454E+00    0.390048435943117E+00
    0.206718000000000E+04    0.530175192799243E+01    0.390270286261139E+00
    0.206720000000000E+04    0.533736263896617E+01    0.390264939416816E+00
    0.207346000000000E+04    0.390915338513469E+01    0.389527723352911E+00
    0.207348000000000E+04    0.394473456885544E+01    0.389530365384476E+00
    0.207974000000000E+04    0.251696495048282E+01    0.389408086959036E+00
    0.207976000000000E+04    0.255254116681499E+01    0.389405467497132E+00
    0.208602000000000E+04    0.112397438354174E+01    0.390298926601907E+00
    0.208604000000000E+04    0.115958660407432E+01    0.390303835719089E+00
    0.209232000000000E+04    0.605977469169920E+01    0.390010084750965E+00
    0.209234000000000E+04    0.609537510612654E+01    0.390007668450685E+00
    0.209860000000000E+04    0.467260738608047E+01    0.390204271474001E+00
    0.209862000000000E+04    0.470821552866209E+01    0.390202763952845E+00
    0.210488000000000E+04    0.327936211265524E+01    0.389082831100567E+00
    0.210490000000000E+04    0.331492537153508E+01    0.389083571775112E+00
    0.211116000000000E+04    0.188654039013682E+01    0.390045586321924E+00
    0.211118000000000E+04    0.192214224779491E+01    0.390045215047579E+00
    0.211744000000000E+04    0.497318965384238E+00    0.390086177764509E+00
    0.211746000000000E+04    0.532922231633165E+00    0.390090423457154E+00
    0.212372000000000E+04    0.539847851851573E+01    0.390239336931213E+00
    0.212374000000000E+04    0.543408808961840E+01    0.390233860627089E+00
    0.213000000000000E+04    0.400646782408148E+01    0.389647908562328E+00
    0.213002000000000E+04    0.404205378375991E+01    0.389650335581670E+00
    0.213630000000000E+04    0.264983447680106E+01    0.389309024279130E+00
    0.213632000000000E+04    0.268540683734727E+01    0.389306611980074E+00
    0.214258000000000E+04    0.125669741680849E+01    0.390317689132632E+00
    0.214260000000000E+04    0.129231017663005E+01    0.390322031304374E+00
    0.214886000000000E+04    0.615611812240468E+01    0.389991213860412E+00
    0.214888000000000E+04    0.619171771329638E+01    0.389989808876119E+00
    0.215514000000000E+04    0.476997607738394E+01    0.390258763209957E+00
    0.215516000000000E+04    0.480558645922156E+01    0.390256370644520E+00
    0.216142000000000E+04    0.337665927850503E+01    0.389119830462839E+00
    0.216144000000000E+04    0.341222398791115E+01    0.389121170899165E+00
    0.216770000000000E+04    0.198402012958149E+01    0.389945168581513E+00
    0.216772000000000E+04    0.201961798804450E+01    0.389944054290529E+00
    0.217400000000000E+04    0.629539604805359E+00    0.390134088034367E+00
    0.217402000000000E+04    0.665144995834908E+00    0.390138949222397E+00
    0.218028000000000E+04    0.553098054893326E+01    0.390196770659186E+00
    0.218030000000000E+04    0.556658833058873E+01    0.390191360426250E+00
    0.218656000000000E+04    0.413959530985767E+01    0.389767308376732E+00
    0.218658000000000E+04    0.417518601309439E+01    0.389769344172423E+00
    0.219284000000000E+04    0.274723664577732E+01    0.389220490274838E+00
    0.219286000000000E+04    0.278280542117818E+01    0.389218402236701E+00
    0.219912000000000E+04    0.135393140766200E+01    0.390306993131562E+00
    0.219914000000000E+04    0.138954378446306E+01    0.390310656368953E+00
    0.220540000000000E+04    0.625250066692934E+01    0.389982217895639E+00
    0.220542000000000E+04    0.491439610914313E-02    0.389981899375789E+00
    0.221170000000000E+04    0.490291650731842E+01    0.390289489168350E+00
    0.221172000000000E+04    0.493852810875478E+01    0.390286212140262E+00
    0.221798000000000E+04    0.350954741525265E+01    0.389179721169022E+00
    0.221800000000000E+04    0.354511455217244E+01    0.389181629618314E+00
    0.222426000000000E+04    0.211711320615996E+01    0.389834270611362E+00
    0.222428000000000E+04    0.215270655356335E+01    0.389832515104177E+00
    0.223054000000000E+04    0.726184575268235E+00    0.390177324156542E+00
    0.223056000000000E+04    0.761791665610417E+00    0.390182579184636E+00
    0.223682000000000E+04    0.562766334839034E+01    0.390151992277058E+00
    0.223684000000000E+04    0.566326936895484E+01    0.390146872253833E+00
    0.224310000000000E+04    0.423703910696850E+01    0.389880623739504E+00
    0.224312000000000E+04    0.427263436435032E+01    0.389882114683273E+00
    0.224940000000000E+04    0.288009527537952E+01    0.389150024442860E+00
    0.224942000000000E+04    0.291566121822007E+01    0.389148441709315E+00
    0.225568000000000E+04    0.148679835158737E+01    0.390284687239003E+00
    0.225570000000000E+04    0.152240990478504E+01    0.390287512144115E+00
    0.226196000000000E+04    0.101251425665396E+00    0.389987784282318E+00
    0.226198000000000E+04    0.136850581915496E+00    0.389988638619986E+00
    0.226824000000000E+04    0.500010853821095E+01    0.390304242556015E+00
    0.226826000000000E+04    0.503572069310439E+01    0.390300223156362E+00
    0.227452000000000E+04    0.360675102178493E+01    0.389253281223176E+00
    0.227454000000000E+04    0.364232116280391E+01    0.389255599860661E+00
    0.228080000000000E+04    0.221444330645454E+01    0.389716450294678E+00
    0.228082000000000E+04    0.225003196835223E+01    0.389714229554840E+00
    0.228708000000000E+04    0.822748011396015E+00    0.390216215495890E+00
    0.228710000000000E+04    0.858356734254812E+00    0.390221666918363E+00
    0.229338000000000E+04    0.575975765722569E+01    0.390103562514449E+00
    0.229340000000000E+04    0.579536213342590E+01    0.390098984874788E+00
    0.229966000000000E+04    0.437004024448561E+01    0.389989556808700E+00
    0.229968000000000E+04    0.440563981855394E+01    0.389990329695574E+00
    0.230594000000000E+04    0.297732973194434E+01    0.389102935581718E+00
    0.230596000000000E+04    0.301289382776395E+01    0.389101922413987E+00
    0.231222000000000E+04    0.158408805609724E+01    0.390241917247709E+00
    0.231224000000000E+04    0.161969777618924E+01    0.390243853297186E+00
    0.231850000000000E+04    0.197536923608823E+00    0.390000053365086E+00
    0.231852000000000E+04    0.233136907321750E+00    0.390001956013017E+00
    0.232478000000000E+04    0.509728517930580E+01    0.390309840959677E+00
    0.232480000000000E+04    0.513289760670523E+01    0.390305178634055E+00
    0.233108000000000E+04    0.373974373187048E+01    0.389351433895924E+00
    0.233110000000000E+04    0.377531767679284E+01    0.389354021832752E+00
    0.233736000000000E+04    0.234762348412278E+01    0.389595024137489E+00
    0.233738000000000E+04    0.238320766310517E+01    0.389592514290129E+00
    0.234364000000000E+04    0.955515381458099E+00    0.390268321482553E+00
    0.234366000000000E+04    0.991126201114639E+00    0.390273733470462E+00
    0.234992000000000E+04    0.585664839325727E+01    0.390072918808007E+00
    0.234994000000000E+04    0.589225123014967E+01    0.390068990587549E+00
    0.235620000000000E+04    0.446792483641275E+01    0.390089425915993E+00
    0.235622000000000E+04    0.450352842213579E+01    0.390089405475867E+00
    0.236248000000000E+04    0.307508658011011E+01    0.389080689816033E+00
    0.236250000000000E+04    0.311064975391491E+01    0.389080301708787E+00
    0.236878000000000E+04    0.171763995111542E+01    0.390187862097858E+00
    0.236880000000000E+04    0.175324757854105E+01    0.390188892598778E+00
    0.237506000000000E+04    0.330149334524322E+00    0.390034319565150E+00
    0.237508000000000E+04    0.365750554124133E+00    0.390037225602145E+00
    0.238134000000000E+04    0.523059865485811E+01    0.390294485600939E+00
    0.238136000000000E+04    0.526621037930181E+01    0.390289341017345E+00
    0.238762000000000E+04    0.383784321467010E+01    0.389462748188954E+00
    0.238764000000000E+04    0.387342176284801E+01    0.389465418469804E+00
    0.239390000000000E+04    0.244575681596234E+01    0.389487275376543E+00
    0.239392000000000E+04    0.248133628790310E+01    0.389484635721706E+00
    0.240018000000000E+04    0.105313021744405E+01    0.390295835140454E+00
    0.240020000000000E+04    0.108874213009585E+01    0.390301012220488E+00
    0.240648000000000E+04    0.598935867841919E+01    0.390033528435055E+00
    0.240650000000000E+04    0.602495994011770E+01    0.390030474172324E+00
    0.241276000000000E+04    0.460162072454477E+01    0.390167913274175E+00
    0.241278000000000E+04    0.463722750725901E+01    0.390166986736125E+00
    0.241904000000000E+04    0.320857112449630E+01    0.389079051627186E+00
    0.241906000000000E+04    0.324413401764559E+01    0.389079389182962E+00
    0.242532000000000E+04    0.181565388080435E+01    0.390106961042877E+00
    0.242534000000000E+04    0.185125820769099E+01    0.390107113339330E+00
    0.243160000000000E+04    0.427139967216135E+00    0.390064609883011E+00
    0.243162000000000E+04    0.462742609050110E+00    0.390068385842334E+00
    0.243788000000000E+04    0.532814168450386E+01    0.390268422850811E+00
    0.243790000000000E+04    0.536375234311799E+01    0.390263009738476E+00
    0.244416000000000E+04    0.393582993140990E+01    0.389577059937104E+00
    0.244418000000000E+04    0.397141305442256E+01    0.389579644481668E+00
    0.245046000000000E+04    0.257928993435871E+01    0.389375548890808E+00
    0.245048000000000E+04    0.261486487131333E+01    0.389372989130041E+00
    0.245674000000000E+04    0.118632544094362E+01    0.390314894970670E+00
    0.245676000000000E+04    0.122193826162493E+01    0.390319614138627E+00
    0.246302000000000E+04    0.608630587160769E+01    0.390007804927906E+00
    0.246304000000000E+04    0.612190593164632E+01    0.390005744831141E+00
    0.246930000000000E+04    0.469951482908618E+01    0.390229565537254E+00
    0.246932000000000E+04    0.473512399205720E+01    0.390227747422590E+00
    0.247558000000000E+04    0.330629910617881E+01    0.389097513024912E+00
    0.247560000000000E+04    0.334186301556110E+01    0.389098467513190E+00
    0.248186000000000E+04    0.191359714332066E+01    0.390014354814316E+00
    0.248188000000000E+04    0.194919774343452E+01    0.390013699204731E+00
    0.248816000000000E+04    0.559723519934778E+00    0.390108616276634E+00
    0.248818000000000E+04    0.595327936106514E+00    0.390113130012418E+00
    0.249444000000000E+04    0.546109449257892E+01    0.390227197224376E+00
    0.249446000000000E+04    0.549670346067251E+01    0.390221711299464E+00
    0.250072000000000E+04    0.406931099008125E+01    0.389695162526380E+00
    0.250074000000000E+04    0.410489890903227E+01    0.389697468162478E+00
    0.250700000000000E+04    0.267712294051307E+01    0.389278537260596E+00
    0.250702000000000E+04    0.271269402081361E+01    0.389276210740874E+00
    0.251328000000000E+04    0.128386930498073E+01    0.390315586520986E+00
    0.251330000000000E+04    0.131948175350408E+01    0.390319652798248E+00
    0.251956000000000E+04    0.618299846961690E+01    0.389988582734899E+00
    0.251958000000000E+04    0.621859798903370E+01    0.389987584148869E+00
    0.252586000000000E+04    0.483284239346631E+01    0.390272701159012E+00
    0.252588000000000E+04    0.486845325437298E+01    0.390269960561867E+00
    0.253214000000000E+04    0.343949320731826E+01    0.389141735198775E+00
    0.253216000000000E+04    0.347505887924945E+01    0.389143311039574E+00
    0.253842000000000E+04    0.204699861033077E+01    0.389907103156121E+00
    0.253844000000000E+04    0.208259487333362E+01    0.389905723137061E+00
    0.254470000000000E+04    0.656598425466655E+00    0.390149404630535E+00
    0.254472000000000E+04    0.692204496212071E+00    0.390154433988656E+00
    0.255098000000000E+04    0.555815499125765E+01    0.390185096135018E+00
    0.255100000000000E+04    0.559376261359193E+01    0.390179783306090E+00
    0.255726000000000E+04    0.416707907442014E+01    0.389811313575451E+00
    0.255728000000000E+04    0.420267148470430E+01    0.389813158615070E+00
    0.256354000000000E+04    0.277471261943720E+01    0.389196774206099E+00
    0.256356000000000E+04    0.281028050145596E+01    0.389194851922144E+00
    0.256984000000000E+04    0.141701884645499E+01    0.390304983705319E+00
    0.256986000000000E+04    0.145263108684867E+01    0.390308307845429E+00
    0.257612000000000E+04    0.320833169598700E-01    0.389984818417543E+00
    0.257614000000000E+04    0.676826910112140E-01    0.389984954249645E+00
    0.258240000000000E+04    0.493048481510323E+01    0.390302379324402E+00
    0.258242000000000E+04    0.496609690878267E+01    0.390298801299926E+00
    0.258868000000000E+04    0.353715231545902E+01    0.389206915199565E+00
    0.258870000000000E+04    0.357272054897294E+01    0.389208984164601E+00
    0.259496000000000E+04    0.214483539346929E+01    0.389795248023103E+00
    0.259498000000000E+04    0.218042741664885E+01    0.389793302309103E+00
    0.260124000000000E+04    0.753640425064987E+00    0.390196060574422E+00
    0.260126000000000E+04    0.789248087849955E+00    0.390201406863449E+00
    0.260754000000000E+04    0.569069782859333E+01    0.390133886595124E+00
    0.260756000000000E+04    0.572630310597469E+01    0.390128933376495E+00
    0.261382000000000E+04    0.430039194761866E+01    0.389922354726622E+00
    0.261384000000000E+04    0.433598886152777E+01    0.389923586280908E+00
    0.262010000000000E+04    0.290779648593343E+01    0.389130144738710E+00
    0.262012000000000E+04    0.294336164759352E+01    0.389128754161294E+00
    0.262638000000000E+04    0.151450846912940E+01    0.390271482891939E+00
    0.262640000000000E+04    0.155011942757938E+01    0.390274002286376E+00
    0.263266000000000E+04    0.128593589073716E+00    0.389989289330684E+00
    0.263268000000000E+04    0.164193109969347E+00    0.389990498232420E+00
    0.263894000000000E+04    0.502784775781492E+01    0.390310201649421E+00
    0.263896000000000E+04    0.506346029395354E+01    0.390305941557322E+00
    0.264524000000000E+04    0.367025869740246E+01    0.389293213746407E+00
    0.264526000000000E+04    0.370583045088551E+01    0.389295654005863E+00
    0.265152000000000E+04    0.227805221712879E+01    0.389675616722702E+00
    0.265154000000000E+04    0.231363920862623E+01    0.389673259339692E+00
    0.265780000000000E+04    0.886198005629012E+00    0.390239800908138E+00
    0.265782000000000E+04    0.921807514474494E+00    0.390245248197054E+00
    0.266408000000000E+04    0.578750223019597E+01    0.390093839658484E+00
    0.266410000000000E+04    0.582310601355766E+01    0.390089471446463E+00
    0.267036000000000E+04    0.439814783476686E+01    0.390027816895787E+00
    0.267038000000000E+04    0.443374895916440E+01    0.390028319722159E+00
    0.267664000000000E+04    0.300543338118860E+01    0.389094667730809E+00
    0.267666000000000E+04    0.304099714954828E+01    0.389093864747375E+00
    0.268294000000000E+04    0.164787546375919E+01    0.390226610651336E+00
    0.268296000000000E+04    0.168348457705270E+01    0.390228210495769E+00
    0.268922000000000E+04    0.261007896139745E+00    0.390014556678953E+00
    0.268924000000000E+04    0.296608477973678E+00    0.390016844520963E+00
    0.269550000000000E+04    0.516107861984256E+01    0.390306205419626E+00
    0.269552000000000E+04    0.519669079911910E+01    0.390301341907966E+00
    0.270178000000000E+04    0.376809714171850E+01    0.389393613478951E+00
    0.270180000000000E+04    0.380367290308732E+01    0.389396244658956E+00
    0.270806000000000E+04    0.237600789762109E+01    0.389559341659941E+00
    0.270808000000000E+04    0.241159025940487E+01    0.389556753016560E+00
    0.271434000000000E+04    0.983609039475596E+00    0.390275277112475E+00
    0.271436000000000E+04    0.101922014245611E+01    0.390280629186771E+00
    0.272062000000000E+04    0.588456501164364E+01    0.390058628920824E+00
    0.272064000000000E+04    0.592016728487670E+01    0.390054994639342E+00
    0.272692000000000E+04    0.453177848705764E+01    0.390118370425502E+00
    0.272694000000000E+04    0.456738321370722E+01    0.390118005969779E+00
    0.273320000000000E+04    0.313882872847716E+01    0.389076184509682E+00
    0.273322000000000E+04    0.317439173773073E+01    0.389076080443198E+00
    0.273948000000000E+04    0.174583371759127E+01    0.390158166120176E+00
    0.273950000000000E+04    0.178144009096832E+01    0.390158879280112E+00
    0.274576000000000E+04    0.357943607127709E+00    0.390042381670222E+00
    0.274578000000000E+04    0.393545326065578E+00    0.390045614784821E+00
    0.275204000000000E+04    0.525864317038395E+01    0.390287517124766E+00
    0.275206000000000E+04    0.529425459919821E+01    0.390282263219710E+00
    0.275832000000000E+04    0.386602322129966E+01    0.389502976023044E+00
    0.275834000000000E+04    0.390160332878349E+01    0.389505627021572E+00
    0.276462000000000E+04    0.250954501502383E+01    0.389443881762464E+00
    0.276464000000000E+04    0.254512283507484E+01    0.389441261706274E+00
    0.277090000000000E+04    0.111676763955165E+01    0.390305072287474E+00
    0.277092000000000E+04    0.115237986099328E+01    0.390310074447408E+00
    0.277718000000000E+04    0.601715782835799E+01    0.390023721604686E+00
    0.277720000000000E+04    0.605275878458724E+01    0.390021041799860E+00
    0.278346000000000E+04    0.462979772073777E+01    0.390193966599249E+00
    0.278348000000000E+04    0.466540545205407E+01    0.390192707546069E+00
    0.278974000000000E+04    0.323669488381893E+01    0.389083649656598E+00
    0.278976000000000E+04    0.327225823779645E+01    0.389084197790072E+00
    0.279602000000000E+04    0.184389759640089E+01    0.390075463170127E+00
    0.279604000000000E+04    0.187950062610616E+01    0.390075308394548E+00
    0.280232000000000E+04    0.490624303090044E+00    0.390082840396463E+00
    0.280234000000000E+04    0.526227692437715E+00    0.390086913851195E+00
    0.280860000000000E+04    0.539182483574223E+01    0.390253322839868E+00
    0.280862000000000E+04    0.542743498357504E+01    0.390247842943054E+00
    0.281488000000000E+04    0.399967086082233E+01    0.389622456688636E+00
    0.281490000000000E+04    0.403525558711863E+01    0.389624946634500E+00
    0.282116000000000E+04    0.260753027241753E+01    0.389338556975816E+00
    0.282118000000000E+04    0.264310390098854E+01    0.389336076395987E+00
    0.282744000000000E+04    0.121449891025986E+01    0.390318375880377E+00
    0.282746000000000E+04    0.125011173022176E+01    0.390322892574087E+00
    0.283372000000000E+04    0.611421371032066E+01    0.390003797921339E+00
    0.283374000000000E+04    0.614981384323528E+01    0.390002116441460E+00
    0.284000000000000E+04    0.472788683313775E+01    0.390254544013174E+00
    0.284002000000000E+04    0.476349700869832E+01    0.390252354997076E+00
    0.284630000000000E+04    0.337023278401830E+01    0.389113769756795E+00
    0.284632000000000E+04    0.340579730605168E+01    0.389114999374019E+00
    0.285258000000000E+04    0.197766319237144E+01    0.389977769582013E+00
    0.285260000000000E+04    0.201326243972835E+01    0.389976808082094E+00
    0.285886000000000E+04    0.587845408690555E+00    0.390123967864379E+00
    0.285888000000000E+04    0.623450281163969E+00    0.390128687961445E+00
    0.286514000000000E+04    0.548930672266670E+01    0.390215070871851E+00
    0.286516000000000E+04    0.552491534199453E+01    0.390209630576824E+00
    0.287142000000000E+04    0.409781392384684E+01    0.389741284147333E+00
    0.287144000000000E+04    0.413340352655996E+01    0.389743432768077E+00
    0.287770000000000E+04    0.270556519939601E+01    0.389248260268296E+00
    0.287772000000000E+04    0.274113511888390E+01    0.389246068423128E+00
    0.288400000000000E+04    0.134794005525237E+01    0.390317582543260E+00
    0.288402000000000E+04    0.138355278450035E+01    0.390321386178111E+00
    0.289028000000000E+04    0.624678026441234E+01    0.389987982381029E+00
    0.289030000000000E+04    0.628237974641161E+01    0.389987422880764E+00
    0.289656000000000E+04    0.486143628032005E+01    0.390290028359457E+00
    0.289658000000000E+04    0.489704789297593E+01    0.390286962808454E+00
    0.290284000000000E+04    0.346812423700703E+01    0.389165895239786E+00
    0.290286000000000E+04    0.350369080784003E+01    0.389167667923983E+00
    0.290912000000000E+04    0.207573199892340E+01    0.389869083857150E+00
    0.290914000000000E+04    0.211132696963523E+01    0.389867479702673E+00
    0.291540000000000E+04    0.685051666805521E+00    0.390171029411552E+00
    0.291542000000000E+04    0.720658321699375E+00    0.390176198732645E+00
    0.292170000000000E+04    0.562216527162127E+01    0.390163233900350E+00
    0.292172000000000E+04    0.565777168813474E+01    0.390158014813369E+00
    0.292798000000000E+04    0.423135159608228E+01    0.389856829652990E+00
    0.292800000000000E+04    0.426694593168577E+01    0.389858462894006E+00
    0.293426000000000E+04    0.283891599704202E+01    0.389170698419953E+00
    0.293428000000000E+04    0.287448264990780E+01    0.389168969469471E+00
    0.294054000000000E+04    0.144561828344195E+01    0.390295039022560E+00
    0.294056000000000E+04    0.148123026574285E+01    0.390298085834488E+00
    0.294682000000000E+04    0.603795886590888E-01    0.389988793927582E+00
    0.294684000000000E+04    0.959790594724836E-01    0.389989330296389E+00
