    0.000000000000000E+00    0.190000000000000E+01    0.420000000000000E+00
    0.200000000000000E-01    0.193679998863110E+01    0.419999424761656E+00
    0.630000000000000E+01    0.925177609886370E+00    0.420428288092791E+00
    0.632000000000000E+01    0.961994828331530E+00    0.420433731806182E+00
    0.125800000000000E+02    0.620476679305386E+01    0.420303550606858E+00
    0.126000000000000E+02    0.624157887617647E+01    0.420302580682425E+00
    0.188600000000000E+02    0.519994307191713E+01    0.420421510035711E+00
    0.188800000000000E+02    0.523676001996124E+01    0.420416458281207E+00
    0.251400000000000E+02    0.418660183715752E+01    0.419788821466679E+00
    0.251600000000000E+02    0.422339315193777E+01    0.419790580409122E+00
    0.314200000000000E+02    0.316925324052742E+01    0.419049950144888E+00
    0.314400000000000E+02    0.320601524203813E+01    0.419050154921835E+00
    0.377000000000000E+02    0.215189025571981E+01    0.419744906970193E+00
    0.377200000000000E+02    0.218868002396655E+01    0.419742895218587E+00
    0.440000000000000E+02    0.117512199115200E+01    0.420425113020670E+00
    0.440200000000000E+02    0.121193911912553E+01    0.420429902473798E+00
    0.502800000000000E+02    0.170000274338548E+00    0.420308825385254E+00
    0.503000000000000E+02    0.206812569473840E+00    0.420310296537309E+00
    0.565600000000000E+02    0.544977828198685E+01    0.420415445888503E+00
    0.565800000000000E+02    0.548659488746713E+01    0.420409968030650E+00
    0.628400000000000E+02    0.443847719044113E+01    0.420038070747073E+00
    0.628600000000000E+02    0.447527867012708E+01    0.420038274125133E+00
    0.691200000000000E+02    0.342156543906538E+01    0.419115865035530E+00
    0.691400000000000E+02    0.345833006632279E+01    0.419117432752484E+00
    0.754000000000000E+02    0.240403247221988E+01    0.419481696047958E+00
    0.754200000000000E+02    0.244081165325031E+01    0.419479061090973E+00
    0.817000000000000E+02    0.142569683467138E+01    0.420357349223478E+00
    0.817200000000000E+02    0.146251131177377E+01    0.420360644419825E+00
    0.879800000000000E+02    0.418584270223022E+00    0.420343010103056E+00
    0.880000000000000E+02    0.455397982727789E+00    0.420346626362018E+00
    0.942600000000000E+02    0.569910658875315E+01    0.420375802905614E+00
    0.942800000000000E+02    0.573592158211923E+01    0.420370936113746E+00
    0.100540000000000E+03    0.469003137755149E+01    0.420236675822272E+00
    0.100560000000000E+03    0.472684081783262E+01    0.420234920387822E+00
    0.106820000000000E+03    0.367387501444264E+01    0.419281511954679E+00
    0.106840000000000E+03    0.371064628350459E+01    0.419283996047767E+00
    0.113100000000000E+03    0.265631858607790E+01    0.419254650771716E+00
    0.113120000000000E+03    0.269308862461364E+01    0.419252295415845E+00
    0.119400000000000E+03    0.167684959744304E+01    0.420216787815027E+00
    0.119420000000000E+03    0.171365838957757E+01    0.420218136703581E+00
    0.125680000000000E+03    0.667508898476228E+00    0.420391681467559E+00
    0.125700000000000E+03    0.704324605668575E+00    0.420396711738707E+00
    0.131960000000000E+03    0.594798843966288E+01    0.420332011659565E+00
    0.131980000000000E+03    0.598480166136824E+01    0.420328721553775E+00
    0.138240000000000E+03    0.494113587292748E+01    0.420364730195610E+00
    0.138260000000000E+03    0.497795042539025E+01    0.420361061146826E+00
    0.144520000000000E+03    0.392613646037364E+01    0.419515768369478E+00
    0.144540000000000E+03    0.396291710409560E+01    0.419518374621557E+00
    0.150800000000000E+03    0.290864841660721E+01    0.419101553655387E+00
    0.150820000000000E+03    0.294541240235850E+01    0.419100226357459E+00
    0.157080000000000E+03    0.189167633547095E+01    0.420007825885806E+00
    0.157100000000000E+03    0.192847670868156E+01    0.420007301483497E+00
    0.163380000000000E+03    0.916940029741284E+00    0.420428493395588E+00
    0.163400000000000E+03    0.953757254214906E+00    0.420433940730361E+00
    0.169660000000000E+03    0.619658434630759E+01    0.420304995039686E+00
    0.169680000000000E+03    0.623339649047699E+01    0.420303942969762E+00
    0.175940000000000E+03    0.519171103337169E+01    0.420421420010656E+00
    0.175960000000000E+03    0.522852792538941E+01    0.420416391300553E+00
    0.182220000000000E+03    0.417831805367825E+01    0.419779740695440E+00
    0.182240000000000E+03    0.421510920915694E+01    0.419781564417181E+00
    0.188500000000000E+03    0.316099853643010E+01    0.419051550588358E+00
    0.188520000000000E+03    0.319776056177102E+01    0.419051662699169E+00
    0.194780000000000E+03    0.214365175079195E+01    0.419754912901474E+00
    0.194800000000000E+03    0.218044192042174E+01    0.419752942125368E+00
    0.201080000000000E+03    0.116695289469794E+01    0.420426631399232E+00
    0.201100000000000E+03    0.120377005307546E+01    0.420431457886834E+00
    0.207360000000000E+03    0.161893134534182E+00    0.420307917332367E+00
    0.207380000000000E+03    0.198705396627815E+00    0.420309305764189E+00
    0.213640000000000E+03    0.544167158604660E+01    0.420415524661013E+00
    0.213660000000000E+03    0.547848841607674E+01    0.420410051775354E+00
    0.219920000000000E+03    0.443035402532166E+01    0.420032719061778E+00
    0.219940000000000E+03    0.446715534149507E+01    0.420033010005160E+00
    0.226200000000000E+03    0.341342349487240E+01    0.419118668935496E+00
    0.226220000000000E+03    0.345018782302787E+01    0.419120209172795E+00
    0.232480000000000E+03    0.239583983557537E+01    0.419489875476256E+00
    0.232500000000000E+03    0.243261938907796E+01    0.419487253659852E+00
    0.238780000000000E+03    0.141754582348688E+01    0.420360059831219E+00
    0.238800000000000E+03    0.145436029175613E+01    0.420363409867582E+00
    0.245060000000000E+03    0.410477311619729E+00    0.420340744963310E+00
    0.245080000000000E+03    0.447290959433531E+00    0.420344291091575E+00
    0.251340000000000E+03    0.569100672742002E+01    0.420377703466969E+00
    0.251360000000000E+03    0.572782168568870E+01    0.420372794196399E+00
    0.257620000000000E+03    0.468181320627309E+01    0.420229146309836E+00
    0.257640000000000E+03    0.471862244864650E+01    0.420227470039595E+00
    0.263900000000000E+03    0.366562776619850E+01    0.419274219795881E+00
    0.263920000000000E+03    0.370239870964986E+01    0.419276688226745E+00
    0.270180000000000E+03    0.264803500920556E+01    0.419260355166641E+00
    0.270200000000000E+03    0.268480538768858E+01    0.419257976175984E+00
    0.276480000000000E+03    0.166860981872452E+01    0.420222100281566E+00
    0.276500000000000E+03    0.170541874554624E+01    0.420223495175892E+00
    0.282760000000000E+03    0.659306967149860E+00    0.420387489356303E+00
    0.282780000000000E+03    0.696122515624438E+00    0.420392482323601E+00
    0.289040000000000E+03    0.593981113139171E+01    0.420332341577474E+00
    0.289060000000000E+03    0.597662421141695E+01    0.420328989322150E+00
    0.295320000000000E+03    0.493280150064822E+01    0.420358296424469E+00
    0.295340000000000E+03    0.496961581160986E+01    0.420354708686097E+00
    0.301600000000000E+03    0.391773309695395E+01    0.419504790752494E+00
    0.301620000000000E+03    0.395451333866663E+01    0.419507412677807E+00
    0.307880000000000E+03    0.290017882274753E+01    0.419102620345078E+00
    0.307900000000000E+03    0.293694288427946E+01    0.419101243681796E+00
    0.314160000000000E+03    0.188322662983262E+01    0.420016046655245E+00
    0.314180000000000E+03    0.192002741711838E+01    0.420015590636561E+00
    0.320460000000000E+03    0.908516671566758E+00    0.420425128253337E+00
    0.320480000000000E+03    0.945333517898803E+00    0.420430564083715E+00
    0.326740000000000E+03    0.618815956666651E+01    0.420303033575534E+00
    0.326760000000000E+03    0.622497165658251E+01    0.420301886343683E+00
    0.333020000000000E+03    0.518322622055689E+01    0.420413073177152E+00
    0.333040000000000E+03    0.522004310190755E+01    0.420408108727208E+00
    0.339300000000000E+03    0.416987491409543E+01    0.419773183950280E+00
    0.339320000000000E+03    0.420666586998152E+01    0.419775056701726E+00
    0.345580000000000E+03    0.315255159870037E+01    0.419054171487924E+00
    0.345600000000000E+03    0.318931346947181E+01    0.419054271579192E+00
    0.351860000000000E+03    0.213519122421553E+01    0.419763330200550E+00
    0.351880000000000E+03    0.217198171588336E+01    0.419761395369468E+00
    0.358160000000000E+03    0.115852215550808E+01    0.420426668170257E+00
    0.358180000000000E+03    0.119533938809207E+01    0.420431533909458E+00
    0.364440000000000E+03    0.153511577999780E+00    0.420310950003375E+00
    0.364460000000000E+03    0.190323546548711E+00    0.420312301190220E+00
    0.370720000000000E+03    0.543313173482613E+01    0.420411928251545E+00
    0.370740000000000E+03    0.546994800699736E+01    0.420406425416202E+00
    0.377000000000000E+03    0.442156344863395E+01    0.420017048581450E+00
    0.377020000000000E+03    0.445836420280511E+01    0.420017404850699E+00
    0.383280000000000E+03    0.340457328274772E+01    0.419104532410569E+00
    0.383300000000000E+03    0.344133741226631E+01    0.419106012307108E+00
    0.389560000000000E+03    0.238699639457047E+01    0.419496575008488E+00
    0.389580000000000E+03    0.242377626702728E+01    0.419493964687723E+00
    0.395860000000000E+03    0.140873471093369E+01    0.420362285631842E+00
    0.395880000000000E+03    0.144554926527996E+01    0.420365696021377E+00
    0.402140000000000E+03    0.401721258550197E+00    0.420336762163797E+00
    0.402160000000000E+03    0.438534748681832E+00    0.420340237681305E+00
    0.408420000000000E+03    0.568220330545410E+01    0.420376985692572E+00
    0.408440000000000E+03    0.571901822805796E+01    0.420372034665864E+00
    0.414700000000000E+03    0.467289611957312E+01    0.420220253443597E+00
    0.414720000000000E+03    0.470970503064268E+01    0.420218652553552E+00
    0.420980000000000E+03    0.365664964476343E+01    0.419264539181836E+00
    0.421000000000000E+03    0.369342018573673E+01    0.419266987870621E+00
    0.427260000000000E+03    0.263902754397293E+01    0.419265718247774E+00
    0.427280000000000E+03    0.267579813059695E+01    0.419263313955362E+00
    0.433540000000000E+03    0.162279560430920E+01    0.420224550345898E+00
    0.433560000000000E+03    0.165960462228099E+01    0.420226077440625E+00
    0.439840000000000E+03    0.650356590651541E+00    0.420383310040996E+00
    0.439860000000000E+03    0.687171974642638E+00    0.420388264583407E+00
    0.446120000000000E+03    0.593084327443921E+01    0.420331434578070E+00
    0.446140000000000E+03    0.596765631040284E+01    0.420328007661977E+00
    0.452400000000000E+03    0.492372653225073E+01    0.420352619288567E+00
    0.452420000000000E+03    0.496054066749673E+01    0.420349086910863E+00
    0.458680000000000E+03    0.390857766577506E+01    0.419494682966536E+00
    0.458700000000000E+03    0.394535750642308E+01    0.419497314949839E+00
    0.464960000000000E+03    0.289101812460694E+01    0.419106983621712E+00
    0.464980000000000E+03    0.292778235883998E+01    0.419105556948091E+00
    0.471240000000000E+03    0.187408577717895E+01    0.420025157072593E+00
    0.471260000000000E+03    0.191088691491450E+01    0.420024775603915E+00
    0.477540000000000E+03    0.899459956699843E+00    0.420426208482885E+00
    0.477560000000000E+03    0.936276794292667E+00    0.420431646913249E+00
    0.483820000000000E+03    0.617912252357064E+01    0.420301516758590E+00
    0.483840000000000E+03    0.621593453446360E+01    0.420300290505084E+00
    0.490100000000000E+03    0.517405337792331E+01    0.420415384777388E+00
    0.490120000000000E+03    0.521086993357108E+01    0.420410453128223E+00
    0.496380000000000E+03    0.416049546280976E+01    0.419756902801410E+00
    0.496400000000000E+03    0.419728587753957E+01    0.419758823720813E+00
    0.502660000000000E+03    0.314313013361107E+01    0.419048357086236E+00
    0.502680000000000E+03    0.317989194803965E+01    0.419048365850486E+00
    0.508940000000000E+03    0.212575641359194E+01    0.419771344567851E+00
    0.508960000000000E+03    0.216254730208709E+01    0.419769461802829E+00
    0.515240000000000E+03    0.114916833372536E+01    0.420426260433052E+00
    0.515260000000000E+03    0.118598547307624E+01    0.420431165327904E+00
    0.521520000000000E+03    0.144216536509362E+00    0.420305104751703E+00
    0.521540000000000E+03    0.181028727054127E+00    0.420306334583317E+00
    0.527800000000000E+03    0.542387406459636E+01    0.420416584161795E+00
    0.527820000000000E+03    0.546069064924541E+01    0.420411099604955E+00
    0.534080000000000E+03    0.441227782031035E+01    0.420009558454597E+00
    0.534100000000000E+03    0.444907824240386E+01    0.420009985273764E+00
    0.540360000000000E+03    0.339529649378221E+01    0.419102287572224E+00
    0.540380000000000E+03    0.343206053568235E+01    0.419103727561101E+00
    0.546640000000000E+03    0.237774962731305E+01    0.419508860052207E+00
    0.546660000000000E+03    0.241452995003237E+01    0.419506257675696E+00
    0.552940000000000E+03    0.139955784824815E+01    0.420367973556782E+00
    0.552960000000000E+03    0.143637264610538E+01    0.420371458471006E+00
    0.559220000000000E+03    0.392633549095990E+00    0.420335400921199E+00
    0.559240000000000E+03    0.429446948947543E+00    0.420338825769908E+00
    0.565500000000000E+03    0.567312585352738E+01    0.420380171733552E+00
    0.565520000000000E+03    0.570994101321821E+01    0.420375182032739E+00
    0.571780000000000E+03    0.466374317979898E+01    0.420214574772254E+00
    0.571800000000000E+03    0.470055176969913E+01    0.420213062455101E+00
    0.578060000000000E+03    0.364746237772965E+01    0.419256940400659E+00
    0.578080000000000E+03    0.368423268610809E+01    0.419259365209276E+00
    0.584340000000000E+03    0.262986672765737E+01    0.419275130456523E+00
    0.584360000000000E+03    0.266663769601928E+01    0.419272701366930E+00
    0.590620000000000E+03    0.161370798508665E+01    0.420234869967920E+00
    0.590640000000000E+03    0.165051748852329E+01    0.420236502059726E+00
    0.596920000000000E+03    0.641392366332866E+00    0.420383499279784E+00
    0.596940000000000E+03    0.678207610233812E+00    0.420388415935691E+00
    0.603200000000000E+03    0.592190620787528E+01    0.420335667468625E+00
    0.603220000000000E+03    0.595871961546550E+01    0.420332174877575E+00
    0.609480000000000E+03    0.491478069417394E+01    0.420352189833085E+00
    0.609500000000000E+03    0.495159473262925E+01    0.420348741686741E+00
    0.615760000000000E+03    0.389962100507887E+01    0.419486225608288E+00
    0.615780000000000E+03    0.393640048232328E+01    0.419488871638433E+00
    0.622040000000000E+03    0.288206121408280E+01    0.419111262265386E+00
    0.622060000000000E+03    0.291882561764396E+01    0.419109787792822E+00
    0.628320000000000E+03    0.186514799649785E+01    0.420033464365916E+00
    0.628340000000000E+03    0.190194946866882E+01    0.420033152999158E+00
    0.634620000000000E+03    0.890600276701889E+00    0.420426903825865E+00
    0.634640000000000E+03    0.927417117221921E+00    0.420432345473104E+00
    0.640900000000000E+03    0.617027434441070E+01    0.420298970341972E+00
    0.640920000000000E+03    0.620708622779921E+01    0.420297637710099E+00
    0.647180000000000E+03    0.516509038079585E+01    0.420411612977668E+00
    0.647200000000000E+03    0.520190686031447E+01    0.420406719344711E+00
    0.653460000000000E+03    0.415142908304119E+01    0.419743639527501E+00
    0.653480000000000E+03    0.418821873393654E+01    0.419745585794742E+00
    0.659740000000000E+03    0.313399364249722E+01    0.419045881302325E+00
    0.659760000000000E+03    0.317075547905165E+01    0.419045828232068E+00
    0.666020000000000E+03    0.211661802805361E+01    0.419780141751389E+00
    0.666040000000000E+03    0.215340923808503E+01    0.419778300620380E+00
    0.672320000000000E+03    0.114007123386227E+01    0.420425531658173E+00
    0.672340000000000E+03    0.117688834118644E+01    0.420430477153783E+00
    0.678600000000000E+03    0.135157361481561E+00    0.420300892438336E+00
    0.678620000000000E+03    0.171969349795290E+00    0.420302004035236E+00
    0.684880000000000E+03    0.541473566247851E+01    0.420413062063694E+00
    0.684900000000000E+03    0.545155239426254E+01    0.420407589936839E+00
    0.691160000000000E+03    0.440310340716815E+01    0.420000170936344E+00
    0.691180000000000E+03    0.443990342682105E+01    0.420000669260285E+00
    0.697440000000000E+03    0.338604258698592E+01    0.419099938665747E+00
    0.697460000000000E+03    0.342280621957389E+01    0.419101325005992E+00
    0.703720000000000E+03    0.236841652049725E+01    0.419515168522744E+00
    0.703740000000000E+03    0.240519711334923E+01    0.419512573015644E+00
    0.710000000000000E+03    0.135342848234473E+01    0.420365384616905E+00
    0.710020000000000E+03    0.139024317345275E+01    0.420368995066444E+00
    0.716300000000000E+03    0.383393308608220E+00    0.420333176567616E+00
    0.716320000000000E+03    0.420206647670057E+00    0.420336499620136E+00
    0.722580000000000E+03    0.566383875077781E+01    0.420379957364175E+00
    0.722600000000000E+03    0.570065381195377E+01    0.420374926859356E+00
    0.728860000000000E+03    0.465434178433566E+01    0.420205956450992E+00
    0.728880000000000E+03    0.469115010136488E+01    0.420204515250120E+00
    0.735140000000000E+03    0.363801094639712E+01    0.419247967016916E+00
    0.735160000000000E+03    0.367478083762444E+01    0.419250363755496E+00
    0.741420000000000E+03    0.262038391979695E+01    0.419281478153795E+00
    0.741440000000000E+03    0.265715514272279E+01    0.419279027702423E+00
    0.747700000000000E+03    0.160422833294933E+01    0.420238077107133E+00
    0.747720000000000E+03    0.164103790504942E+01    0.420239760437311E+00
    0.754000000000000E+03    0.631966871589384E+00    0.420379286528889E+00
    0.754020000000000E+03    0.668782086267129E+00    0.420384156741545E+00
    0.760280000000000E+03    0.591248116380984E+01    0.420334091360181E+00
    0.760300000000000E+03    0.594929433350831E+01    0.420330511892192E+00
    0.766560000000000E+03    0.490517877875004E+01    0.420343602742098E+00
    0.766580000000000E+03    0.494199250483484E+01    0.420340223722303E+00
    0.772840000000000E+03    0.388991143503631E+01    0.419471885320005E+00
    0.772860000000000E+03    0.392669036103985E+01    0.419474537004585E+00
    0.779120000000000E+03    0.287230902818692E+01    0.419113370313012E+00
    0.779140000000000E+03    0.290907352094428E+01    0.419111846188235E+00
    0.785400000000000E+03    0.185538886605127E+01    0.420040698809060E+00
    0.785420000000000E+03    0.189219063506721E+01    0.420040456238983E+00
    0.791700000000000E+03    0.880899694293021E+00    0.420419585430991E+00
    0.791720000000000E+03    0.917716315819462E+00    0.420425023663722E+00
    0.797980000000000E+03    0.616064006153033E+01    0.420301917137324E+00
    0.798000000000000E+03    0.619745209685698E+01    0.420300485904959E+00
    0.804260000000000E+03    0.515541163380885E+01    0.420409817518394E+00
    0.804280000000000E+03    0.519222807809297E+01    0.420404971406343E+00
    0.810540000000000E+03    0.414170874300930E+01    0.419735176624374E+00
    0.810560000000000E+03    0.417849807882180E+01    0.419737178669073E+00
    0.816820000000000E+03    0.312424857645146E+01    0.419044767488967E+00
    0.816840000000000E+03    0.316101032591564E+01    0.419044648472143E+00
    0.823100000000000E+03    0.210685754101337E+01    0.419789031696141E+00
    0.823120000000000E+03    0.214364907958634E+01    0.419787229860496E+00
    0.829400000000000E+03    0.113035100387583E+01    0.420424374813258E+00
    0.829420000000000E+03    0.116716813793869E+01    0.420429363263085E+00
    0.835680000000000E+03    0.125494371026207E+00    0.420300710768955E+00
    0.835700000000000E+03    0.162306250884285E+00    0.420301726802825E+00
    0.841960000000000E+03    0.540494852434290E+01    0.420413666228639E+00
    0.841980000000000E+03    0.544176497371859E+01    0.420408188078842E+00
    0.848240000000000E+03    0.439315852988761E+01    0.419985351364966E+00
    0.848260000000000E+03    0.442995826123706E+01    0.419985911521652E+00
    0.854520000000000E+03    0.337612818546972E+01    0.419089982058400E+00
    0.854540000000000E+03    0.341289173820587E+01    0.419091316292118E+00
    0.860800000000000E+03    0.235854490540328E+01    0.419526014483910E+00
    0.860820000000000E+03    0.239532592412706E+01    0.419523438185148E+00
    0.867080000000000E+03    0.134361018684876E+01    0.420368405641634E+00
    0.867100000000000E+03    0.138042500266533E+01    0.420372082018116E+00
    0.873380000000000E+03    0.373631068685654E+00    0.420328483235001E+00
    0.873400000000000E+03    0.410444190829594E+00    0.420331748245862E+00
    0.879660000000000E+03    0.565403849727795E+01    0.420380050656764E+00
    0.879680000000000E+03    0.569085365860292E+01    0.420374980339941E+00
    0.885940000000000E+03    0.464437913866982E+01    0.420195862143802E+00
    0.885960000000000E+03    0.468118672008427E+01    0.420194397042981E+00
    0.892220000000000E+03    0.362788803793683E+01    0.419232024025333E+00
    0.892240000000000E+03    0.366465720456063E+01    0.419234423007260E+00
    0.898500000000000E+03    0.261020808951184E+01    0.419285415268422E+00
    0.898520000000000E+03    0.264697946609181E+01    0.419282938477886E+00
    0.904780000000000E+03    0.159400189256098E+01    0.420239465812623E+00
    0.904800000000000E+03    0.163081158307159E+01    0.420241256870681E+00
    0.911080000000000E+03    0.621800491332806E+00    0.420373092022915E+00
    0.911100000000000E+03    0.658615502447674E+00    0.420377918570107E+00
    0.917360000000000E+03    0.590225535028230E+01    0.420331349765792E+00
    0.917380000000000E+03    0.593906855725618E+01    0.420327686628514E+00
    0.923640000000000E+03    0.489487900239692E+01    0.420337834017141E+00
    0.923660000000000E+03    0.493169255057092E+01    0.420334507556997E+00
    0.929920000000000E+03    0.387950665435892E+01    0.419457194432051E+00
    0.929940000000000E+03    0.391628498579462E+01    0.419459852359153E+00
    0.936200000000000E+03    0.286192248084217E+01    0.419117787946367E+00
    0.936220000000000E+03    0.289868731638603E+01    0.419116257820912E+00
    0.942480000000000E+03    0.184500353000567E+01    0.420048602667720E+00
    0.942500000000000E+03    0.188180547633988E+01    0.420048444906173E+00
    0.948780000000000E+03    0.870564602358172E+00    0.420417050490757E+00
    0.948800000000000E+03    0.907380994280402E+00    0.420422485275759E+00
    0.955060000000000E+03    0.615034166102282E+01    0.420302171258353E+00
    0.955080000000000E+03    0.618715373714872E+01    0.420300658291330E+00
    0.961340000000000E+03    0.514501152550361E+01    0.420408032699391E+00
    0.961360000000000E+03    0.518182779298900E+01    0.420403219843662E+00
    0.967620000000000E+03    0.413121200679848E+01    0.419722126819302E+00
    0.967640000000000E+03    0.416800093010147E+01    0.419724185157370E+00
    0.973900000000000E+03    0.311375232812884E+01    0.419045534585936E+00
    0.973920000000000E+03    0.315051410000501E+01    0.419045347617434E+00
    0.980180000000000E+03    0.209641032282821E+01    0.419800973976108E+00
    0.980200000000000E+03    0.213320257579312E+01    0.419799251449886E+00
    0.986480000000000E+03    0.112006248167359E+01    0.420427397615063E+00
    0.986500000000000E+03    0.115687967701228E+01    0.420432423850687E+00
    0.992760000000000E+03    0.115276057908204E+00    0.420305272617497E+00
    0.992780000000000E+03    0.152087751523823E+00    0.420306214919276E+00
    0.999040000000000E+03    0.539463693999278E+01    0.420412361452554E+00
    0.999060000000000E+03    0.543145332696031E+01    0.420406876217146E+00
    0.100532000000000E+04    0.438272433760721E+01    0.419974970284437E+00
    0.100534000000000E+04    0.441952335263386E+01    0.419975618619272E+00
    0.101160000000000E+04    0.336559085411091E+01    0.419083375590911E+00
    0.101162000000000E+04    0.340235409983779E+01    0.419084655017615E+00
    0.101788000000000E+04    0.234803007303617E+01    0.419537641372016E+00
    0.101790000000000E+04    0.238481172594584E+01    0.419535084092078E+00
    0.102416000000000E+04    0.133313606419892E+01    0.420370221509377E+00
    0.102418000000000E+04    0.136995095070756E+01    0.420373981562643E+00
    0.103046000000000E+04    0.363261305715241E+00    0.420327248407885E+00
    0.103048000000000E+04    0.400074436366594E+00    0.420330412168133E+00
    0.103674000000000E+04    0.564361533212445E+01    0.420381152235603E+00
    0.103676000000000E+04    0.568043048780714E+01    0.420376038651804E+00
    0.104302000000000E+04    0.463392244173087E+01    0.420189655172731E+00
    0.104304000000000E+04    0.467073004367717E+01    0.420188395738630E+00
    0.104930000000000E+04    0.361747008927750E+01    0.419227799753614E+00
    0.104932000000000E+04    0.365423908262778E+01    0.419230131168883E+00
    0.105558000000000E+04    0.259982456140642E+01    0.419298168503574E+00
    0.105560000000000E+04    0.263659654978960E+01    0.419295691049260E+00
    0.106186000000000E+04    0.158373046159363E+01    0.420250266627684E+00
    0.106188000000000E+04    0.162054051514701E+01    0.420252157713007E+00
    0.106816000000000E+04    0.611658318669924E+00    0.420373974769148E+00
    0.106818000000000E+04    0.648473343698242E+00    0.420378760856963E+00
    0.107444000000000E+04    0.589214930606272E+01    0.420334902133321E+00
    0.107446000000000E+04    0.592896261388046E+01    0.420331152895656E+00
    0.108072000000000E+04    0.488469053832341E+01    0.420334378161899E+00
    0.108074000000000E+04    0.492150394546161E+01    0.420331161135154E+00
    0.108700000000000E+04    0.386928395012978E+01    0.419451900305186E+00
    0.108702000000000E+04    0.390606177153131E+01    0.419454554527194E+00
    0.109328000000000E+04    0.285159012162103E+01    0.419118421089730E+00
    0.109330000000000E+04    0.288835479832119E+01    0.419116791564900E+00
    0.109956000000000E+04    0.183463900947822E+01    0.420056598106730E+00
    0.109958000000000E+04    0.187144132738263E+01    0.420056521775303E+00
    0.110586000000000E+04    0.860312276307923E+00    0.420413774343318E+00
    0.110588000000000E+04    0.897128789816179E+00    0.420419208516244E+00
    0.111214000000000E+04    0.614013163686741E+01    0.420301699563201E+00
    0.111216000000000E+04    0.617694370550589E+01    0.420300090934831E+00
    0.111842000000000E+04    0.513470728538323E+01    0.420405083712595E+00
    0.111844000000000E+04    0.517152345602381E+01    0.420400323184573E+00
    0.112470000000000E+04    0.412082028667010E+01    0.419709758796074E+00
    0.112472000000000E+04    0.415760869124688E+01    0.419711860734749E+00
    0.113098000000000E+04    0.310333430842275E+01    0.419044932537799E+00
    0.113100000000000E+04    0.314009606108539E+01    0.419044680740608E+00
    0.113726000000000E+04    0.208598707310057E+01    0.419812084778690E+00
    0.113728000000000E+04    0.212277976273799E+01    0.419810416037275E+00
    0.114354000000000E+04    0.107285780569509E+01    0.420420784574562E+00
    0.114356000000000E+04    0.110967465285330E+01    0.420425870576365E+00
    0.114984000000000E+04    0.104954056538190E+00    0.420298106017767E+00
    0.114986000000000E+04    0.141765975506132E+00    0.420298899190590E+00
    0.115612000000000E+04    0.538432022487632E+01    0.420414258560321E+00
    0.115614000000000E+04    0.542113667535841E+01    0.420408786564364E+00
    0.116240000000000E+04    0.437232429509186E+01    0.419964650298461E+00
    0.116242000000000E+04    0.440912299693218E+01    0.419965374345517E+00
    0.116868000000000E+04    0.335518073630647E+01    0.419081776156109E+00
    0.116870000000000E+04    0.339194374128556E+01    0.419083002790272E+00
    0.117496000000000E+04    0.233754594812490E+01    0.419545245881779E+00
    0.117498000000000E+04    0.237432773487262E+01    0.419542699506282E+00
    0.118124000000000E+04    0.132269544557494E+01    0.420372438017686E+00
    0.118126000000000E+04    0.135951042847501E+01    0.420376265841637E+00
    0.118754000000000E+04    0.352869294865286E+00    0.420322451066397E+00
    0.118756000000000E+04    0.389682160334814E+00    0.420325540266580E+00
    0.119382000000000E+04    0.563319601782314E+01    0.420381386537509E+00
    0.119384000000000E+04    0.567001124787566E+01    0.420376237032793E+00
    0.120010000000000E+04    0.462330300470830E+01    0.420177495504419E+00
    0.120012000000000E+04    0.466010983038041E+01    0.420176211388292E+00
    0.120638000000000E+04    0.360670173519338E+01    0.419212527265798E+00
    0.120640000000000E+04    0.364347010854954E+01    0.419214860083733E+00
    0.121266000000000E+04    0.258899105860610E+01    0.419302004901026E+00
    0.121268000000000E+04    0.262576310637496E+01    0.419299483816993E+00
    0.121894000000000E+04    0.157284566266799E+01    0.420251264534715E+00
    0.121896000000000E+04    0.160965582328481E+01    0.420253235314730E+00
    0.122524000000000E+04    0.600815275467994E+00    0.420366236921629E+00
    0.122526000000000E+04    0.637630008875931E+00    0.420370957770618E+00
    0.123152000000000E+04    0.588126025593374E+01    0.420332389073338E+00
    0.123154000000000E+04    0.591807350218551E+01    0.420328563665387E+00
    0.123780000000000E+04    0.487365184237115E+01    0.420325266513801E+00
    0.123782000000000E+04    0.491046488745951E+01    0.420322105662728E+00
    0.124408000000000E+04    0.385812920192257E+01    0.419432208302754E+00
    0.124410000000000E+04    0.389490652150880E+01    0.419434878301720E+00
    0.125036000000000E+04    0.284050342615228E+01    0.419126766946249E+00
    0.125038000000000E+04    0.287726863473654E+01    0.419125131775672E+00
    0.125664000000000E+04    0.182360763096358E+01    0.420066178968716E+00
    0.125666000000000E+04    0.186041028099726E+01    0.420066188266162E+00
    0.126294000000000E+04    0.849362247897716E+00    0.420411613918142E+00
    0.126296000000000E+04    0.886178809701050E+00    0.420417048264782E+00
    0.126922000000000E+04    0.612922204492770E+01    0.420301991974000E+00
    0.126924000000000E+04    0.616603393917831E+01    0.420300253780206E+00
    0.127550000000000E+04    0.512367049486375E+01    0.420401018499649E+00
    0.127552000000000E+04    0.516048654601946E+01    0.420396311721024E+00
    0.128178000000000E+04    0.410969162657966E+01    0.419695297338858E+00
    0.128180000000000E+04    0.414647947797857E+01    0.419697442797519E+00
    0.128806000000000E+04    0.309220391522240E+01    0.419047961472642E+00
    0.128808000000000E+04    0.312896581479845E+01    0.419047638000624E+00
    0.129434000000000E+04    0.207487829772072E+01    0.419823051181488E+00
    0.129436000000000E+04    0.211167124956000E+01    0.419821390831359E+00
    0.130062000000000E+04    0.106177812678652E+01    0.420418014217996E+00
    0.130064000000000E+04    0.109859510876777E+01    0.420423140897046E+00
    0.130692000000000E+04    0.940042128358982E-01    0.420297374225762E+00
    0.130694000000000E+04    0.130816113049605E+00    0.420298058773106E+00
    0.131320000000000E+04    0.537330745882855E+01    0.420415570206995E+00
    0.131322000000000E+04    0.541012398450948E+01    0.420410117449829E+00
    0.131948000000000E+04    0.436112004542883E+01    0.419955002277638E+00
    0.131950000000000E+04    0.439791762743471E+01    0.419955723341583E+00
    0.132576000000000E+04    0.334386127324342E+01    0.419070466079783E+00
    0.132578000000000E+04    0.338062406683048E+01    0.419071636133710E+00
    0.133204000000000E+04    0.232622893544385E+01    0.419556050318188E+00
    0.133206000000000E+04    0.236301109914530E+01    0.419553521987461E+00
    0.133832000000000E+04    0.131141422967949E+01    0.420373544834189E+00
    0.133834000000000E+04    0.134822936213368E+01    0.420377449468617E+00
    0.134462000000000E+04    0.341681097811943E+00    0.420318936442158E+00
    0.134464000000000E+04    0.378493817343951E+00    0.420321909038391E+00
    0.135090000000000E+04    0.562190255847463E+01    0.420378829743930E+00
    0.135092000000000E+04    0.565871767265753E+01    0.420373642400900E+00
    0.135718000000000E+04    0.461193690400569E+01    0.420166833908922E+00
    0.135720000000000E+04    0.464874356255177E+01    0.420165749535552E+00
    0.136346000000000E+04    0.359534857741710E+01    0.419206703830529E+00
    0.136348000000000E+04    0.363211683861937E+01    0.419208960989439E+00
    0.136974000000000E+04    0.257766664279052E+01    0.419313647693117E+00
    0.136976000000000E+04    0.261443906984368E+01    0.419311108844213E+00
    0.137602000000000E+04    0.156158959765935E+01    0.420260124707434E+00
    0.137604000000000E+04    0.159840014478368E+01    0.420262191061836E+00
    0.138232000000000E+04    0.589684900508928E+00    0.420365698627772E+00
    0.138234000000000E+04    0.626499553993199E+00    0.420370360440026E+00
    0.138860000000000E+04    0.587013935023560E+01    0.420334969085502E+00
    0.138862000000000E+04    0.590695268178570E+01    0.420331058816693E+00
    0.139488000000000E+04    0.486241811772379E+01    0.420318706191067E+00
    0.139490000000000E+04    0.489923083067970E+01    0.420315630336468E+00
    0.140116000000000E+04    0.384683621107342E+01    0.419420958016229E+00
    0.140118000000000E+04    0.388361305678609E+01    0.419423624949053E+00
    0.140744000000000E+04    0.282917364202513E+01    0.419131688239548E+00
    0.140746000000000E+04    0.286593870526031E+01    0.419129964497052E+00
    0.141372000000000E+04    0.181221363620125E+01    0.420071426382687E+00
    0.141374000000000E+04    0.184901653350562E+01    0.420071527719312E+00
    0.142000000000000E+04    0.801205388153448E+00    0.420399910097250E+00
    0.142002000000000E+04    0.838021501720959E+00    0.420405345535038E+00
    0.142630000000000E+04    0.611786127372079E+01    0.420297184788444E+00
    0.142632000000000E+04    0.615467308852340E+01    0.420295322752085E+00
    0.143258000000000E+04    0.511218417238570E+01    0.420394956618369E+00
    0.143260000000000E+04    0.514900004191850E+01    0.420390325442277E+00
    0.143886000000000E+04    0.409807201337208E+01    0.419678843586389E+00
    0.143888000000000E+04    0.413485909629571E+01    0.419681030207578E+00
    0.144514000000000E+04    0.308047567505446E+01    0.419041823374316E+00
    0.144516000000000E+04    0.311723733881263E+01    0.419041435083801E+00
    0.145142000000000E+04    0.206306350040950E+01    0.419830624471950E+00
    0.145144000000000E+04    0.209985671568757E+01    0.419829073017252E+00
    0.145770000000000E+04    0.104999526975780E+01    0.420414176224723E+00
    0.145772000000000E+04    0.108681203904371E+01    0.420419355396604E+00
    0.146400000000000E+04    0.821725593950760E-01    0.420291160118127E+00
    0.146402000000000E+04    0.118983918644972E+00    0.420291746689240E+00
    0.147028000000000E+04    0.536126395706970E+01    0.420405936647735E+00
    0.147030000000000E+04    0.539808011616378E+01    0.420400487444920E+00
    0.147656000000000E+04    0.434896000935714E+01    0.419932413273265E+00
    0.147658000000000E+04    0.438575732481104E+01    0.419933300318084E+00
    0.148284000000000E+04    0.333165818508724E+01    0.419063060875227E+00
    0.148286000000000E+04    0.336842064020630E+01    0.419064152263608E+00
    0.148912000000000E+04    0.231401716260007E+01    0.419566762889028E+00
    0.148914000000000E+04    0.235079992154760E+01    0.419564261960860E+00
    0.149540000000000E+04    0.129919255177674E+01    0.420373162728189E+00
    0.149542000000000E+04    0.133600731790875E+01    0.420377083990345E+00
    0.150170000000000E+04    0.329470415036667E+00    0.420311265499574E+00
    0.150172000000000E+04    0.366282919299010E+00    0.420314128413313E+00
    0.150798000000000E+04    0.560960818025114E+01    0.420376985642010E+00
    0.150800000000000E+04    0.564642312926208E+01    0.420371749600222E+00
    0.151426000000000E+04    0.459945327702280E+01    0.420151643855945E+00
    0.151428000000000E+04    0.463625939661506E+01    0.420150675402523E+00
    0.152054000000000E+04    0.358275180469946E+01    0.419194201990493E+00
    0.152056000000000E+04    0.361951934131685E+01    0.419196423441297E+00
    0.152682000000000E+04    0.256493024454267E+01    0.419316551186827E+00
    0.152684000000000E+04    0.260170287624760E+01    0.419313990341478E+00
    0.153310000000000E+04    0.154883537786418E+01    0.420261329619155E+00
    0.153312000000000E+04    0.158564590481910E+01    0.420263504861955E+00
    0.153940000000000E+04    0.576930888742481E+00    0.420354422573878E+00
    0.153942000000000E+04    0.613745095926333E+00    0.420359027508880E+00
    0.154568000000000E+04    0.585734517926312E+01    0.420331120705900E+00
    0.154570000000000E+04    0.589415834590045E+01    0.420327113754479E+00
    0.155196000000000E+04    0.484940491215275E+01    0.420305412328136E+00
    0.155198000000000E+04    0.488621711916812E+01    0.420302459735316E+00
    0.155824000000000E+04    0.383369268158594E+01    0.419402074236171E+00
    0.155826000000000E+04    0.387046879072659E+01    0.419404749180067E+00
    0.156452000000000E+04    0.281592061565107E+01    0.419132625165576E+00
    0.156454000000000E+04    0.285268587938390E+01    0.419130826411529E+00
    0.157080000000000E+04    0.179899594179733E+01    0.420081188774953E+00
    0.157082000000000E+04    0.183579931975692E+01    0.420081388806865E+00
    0.157708000000000E+04    0.788056175581460E+00    0.420394404821072E+00
    0.157710000000000E+04    0.824871806570627E+00    0.420399809415987E+00
    0.158338000000000E+04    0.610469783352528E+01    0.420294354556191E+00
    0.158340000000000E+04    0.614150956433150E+01    0.420292363949994E+00
    0.158966000000000E+04    0.509885460574378E+01    0.420388035863476E+00
    0.158968000000000E+04    0.513567014084174E+01    0.420383460823893E+00
    0.159594000000000E+04    0.408454712440016E+01    0.419656267529220E+00
    0.159596000000000E+04    0.412133339192314E+01    0.419658512378630E+00
    0.160222000000000E+04    0.306691400076079E+01    0.419040260814538E+00
    0.160224000000000E+04    0.310367554654385E+01    0.419039786758744E+00
    0.160850000000000E+04    0.204946189796647E+01    0.419841157546425E+00
    0.160852000000000E+04    0.208625552106878E+01    0.419839686249148E+00
    0.161478000000000E+04    0.103645107249440E+01    0.420410419803758E+00
    0.161480000000000E+04    0.107326753082907E+01    0.420415631809556E+00
    0.162108000000000E+04    0.686340130496319E-01    0.420282935902942E+00
    0.162110000000000E+04    0.105445253231210E+00    0.420283376627979E+00
    0.162736000000000E+04    0.534765170148012E+01    0.420404990545584E+00
    0.162738000000000E+04    0.538446788541569E+01    0.420399561302625E+00
    0.163364000000000E+04    0.433515315577097E+01    0.419914094344939E+00
    0.163366000000000E+04    0.437194961086516E+01    0.419915048588995E+00
    0.163992000000000E+04    0.331778016782391E+01    0.419054900622253E+00
    0.163994000000000E+04    0.335454237945760E+01    0.419055896145204E+00
    0.164620000000000E+04    0.230010846448431E+01    0.419577550480905E+00
    0.164622000000000E+04    0.233689186071615E+01    0.419575087907595E+00
    0.165248000000000E+04    0.128536163395029E+01    0.420373220782115E+00
    0.165250000000000E+04    0.132217656162629E+01    0.420377263744042E+00
    0.165878000000000E+04    0.315719868961878E+00    0.420306243720884E+00
    0.165880000000000E+04    0.352532030813563E+00    0.420309070360118E+00
    0.166506000000000E+04    0.559581383703744E+01    0.420379156871426E+00
    0.166508000000000E+04    0.563262889078851E+01    0.420373887054066E+00
    0.167134000000000E+04    0.458547744895441E+01    0.420138914946573E+00
    0.167136000000000E+04    0.462228304193195E+01    0.420138057126292E+00
    0.167762000000000E+04    0.356873696752564E+01    0.419181651778579E+00
    0.167764000000000E+04    0.360550421385278E+01    0.419183829275546E+00
    0.168390000000000E+04    0.255096202385630E+01    0.419331936266975E+00
    0.168392000000000E+04    0.258773526609775E+01    0.419329355778945E+00
    0.169018000000000E+04    0.153495739969867E+01    0.420271878215106E+00
    0.169020000000000E+04    0.157176837098223E+01    0.420274165532536E+00
    0.169648000000000E+04    0.563201702540482E+00    0.420352406107630E+00
    0.169650000000000E+04    0.600015765502121E+00    0.420356929514359E+00
    0.170276000000000E+04    0.584364743767856E+01    0.420334429950100E+00
    0.170278000000000E+04    0.588046106215461E+01    0.420330378920315E+00
    0.170904000000000E+04    0.483563127670823E+01    0.420301445785207E+00
    0.170906000000000E+04    0.487244328505767E+01    0.420298610228533E+00
    0.171532000000000E+04    0.381982490545215E+01    0.419393711513339E+00
    0.171534000000000E+04    0.385660028268740E+01    0.419396367019791E+00
    0.172160000000000E+04    0.280199624652460E+01    0.419139347752312E+00
    0.172162000000000E+04    0.283876178412038E+01    0.419137487706182E+00
    0.172788000000000E+04    0.178508598270764E+01    0.420091595710428E+00
    0.172790000000000E+04    0.182188966047124E+01    0.420091905030176E+00
    0.173416000000000E+04    0.774265630754144E+00    0.420391472037062E+00
    0.173418000000000E+04    0.811081384782938E+00    0.420396864677368E+00
    0.174046000000000E+04    0.609099564759663E+01    0.420295981151178E+00
    0.174048000000000E+04    0.612780719465400E+01    0.420293886764382E+00
    0.174674000000000E+04    0.508496416003300E+01    0.420381491181020E+00
    0.174676000000000E+04    0.512177942686640E+01    0.420377005156815E+00
    0.175302000000000E+04    0.407049047489863E+01    0.419639660928554E+00
    0.175304000000000E+04    0.410727609055220E+01    0.419641953168539E+00
    0.175930000000000E+04    0.305281144734681E+01    0.419041206772947E+00
    0.175932000000000E+04    0.308957298021778E+01    0.419040652124509E+00
    0.176558000000000E+04    0.203536531458849E+01    0.419854848457464E+00
    0.176560000000000E+04    0.207215955294851E+01    0.419853458805322E+00
    0.177186000000000E+04    0.102248030705641E+01    0.420410354294321E+00
    0.177188000000000E+04    0.105929680923873E+01    0.420415608010068E+00
    0.177816000000000E+04    0.547807925609050E-01    0.420285313023517E+00
    0.177818000000000E+04    0.915922129934188E-01    0.420285605183528E+00
    0.178444000000000E+04    0.533372048445744E+01    0.420404882127283E+00
    0.178446000000000E+04    0.537053660079255E+01    0.420399487776110E+00
    0.179072000000000E+04    0.432113482070326E+01    0.419899870947456E+00
    0.179074000000000E+04    0.435793103460765E+01    0.419900936165301E+00
    0.179700000000000E+04    0.330379655418619E+01    0.419053111690241E+00
    0.179702000000000E+04    0.334055859964928E+01    0.419054040696347E+00
    0.180328000000000E+04    0.228610536333690E+01    0.419593616273260E+00
    0.180330000000000E+04    0.232288907627162E+01    0.419591187909857E+00
    0.180956000000000E+04    0.127146974640709E+01    0.420379361074205E+00
    0.180958000000000E+04    0.130828499340578E+01    0.420383518716701E+00
    0.181586000000000E+04    0.301962082392038E+00    0.420304413175852E+00
    0.181588000000000E+04    0.338774227316208E+00    0.420307051944178E+00
    0.182214000000000E+04    0.558201250759112E+01    0.420379699039998E+00
    0.182216000000000E+04    0.561882762445657E+01    0.420374387868169E+00
    0.182842000000000E+04    0.457150827908526E+01    0.420124027161077E+00
    0.182844000000000E+04    0.460831310713911E+01    0.420123233653523E+00
    0.183470000000000E+04    0.355466129021897E+01    0.419167734357243E+00
    0.183472000000000E+04    0.359142802875567E+01    0.419169848844153E+00
    0.184098000000000E+04    0.253685352350021E+01    0.419342444660822E+00
    0.184100000000000E+04    0.257362715889076E+01    0.419339843095569E+00
    0.184726000000000E+04    0.152087632185930E+01    0.420277202825167E+00
    0.184728000000000E+04    0.155768751446931E+01    0.420279612523294E+00
    0.185354000000000E+04    0.512413162109624E+00    0.420344418979076E+00
    0.185356000000000E+04    0.549226822272431E+00    0.420348821900374E+00
    0.185984000000000E+04    0.582955563933228E+01    0.420331124660706E+00
    0.185986000000000E+04    0.586636884357813E+01    0.420326930102219E+00
    0.186612000000000E+04    0.482133065644302E+01    0.420288833616882E+00
    0.186614000000000E+04    0.485814216307699E+01    0.420286105969110E+00
    0.187240000000000E+04    0.380543888649026E+01    0.419371472150645E+00
    0.187242000000000E+04    0.384221377371387E+01    0.419374133492632E+00
    0.187868000000000E+04    0.278765795401387E+01    0.419149029061719E+00
    0.187870000000000E+04    0.282442372429068E+01    0.419147115195286E+00
    0.188496000000000E+04    0.177074196445938E+01    0.420102729523125E+00
    0.188498000000000E+04    0.180754608895677E+01    0.420103159150460E+00
    0.189124000000000E+04    0.760044118041151E+00    0.420387115459277E+00
    0.189126000000000E+04    0.796859694062732E+00    0.420392482400758E+00
    0.189754000000000E+04    0.607680968897012E+01    0.420295308115780E+00
    0.189756000000000E+04    0.611362134774572E+01    0.420293061127775E+00
    0.190382000000000E+04    0.507066915857695E+01    0.420378190043696E+00
    0.190384000000000E+04    0.510748424460417E+01    0.420373772275357E+00
    0.191010000000000E+04    0.405614919047503E+01    0.419623115936800E+00
    0.191012000000000E+04    0.409293414829426E+01    0.419625456672332E+00
    0.191638000000000E+04    0.303843311915671E+01    0.419041988947354E+00
    0.191640000000000E+04    0.307519474891478E+01    0.419041345870669E+00
    0.192266000000000E+04    0.202102221729001E+01    0.419870431252868E+00
    0.192268000000000E+04    0.205781716939964E+01    0.419869114653132E+00
    0.192894000000000E+04    0.100819970621205E+01    0.420408228171527E+00
    0.192896000000000E+04    0.104501596706996E+01    0.420413504944775E+00
    0.193524000000000E+04    0.405770077859415E-01    0.420282935679398E+00
    0.193526000000000E+04    0.773883741208010E-01    0.420283151174956E+00
    0.194152000000000E+04    0.531942635018095E+01    0.420406142656363E+00
    0.194154000000000E+04    0.535624250961928E+01    0.420400766528884E+00
    0.194780000000000E+04    0.430674965243361E+01    0.419887441658633E+00
    0.194782000000000E+04    0.434354517368047E+01    0.419888609449314E+00
    0.195408000000000E+04    0.328935260033404E+01    0.419048510207261E+00
    0.195410000000000E+04    0.332611448175339E+01    0.419049338648069E+00
    0.196036000000000E+04    0.227171932152578E+01    0.419607241398443E+00
    0.196038000000000E+04    0.230850392546108E+01    0.419604864383341E+00
    0.196664000000000E+04    0.125727297029835E+01    0.420389193543011E+00
    0.196666000000000E+04    0.129408861719912E+01    0.420393442618221E+00
    0.197294000000000E+04    0.287966380983107E+00    0.420308069238549E+00
    0.197296000000000E+04    0.324778738751320E+00    0.420310563470494E+00
    0.197922000000000E+04    0.556803211940814E+01    0.420386364163156E+00
    0.197924000000000E+04    0.560484750333899E+01    0.420381019897873E+00
    0.198550000000000E+04    0.455748069685660E+01    0.420118190626496E+00
    0.198552000000000E+04    0.459428548082087E+01    0.420117564377881E+00
    0.199178000000000E+04    0.354069723023213E+01    0.419165510984248E+00
    0.199180000000000E+04    0.357746387031148E+01    0.419167577108534E+00
    0.199806000000000E+04    0.252298104727470E+01    0.419362910078441E+00
    0.199808000000000E+04    0.255975553073631E+01    0.419360298203608E+00
    0.200434000000000E+04    0.150716150646849E+01    0.420292549397899E+00
    0.200436000000000E+04    0.154397330699067E+01    0.420295063861833E+00
    0.201062000000000E+04    0.498906891210027E+00    0.420346500072756E+00
    0.201064000000000E+04    0.535720703124298E+00    0.420350832453889E+00
    0.201692000000000E+04    0.581622260710947E+01    0.420342912064279E+00
    0.201694000000000E+04    0.585303663072682E+01    0.420338677212278E+00
    0.202320000000000E+04    0.480800779868287E+01    0.420290894438347E+00
    0.202322000000000E+04    0.484481939940360E+01    0.420288278343151E+00
    0.202948000000000E+04    0.379217017732117E+01    0.419367936146884E+00
    0.202950000000000E+04    0.382894486887653E+01    0.419370586312843E+00
    0.203576000000000E+04    0.277447216610653E+01    0.419165871401006E+00
    0.203578000000000E+04    0.281123880536325E+01    0.419163905614819E+00
    0.204204000000000E+04    0.175775924477330E+01    0.420123879602330E+00
    0.204206000000000E+04    0.179456421666146E+01    0.420124405484905E+00
    0.204832000000000E+04    0.747302695994676E+00    0.420395739250012E+00
    0.204834000000000E+04    0.784118646296520E+00    0.420401084417039E+00
    0.205462000000000E+04    0.606422645395151E+01    0.420307291115742E+00
    0.205464000000000E+04    0.610103850317319E+01    0.420304928420705E+00
    0.206090000000000E+04    0.505809794753895E+01    0.420385667324093E+00
    0.206092000000000E+04    0.509491329592993E+01    0.420381335222906E+00
    0.206718000000000E+04    0.404361616333381E+01    0.419618654623774E+00
    0.206720000000000E+04    0.408040095931301E+01    0.419621046214478E+00
    0.207346000000000E+04    0.302615197518298E+01    0.419058441872736E+00
    0.207348000000000E+04    0.306291475525586E+01    0.419057876918127E+00
    0.207974000000000E+04    0.200896759650914E+01    0.419898792641280E+00
    0.207976000000000E+04    0.204576352886897E+01    0.419897567363200E+00
    0.208602000000000E+04    0.996476039844310E+00    0.420425293140997E+00
    0.208604000000000E+04    0.103329316091322E+01    0.420430618091854E+00
    0.209232000000000E+04    0.291120608462734E-01    0.420297107856428E+00
    0.209234000000000E+04    0.659238909997839E-01    0.420297114765780E+00
    0.209860000000000E+04    0.530806866694093E+01    0.420415750650654E+00
    0.209862000000000E+04    0.534488550988544E+01    0.420410414757319E+00
    0.210488000000000E+04    0.429552329100397E+01    0.419891714703171E+00
    0.210490000000000E+04    0.433231896061034E+01    0.419892952729404E+00
    0.211116000000000E+04    0.327830625672505E+01    0.419061824649226E+00
    0.211118000000000E+04    0.331506872749696E+01    0.419062594296189E+00
    0.211744000000000E+04    0.226085868662403E+01    0.419637513924629E+00
    0.211746000000000E+04    0.229764417131037E+01    0.419635158390042E+00
    0.212372000000000E+04    0.124656532079644E+01    0.420400873492089E+00
    0.212374000000000E+04    0.128338148763851E+01    0.420405185655280E+00
    0.213000000000000E+04    0.240685605083399E+00    0.420316322327623E+00
    0.213002000000000E+04    0.277498217142238E+00    0.420318683627139E+00
    0.213630000000000E+04    0.555763928421129E+01    0.420399178554035E+00
    0.213632000000000E+04    0.559445515640664E+01    0.420393811175948E+00
    0.214258000000000E+04    0.454716047495049E+01    0.420121255769214E+00
    0.214260000000000E+04    0.458396531170911E+01    0.420120703614580E+00
    0.214886000000000E+04    0.353044652972631E+01    0.419168003968227E+00
    0.214888000000000E+04    0.356721323889678E+01    0.419170043873399E+00
    0.215514000000000E+04    0.251287611897442E+01    0.419382941836687E+00
    0.215516000000000E+04    0.254965141748335E+01    0.419380316669726E+00
    0.216142000000000E+04    0.149716708844426E+01    0.420305229241548E+00
    0.216144000000000E+04    0.153397941211460E+01    0.420307844862498E+00
    0.216770000000000E+04    0.489124735586302E+00    0.420356411800667E+00
    0.216772000000000E+04    0.525939072598248E+00    0.420360670985187E+00
    0.217400000000000E+04    0.580653252634602E+01    0.420355954380834E+00
    0.217402000000000E+04    0.584334666474615E+01    0.420351604182489E+00
    0.218028000000000E+04    0.479832732272826E+01    0.420294704125745E+00
    0.218030000000000E+04    0.483513913287106E+01    0.420292170397996E+00
    0.218656000000000E+04    0.378254662577865E+01    0.419369516181600E+00
    0.218658000000000E+04    0.381932118217219E+01    0.419372154645385E+00
    0.219284000000000E+04    0.276491115893941E+01    0.419178713465676E+00
    0.219286000000000E+04    0.280167827611513E+01    0.419176696424894E+00
    0.219912000000000E+04    0.174830663411512E+01    0.420139122278046E+00
    0.219914000000000E+04    0.178511223994610E+01    0.420139724723813E+00
    0.220540000000000E+04    0.738019743804216E+00    0.420401173043634E+00
    0.220542000000000E+04    0.774835839230491E+00    0.420406491229002E+00
    0.221170000000000E+04    0.605508246168483E+01    0.420315851328118E+00
    0.221172000000000E+04    0.609189501381388E+01    0.420313389247518E+00
    0.221798000000000E+04    0.504899924064193E+01    0.420390932762957E+00
    0.221800000000000E+04    0.508581485635204E+01    0.420386645826533E+00
    0.222426000000000E+04    0.403456672973243E+01    0.419617595500290E+00
    0.222428000000000E+04    0.407135145515804E+01    0.419620002694605E+00
    0.223054000000000E+04    0.301706255168392E+01    0.419065372725702E+00
    0.223056000000000E+04    0.305382511973949E+01    0.419064599907136E+00
    0.223682000000000E+04    0.199991538895028E+01    0.419911175522881E+00
    0.223684000000000E+04    0.203671196110463E+01    0.419909990596355E+00
    0.224310000000000E+04    0.987500813925180E+00    0.420426391968669E+00
    0.224312000000000E+04    0.102431783991233E+01    0.420431721939277E+00
    0.224940000000000E+04    0.202365655386529E-01    0.420301217990912E+00
    0.224942000000000E+04    0.570485958533027E-01    0.420301127576517E+00
    0.225568000000000E+04    0.529915071443884E+01    0.420421687409169E+00
    0.225570000000000E+04    0.533596748782657E+01    0.420416357894072E+00
    0.226196000000000E+04    0.428649408038928E+01    0.419880743092969E+00
    0.226198000000000E+04    0.432328933598910E+01    0.419882040590326E+00
    0.226824000000000E+04    0.326925256243976E+01    0.419059167940350E+00
    0.226826000000000E+04    0.330601486808609E+01    0.419059875392123E+00
    0.227452000000000E+04    0.225182205299643E+01    0.419646305340034E+00
    0.227454000000000E+04    0.228860817226632E+01    0.419643987581280E+00
    0.228080000000000E+04    0.123768715407459E+01    0.420408704195642E+00
    0.228082000000000E+04    0.127450355948622E+01    0.420413069653735E+00
    0.228708000000000E+04    0.231903899496501E+00    0.420316242655493E+00
    0.228710000000000E+04    0.268716593114732E+00    0.420318506781956E+00
    0.229338000000000E+04    0.554886994298431E+01    0.420402006511575E+00
    0.229340000000000E+04    0.558568593193922E+01    0.420396621105391E+00
    0.229966000000000E+04    0.453830374189965E+01    0.420114018083630E+00
    0.229968000000000E+04    0.457510839580027E+01    0.420113548283557E+00
    0.230594000000000E+04    0.352161386235366E+01    0.419165217687392E+00
    0.230596000000000E+04    0.355838042194318E+01    0.419167208505656E+00
    0.231222000000000E+04    0.250403851799820E+01    0.419393277128879E+00
    0.231224000000000E+04    0.254081420718649E+01    0.419390650789709E+00
    0.231850000000000E+04    0.148844543261748E+01    0.420313330976106E+00
    0.231852000000000E+04    0.152525801647516E+01    0.420315975789931E+00
    0.232478000000000E+04    0.480504080073842E+00    0.420354703478408E+00
    0.232480000000000E+04    0.517318349784546E+00    0.420358905376490E+00
    0.233108000000000E+04    0.579792982332037E+01    0.420357645969829E+00
    0.233110000000000E+04    0.583474399534680E+01    0.420353244798978E+00
    0.233736000000000E+04    0.478957779085249E+01    0.420286928200747E+00
    0.233738000000000E+04    0.482638922522256E+01    0.420284465657638E+00
    0.234364000000000E+04    0.377374188999784E+01    0.419355999888594E+00
    0.234366000000000E+04    0.381051617800858E+01    0.419358636491443E+00
    0.234992000000000E+04    0.275623012915821E+01    0.419186860135337E+00
    0.234994000000000E+04    0.279299812395766E+01    0.419184888549352E+00
    0.235620000000000E+04    0.173972382879401E+01    0.420150863615378E+00
    0.235622000000000E+04    0.177652987954934E+01    0.420151549218531E+00
    0.236248000000000E+04    0.729557155472321E+00    0.420403907711630E+00
    0.236250000000000E+04    0.766373130435568E+00    0.420409203310437E+00
    0.236878000000000E+04    0.604666125091080E+01    0.420321141233780E+00
    0.236880000000000E+04    0.608347407196015E+01    0.420318614286493E+00
    0.237506000000000E+04    0.504055910827719E+01    0.420391571174416E+00
    0.237508000000000E+04    0.507737469826225E+01    0.420387349791563E+00
    0.238134000000000E+04    0.402609077255784E+01    0.419609746334466E+00
    0.238136000000000E+04    0.406287525899097E+01    0.419612186065309E+00
    0.238762000000000E+04    0.300861716641521E+01    0.419070360176164E+00
    0.238764000000000E+04    0.304537984647231E+01    0.419069535008900E+00
    0.239390000000000E+04    0.199147885163711E+01    0.419921105782733E+00
    0.239392000000000E+04    0.202827574071944E+01    0.419919993766062E+00
