    0.000000000000000E+00    0.190000000000000E+01    0.440000000000000E+00
    0.200000000000000E-01    0.193759998859418E+01    0.439999421992542E+00
    0.630000000000000E+01    0.117795965593266E+01    0.440582375832313E+00
    0.632000000000000E+01    0.121558305113240E+01    0.440587143745594E+00
    0.125800000000000E+02    0.426123436271780E+00    0.440652370340101E+00
    0.126000000000000E+02    0.463749471974687E+00    0.440656066962994E+00
    0.188600000000000E+02    0.596132468879304E+01    0.440646443924430E+00
    0.188800000000000E+02    0.599895053578768E+01    0.440643317311818E+00
    0.251400000000000E+02    0.521000739691807E+01    0.440594809306984E+00
    0.251600000000000E+02    0.524763109801815E+01    0.440589707027878E+00
    0.314200000000000E+02    0.445095510415688E+01    0.440065139937841E+00
    0.314400000000000E+02    0.448855771907878E+01    0.440065225036597E+00
    0.377000000000000E+02    0.368529826886797E+01    0.439225189564368E+00
    0.377200000000000E+02    0.372286716733102E+01    0.439227718821013E+00
    0.440000000000000E+02    0.295457549671369E+01    0.439011121184137E+00
    0.440200000000000E+02    0.299213623000145E+01    0.439010044333485E+00
    0.502800000000000E+02    0.218739212745166E+01    0.439700240354559E+00
    0.503000000000000E+02    0.222498011006883E+01    0.439698183515731E+00
    0.565600000000000E+02    0.142522334365621E+01    0.440450786319054E+00
    0.565800000000000E+02    0.146284156572261E+01    0.440454004637598E+00
    0.628400000000000E+02    0.670893966174887E+00    0.440665449550187E+00
    0.628600000000000E+02    0.708520393210023E+00    0.440670546673202E+00
    0.691200000000000E+02    0.620549842573863E+01    0.440635090467680E+00
    0.691400000000000E+02    0.624312376469456E+01    0.440634265509281E+00
    0.754000000000000E+02    0.545605499118258E+01    0.440645514259614E+00
    0.754200000000000E+02    0.549368089190085E+01    0.440640057030493E+00
    0.817000000000000E+02    0.473738393910494E+01    0.440310173749927E+00
    0.817200000000000E+02    0.477499633706969E+01    0.440308170375206E+00
    0.879800000000000E+02    0.397356929637368E+01    0.439494142651837E+00
    0.880000000000000E+02    0.401114910989958E+01    0.439496707078128E+00
    0.942600000000000E+02    0.320568210810438E+01    0.438966472379110E+00
    0.942800000000000E+02    0.324324070636891E+01    0.438966792958572E+00
    0.100540000000000E+03    0.243764784133072E+01    0.439400480228683E+00
    0.100560000000000E+03    0.247522409317889E+01    0.439397861247444E+00
    0.106820000000000E+03    0.167324315768377E+01    0.440241261590278E+00
    0.106840000000000E+03    0.171085284802868E+01    0.440242481592736E+00
    0.113100000000000E+03    0.916095268996884E+00    0.440638127843379E+00
    0.113120000000000E+03    0.953720891435637E+00    0.440643573586494E+00
    0.119400000000000E+03    0.203755410106226E+00    0.440640087452796E+00
    0.119420000000000E+03    0.241380949418499E+00    0.440641813347964E+00
    0.125680000000000E+03    0.573867759871993E+01    0.440651410445244E+00
    0.125700000000000E+03    0.577630386512587E+01    0.440646734587750E+00
    0.131960000000000E+03    0.498514838632443E+01    0.440493075474290E+00
    0.131980000000000E+03    0.502276804099930E+01    0.440489169058341E+00
    0.138240000000000E+03    0.422366544382317E+01    0.439796584042209E+00
    0.138260000000000E+03    0.426125722249947E+01    0.439798180735528E+00
    0.144520000000000E+03    0.345673942007090E+01    0.439052679367409E+00
    0.144540000000000E+03    0.349430154341064E+01    0.439054405302392E+00
    0.150800000000000E+03    0.268835515194820E+01    0.439156496466584E+00
    0.150820000000000E+03    0.272592136902938E+01    0.439154230416446E+00
    0.157080000000000E+03    0.192225674948116E+01    0.439976791356395E+00
    0.157100000000000E+03    0.195985597083819E+01    0.439976060095449E+00
    0.163380000000000E+03    0.119996450757611E+01    0.440574001850323E+00
    0.163400000000000E+03    0.123758728512024E+01    0.440578616018480E+00
    0.169660000000000E+03    0.447913622195301E+00    0.440654551139542E+00
    0.169680000000000E+03    0.485539880242868E+00    0.440658400315797E+00
    0.175940000000000E+03    0.598309925322769E+01    0.440645148866515E+00
    0.175960000000000E+03    0.602072494963613E+01    0.440642173730225E+00
    0.182220000000000E+03    0.523198260357259E+01    0.440601776681435E+00
    0.182240000000000E+03    0.526960675935129E+01    0.440596613813876E+00
    0.188500000000000E+03    0.447321293776554E+01    0.440090239891131E+00
    0.188520000000000E+03    0.451081654563632E+01    0.440090163204103E+00
    0.194780000000000E+03    0.370771459616600E+01    0.439251828236411E+00
    0.194800000000000E+03    0.374528442493147E+01    0.439254388124496E+00
    0.201080000000000E+03    0.297693211162328E+01    0.439000082897618E+00
    0.201100000000000E+03    0.301449206109652E+01    0.438999016379934E+00
    0.207360000000000E+03    0.220959559932066E+01    0.439672408920916E+00
    0.207380000000000E+03    0.224718255509123E+01    0.439670267064286E+00
    0.213640000000000E+03    0.144717339584651E+01    0.440433600815707E+00
    0.213660000000000E+03    0.148479083110243E+01    0.440436668821866E+00
    0.219920000000000E+03    0.692596286085291E+00    0.440659912498875E+00
    0.219940000000000E+03    0.730222778082407E+00    0.440665080172148E+00
    0.226200000000000E+03    0.622716013077843E+01    0.440638800974354E+00
    0.226220000000000E+03    0.626478565120885E+01    0.440638209219714E+00
    0.232480000000000E+03    0.547789789421728E+01    0.440650257068465E+00
    0.232500000000000E+03    0.551552383502286E+01    0.440644811307554E+00
    0.238780000000000E+03    0.475947637893609E+01    0.440330478604358E+00
    0.238800000000000E+03    0.479708965348027E+01    0.440328286440392E+00
    0.245060000000000E+03    0.399588150506236E+01    0.439521906064400E+00
    0.245080000000000E+03    0.403346237881721E+01    0.439524421162766E+00
    0.251340000000000E+03    0.322808269037643E+01    0.438971461072424E+00
    0.251360000000000E+03    0.326564152970298E+01    0.438971927796986E+00
    0.257620000000000E+03    0.246001860184958E+01    0.439378930802652E+00
    0.257640000000000E+03    0.249759369305332E+01    0.439376292603496E+00
    0.263900000000000E+03    0.169544810316040E+01    0.440222483523879E+00
    0.263920000000000E+03    0.173305712206286E+01    0.440223518236741E+00
    0.270180000000000E+03    0.938099795148275E+00    0.440637101050372E+00
    0.270200000000000E+03    0.975725331729222E+00    0.440642518795117E+00
    0.276480000000000E+03    0.225633790067718E+00    0.440643631939105E+00
    0.276500000000000E+03    0.263259572524021E+00    0.440645554736401E+00
    0.282760000000000E+03    0.576060984158130E+01    0.440651832467234E+00
    0.282780000000000E+03    0.579823573609440E+01    0.440647232167629E+00
    0.289040000000000E+03    0.500729675903290E+01    0.440500819598259E+00
    0.289060000000000E+03    0.504491711763649E+01    0.440496741440751E+00
    0.295320000000000E+03    0.424612114101160E+01    0.439828544554184E+00
    0.295340000000000E+03    0.428371445009066E+01    0.439830050977441E+00
    0.301600000000000E+03    0.347939386876396E+01    0.439068602775991E+00
    0.301620000000000E+03    0.351695659295888E+01    0.439070426641373E+00
    0.307880000000000E+03    0.271104332200355E+01    0.439142538474486E+00
    0.307900000000000E+03    0.274860908802134E+01    0.439140366915693E+00
    0.314160000000000E+03    0.194487172387937E+01    0.439955696100293E+00
    0.314180000000000E+03    0.198246996523858E+01    0.439954811688142E+00
    0.320460000000000E+03    0.122244565755693E+01    0.440570926269532E+00
    0.320480000000000E+03    0.126006858860615E+01    0.440575482076798E+00
    0.326740000000000E+03    0.470279138653154E+00    0.440660004612994E+00
    0.326760000000000E+03    0.507905467267733E+00    0.440664003172384E+00
    0.333020000000000E+03    0.600551343924769E+01    0.440649919385137E+00
    0.333040000000000E+03    0.604313940475436E+01    0.440647144241550E+00
    0.339300000000000E+03    0.525462550765360E+01    0.440612401403226E+00
    0.339320000000000E+03    0.529224990964383E+01    0.440607160664528E+00
    0.345580000000000E+03    0.449610367247283E+01    0.440116459915119E+00
    0.345600000000000E+03    0.453370833784197E+01    0.440116209162684E+00
    0.351860000000000E+03    0.373078952528419E+01    0.439271185919716E+00
    0.351880000000000E+03    0.376836031880771E+01    0.439273796194083E+00
    0.358160000000000E+03    0.300017609422309E+01    0.439001437195970E+00
    0.358180000000000E+03    0.303773613289388E+01    0.439000496018687E+00
    0.364440000000000E+03    0.223285171224575E+01    0.439652406947809E+00
    0.364460000000000E+03    0.227043778095424E+01    0.439650185121073E+00
    0.370720000000000E+03    0.147030664574459E+01    0.440424725897899E+00
    0.370740000000000E+03    0.150792372843841E+01    0.440427625190371E+00
    0.377000000000000E+03    0.715575772652073E+00    0.440666296377998E+00
    0.377020000000000E+03    0.753202522581319E+00    0.440671530923013E+00
    0.383280000000000E+03    0.625012767867065E+01    0.440645372169753E+00
    0.383300000000000E+03    0.456797624269711E-02    0.440645001866420E+00
    0.389560000000000E+03    0.550107832755793E+01    0.440658762503201E+00
    0.389580000000000E+03    0.553870460928522E+01    0.440653344492657E+00
    0.395860000000000E+03    0.478298557581456E+01    0.440355290993485E+00
    0.395880000000000E+03    0.482059985191700E+01    0.440352910668096E+00
    0.402140000000000E+03    0.401967076486687E+01    0.439554954132831E+00
    0.402160000000000E+03    0.405725298713969E+01    0.439557416832658E+00
    0.408420000000000E+03    0.325203220605306E+01    0.438982310515254E+00
    0.408440000000000E+03    0.328959147073147E+01    0.438982917213805E+00
    0.414700000000000E+03    0.248402248962395E+01    0.439362241658479E+00
    0.414720000000000E+03    0.252159693960118E+01    0.439359606453646E+00
    0.420980000000000E+03    0.171937510482837E+01    0.440207524581777E+00
    0.421000000000000E+03    0.175698359240550E+01    0.440208343710206E+00
    0.427260000000000E+03    0.961888231864691E+00    0.440642430656381E+00
    0.427280000000000E+03    0.999514034021217E+00    0.440647819211647E+00
    0.433540000000000E+03    0.211763406772889E+00    0.440653421033700E+00
    0.433560000000000E+03    0.249389527822359E+00    0.440655531543770E+00
    0.439840000000000E+03    0.578457851749454E+01    0.440662870813410E+00
    0.439860000000000E+03    0.582220491975193E+01    0.440658401752704E+00
    0.446120000000000E+03    0.503158820383771E+01    0.440526231082849E+00
    0.446140000000000E+03    0.506920923129144E+01    0.440522020025420E+00
    0.452400000000000E+03    0.427068527428753E+01    0.439861428560912E+00
    0.452420000000000E+03    0.430827976267949E+01    0.439862792933827E+00
    0.458680000000000E+03    0.350410576779791E+01    0.439090477210206E+00
    0.458700000000000E+03    0.354166926821222E+01    0.439092419504379E+00
    0.464960000000000E+03    0.273588305828468E+01    0.439134910709080E+00
    0.464980000000000E+03    0.277344855185390E+01    0.439132836296327E+00
    0.471240000000000E+03    0.196968632281494E+01    0.439936954809685E+00
    0.471260000000000E+03    0.200728379519637E+01    0.439935925496274E+00
    0.477540000000000E+03    0.124710125685579E+01    0.440567385523563E+00
    0.477560000000000E+03    0.128472400112787E+01    0.440571797318732E+00
    0.483820000000000E+03    0.494824687807750E+00    0.440670988959375E+00
    0.483840000000000E+03    0.532451594660984E+00    0.440675151009409E+00
    0.490100000000000E+03    0.603013978636477E+01    0.440656883003168E+00
    0.490120000000000E+03    0.606776600180467E+01    0.440654305930390E+00
    0.496380000000000E+03    0.527958561128412E+01    0.440628646845373E+00
    0.496400000000000E+03    0.531721078297244E+01    0.440623325208251E+00
    0.502660000000000E+03    0.452141276729242E+01    0.440149736965740E+00
    0.502680000000000E+03    0.455901874840345E+01    0.440149297872266E+00
    0.508940000000000E+03    0.375639068612395E+01    0.439304392206236E+00
    0.508960000000000E+03    0.379396285832922E+01    0.439307018064776E+00
    0.515240000000000E+03    0.302593980889719E+01    0.439002196896383E+00
    0.515260000000000E+03    0.306349986190958E+01    0.439001396059722E+00
    0.521520000000000E+03    0.225862022798026E+01    0.439630282553296E+00
    0.521540000000000E+03    0.229620541142458E+01    0.439627974730776E+00
    0.527800000000000E+03    0.149597739723561E+01    0.440415960383080E+00
    0.527820000000000E+03    0.153359412171665E+01    0.440418652450563E+00
    0.534080000000000E+03    0.741054024797108E+00    0.440672124705189E+00
    0.534100000000000E+03    0.778681009781394E+00    0.440677422121650E+00
    0.540360000000000E+03    0.627562485224178E+01    0.440653760394107E+00
    0.540380000000000E+03    0.300655023850140E-01    0.440653618088987E+00
    0.546640000000000E+03    0.552678656264948E+01    0.440668398725615E+00
    0.546660000000000E+03    0.556441320185695E+01    0.440663024796239E+00
    0.552940000000000E+03    0.480907504452148E+01    0.440382775229004E+00
    0.552960000000000E+03    0.484669035638103E+01    0.440380205639505E+00
    0.559220000000000E+03    0.404606144381796E+01    0.439591575603403E+00
    0.559240000000000E+03    0.408364514499090E+01    0.439593970985551E+00
    0.565500000000000E+03    0.327859291153231E+01    0.438994410727993E+00
    0.565520000000000E+03    0.331615262552896E+01    0.438995163257164E+00
    0.571780000000000E+03    0.251063953937000E+01    0.439343897443830E+00
    0.571800000000000E+03    0.254821326478668E+01    0.439341273915803E+00
    0.578060000000000E+03    0.174587258904830E+01    0.440186945745998E+00
    0.578080000000000E+03    0.178348007189902E+01    0.440187581356339E+00
    0.584340000000000E+03    0.988091946542454E+00    0.440639770762703E+00
    0.584360000000000E+03    0.102571762574621E+01    0.440645112768103E+00
    0.590620000000000E+03    0.237823603363040E+00    0.440658201712041E+00
    0.590640000000000E+03    0.275449851308394E+00    0.440660537007575E+00
    0.596920000000000E+03    0.581068180694865E+01    0.440663830121116E+00
    0.596940000000000E+03    0.584830827869428E+01    0.440659516539922E+00
    0.603200000000000E+03    0.505800009339009E+01    0.440541296482490E+00
    0.603220000000000E+03    0.509562171271796E+01    0.440536944518782E+00
    0.609480000000000E+03    0.429737484860357E+01    0.439893439154871E+00
    0.609500000000000E+03    0.433497067946928E+01    0.439894648818259E+00
    0.615760000000000E+03    0.353094243198530E+01    0.439112218164179E+00
    0.615780000000000E+03    0.356850666021751E+01    0.439114258345681E+00
    0.622040000000000E+03    0.276263817585141E+01    0.439112618605874E+00
    0.622060000000000E+03    0.280020265458211E+01    0.439110611682056E+00
    0.628320000000000E+03    0.199627324781932E+01    0.439905403549174E+00
    0.628340000000000E+03    0.203386945295256E+01    0.439904208044555E+00
    0.634620000000000E+03    0.127339550613806E+01    0.440554879042893E+00
    0.634640000000000E+03    0.131101794331266E+01    0.440559149803466E+00
    0.640900000000000E+03    0.520912730307145E+00    0.440674225087660E+00
    0.640920000000000E+03    0.558539756104665E+00    0.440678552516946E+00
    0.647180000000000E+03    0.605626480406227E+01    0.440656760008804E+00
    0.647200000000000E+03    0.609389096506311E+01    0.440654412742579E+00
    0.653460000000000E+03    0.530589268638005E+01    0.440633254544697E+00
    0.653480000000000E+03    0.534351799734850E+01    0.440627897088932E+00
    0.659740000000000E+03    0.454805083418137E+01    0.440177792561080E+00
    0.659760000000000E+03    0.458565798674681E+01    0.440177143434486E+00
    0.666020000000000E+03    0.378324640196138E+01    0.439334593807811E+00
    0.666040000000000E+03    0.382081982557270E+01    0.439337273287993E+00
    0.672320000000000E+03    0.305280709953354E+01    0.438994149087055E+00
    0.672340000000000E+03    0.309036681904649E+01    0.438993503249433E+00
    0.678600000000000E+03    0.228544300374870E+01    0.439594631368309E+00
    0.678620000000000E+03    0.232302721704127E+01    0.439592265992009E+00
    0.684880000000000E+03    0.152270113048985E+01    0.440403192610000E+00
    0.684900000000000E+03    0.156031750758825E+01    0.440405694467025E+00
    0.691160000000000E+03    0.767664200334593E+00    0.440676803548230E+00
    0.691180000000000E+03    0.805291315210297E+00    0.440682153350689E+00
    0.697440000000000E+03    0.189329652298511E-01    0.440657671055528E+00
    0.697460000000000E+03    0.565592760644904E-01    0.440657815928579E+00
    0.703720000000000E+03    0.555346728959375E+01    0.440673063745811E+00
    0.703740000000000E+03    0.559109406482003E+01    0.440667736946680E+00
    0.710000000000000E+03    0.479848829161847E+01    0.440409029014643E+00
    0.710020000000000E+03    0.483610474374746E+01    0.440406319333065E+00
    0.716300000000000E+03    0.407339204029472E+01    0.439627300277020E+00
    0.716320000000000E+03    0.411097708634952E+01    0.439629608145960E+00
    0.722580000000000E+03    0.330605086960577E+01    0.439004605027007E+00
    0.722600000000000E+03    0.334361104949221E+01    0.439005494307411E+00
    0.728860000000000E+03    0.253806718962824E+01    0.439319178694160E+00
    0.728880000000000E+03    0.257563984906483E+01    0.439316573699728E+00
    0.735140000000000E+03    0.177321402179837E+01    0.440166722602798E+00
    0.735160000000000E+03    0.181082085092862E+01    0.440167164939402E+00
    0.741420000000000E+03    0.101531033170727E+01    0.440640483145080E+00
    0.741440000000000E+03    0.105293604507074E+01    0.440645760957944E+00
    0.747700000000000E+03    0.264903181974205E+00    0.440665426635172E+00
    0.747720000000000E+03    0.302529762871018E+00    0.440667984515288E+00
    0.754000000000000E+03    0.583789672256034E+01    0.440669328076153E+00
    0.754020000000000E+03    0.587552347543715E+01    0.440665190696859E+00
    0.760280000000000E+03    0.508558848823486E+01    0.440562466732994E+00
    0.760300000000000E+03    0.512321092380262E+01    0.440557969169920E+00
    0.766560000000000E+03    0.432535491820067E+01    0.439932672168729E+00
    0.766580000000000E+03    0.436295228671179E+01    0.439933711245241E+00
    0.772840000000000E+03    0.355916803291211E+01    0.439135954411893E+00
    0.772860000000000E+03    0.359673336930587E+01    0.439138091178954E+00
    0.779120000000000E+03    0.279101243975970E+01    0.439102615358745E+00
    0.779140000000000E+03    0.282857664750213E+01    0.439100740074096E+00
    0.785400000000000E+03    0.202467036144549E+01    0.439886352338785E+00
    0.785420000000000E+03    0.206226580787461E+01    0.439884990736792E+00
    0.791700000000000E+03    0.130170512888003E+01    0.440554879458787E+00
    0.791720000000000E+03    0.133932747358813E+01    0.440558999577252E+00
    0.797980000000000E+03    0.549050592737558E+00    0.440685754224102E+00
    0.798000000000000E+03    0.586677906264185E+00    0.440690225772813E+00
    0.804260000000000E+03    0.608437419252391E+01    0.440663460969284E+00
    0.804280000000000E+03    0.612200068529319E+01    0.440661369674299E+00
    0.810540000000000E+03    0.533434636468587E+01    0.440650976037510E+00
    0.810560000000000E+03    0.537197231671234E+01    0.440645565601933E+00
    0.816820000000000E+03    0.457691499184375E+01    0.440214998865319E+00
    0.816840000000000E+03    0.461452379769639E+01    0.440214112817750E+00
    0.823100000000000E+03    0.381246382514496E+01    0.439372799005049E+00
    0.823120000000000E+03    0.385003877472809E+01    0.439375460348899E+00
    0.829400000000000E+03    0.308218866367247E+01    0.439003109226094E+00
    0.829420000000000E+03    0.311974841567599E+01    0.439002673859645E+00
    0.835680000000000E+03    0.231478487392565E+01    0.439575633554284E+00
    0.835700000000000E+03    0.235236780478749E+01    0.439573156930448E+00
    0.841960000000000E+03    0.155177800288948E+01    0.440385902428724E+00
    0.841980000000000E+03    0.158939350443552E+01    0.440388179450312E+00
    0.848240000000000E+03    0.796389253337111E+00    0.440685156038296E+00
    0.848260000000000E+03    0.834016280717606E+00    0.440690537693249E+00
    0.854520000000000E+03    0.475089423675854E-01    0.440658760678775E+00
    0.854540000000000E+03    0.851351652536323E-01    0.440659162610378E+00
    0.860800000000000E+03    0.558220763841814E+01    0.440679211514754E+00
    0.860820000000000E+03    0.561983470127348E+01    0.440673948049564E+00
    0.867080000000000E+03    0.482745357997055E+01    0.440428322024671E+00
    0.867100000000000E+03    0.486507054942354E+01    0.440425303396181E+00
    0.873380000000000E+03    0.410252927119814E+01    0.439658033891742E+00
    0.873400000000000E+03    0.414011563020858E+01    0.439660248741147E+00
    0.879660000000000E+03    0.333528150203483E+01    0.439013216994359E+00
    0.879680000000000E+03    0.337284193561868E+01    0.439014273943147E+00
    0.885940000000000E+03    0.256724064397849E+01    0.439290615555264E+00
    0.885960000000000E+03    0.260481230588721E+01    0.439288058122555E+00
    0.892220000000000E+03    0.180221744061532E+01    0.440139158063171E+00
    0.892240000000000E+03    0.183982312218359E+01    0.440139368424226E+00
    0.898500000000000E+03    0.104400787543068E+01    0.440635598269320E+00
    0.898520000000000E+03    0.108163337118594E+01    0.440640802809576E+00
    0.904780000000000E+03    0.293385828212877E+00    0.440666808714737E+00
    0.904800000000000E+03    0.331012531173883E+00    0.440669622292980E+00
    0.911080000000000E+03    0.586645084512611E+01    0.440669744547466E+00
    0.911100000000000E+03    0.590407745106245E+01    0.440665792638558E+00
    0.917360000000000E+03    0.511436483519356E+01    0.440573346371253E+00
    0.917380000000000E+03    0.515198769046788E+01    0.440568706454554E+00
    0.923640000000000E+03    0.435440746759923E+01    0.439962916834870E+00
    0.923660000000000E+03    0.439200624565524E+01    0.439963745346925E+00
    0.929920000000000E+03    0.358845219317027E+01    0.439161192188547E+00
    0.929940000000000E+03    0.362601865720785E+01    0.439163437327157E+00
    0.936200000000000E+03    0.282036898828051E+01    0.439091888504519E+00
    0.936220000000000E+03    0.285793261650406E+01    0.439090118724111E+00
    0.942480000000000E+03    0.205392002955500E+01    0.439853460871991E+00
    0.942500000000000E+03    0.209151438644403E+01    0.439851944654866E+00
    0.948780000000000E+03    0.133068038115380E+01    0.440539189119471E+00
    0.948800000000000E+03    0.136830198514076E+01    0.440543108006656E+00
    0.955060000000000E+03    0.577749450362717E+00    0.440685722338017E+00
    0.955080000000000E+03    0.615376962619621E+00    0.440690359827396E+00
    0.961340000000000E+03    0.611305265375768E+01    0.440665461956229E+00
    0.961360000000000E+03    0.615067921031641E+01    0.440663623226742E+00
    0.967620000000000E+03    0.536325944921782E+01    0.440656641472837E+00
    0.967640000000000E+03    0.540088586305956E+01    0.440651198569086E+00
    0.973900000000000E+03    0.460616005481984E+01    0.440242753541626E+00
    0.973920000000000E+03    0.464376974840775E+01    0.440241657340538E+00
    0.980180000000000E+03    0.384187746312182E+01    0.439402035210183E+00
    0.980200000000000E+03    0.387945359566720E+01    0.439404707236981E+00
    0.986480000000000E+03    0.311165678485918E+01    0.438996085644726E+00
    0.986500000000000E+03    0.314921657847162E+01    0.438995780571001E+00
    0.992760000000000E+03    0.234424346898163E+01    0.439545862374120E+00
    0.992780000000000E+03    0.238182555166281E+01    0.439543361706488E+00
    0.999040000000000E+03    0.158105200460636E+01    0.440363887590154E+00
    0.999060000000000E+03    0.161866656440088E+01    0.440365859598738E+00
    0.100532000000000E+04    0.825387441475641E+00    0.440678591098995E+00
    0.100534000000000E+04    0.863014699236373E+00    0.440684033048131E+00
    0.101160000000000E+04    0.764176776419845E-01    0.440662471788171E+00
    0.101162000000000E+04    0.114044122979976E+00    0.440663147119433E+00
    0.101788000000000E+04    0.561129220804833E+01    0.440677580750104E+00
    0.101790000000000E+04    0.564891957124678E+01    0.440672441720704E+00
    0.102416000000000E+04    0.485704883604922E+01    0.440459036305793E+00
    0.102418000000000E+04    0.489466722711200E+01    0.440455860645920E+00
    0.103046000000000E+04    0.413253440882863E+01    0.439700105482791E+00
    0.103048000000000E+04    0.417012258743785E+01    0.439702211273372E+00
    0.103674000000000E+04    0.336551279655487E+01    0.439032195980200E+00
    0.103676000000000E+04    0.340307381032085E+01    0.439033451832956E+00
    0.104302000000000E+04    0.259748656281249E+01    0.439267323633518E+00
    0.104304000000000E+04    0.263505714816938E+01    0.439264802620732E+00
    0.104930000000000E+04    0.183229132778138E+01    0.440112801183682E+00
    0.104932000000000E+04    0.186989590573921E+01    0.440112802568468E+00
    0.105558000000000E+04    0.107379967854195E+01    0.440629852077878E+00
    0.105560000000000E+04    0.111142486837002E+01    0.440634946742971E+00
    0.106186000000000E+04    0.322983876201079E+00    0.440672111476801E+00
    0.106188000000000E+04    0.360610800116547E+00    0.440675156918550E+00
    0.106816000000000E+04    0.589610557068841E+01    0.440672117340140E+00
    0.106818000000000E+04    0.593373237686455E+01    0.440668362650144E+00
    0.107444000000000E+04    0.514439512634181E+01    0.440590813261863E+00
    0.107446000000000E+04    0.518201884533028E+01    0.440586028184271E+00
    0.108072000000000E+04    0.438476738622717E+01    0.440002166343846E+00
    0.108074000000000E+04    0.442236716861112E+01    0.440002755049903E+00
    0.108700000000000E+04    0.361885504986276E+01    0.439179175526153E+00
    0.108702000000000E+04    0.365642180707209E+01    0.439181557647422E+00
    0.109328000000000E+04    0.285074974642566E+01    0.439074783877063E+00
    0.109330000000000E+04    0.288831269290677E+01    0.439073147992134E+00
    0.109956000000000E+04    0.208412230153544E+01    0.439817269863908E+00
    0.109958000000000E+04    0.212171496908741E+01    0.439815594859098E+00
    0.110586000000000E+04    0.136056820575823E+01    0.440522363097731E+00
    0.110588000000000E+04    0.139818913769568E+01    0.440526089845154E+00
    0.111214000000000E+04    0.607305817193264E+00    0.440684660474909E+00
    0.111216000000000E+04    0.644933262069117E+00    0.440689432010264E+00
    0.111842000000000E+04    0.614252162139837E+01    0.440664187962664E+00
    0.111844000000000E+04    0.618014784770821E+01    0.440662663115816E+00
    0.112470000000000E+04    0.539282873029788E+01    0.440655590599605E+00
    0.112472000000000E+04    0.543045484378490E+01    0.440650102756184E+00
    0.113098000000000E+04    0.463597233432256E+01    0.440266119800243E+00
    0.113100000000000E+04    0.467358297285000E+01    0.440264784852084E+00
    0.113726000000000E+04    0.387182725417279E+01    0.439427938966144E+00
    0.113728000000000E+04    0.390940420725292E+01    0.439430595288662E+00
    0.114354000000000E+04    0.310406615532565E+01    0.438990585110686E+00
    0.114356000000000E+04    0.314162573647900E+01    0.438990389270117E+00
    0.114984000000000E+04    0.237405455327007E+01    0.439508103791296E+00
    0.114986000000000E+04    0.241163483325317E+01    0.439505540110591E+00
    0.115612000000000E+04    0.161055986249221E+01    0.440334778729531E+00
    0.115614000000000E+04    0.164817335409316E+01    0.440336587242906E+00
    0.116240000000000E+04    0.854525971691601E+00    0.440672083347785E+00
    0.116242000000000E+04    0.892152918162992E+00    0.440677538799145E+00
    0.116868000000000E+04    0.105426568220082E+00    0.440665625458296E+00
    0.116870000000000E+04    0.143053314010103E+00    0.440666703526685E+00
    0.117496000000000E+04    0.564047871861339E+01    0.440681533439695E+00
    0.117498000000000E+04    0.567810595289347E+01    0.440676460827442E+00
    0.118124000000000E+04    0.488647346862808E+01    0.440474044887205E+00
    0.118126000000000E+04    0.492409248027570E+01    0.440470671364850E+00
    0.118754000000000E+04    0.416222204118594E+01    0.439734298939427E+00
    0.118756000000000E+04    0.419981144388021E+01    0.439736278603393E+00
    0.119382000000000E+04    0.339528951904913E+01    0.439042363782523E+00
    0.119384000000000E+04    0.343285122859879E+01    0.439043750710556E+00
    0.120010000000000E+04    0.262730685950601E+01    0.439245552866468E+00
    0.120012000000000E+04    0.266487655216997E+01    0.439243101368798E+00
    0.120638000000000E+04    0.186195970269137E+01    0.440083532610431E+00
    0.120640000000000E+04    0.189956313310631E+01    0.440083310212553E+00
    0.121266000000000E+04    0.110320354674377E+01    0.440624969556387E+00
    0.121268000000000E+04    0.114082860512144E+01    0.440629977939285E+00
    0.121894000000000E+04    0.352166893526828E+00    0.440675302700308E+00
    0.121896000000000E+04    0.389793968118283E+00    0.440678580105544E+00
    0.122524000000000E+04    0.592534038047552E+01    0.440673120685373E+00
    0.122526000000000E+04    0.596296709213766E+01    0.440669589350961E+00
    0.123152000000000E+04    0.517386384032079E+01    0.440601629147586E+00
    0.123154000000000E+04    0.521148781393504E+01    0.440596718337575E+00
    0.123780000000000E+04    0.441458479642870E+01    0.440033746308211E+00
    0.123782000000000E+04    0.445218630568252E+01    0.440034189447125E+00
    0.124408000000000E+04    0.364894834993947E+01    0.439209460205222E+00
    0.124410000000000E+04    0.368651659662009E+01    0.439211880524183E+00
    0.125036000000000E+04    0.288084862190681E+01    0.439056711045956E+00
    0.125038000000000E+04    0.291841085334636E+01    0.439055224553612E+00
    0.125664000000000E+04    0.211410351371524E+01    0.439784284733731E+00
    0.125666000000000E+04    0.215169495173950E+01    0.439782462497464E+00
    0.126294000000000E+04    0.139022109041207E+01    0.440505711373645E+00
    0.126296000000000E+04    0.142784104079237E+01    0.440509160079678E+00
    0.126922000000000E+04    0.636632904594080E+00    0.440683434678066E+00
    0.126924000000000E+04    0.674260326714375E+00    0.440688338139650E+00
    0.127550000000000E+04    0.617172336862041E+01    0.440661589340183E+00
    0.127552000000000E+04    0.620934964549861E+01    0.440660306379277E+00
    0.128178000000000E+04    0.542224533143417E+01    0.440661135007429E+00
    0.128180000000000E+04    0.545987174003039E+01    0.440655653700905E+00
    0.128806000000000E+04    0.466573428919082E+01    0.440293275221898E+00
    0.128808000000000E+04    0.470334598623822E+01    0.440291670474348E+00
    0.129434000000000E+04    0.390183800779278E+01    0.439460625327283E+00
    0.129436000000000E+04    0.393941651793193E+01    0.439463262513003E+00
    0.130062000000000E+04    0.313413954450198E+01    0.438988910062031E+00
    0.130064000000000E+04    0.317169897188114E+01    0.438988897399890E+00
    0.130692000000000E+04    0.240403815563013E+01    0.439474525802261E+00
    0.130694000000000E+04    0.244161718716032E+01    0.439471933021997E+00
    0.131320000000000E+04    0.164032923642571E+01    0.440310177027225E+00
    0.131322000000000E+04    0.167794168099499E+01    0.440311744989436E+00
    0.131948000000000E+04    0.884016698453252E+00    0.440671374992113E+00
    0.131950000000000E+04    0.921643720197153E+00    0.440676841697601E+00
    0.132576000000000E+04    0.134689937127405E+00    0.440663477635695E+00
    0.132578000000000E+04    0.172316372954811E+00    0.440664717746197E+00
    0.133204000000000E+04    0.566971361466904E+01    0.440678339974259E+00
    0.133206000000000E+04    0.570734065065744E+01    0.440673397119274E+00
    0.133832000000000E+04    0.491598106059428E+01    0.440489925093715E+00
    0.133834000000000E+04    0.495360065890009E+01    0.440486363121125E+00
    0.134462000000000E+04    0.419192943191820E+01    0.439763698712369E+00
    0.134464000000000E+04    0.422952006298783E+01    0.439765563850945E+00
    0.135090000000000E+04    0.342515055369631E+01    0.439056976235225E+00
    0.135092000000000E+04    0.346271279866642E+01    0.439058489695457E+00
    0.135718000000000E+04    0.265718954946578E+01    0.439220829305700E+00
    0.135720000000000E+04    0.269475833947081E+01    0.439218445405065E+00
    0.136346000000000E+04    0.189168877983957E+01    0.440052395993874E+00
    0.136348000000000E+04    0.192929098149671E+01    0.440051959085380E+00
    0.136974000000000E+04    0.113264397220519E+01    0.440615832837511E+00
    0.136976000000000E+04    0.117026869659549E+01    0.440620725865655E+00
    0.137602000000000E+04    0.381390549691787E+00    0.440679444388687E+00
    0.137604000000000E+04    0.419017751454703E+00    0.440682954060038E+00
    0.138232000000000E+04    0.595459235483168E+01    0.440673467163273E+00
    0.138234000000000E+04    0.599221916217857E+01    0.440670149018578E+00
    0.138860000000000E+04    0.520345441339805E+01    0.440610112082973E+00
    0.138862000000000E+04    0.524107907668758E+01    0.440605083282865E+00
    0.139488000000000E+04    0.444459077470856E+01    0.440074363591761E+00
    0.139490000000000E+04    0.448219375538611E+01    0.440074594846911E+00
    0.140116000000000E+04    0.367920634465645E+01    0.439239134060733E+00
    0.140118000000000E+04    0.371677594922721E+01    0.439241625153045E+00
    0.140744000000000E+04    0.291129879440132E+01    0.439053330162506E+00
    0.140746000000000E+04    0.294886088963267E+01    0.439051991714780E+00
    0.141372000000000E+04    0.214452563522445E+01    0.439755677637192E+00
    0.141374000000000E+04    0.218211586185726E+01    0.439753713177188E+00
    0.142000000000000E+04    0.138291109911779E+01    0.440493397858738E+00
    0.142002000000000E+04    0.142053092118385E+01    0.440496800327741E+00
    0.142630000000000E+04    0.666789056403559E+00    0.440694202536697E+00
    0.142632000000000E+04    0.704416827531986E+00    0.440699239445371E+00
    0.143258000000000E+04    0.620197603726183E+01    0.440674196684919E+00
    0.143260000000000E+04    0.623960300624185E+01    0.440673213438247E+00
    0.143886000000000E+04    0.545288204753160E+01    0.440678650988867E+00
    0.143888000000000E+04    0.549050909899279E+01    0.440673171788164E+00
    0.144514000000000E+04    0.469684067319986E+01    0.440332734960530E+00
    0.144516000000000E+04    0.473445390452525E+01    0.440330839193965E+00
    0.145142000000000E+04    0.393330238299768E+01    0.439504409614133E+00
    0.145144000000000E+04    0.397088257069845E+01    0.439506998268508E+00
    0.145770000000000E+04    0.316582906372696E+01    0.438999993336124E+00
    0.145772000000000E+04    0.320338897394504E+01    0.439000175411570E+00
    0.146400000000000E+04    0.243579212972963E+01    0.439451416447375E+00
    0.146402000000000E+04    0.247337018067628E+01    0.439448796153311E+00
    0.147028000000000E+04    0.167196602654076E+01    0.440292661980743E+00
    0.147030000000000E+04    0.170957779050832E+01    0.440293972899727E+00
    0.147656000000000E+04    0.915434866911710E+00    0.440677034580137E+00
    0.147658000000000E+04    0.953062099397812E+00    0.440682481062734E+00
    0.148284000000000E+04    0.166058649791466E+00    0.440675139717708E+00
    0.148286000000000E+04    0.203685590798159E+00    0.440676684765789E+00
    0.148912000000000E+04    0.570133387993383E+01    0.440688039927111E+00
    0.148914000000000E+04    0.573896134937286E+01    0.440683240363902E+00
    0.149540000000000E+04    0.494806598036575E+01    0.440519567793681E+00
    0.149542000000000E+04    0.498568670122268E+01    0.440515782833402E+00
    0.150170000000000E+04    0.422446391239100E+01    0.439812464151265E+00
    0.150172000000000E+04    0.426205656995489E+01    0.439814150710017E+00
    0.150798000000000E+04    0.345790176367154E+01    0.439078820662058E+00
    0.150800000000000E+04    0.349546486527152E+01    0.439080502077868E+00
    0.151426000000000E+04    0.268993308902282E+01    0.439199888631176E+00
    0.151428000000000E+04    0.272750108271521E+01    0.439197601923796E+00
    0.152054000000000E+04    0.192434455109651E+01    0.440025028943926E+00
    0.152056000000000E+04    0.196194557100853E+01    0.440024384651027E+00
    0.152682000000000E+04    0.116503262684728E+01    0.440610628755549E+00
    0.152684000000000E+04    0.120265728353570E+01    0.440615384022886E+00
    0.153310000000000E+04    0.413586147902606E+00    0.440687188499310E+00
    0.153312000000000E+04    0.451213625827677E+00    0.440690922543294E+00
    0.153940000000000E+04    0.598683406752298E+01    0.440678151805760E+00
    0.153942000000000E+04    0.602446117013642E+01    0.440675106646091E+00
    0.154568000000000E+04    0.523604220223115E+01    0.440631006969926E+00
    0.154570000000000E+04    0.527366736012300E+01    0.440625861400531E+00
    0.155196000000000E+04    0.447752291467896E+01    0.440110255491044E+00
    0.155198000000000E+04    0.451512743784133E+01    0.440110245849354E+00
    0.155824000000000E+04    0.371238719674102E+01    0.439272253174017E+00
    0.155826000000000E+04    0.374995804052196E+01    0.439274804368896E+00
    0.156452000000000E+04    0.294449087570911E+01    0.439041596907580E+00
    0.156454000000000E+04    0.298205254552158E+01    0.439040463142879E+00
    0.157080000000000E+04    0.217764387729085E+01    0.439721789247950E+00
    0.157082000000000E+04    0.221523270461512E+01    0.439719690771681E+00
    0.157708000000000E+04    0.141577287775453E+01    0.440475833435433E+00
    0.157710000000000E+04    0.145339205668733E+01    0.440479004367473E+00
    0.158338000000000E+04    0.699363497435570E+00    0.440701617925236E+00
    0.158340000000000E+04    0.736991357506213E+00    0.440706751204204E+00
    0.158966000000000E+04    0.623434137144977E+01    0.440669110414083E+00
    0.158968000000000E+04    0.627196804391360E+01    0.440668426481388E+00
    0.159594000000000E+04    0.548539536996805E+01    0.440679638503922E+00
    0.159596000000000E+04    0.552302258705413E+01    0.440674188761236E+00
    0.160222000000000E+04    0.472968105366635E+01    0.440356323204888E+00
    0.160224000000000E+04    0.476729526538657E+01    0.440354246907230E+00
    0.160850000000000E+04    0.396641168939504E+01    0.439541326541345E+00
    0.160852000000000E+04    0.400399334214990E+01    0.439543859475565E+00
    0.161478000000000E+04    0.319897965374639E+01    0.439000146070492E+00
    0.161480000000000E+04    0.323653958147270E+01    0.439000530070689E+00
    0.162108000000000E+04    0.246889164967479E+01    0.439417606624299E+00
    0.162110000000000E+04    0.250646830983442E+01    0.439414972051595E+00
    0.162736000000000E+04    0.170474983727945E+01    0.440259222308223E+00
    0.162738000000000E+04    0.174236027300276E+01    0.440260305324373E+00
    0.163364000000000E+04    0.947838753319957E+00    0.440669880007769E+00
    0.163366000000000E+04    0.985465671132260E+00    0.440675302418278E+00
    0.163992000000000E+04    0.198175105115297E+00    0.440672812498143E+00
    0.163994000000000E+04    0.235801940881629E+00    0.440674646148807E+00
    0.164620000000000E+04    0.573354258218251E+01    0.440684200172306E+00
    0.164622000000000E+04    0.577117018920580E+01    0.440679584516281E+00
    0.165248000000000E+04    0.498062814955756E+01    0.440538813150918E+00
    0.165250000000000E+04    0.501824969567906E+01    0.440534797411273E+00
    0.165878000000000E+04    0.425735356370296E+01    0.439850423756673E+00
    0.165880000000000E+04    0.429494778022354E+01    0.439851937079824E+00
    0.166506000000000E+04    0.349094673961008E+01    0.439097128575300E+00
    0.166508000000000E+04    0.352851057642056E+01    0.439098958715244E+00
    0.167134000000000E+04    0.272296519278052E+01    0.439174772204393E+00
    0.167136000000000E+04    0.276053217794288E+01    0.439172589283268E+00
    0.167762000000000E+04    0.195719945369683E+01    0.439989222195160E+00
    0.167764000000000E+04    0.199479903513520E+01    0.439988361041322E+00
    0.168390000000000E+04    0.119755943647442E+01    0.440598282212737E+00
    0.168392000000000E+04    0.123518362242112E+01    0.440602878637768E+00
    0.169018000000000E+04    0.445831577431363E+00    0.440689264196002E+00
    0.169020000000000E+04    0.483459155245328E+00    0.440693222523750E+00
    0.169648000000000E+04    0.601906509251330E+01    0.440677707962895E+00
    0.169650000000000E+04    0.605669216910064E+01    0.440674929584151E+00
    0.170276000000000E+04    0.526854662970572E+01    0.440640194350491E+00
    0.170278000000000E+04    0.530617216305654E+01    0.440634953138348E+00
    0.170904000000000E+04    0.451037003822512E+01    0.440143708230850E+00
    0.170906000000000E+04    0.454797596647086E+01    0.440143446056510E+00
    0.171532000000000E+04    0.374545972180022E+01    0.439303209794480E+00
    0.171534000000000E+04    0.378303182740046E+01    0.439305814544813E+00
    0.172160000000000E+04    0.297760945759410E+01    0.439030821836849E+00
    0.172162000000000E+04    0.301517067144641E+01    0.439029856695770E+00
    0.172788000000000E+04    0.221064495028031E+01    0.439683634887362E+00
    0.172790000000000E+04    0.224823226749731E+01    0.439681422916603E+00
    0.173416000000000E+04    0.144847480299086E+01    0.440452856555793E+00
    0.173418000000000E+04    0.148609321272443E+01    0.440455774146898E+00
    0.174046000000000E+04    0.731781901797603E+00    0.440699035860319E+00
    0.174048000000000E+04    0.769409945421557E+00    0.440704269686318E+00
    0.174674000000000E+04    0.626671073023954E+01    0.440676029174403E+00
    0.174676000000000E+04    0.211521735864153E-01    0.440675675484865E+00
    0.175302000000000E+04    0.551800505011079E+01    0.440685019160668E+00
    0.175304000000000E+04    0.555563239586127E+01    0.440679600692073E+00
    0.175930000000000E+04    0.476270746687260E+01    0.440388214869490E+00
    0.175932000000000E+04    0.480032297891921E+01    0.440385864426189E+00
    0.176558000000000E+04    0.399976837597706E+01    0.439583549507040E+00
    0.176560000000000E+04    0.403735177830367E+01    0.439586011152711E+00
    0.177186000000000E+04    0.323254779532181E+01    0.439012416707053E+00
    0.177188000000000E+04    0.327010820581427E+01    0.439012988656454E+00
    0.177816000000000E+04    0.250244357404108E+01    0.439387712977491E+00
    0.177818000000000E+04    0.254001907706879E+01    0.439385087930549E+00
    0.178444000000000E+04    0.173820505427602E+01    0.440236895751661E+00
    0.178446000000000E+04    0.177581457033284E+01    0.440237686526954E+00
    0.179072000000000E+04    0.981044956186452E+00    0.440671994899197E+00
    0.179074000000000E+04    0.101867202885160E+01    0.440677368011897E+00
    0.179700000000000E+04    0.231281576328456E+00    0.440683267672037E+00
    0.179702000000000E+04    0.268908855426162E+00    0.440685411750716E+00
    0.180328000000000E+04    0.576679466488849E+01    0.440692129076293E+00
    0.180330000000000E+04    0.580442230621065E+01    0.440687669781608E+00
    0.180956000000000E+04    0.501424696473350E+01    0.440560065597187E+00
    0.180958000000000E+04    0.505186930200443E+01    0.440555884595647E+00
    0.181586000000000E+04    0.429135603348641E+01    0.439894347462607E+00
    0.181588000000000E+04    0.432895196761319E+01    0.439895670338428E+00
    0.182214000000000E+04    0.352516034423388E+01    0.439122629164412E+00
    0.182216000000000E+04    0.356272520126640E+01    0.439124600497075E+00
    0.182842000000000E+04    0.275723157381572E+01    0.439155069593098E+00
    0.182844000000000E+04    0.279479778065433E+01    0.439153010544998E+00
    0.183470000000000E+04    0.199135068839041E+01    0.439956588852226E+00
    0.183472000000000E+04    0.202894896513544E+01    0.439955510880151E+00
    0.184098000000000E+04    0.123144263693621E+01    0.440589797205595E+00
    0.184100000000000E+04    0.126906643438497E+01    0.440594222176041E+00
    0.184726000000000E+04    0.479436361482840E+00    0.440698893167888E+00
    0.184728000000000E+04    0.517064062576083E+00    0.440703082476568E+00
    0.185354000000000E+04    0.601500221178048E+01    0.440679271021918E+00
    0.185356000000000E+04    0.605262928240882E+01    0.440676717021120E+00
    0.185984000000000E+04    0.530236913331510E+01    0.440649557212859E+00
    0.185986000000000E+04    0.533999513461413E+01    0.440644232320593E+00
    0.186612000000000E+04    0.454456557329468E+01    0.440179015015495E+00
    0.186614000000000E+04    0.458217264601626E+01    0.440178448994240E+00
    0.187240000000000E+04    0.377984474648702E+01    0.439334608813996E+00
    0.187242000000000E+04    0.381741814352426E+01    0.439337258829308E+00
    0.187868000000000E+04    0.301203297199345E+01    0.439019585005182E+00
    0.187870000000000E+04    0.304959370431334E+01    0.439018795235594E+00
    0.188496000000000E+04    0.224495081065652E+01    0.439644447816416E+00
    0.188498000000000E+04    0.228253672972869E+01    0.439642122109006E+00
    0.189124000000000E+04    0.148243092179246E+01    0.440428552942511E+00
    0.189126000000000E+04    0.152004786043335E+01    0.440431102736323E+00
    0.189754000000000E+04    0.765232467618262E+00    0.440691678167242E+00
    0.189756000000000E+04    0.802860104131923E+00    0.440697024209408E+00
    0.190382000000000E+04    0.167689385989434E-01    0.440670691436833E+00
    0.190384000000000E+04    0.543956512797195E-01    0.440670669519400E+00
    0.191010000000000E+04    0.555134760012379E+01    0.440681766093164E+00
    0.191012000000000E+04    0.558897476673519E+01    0.440676406778045E+00
    0.191638000000000E+04    0.479630385031578E+01    0.440405371221072E+00
    0.191640000000000E+04    0.483392006397753E+01    0.440402786457231E+00
    0.192266000000000E+04    0.403354928654608E+01    0.439615317312858E+00
    0.192268000000000E+04    0.407113397478133E+01    0.439617693239598E+00
    0.192894000000000E+04    0.326631419942896E+01    0.439014168870567E+00
    0.192896000000000E+04    0.330387440255981E+01    0.439014958052838E+00
    0.193524000000000E+04    0.253600827151331E+01    0.439344225021611E+00
    0.193526000000000E+04    0.257358199653117E+01    0.439341614452089E+00
    0.194152000000000E+04    0.177140467900881E+01    0.440195468308177E+00
    0.194154000000000E+04    0.180901255565641E+01    0.440196020312730E+00
    0.194780000000000E+04    0.101375458200255E+01    0.440655497515457E+00
    0.194782000000000E+04    0.105138086125953E+01    0.440660806788918E+00
    0.195408000000000E+04    0.263615069391108E+00    0.440675120923121E+00
    0.195410000000000E+04    0.301242057504624E+00    0.440677561566884E+00
    0.196036000000000E+04    0.579907511825650E+01    0.440681892022912E+00
    0.196038000000000E+04    0.583670231390806E+01    0.440677618477466E+00
    0.196664000000000E+04    0.504671475392979E+01    0.440565532690293E+00
    0.196666000000000E+04    0.508433738717076E+01    0.440561135890130E+00
    0.197294000000000E+04    0.432399426725942E+01    0.439920212079959E+00
    0.197296000000000E+04    0.436159111218467E+01    0.439921340298513E+00
    0.197922000000000E+04    0.355781968867086E+01    0.439133635363692E+00
    0.197924000000000E+04    0.359538499511928E+01    0.439135746454642E+00
    0.198550000000000E+04    0.278975952319342E+01    0.439123062930758E+00
    0.198552000000000E+04    0.282732440695054E+01    0.439121120846367E+00
    0.199178000000000E+04    0.202357284660047E+01    0.439908035611997E+00
    0.199180000000000E+04    0.206116916048859E+01    0.439906764983221E+00
    0.199806000000000E+04    0.126318709331872E+01    0.440562638822052E+00
    0.199808000000000E+04    0.130080990667057E+01    0.440566868160975E+00
    0.200434000000000E+04    0.510788497181693E+00    0.440686020159518E+00
    0.200436000000000E+04    0.548416017711588E+00    0.440690386017772E+00
    0.201062000000000E+04    0.604624458269927E+01    0.440673763875712E+00
    0.201064000000000E+04    0.608387134208988E+01    0.440671498343938E+00
    0.201692000000000E+04    0.533376539038727E+01    0.440648332280458E+00
    0.201694000000000E+04    0.537139130227115E+01    0.440642931871941E+00
    0.202320000000000E+04    0.457622837975669E+01    0.440204645439755E+00
    0.202322000000000E+04    0.461383655332111E+01    0.440203878257166E+00
    0.202948000000000E+04    0.381167123932710E+01    0.439361652093527E+00
    0.202950000000000E+04    0.384924577190441E+01    0.439364325424542E+00
    0.203576000000000E+04    0.304387988935423E+01    0.439009608065113E+00
    0.203578000000000E+04    0.308144013578567E+01    0.439009002280803E+00
    0.204204000000000E+04    0.227661741333986E+01    0.439603085024490E+00
    0.204206000000000E+04    0.231420157471848E+01    0.439600679046440E+00
    0.204832000000000E+04    0.151384660689564E+01    0.440402903616431E+00
    0.204834000000000E+04    0.155146277702897E+01    0.440405310561291E+00
    0.205462000000000E+04    0.796362516788577E+00    0.440690399568178E+00
    0.205464000000000E+04    0.833990275481028E+00    0.440695780799005E+00
    0.206090000000000E+04    0.477336388867116E-01    0.440670349028997E+00
    0.206092000000000E+04    0.853602797064923E-01    0.440670621777181E+00
    0.206718000000000E+04    0.558244048402184E+01    0.440682621693954E+00
    0.206720000000000E+04    0.562006770209109E+01    0.440677336992743E+00
    0.207346000000000E+04    0.482774684235301E+01    0.440427657874477E+00
    0.207348000000000E+04    0.486536406844652E+01    0.440424822951988E+00
    0.207974000000000E+04    0.406530374674458E+01    0.439653250630389E+00
    0.207976000000000E+04    0.410288978772451E+01    0.439655523731286E+00
    0.208602000000000E+04    0.329814536893173E+01    0.439016637019543E+00
    0.208604000000000E+04    0.333570604877877E+01    0.439017574104583E+00
    0.209232000000000E+04    0.256782529900966E+01    0.439314058942236E+00
    0.209234000000000E+04    0.260539773635082E+01    0.439311484211064E+00
    0.209860000000000E+04    0.180301167461721E+01    0.440159334948593E+00
    0.209862000000000E+04    0.184061848612009E+01    0.440159603659611E+00
    0.210488000000000E+04    0.104513354759547E+01    0.440654164250260E+00
    0.210490000000000E+04    0.108275997573310E+01    0.440659408008509E+00
    0.211116000000000E+04    0.294829738831595E+00    0.440679084772265E+00
    0.211118000000000E+04    0.332456895490395E+00    0.440681779450203E+00
    0.211744000000000E+04    0.583037765691006E+01    0.440683204603183E+00
    0.211746000000000E+04    0.586800500738445E+01    0.440679144348091E+00
    0.212372000000000E+04    0.507836747344936E+01    0.440584061833959E+00
    0.212374000000000E+04    0.511599076936182E+01    0.440579514749291E+00
    0.213000000000000E+04    0.431845447338173E+01    0.439961196203327E+00
    0.213002000000000E+04    0.435605296298900E+01    0.439962166116436E+00
    0.213630000000000E+04    0.359008554247794E+01    0.439159492410651E+00
    0.213632000000000E+04    0.362765182014664E+01    0.439161701071194E+00
    0.214258000000000E+04    0.282208901934928E+01    0.439108381234856E+00
    0.214260000000000E+04    0.285965339540599E+01    0.439106605067072E+00
    0.214886000000000E+04    0.205581071729148E+01    0.439877054227919E+00
    0.214888000000000E+04    0.209340578324282E+01    0.439875595413761E+00
    0.215514000000000E+04    0.129519680794601E+01    0.440553496871764E+00
    0.215516000000000E+04    0.133281905170725E+01    0.440557556376735E+00
    0.216142000000000E+04    0.542495043440340E+00    0.440690304059988E+00
    0.216144000000000E+04    0.580122562588713E+00    0.440694844257130E+00
    0.216770000000000E+04    0.607792526171397E+01    0.440675514464532E+00
    0.216772000000000E+04    0.611555231608736E+01    0.440673570483983E+00
    0.217400000000000E+04    0.536575627163029E+01    0.440659998012281E+00
    0.217402000000000E+04    0.540338256455561E+01    0.440654548362295E+00
    0.218028000000000E+04    0.460860469756699E+01    0.440238844510857E+00
    0.218030000000000E+04    0.464621426819758E+01    0.440237828122055E+00
    0.218656000000000E+04    0.384429884406927E+01    0.439396439825952E+00
    0.218658000000000E+04    0.388187452908915E+01    0.439399103935297E+00
    0.219284000000000E+04    0.307656006803791E+01    0.439005462967413E+00
    0.219286000000000E+04    0.311412027453025E+01    0.439005041433465E+00
    0.219912000000000E+04    0.230924575038352E+01    0.439568887429491E+00
    0.219914000000000E+04    0.234682848640387E+01    0.439566403510933E+00
