    0.000000000000000E+00    0.190000000000000E+01    0.450000000000000E+00
    0.200000000000000E-01    0.193799998857583E+01    0.449999420608699E+00
    0.630000000000000E+01    0.130430713422222E+01    0.450630152931110E+00
    0.632000000000000E+01    0.134233245657897E+01    0.450634239779870E+00
    0.125800000000000E+02    0.678376919653726E+00    0.450864943009551E+00
    0.126000000000000E+02    0.716411427494570E+00    0.450870025860944E+00
    0.188600000000000E+02    0.578742828793466E-01    0.450888580240549E+00
    0.188800000000000E+02    0.959098287387832E-01    0.450889019691438E+00
    0.251400000000000E+02    0.572092022681966E+01    0.450867763642405E+00
    0.251600000000000E+02    0.575895481834093E+01    0.450863036422338E+00
    0.314200000000000E+02    0.509585876994201E+01    0.450673682063816E+00
    0.314400000000000E+02    0.513388579061105E+01    0.450669059730636E+00
    0.377000000000000E+02    0.446310102584756E+01    0.450094772133148E+00
    0.377200000000000E+02    0.450110478082539E+01    0.450094705411054E+00
    0.440000000000000E+02    0.386132930075865E+01    0.449308452226203E+00
    0.440200000000000E+02    0.389930168963808E+01    0.449311135245796E+00
    0.502800000000000E+02    0.321761218391802E+01    0.448882310692008E+00
    0.503000000000000E+02    0.325556741544570E+01    0.448882685088332E+00
    0.565600000000000E+02    0.257366642631330E+01    0.449201347958714E+00
    0.565800000000000E+02    0.261163469580279E+01    0.449198822455685E+00
    0.628400000000000E+02    0.193313417312250E+01    0.449978589589478E+00
    0.628600000000000E+02    0.197113331330146E+01    0.449977869413467E+00
    0.691200000000000E+02    0.129918222898232E+01    0.450616156173233E+00
    0.691400000000000E+02    0.133720697275780E+01    0.450620168923121E+00
    0.754000000000000E+02    0.673081025090227E+00    0.450862738639355E+00
    0.754200000000000E+02    0.711115589463674E+00    0.450867887047547E+00
    0.817000000000000E+02    0.905576517270674E-01    0.450890113833908E+00
    0.817200000000000E+02    0.128593220426239E+00    0.450890761003451E+00
    0.879800000000000E+02    0.575371580349042E+01    0.450870015864532E+00
    0.880000000000000E+02    0.579175050837560E+01    0.450865387431226E+00
    0.942600000000000E+02    0.512881300637594E+01    0.450681634349872E+00
    0.942800000000000E+02    0.516684021518864E+01    0.450676881471969E+00
    0.100540000000000E+03    0.449626173214031E+01    0.450118031775277E+00
    0.100560000000000E+03    0.453426645765975E+01    0.450117831364445E+00
    0.106820000000000E+03    0.385666381592074E+01    0.449327900095387E+00
    0.106840000000000E+03    0.389463679915954E+01    0.449330573840857E+00
    0.113100000000000E+03    0.321309299441327E+01    0.448890376818935E+00
    0.113120000000000E+03    0.325104867639934E+01    0.448890894529302E+00
    0.119400000000000E+03    0.260715755065732E+01    0.449185348261725E+00
    0.119420000000000E+03    0.264512492827183E+01    0.449182834581667E+00
    0.125680000000000E+03    0.196650824400123E+01    0.449956577380291E+00
    0.125700000000000E+03    0.200450660687139E+01    0.449955705474904E+00
    0.131960000000000E+03    0.133243165942605E+01    0.450608893212297E+00
    0.131980000000000E+03    0.137045609228051E+01    0.450612761962376E+00
    0.138240000000000E+03    0.706156343872408E+00    0.450864778540924E+00
    0.138260000000000E+03    0.744191063434528E+00    0.450869989837037E+00
    0.144520000000000E+03    0.855564008106739E-01    0.450894177759180E+00
    0.144540000000000E+03    0.123592064149534E+00    0.450894955670157E+00
    0.150800000000000E+03    0.574879837016448E+01    0.450874963944896E+00
    0.150820000000000E+03    0.578683344641132E+01    0.450870429448405E+00
    0.157080000000000E+03    0.512422620797247E+01    0.450704301992878E+00
    0.157100000000000E+03    0.516225432313013E+01    0.450699517636389E+00
    0.163380000000000E+03    0.453003754435326E+01    0.450147314241672E+00
    0.163400000000000E+03    0.456804355799966E+01    0.450146945971309E+00
    0.169660000000000E+03    0.389073489159472E+01    0.449358893707202E+00
    0.169680000000000E+03    0.392870920937526E+01    0.449361547798302E+00
    0.175940000000000E+03    0.324726113039128E+01    0.448897550893952E+00
    0.175960000000000E+03    0.328521704182367E+01    0.448898153663016E+00
    0.182220000000000E+03    0.260332016981806E+01    0.449174028105514E+00
    0.182240000000000E+03    0.264128703995613E+01    0.449171528339985E+00
    0.188500000000000E+03    0.196259269096623E+01    0.449940624283328E+00
    0.188520000000000E+03    0.200059045842931E+01    0.449939676459370E+00
    0.194780000000000E+03    0.132835403097948E+01    0.450599002556087E+00
    0.194800000000000E+03    0.136637798955132E+01    0.450602752560765E+00
    0.201080000000000E+03    0.739943552986233E+00    0.450868179184557E+00
    0.201100000000000E+03    0.777978389977989E+00    0.450873445343374E+00
    0.207360000000000E+03    0.119280137501789E+00    0.450897913191459E+00
    0.207380000000000E+03    0.157315998891022E+00    0.450898891424506E+00
    0.213640000000000E+03    0.578267523265959E+01    0.450880446065528E+00
    0.213660000000000E+03    0.582071073979421E+01    0.450876059189663E+00
    0.219920000000000E+03    0.515838736690262E+01    0.450716146317745E+00
    0.219940000000000E+03    0.519641599455070E+01    0.450711213830426E+00
    0.226200000000000E+03    0.452647055844255E+01    0.450171723711809E+00
    0.226220000000000E+03    0.456447768426847E+01    0.450171231968127E+00
    0.232480000000000E+03    0.388742674870969E+01    0.449383541316800E+00
    0.232500000000000E+03    0.392540206624250E+01    0.449386178588310E+00
    0.238780000000000E+03    0.328202915887874E+01    0.448903697104176E+00
    0.238800000000000E+03    0.331998531683956E+01    0.448904421270931E+00
    0.245060000000000E+03    0.263808063509879E+01    0.449156521862002E+00
    0.245080000000000E+03    0.267604676088069E+01    0.449154078883078E+00
    0.251340000000000E+03    0.199723969036091E+01    0.449914641827907E+00
    0.251360000000000E+03    0.203523656633126E+01    0.449913543730705E+00
    0.257620000000000E+03    0.136285384570351E+01    0.450592159516129E+00
    0.257640000000000E+03    0.140087761568793E+01    0.450595795232460E+00
    0.263900000000000E+03    0.736263664510204E+00    0.450866777632343E+00
    0.263920000000000E+03    0.774298368059817E+00    0.450872078597165E+00
    0.270180000000000E+03    0.115625898943563E+00    0.450905611539472E+00
    0.270200000000000E+03    0.153662127301686E+00    0.450906744370009E+00
    0.276480000000000E+03    0.581718292930964E+01    0.450889729374300E+00
    0.276500000000000E+03    0.585521845191681E+01    0.450885437918546E+00
    0.282760000000000E+03    0.519310118981082E+01    0.450725113506134E+00
    0.282780000000000E+03    0.523113012700560E+01    0.450720131992718E+00
    0.289040000000000E+03    0.456142788068519E+01    0.450195950048212E+00
    0.289060000000000E+03    0.459943587729470E+01    0.450195286217915E+00
    0.295320000000000E+03    0.392255537419669E+01    0.449408781054092E+00
    0.295340000000000E+03    0.396053168975811E+01    0.449411398695647E+00
    0.301600000000000E+03    0.327928398593087E+01    0.448909132563760E+00
    0.301620000000000E+03    0.331724036455000E+01    0.448909930259325E+00
    0.307880000000000E+03    0.263530706444499E+01    0.449141011375658E+00
    0.307900000000000E+03    0.267327258229113E+01    0.449138593173930E+00
    0.314160000000000E+03    0.199431442067589E+01    0.449892935907399E+00
    0.314180000000000E+03    0.203231034381372E+01    0.449891751451635E+00
    0.320460000000000E+03    0.139770422048025E+01    0.450577520341044E+00
    0.320480000000000E+03    0.143572739424951E+01    0.450581000019460E+00
    0.326740000000000E+03    0.770851600793890E+00    0.450870663953707E+00
    0.326760000000000E+03    0.808886140636332E+00    0.450875993301558E+00
    0.333020000000000E+03    0.149953909226269E+00    0.450899163115907E+00
    0.333040000000000E+03    0.187989820812732E+00    0.450900514568741E+00
    0.339300000000000E+03    0.581345851801700E+01    0.450887759263927E+00
    0.339320000000000E+03    0.585149379735617E+01    0.450883569745420E+00
    0.345580000000000E+03    0.518947277195787E+01    0.450734142668266E+00
    0.345600000000000E+03    0.522750205750549E+01    0.450729106785400E+00
    0.351860000000000E+03    0.455802250382681E+01    0.450214583018053E+00
    0.351880000000000E+03    0.459603129823176E+01    0.450213783513629E+00
    0.358160000000000E+03    0.395730916778746E+01    0.449430813083326E+00
    0.358180000000000E+03    0.399528641122959E+01    0.449433412954199E+00
    0.364440000000000E+03    0.331409411775280E+01    0.448912556837415E+00
    0.364460000000000E+03    0.335205062397131E+01    0.448913494114662E+00
    0.370720000000000E+03    0.267007350714255E+01    0.449120646775442E+00
    0.370740000000000E+03    0.270803818970967E+01    0.449118302408425E+00
    0.377000000000000E+03    0.202889024425519E+01    0.449866004758795E+00
    0.377020000000000E+03    0.206688496101708E+01    0.449864682240164E+00
    0.383280000000000E+03    0.139396998683628E+01    0.450556438146693E+00
    0.383300000000000E+03    0.143199231636015E+01    0.450559809037685E+00
    0.389560000000000E+03    0.766860223997924E+00    0.450855080365267E+00
    0.389580000000000E+03    0.804894560325351E+00    0.450860460953817E+00
    0.395860000000000E+03    0.183912754494145E+00    0.450902426160324E+00
    0.395880000000000E+03    0.221948636260549E+00    0.450903982815594E+00
    0.402140000000000E+03    0.584742121568672E+01    0.450884115033081E+00
    0.402160000000000E+03    0.588545653301185E+01    0.450880050270218E+00
    0.408420000000000E+03    0.522366436758443E+01    0.450742451750276E+00
    0.408440000000000E+03    0.526169398756110E+01    0.450737335722297E+00
    0.414700000000000E+03    0.459243193624752E+01    0.450237047101528E+00
    0.414720000000000E+03    0.463044168200213E+01    0.450236052934865E+00
    0.420980000000000E+03    0.395395086815699E+01    0.449455922732617E+00
    0.421000000000000E+03    0.399192925278169E+01    0.449458502724347E+00
    0.427260000000000E+03    0.331090975089376E+01    0.448922090283290E+00
    0.427280000000000E+03    0.334886658301480E+01    0.448923090233532E+00
    0.433540000000000E+03    0.266689178309400E+01    0.449108538446192E+00
    0.433560000000000E+03    0.270485619976705E+01    0.449106238248080E+00
    0.439840000000000E+03    0.206365269615480E+01    0.449847496337497E+00
    0.439860000000000E+03    0.210164665295713E+01    0.449846052023587E+00
    0.446120000000000E+03    0.142859731996725E+01    0.450548757007999E+00
    0.446140000000000E+03    0.146661933528787E+01    0.450551959352650E+00
    0.452400000000000E+03    0.801337554449674E+00    0.450859422254099E+00
    0.452420000000000E+03    0.839372072097717E+00    0.450864831525956E+00
    0.458680000000000E+03    0.180303779541077E+00    0.450907840996376E+00
    0.458700000000000E+03    0.218339870835734E+00    0.450909546131417E+00
    0.464960000000000E+03    0.584393213187809E+01    0.450893842226045E+00
    0.464980000000000E+03    0.588196783255682E+01    0.450889884856625E+00
    0.471240000000000E+03    0.522044759665255E+01    0.450760264275016E+00
    0.471260000000000E+03    0.525847791941464E+01    0.450755104593422E+00
    0.477540000000000E+03    0.462755070594608E+01    0.450264045697553E+00
    0.477560000000000E+03    0.466556135622784E+01    0.450262901388447E+00
    0.483820000000000E+03    0.398927437586121E+01    0.449483014262168E+00
    0.483840000000000E+03    0.402725368566053E+01    0.449485539300200E+00
    0.490100000000000E+03    0.334629642835307E+01    0.448930477492606E+00
    0.490120000000000E+03    0.338425365705211E+01    0.448931623287987E+00
    0.496380000000000E+03    0.270228085577662E+01    0.449092826294705E+00
    0.496400000000000E+03    0.274024440557696E+01    0.449090590862753E+00
    0.502660000000000E+03    0.206087940240479E+01    0.449821829773900E+00
    0.502680000000000E+03    0.209887232160941E+01    0.449820299483838E+00
    0.508940000000000E+03    0.142555907322128E+01    0.450529093009589E+00
    0.508960000000000E+03    0.146358029054647E+01    0.450532181730891E+00
    0.515240000000000E+03    0.836069156514100E+00    0.450855824205657E+00
    0.515260000000000E+03    0.874103545792536E+00    0.450861257200316E+00
    0.521520000000000E+03    0.214878705229012E+00    0.450906250258944E+00
    0.521540000000000E+03    0.252914818302770E+00    0.450908143480835E+00
    0.527800000000000E+03    0.587853734704936E+01    0.450893828424298E+00
    0.527820000000000E+03    0.591657304462512E+01    0.450890029928329E+00
    0.534080000000000E+03    0.525523613573660E+01    0.450763154961625E+00
    0.534100000000000E+03    0.529326670521220E+01    0.450757904938292E+00
    0.540360000000000E+03    0.462460273878946E+01    0.450287813806633E+00
    0.540380000000000E+03    0.466261426580490E+01    0.450286561826324E+00
    0.546640000000000E+03    0.398652056892411E+01    0.449503907326954E+00
    0.546660000000000E+03    0.402450062829757E+01    0.449506385952780E+00
    0.552940000000000E+03    0.338162046203252E+01    0.448939641555012E+00
    0.552960000000000E+03    0.341957801787498E+01    0.448940921913209E+00
    0.559220000000000E+03    0.273757870034819E+01    0.449076045507397E+00
    0.559240000000000E+03    0.277554170064695E+01    0.449073890493722E+00
    0.565500000000000E+03    0.209609249451023E+01    0.449797330533554E+00
    0.565520000000000E+03    0.213408448327345E+01    0.449795659118689E+00
    0.571780000000000E+03    0.146051805206548E+01    0.450512204593995E+00
    0.571800000000000E+03    0.149853860413396E+01    0.450515148825332E+00
    0.578060000000000E+03    0.832760527018081E+00    0.450847551975777E+00
    0.578080000000000E+03    0.870794535487903E+00    0.450852995680161E+00
    0.584340000000000E+03    0.211471391549594E+00    0.450905223745217E+00
    0.584360000000000E+03    0.249507559395170E+00    0.450907270646813E+00
    0.590620000000000E+03    0.587519631100781E+01    0.450897853098813E+00
    0.590640000000000E+03    0.591323216576211E+01    0.450894163065792E+00
    0.596920000000000E+03    0.529013642614268E+01    0.450772581883368E+00
    0.596940000000000E+03    0.532816725382281E+01    0.450767285521555E+00
    0.603200000000000E+03    0.465972483729865E+01    0.450305311639246E+00
    0.603220000000000E+03    0.469773740976780E+01    0.450303812337291E+00
    0.609480000000000E+03    0.402191097699847E+01    0.449535246832025E+00
    0.609500000000000E+03    0.405989259869011E+01    0.449537696663832E+00
    0.615760000000000E+03    0.337922729238903E+01    0.448950448717635E+00
    0.615780000000000E+03    0.341718526191266E+01    0.448951787750803E+00
    0.622040000000000E+03    0.273520368653999E+01    0.449064134178325E+00
    0.622060000000000E+03    0.277316629569532E+01    0.449062037334339E+00
    0.628320000000000E+03    0.209361912016379E+01    0.449777581761833E+00
    0.628340000000000E+03    0.213161019837526E+01    0.449775843099654E+00
    0.634620000000000E+03    0.149592228585084E+01    0.450502925341161E+00
    0.634640000000000E+03    0.153394252473731E+01    0.450505693574971E+00
    0.640900000000000E+03    0.867996319768508E+00    0.450854394377205E+00
    0.640920000000000E+03    0.906030308559366E+00    0.450859833999192E+00
    0.647180000000000E+03    0.246517466510795E+00    0.450906485765990E+00
    0.647200000000000E+03    0.284553493885824E+00    0.450908728905245E+00
    0.653460000000000E+03    0.591031378945763E+01    0.450903563604828E+00
    0.653480000000000E+03    0.594834989882497E+01    0.450900051187226E+00
    0.659740000000000E+03    0.528745055145941E+01    0.450787153607040E+00
    0.659760000000000E+03    0.532548193484172E+01    0.450781822256914E+00
    0.666020000000000E+03    0.465735285540973E+01    0.450332285963743E+00
    0.666040000000000E+03    0.469536616240862E+01    0.450330720067643E+00
    0.672320000000000E+03    0.405768312343116E+01    0.449557553025034E+00
    0.672340000000000E+03    0.409566543386723E+01    0.449559927236097E+00
    0.678600000000000E+03    0.341503572707938E+01    0.448959229867017E+00
    0.678620000000000E+03    0.345299404867274E+01    0.448960715423784E+00
    0.684880000000000E+03    0.277097536242127E+01    0.449047098937157E+00
    0.684900000000000E+03    0.280893720483141E+01    0.449045084419217E+00
    0.691160000000000E+03    0.212922645460094E+01    0.449746150420776E+00
    0.691180000000000E+03    0.216721628306163E+01    0.449744311433429E+00
    0.697440000000000E+03    0.149322495832621E+01    0.450477178935181E+00
    0.697460000000000E+03    0.153124449552479E+01    0.450479764516447E+00
    0.703720000000000E+03    0.865081220324782E+00    0.450845320489088E+00
    0.703740000000000E+03    0.903115276644940E+00    0.450850796735953E+00
    0.710000000000000E+03    0.243580846776013E+00    0.450911496273263E+00
    0.710020000000000E+03    0.281617265315617E+00    0.450913879661792E+00
    0.716300000000000E+03    0.594548361295392E+01    0.450903107512722E+00
    0.716320000000000E+03    0.598351973969829E+01    0.450899763404510E+00
    0.722580000000000E+03    0.532286732172361E+01    0.450798733301201E+00
    0.722600000000000E+03    0.536089916153855E+01    0.450793344345170E+00
    0.728860000000000E+03    0.469309338111134E+01    0.450358531210692E+00
    0.728880000000000E+03    0.473110777399233E+01    0.450356780401496E+00
    0.735140000000000E+03    0.405575538344078E+01    0.449589539422328E+00
    0.735160000000000E+03    0.409373888548339E+01    0.449591845448766E+00
    0.741420000000000E+03    0.341328904615216E+01    0.448974703520226E+00
    0.741440000000000E+03    0.345124804549732E+01    0.448976234778482E+00
    0.747700000000000E+03    0.276930477342671E+01    0.449040517333108E+00
    0.747720000000000E+03    0.280726633539189E+01    0.449038554511962E+00
    0.754000000000000E+03    0.216549639248092E+01    0.449727124731922E+00
    0.754020000000000E+03    0.220348566853181E+01    0.449725184272818E+00
    0.760280000000000E+03    0.152939659311664E+01    0.450468458034207E+00
    0.760300000000000E+03    0.156741538873803E+01    0.450470928543382E+00
    0.766560000000000E+03    0.901027442494978E+00    0.450844471499088E+00
    0.766580000000000E+03    0.939061344238326E+00    0.450849931426151E+00
    0.772840000000000E+03    0.279365924974172E+00    0.450914809490989E+00
    0.772860000000000E+03    0.317402451694988E+00    0.450917391680739E+00
    0.779120000000000E+03    0.594334087799939E+01    0.450909401565180E+00
    0.779140000000000E+03    0.598137757027530E+01    0.450906249944365E+00
    0.785400000000000E+03    0.532105852658083E+01    0.450817211799348E+00
    0.785420000000000E+03    0.535909158595382E+01    0.450811767111135E+00
    0.791700000000000E+03    0.472964818567016E+01    0.450383730197235E+00
    0.791720000000000E+03    0.476766355057885E+01    0.450381777404505E+00
    0.797980000000000E+03    0.409258337834331E+01    0.449622890396565E+00
    0.798000000000000E+03    0.413056832593429E+01    0.449625130138314E+00
    0.804260000000000E+03    0.345029026714474E+01    0.448991592508114E+00
    0.804280000000000E+03    0.348824989247692E+01    0.448993278262218E+00
    0.810540000000000E+03    0.280638694726258E+01    0.449030475340317E+00
    0.810560000000000E+03    0.284434798725897E+01    0.449028627157613E+00
    0.816820000000000E+03    0.216445113038458E+01    0.449700491127269E+00
    0.816840000000000E+03    0.220243910836575E+01    0.449698461167282E+00
    0.823100000000000E+03    0.152805949457979E+01    0.450447882738946E+00
    0.823120000000000E+03    0.156607757190318E+01    0.450450214320237E+00
    0.829400000000000E+03    0.937465375780675E+00    0.450843010298302E+00
    0.829420000000000E+03    0.975499062331210E+00    0.450848440826924E+00
    0.835680000000000E+03    0.315617111073152E+00    0.450914128993121E+00
    0.835700000000000E+03    0.353653676199428E+00    0.450916927733273E+00
    0.841960000000000E+03    0.597952454261031E+01    0.450906822742876E+00
    0.841980000000000E+03    0.601756074129162E+01    0.450903788585749E+00
    0.848240000000000E+03    0.535728533996439E+01    0.450814951555787E+00
    0.848260000000000E+03    0.539531803442060E+01    0.450809514870406E+00
    0.854520000000000E+03    0.472804378387423E+01    0.450400606711265E+00
    0.854540000000000E+03    0.476605979794817E+01    0.450398534331855E+00
    0.860800000000000E+03    0.409115190477542E+01    0.449642988294536E+00
    0.860820000000000E+03    0.412913766360452E+01    0.449645163521674E+00
    0.867080000000000E+03    0.344892224523414E+01    0.448996711591160E+00
    0.867100000000000E+03    0.348688202332414E+01    0.448998447779564E+00
    0.873380000000000E+03    0.284291999078323E+01    0.449012219900113E+00
    0.873400000000000E+03    0.288088057296568E+01    0.449010524646093E+00
    0.879660000000000E+03    0.220088416636258E+01    0.449673654886950E+00
    0.879680000000000E+03    0.223887107467795E+01    0.449671540151845E+00
    0.885940000000000E+03    0.156427494372497E+01    0.450427823899075E+00
    0.885960000000000E+03    0.160229215299523E+01    0.450429981057495E+00
    0.892220000000000E+03    0.935378866424116E+00    0.450831014841443E+00
    0.892240000000000E+03    0.973412215221742E+00    0.450836444396170E+00
    0.898500000000000E+03    0.313381095134901E+00    0.450914991829415E+00
    0.898520000000000E+03    0.351417659153640E+00    0.450917946025673E+00
    0.904780000000000E+03    0.597737560392284E+01    0.450914753635060E+00
    0.904800000000000E+03    0.601541210056280E+01    0.450911864791196E+00
    0.911080000000000E+03    0.539338161402043E+01    0.450821970897150E+00
    0.911100000000000E+03    0.543141443862828E+01    0.450816496338876E+00
    0.917360000000000E+03    0.476444835765210E+01    0.450424821231548E+00
    0.917380000000000E+03    0.480246533602735E+01    0.450422537499096E+00
    0.923640000000000E+03    0.412780908228774E+01    0.449674127480419E+00
    0.923660000000000E+03    0.416579615759724E+01    0.449676206615802E+00
    0.929920000000000E+03    0.348577976790170E+01    0.449015996448191E+00
    0.929940000000000E+03    0.352374035299658E+01    0.449017851237953E+00
    0.936200000000000E+03    0.284181694679546E+01    0.449001642131784E+00
    0.936220000000000E+03    0.287977698622308E+01    0.448999978761297E+00
    0.942480000000000E+03    0.219967685066626E+01    0.449649617139901E+00
    0.942500000000000E+03    0.223766283127793E+01    0.449647436060690E+00
    0.948780000000000E+03    0.160089275087557E+01    0.450409677908634E+00
    0.948800000000000E+03    0.163890953602959E+01    0.450411587792369E+00
    0.955060000000000E+03    0.971841359497603E+00    0.450833000975692E+00
    0.955080000000000E+03    0.100987478027241E+01    0.450838399971419E+00
    0.961340000000000E+03    0.349741524792535E+00    0.450920198576017E+00
    0.961360000000000E+03    0.387778346734649E+00    0.450923321758824E+00
    0.967620000000000E+03    0.601381495371265E+01    0.450919410891420E+00
    0.967640000000000E+03    0.605185170747131E+01    0.450916729024898E+00
    0.973900000000000E+03    0.539203210627147E+01    0.450836894250181E+00
    0.973920000000000E+03    0.543006547490836E+01    0.450831416667461E+00
    0.980180000000000E+03    0.476342183825409E+01    0.450450282962711E+00
    0.980200000000000E+03    0.480143987207657E+01    0.450447870315950E+00
    0.986480000000000E+03    0.416505465032060E+01    0.449705059506494E+00
    0.986500000000000E+03    0.420304287223121E+01    0.449707043630245E+00
    0.992760000000000E+03    0.352316141449251E+01    0.449033400010614E+00
    0.992780000000000E+03    0.356112270999915E+01    0.449035380251903E+00
    0.999040000000000E+03    0.287923385972931E+01    0.448990824833551E+00
    0.999060000000000E+03    0.291719345568345E+01    0.448989284279592E+00
    0.100532000000000E+04    0.223700076272439E+01    0.449621875682710E+00
    0.100534000000000E+04    0.227498563484687E+01    0.449619612964424E+00
    0.101160000000000E+04    0.159999223922068E+01    0.450387416695768E+00
    0.101162000000000E+04    0.163800820318647E+01    0.450389163682986E+00
    0.101788000000000E+04    0.970686460266506E+00    0.450825207641620E+00
    0.101790000000000E+04    0.100871972519008E+01    0.450830592460612E+00
    0.102416000000000E+04    0.348467027369907E+00    0.450922371617616E+00
    0.102418000000000E+04    0.386503905964901E+00    0.450925634581063E+00
    0.103046000000000E+04    0.605055297168815E+01    0.450919778915108E+00
    0.103048000000000E+04    0.608858976887609E+01    0.450917322241219E+00
    0.103674000000000E+04    0.542901069342474E+01    0.450846856681326E+00
    0.103676000000000E+04    0.546704444000466E+01    0.450841359935684E+00
    0.104302000000000E+04    0.480074067014016E+01    0.450475482024189E+00
    0.104304000000000E+04    0.483875972233886E+01    0.450472885176802E+00
    0.104930000000000E+04    0.416472780215622E+01    0.449739521890805E+00
    0.104932000000000E+04    0.420271729236879E+01    0.449741398995655E+00
    0.105558000000000E+04    0.352304570261754E+01    0.449053110306159E+00
    0.105560000000000E+04    0.356100784786054E+01    0.449055131516004E+00
    0.106186000000000E+04    0.287921545604627E+01    0.448986765163264E+00
    0.106188000000000E+04    0.291717487839469E+01    0.448985298927934E+00
    0.106816000000000E+04    0.227493238796342E+01    0.449600951021505E+00
    0.106818000000000E+04    0.231291663984962E+01    0.449598617483454E+00
    0.107444000000000E+04    0.163781231455141E+01    0.450375298351608E+00
    0.107446000000000E+04    0.167582739133468E+01    0.450376917737469E+00
    0.108072000000000E+04    0.100825556236214E+01    0.450821622085387E+00
    0.108074000000000E+04    0.104628854055773E+01    0.450826945728459E+00
    0.108700000000000E+04    0.385835686825885E+00    0.450925568115271E+00
    0.108702000000000E+04    0.423872631750328E+00    0.450929024154042E+00
    0.109328000000000E+04    0.604996376137797E+01    0.450926553410397E+00
    0.109330000000000E+04    0.608800111513528E+01    0.450924340179891E+00
    0.109956000000000E+04    0.542875431394941E+01    0.450863207014740E+00
    0.109958000000000E+04    0.546678934375495E+01    0.450857671998995E+00
    0.110586000000000E+04    0.483885605989235E+01    0.450498407839533E+00
    0.110588000000000E+04    0.487687599527408E+01    0.450495598327341E+00
    0.111214000000000E+04    0.420313661661567E+01    0.449774302185519E+00
    0.111216000000000E+04    0.424112760956905E+01    0.449776076204576E+00
    0.111842000000000E+04    0.356163798419357E+01    0.449074026638595E+00
    0.111844000000000E+04    0.359960090483764E+01    0.449076176059348E+00
    0.112470000000000E+04    0.291790017919720E+01    0.448979610154955E+00
    0.112472000000000E+04    0.295585930515517E+01    0.448978289019524E+00
    0.113098000000000E+04    0.227554455583868E+01    0.449575718184074E+00
    0.113100000000000E+04    0.231352758267667E+01    0.449573316553789E+00
    0.113726000000000E+04    0.163821097386153E+01    0.450354926304475E+00
    0.113728000000000E+04    0.167622524698209E+01    0.450356378283964E+00
    0.114354000000000E+04    0.100838477163234E+01    0.450812534230893E+00
    0.114356000000000E+04    0.104641742501417E+01    0.450817816551013E+00
    0.114984000000000E+04    0.423894112348535E+00    0.450932367223118E+00
    0.114986000000000E+04    0.461931469855244E+00    0.450936008423949E+00
    0.115612000000000E+04    0.608801234805333E+01    0.450932603769524E+00
    0.115614000000000E+04    0.612604930261432E+01    0.450930546152216E+00
    0.116240000000000E+04    0.546685934053448E+01    0.450865152989750E+00
    0.116242000000000E+04    0.550489387367270E+01    0.450859675502256E+00
    0.116868000000000E+04    0.483923094382271E+01    0.450522986754316E+00
    0.116870000000000E+04    0.487725182772510E+01    0.450520056326998E+00
    0.117496000000000E+04    0.420381414021313E+01    0.449805224351808E+00
    0.117498000000000E+04    0.424180647391222E+01    0.449806903638490E+00
    0.118124000000000E+04    0.356252269133256E+01    0.449094573381584E+00
    0.118126000000000E+04    0.360048631027576E+01    0.449096756907310E+00
    0.118754000000000E+04    0.295671643543847E+01    0.448966987767517E+00
    0.118756000000000E+04    0.299467508414500E+01    0.448965820872520E+00
    0.119382000000000E+04    0.231427652333741E+01    0.449548462522773E+00
    0.119384000000000E+04    0.235225841063539E+01    0.449546003502477E+00
    0.120010000000000E+04    0.167672060918312E+01    0.450330382485740E+00
    0.120012000000000E+04    0.171473416874824E+01    0.450331596707108E+00
    0.120638000000000E+04    0.104671291006707E+01    0.450812113861605E+00
    0.120640000000000E+04    0.108474567275971E+01    0.450817337926126E+00
    0.121266000000000E+04    0.424023825662516E+00    0.450930690378290E+00
    0.121268000000000E+04    0.462061075128076E+00    0.450934471117060E+00
    0.121894000000000E+04    0.608813250346748E+01    0.450934252696047E+00
    0.121896000000000E+04    0.612616989591334E+01    0.450932387252082E+00
    0.122524000000000E+04    0.550527553420943E+01    0.450873444784747E+00
    0.122526000000000E+04    0.554331034963252E+01    0.450867981312957E+00
    0.123152000000000E+04    0.487798182377128E+01    0.450545877311284E+00
    0.123154000000000E+04    0.491600368977151E+01    0.450542743698109E+00
    0.123780000000000E+04    0.424284469156873E+01    0.449840548286633E+00
    0.123782000000000E+04    0.428083801910316E+01    0.449842050729694E+00
    0.124408000000000E+04    0.360164834168927E+01    0.449111048117994E+00
    0.124410000000000E+04    0.363961237479270E+01    0.449113366823442E+00
    0.125036000000000E+04    0.295795643239308E+01    0.448963850864343E+00
    0.125038000000000E+04    0.299591492373793E+01    0.448962760035901E+00
    0.125664000000000E+04    0.231540775165786E+01    0.449521163463642E+00
    0.125666000000000E+04    0.235338855187274E+01    0.449518654264091E+00
    0.126294000000000E+04    0.171562799566618E+01    0.450307611901346E+00
    0.126296000000000E+04    0.175364039288979E+01    0.450308635866203E+00
    0.126922000000000E+04    0.108524490762875E+01    0.450798700381195E+00
    0.126924000000000E+04    0.112327700514015E+01    0.450803838799455E+00
    0.127550000000000E+04    0.462311529953695E+00    0.450933888846225E+00
    0.127552000000000E+04    0.500348861969997E+00    0.450937847179371E+00
    0.128178000000000E+04    0.612650464355829E+01    0.450935079854473E+00
    0.128180000000000E+04    0.616454196811901E+01    0.450933413511378E+00
    0.128806000000000E+04    0.550576393847587E+01    0.450881127815314E+00
    0.128808000000000E+04    0.554379912602190E+01    0.450875704859270E+00
    0.129434000000000E+04    0.487876559505639E+01    0.450567031910573E+00
    0.129436000000000E+04    0.491678824580276E+01    0.450563737156222E+00
    0.130062000000000E+04    0.424393127752637E+01    0.449868149967348E+00
    0.130064000000000E+04    0.428192617912919E+01    0.449869568403765E+00
    0.130692000000000E+04    0.364100912612321E+01    0.449138018508778E+00
    0.130694000000000E+04    0.367897460032600E+01    0.449140394520451E+00
    0.131320000000000E+04    0.299736423586864E+01    0.448954820619093E+00
    0.131322000000000E+04    0.303532240248433E+01    0.448953908650835E+00
    0.131948000000000E+04    0.235474501216595E+01    0.449492824660234E+00
    0.131950000000000E+04    0.239272465423346E+01    0.449490272197507E+00
    0.132576000000000E+04    0.171674845838515E+01    0.450280477466213E+00
    0.132578000000000E+04    0.175475999828541E+01    0.450281345779419E+00
    0.133204000000000E+04    0.108616369421452E+01    0.450792032170000E+00
    0.133206000000000E+04    0.112419544060685E+01    0.450797103778851E+00
    0.133832000000000E+04    0.462988444898201E+00    0.450929255738186E+00
    0.133834000000000E+04    0.501025679083796E+00    0.450933350439995E+00
    0.134462000000000E+04    0.616512856636109E+01    0.450936990506359E+00
    0.134464000000000E+04    0.620316599345961E+01    0.450935559980269E+00
    0.135090000000000E+04    0.554457143255468E+01    0.450886176570963E+00
    0.135092000000000E+04    0.558260678482748E+01    0.450880789225250E+00
    0.135718000000000E+04    0.491787178307322E+01    0.450586429866153E+00
    0.135720000000000E+04    0.495589525525702E+01    0.450582944441958E+00
    0.136346000000000E+04    0.428331085194714E+01    0.449900560340265E+00
    0.136348000000000E+04    0.432130701824872E+01    0.449901839253128E+00
    0.136974000000000E+04    0.364263999393324E+01    0.449162715180267E+00
    0.136976000000000E+04    0.368060647625271E+01    0.449165125334782E+00
    0.137602000000000E+04    0.299916461163093E+01    0.448954301148774E+00
    0.137604000000000E+04    0.303712266775528E+01    0.448953485534386E+00
    0.138232000000000E+04    0.239446791577711E+01    0.449466460607867E+00
    0.138234000000000E+04    0.243244664908661E+01    0.449463878640408E+00
    0.138860000000000E+04    0.175634845599780E+01    0.450264018493529E+00
    0.138862000000000E+04    0.179435903591366E+01    0.450264689717047E+00
    0.139488000000000E+04    0.112551258987287E+01    0.450786879133091E+00
    0.139490000000000E+04    0.116354428773684E+01    0.450791845748801E+00
    0.140116000000000E+04    0.502195016570568E+00    0.450938813279637E+00
    0.140118000000000E+04    0.540232560605546E+00    0.450943068103665E+00
    0.140744000000000E+04    0.616626903256611E+01    0.450944438596137E+00
    0.140746000000000E+04    0.620430679634728E+01    0.450943242078750E+00
    0.141372000000000E+04    0.554598173073464E+01    0.450902985946230E+00
    0.141374000000000E+04    0.558401770230330E+01    0.450897640617848E+00
    0.142000000000000E+04    0.491968938117134E+01    0.450615879957214E+00
    0.142002000000000E+04    0.495771406902804E+01    0.450612284394854E+00
    0.142630000000000E+04    0.432358756549411E+01    0.449942641454062E+00
    0.142632000000000E+04    0.436158520217805E+01    0.449943721994575E+00
    0.143258000000000E+04    0.368311706819804E+01    0.449189149862862E+00
    0.143260000000000E+04    0.372108467210273E+01    0.449191645925242E+00
    0.143886000000000E+04    0.303967485892872E+01    0.448950312363607E+00
    0.143888000000000E+04    0.307763281052530E+01    0.448949657697869E+00
    0.144514000000000E+04    0.239697640632312E+01    0.449442387898897E+00
    0.144516000000000E+04    0.243495437334605E+01    0.449439791736266E+00
    0.145142000000000E+04    0.175868460226911E+01    0.450240302124454E+00
    0.145144000000000E+04    0.179669435822780E+01    0.450240773801479E+00
    0.145770000000000E+04    0.112756599344584E+01    0.450772969668831E+00
    0.145772000000000E+04    0.116559725120942E+01    0.450777852390255E+00
    0.146400000000000E+04    0.542082574910637E+00    0.450941589569662E+00
    0.146402000000000E+04    0.580120257842736E+00    0.450946007599644E+00
    0.147028000000000E+04    0.620612128937819E+01    0.450946834659207E+00
    0.147030000000000E+04    0.624415912608129E+01    0.450945887575869E+00
    0.147656000000000E+04    0.558602037363107E+01    0.450907623687699E+00
    0.147658000000000E+04    0.562405654598297E+01    0.450902348975794E+00
    0.148284000000000E+04    0.496002550478488E+01    0.450634889472248E+00
    0.148286000000000E+04    0.499805092290126E+01    0.450631095019915E+00
    0.148912000000000E+04    0.432623169474164E+01    0.449976084319072E+00
    0.148914000000000E+04    0.436423070936280E+01    0.449977040848510E+00
    0.149540000000000E+04    0.368599488135851E+01    0.449212847452775E+00
    0.149542000000000E+04    0.372396343513174E+01    0.449215376927787E+00
    0.150170000000000E+04    0.308058494857096E+01    0.448946167258945E+00
    0.150172000000000E+04    0.311854270935009E+01    0.448945689719441E+00
    0.150798000000000E+04    0.243778274606757E+01    0.449414167098090E+00
    0.150800000000000E+04    0.247575939909075E+01    0.449411551278502E+00
    0.151426000000000E+04    0.179922298374413E+01    0.450207953383687E+00
    0.151428000000000E+04    0.183723131643137E+01    0.450208254296389E+00
    0.152054000000000E+04    0.116778298475856E+01    0.450762168686712E+00
    0.152056000000000E+04    0.120581356519779E+01    0.450766931940496E+00
    0.152682000000000E+04    0.543935544388205E+00    0.450934412572988E+00
    0.152684000000000E+04    0.581972832444080E+00    0.450938952976318E+00
    0.153310000000000E+04    0.620789793467065E+01    0.450947923195095E+00
    0.153312000000000E+04    0.624593580285864E+01    0.450947153954487E+00
    0.153940000000000E+04    0.562595090319428E+01    0.450907911687360E+00
    0.153942000000000E+04    0.566398712022783E+01    0.450902710879374E+00
    0.154568000000000E+04    0.500024889062661E+01    0.450650645405174E+00
    0.154570000000000E+04    0.503827493411745E+01    0.450646642885330E+00
    0.155196000000000E+04    0.436668546259216E+01    0.450004179544752E+00
    0.155198000000000E+04    0.440468568525284E+01    0.450004959755495E+00
    0.155824000000000E+04    0.372662972074340E+01    0.449237952849435E+00
    0.155826000000000E+04    0.376459921713786E+01    0.449240539655457E+00
    0.156452000000000E+04    0.308328312792128E+01    0.448940539419697E+00
    0.156454000000000E+04    0.312124072863935E+01    0.448940180418500E+00
    0.157080000000000E+04    0.244036560116228E+01    0.449384722927468E+00
    0.157082000000000E+04    0.247834089687603E+01    0.449382079325955E+00
    0.157708000000000E+04    0.180152240756433E+01    0.450172623323310E+00
    0.157710000000000E+04    0.183952975721650E+01    0.450172710435385E+00
    0.158338000000000E+04    0.120784877815049E+01    0.450754778848376E+00
    0.158340000000000E+04    0.124587917072768E+01    0.450759407746833E+00
    0.158966000000000E+04    0.583826614835289E+00    0.450939248945785E+00
    0.158968000000000E+04    0.621864180318425E+00    0.450943922371726E+00
    0.159594000000000E+04    0.624773692021563E+01    0.450950485938658E+00
    0.159596000000000E+04    0.258946733583798E-02    0.450950049764574E+00
    0.160222000000000E+04    0.562796669553654E+01    0.450921176564644E+00
    0.160224000000000E+04    0.566600341443336E+01    0.450916045811150E+00
    0.160850000000000E+04    0.500264553576471E+01    0.450677586442275E+00
    0.160852000000000E+04    0.504067268551535E+01    0.450673491572120E+00
    0.161478000000000E+04    0.436952449916453E+01    0.450042893687609E+00
    0.161480000000000E+04    0.440752615749807E+01    0.450043503526393E+00
    0.162108000000000E+04    0.376773798696286E+01    0.449270919777884E+00
    0.162110000000000E+04    0.380570886969235E+01    0.449273553649437E+00
    0.162736000000000E+04    0.312454342931960E+01    0.448944986315204E+00
    0.162738000000000E+04    0.316250117640402E+01    0.448944799464118E+00
    0.163364000000000E+04    0.248166235640383E+01    0.449363762482956E+00
    0.163366000000000E+04    0.251963711323924E+01    0.449361144377203E+00
    0.163992000000000E+04    0.184270548612267E+01    0.450154090507282E+00
    0.163994000000000E+04    0.188071167476255E+01    0.450154013085167E+00
    0.164620000000000E+04    0.121071309500985E+01    0.450739265390023E+00
    0.164622000000000E+04    0.124874275445609E+01    0.450743790396010E+00
    0.165248000000000E+04    0.586405486421427E+00    0.450936323397592E+00
    0.165250000000000E+04    0.624442881749019E+00    0.450941121294732E+00
    0.165878000000000E+04    0.517099169246649E-02    0.450957950684903E+00
    0.165880000000000E+04    0.432094201155451E-01    0.450957821838916E+00
    0.166506000000000E+04    0.566879470746244E+01    0.450927163216958E+00
    0.166508000000000E+04    0.570683167581228E+01    0.450922137604778E+00
    0.167134000000000E+04    0.504382942739994E+01    0.450695855490614E+00
    0.167136000000000E+04    0.508185738743305E+01    0.450691587015961E+00
    0.167762000000000E+04    0.441109556883202E+01    0.450081628023740E+00
    0.167764000000000E+04    0.444909877982400E+01    0.450082045414944E+00
    0.168390000000000E+04    0.377158112426605E+01    0.449299017505013E+00
    0.168392000000000E+04    0.380955314195353E+01    0.449301668766378E+00
    0.169018000000000E+04    0.312849437090836E+01    0.448945760868047E+00
    0.169020000000000E+04    0.316645213677066E+01    0.448945691002863E+00
    0.169648000000000E+04    0.252349318711003E+01    0.449334816643428E+00
    0.169650000000000E+04    0.256146670539147E+01    0.449332218726776E+00
    0.170276000000000E+04    0.188434729275423E+01    0.450123618419639E+00
    0.170278000000000E+04    0.192235223914031E+01    0.450123334024672E+00
    0.170904000000000E+04    0.125205477860163E+01    0.450726252138628E+00
    0.170906000000000E+04    0.129008391446496E+01    0.450730616263854E+00
    0.171532000000000E+04    0.627472886845226E+00    0.450936232799563E+00
    0.171534000000000E+04    0.665510258635550E+00    0.450941149477166E+00
    0.172160000000000E+04    0.805642024351982E-02    0.450956372718676E+00
    0.172162000000000E+04    0.460946242719729E-01    0.450956369274941E+00
    0.172788000000000E+04    0.567175537774165E+01    0.450930937815389E+00
    0.172790000000000E+04    0.570979252021834E+01    0.450926009344970E+00
    0.173416000000000E+04    0.504704904405071E+01    0.450713822312360E+00
    0.173418000000000E+04    0.508507759699069E+01    0.450709399170754E+00
    0.174046000000000E+04    0.445255975255077E+01    0.450108354378209E+00
    0.174048000000000E+04    0.449056416881331E+01    0.450108572754107E+00
    0.174674000000000E+04    0.381324410173420E+01    0.449327189188419E+00
    0.174676000000000E+04    0.385121717039829E+01    0.449329858917824E+00
    0.175302000000000E+04    0.317019545097946E+01    0.448943585096714E+00
    0.175304000000000E+04    0.320815318491395E+01    0.448943711977753E+00
    0.175930000000000E+04    0.252712490268914E+01    0.449305604472523E+00
    0.175932000000000E+04    0.256509700394145E+01    0.449302994063530E+00
    0.176558000000000E+04    0.188769797170153E+01    0.450085438496748E+00
    0.176560000000000E+04    0.192570180509347E+01    0.450084957333360E+00
    0.177186000000000E+04    0.125512995793588E+01    0.450711348409296E+00
    0.177188000000000E+04    0.129315859316876E+01    0.450715598741257E+00
    0.177816000000000E+04    0.668375396159718E+00    0.450939773567635E+00
    0.177818000000000E+04    0.706412981593985E+00    0.450944790833404E+00
    0.178444000000000E+04    0.488674226103285E-01    0.450959667906814E+00
    0.178446000000000E+04    0.869058244243206E-01    0.450960011419806E+00
    0.179072000000000E+04    0.571275023854332E+01    0.450937561505732E+00
    0.179074000000000E+04    0.575078762896010E+01    0.450932754164037E+00
    0.179700000000000E+04    0.508840835110868E+01    0.450734922267274E+00
    0.179702000000000E+04    0.512643781634188E+01    0.450730372867296E+00
    0.180328000000000E+04    0.445633761501676E+01    0.450146624838035E+00
    0.180330000000000E+04    0.449434344337487E+01    0.450146665746841E+00
    0.180956000000000E+04    0.381733846452607E+01    0.449360175010531E+00
    0.180958000000000E+04    0.385531292082442E+01    0.449362844876912E+00
    0.181586000000000E+04    0.321242834836994E+01    0.448951746249331E+00
    0.181588000000000E+04    0.325038635640203E+01    0.448952052883590E+00
    0.182214000000000E+04    0.256940629391238E+01    0.449285517645837E+00
    0.182216000000000E+04    0.260737784995945E+01    0.449282967964290E+00
    0.182842000000000E+04    0.192986077788601E+01    0.450064117541730E+00
    0.182844000000000E+04    0.196786336970081E+01    0.450063456527825E+00
    0.183470000000000E+04    0.129699536322005E+01    0.450697574761262E+00
    0.183472000000000E+04    0.133502335424737E+01    0.450701643351017E+00
    0.184098000000000E+04    0.671904112518860E+00    0.450936158070926E+00
    0.184100000000000E+04    0.709941507363510E+00    0.450941275229071E+00
    0.184726000000000E+04    0.523743183234728E-01    0.450966852685466E+00
    0.184728000000000E+04    0.904131443326150E-01    0.450967493639317E+00
    0.185354000000000E+04    0.571651431080227E+01    0.450949547280840E+00
    0.185356000000000E+04    0.575455220340518E+01    0.450944859372668E+00
    0.185984000000000E+04    0.513055569978633E+01    0.450752981689956E+00
    0.185986000000000E+04    0.516858581080760E+01    0.450748260885324E+00
    0.186612000000000E+04    0.449889070969175E+01    0.450186203015119E+00
    0.186614000000000E+04    0.453689816222641E+01    0.450186034936090E+00
    0.187240000000000E+04    0.386019155326176E+01    0.449397528455900E+00
    0.187242000000000E+04    0.389816747628856E+01    0.449400194591119E+00
    0.187868000000000E+04    0.321749646129729E+01    0.448962423879531E+00
    0.187870000000000E+04    0.325545460589501E+01    0.448962907639158E+00
    0.188496000000000E+04    0.257437263881184E+01    0.449258800658514E+00
    0.188498000000000E+04    0.261234282700070E+01    0.449256249852205E+00
    0.189124000000000E+04    0.193458040871383E+01    0.450032156177796E+00
    0.189126000000000E+04    0.197258175934348E+01    0.450031355801830E+00
    0.189754000000000E+04    0.133941559872574E+01    0.450682666177550E+00
    0.189756000000000E+04    0.137744288091744E+01    0.450686507288212E+00
    0.190382000000000E+04    0.714016095361785E+00    0.450934520152871E+00
    0.190384000000000E+04    0.752053520295249E+00    0.450939720104076E+00
    0.191010000000000E+04    0.942514640705667E-01    0.450960705958210E+00
    0.191012000000000E+04    0.132289796289115E+00    0.450961504126957E+00
    0.191638000000000E+04    0.575837372354863E+01    0.450946236561659E+00
    0.191640000000000E+04    0.579641148333303E+01    0.450941701066017E+00
    0.192266000000000E+04    0.513461962723250E+01    0.450767143761441E+00
    0.192268000000000E+04    0.517265027563326E+01    0.450762326502328E+00
    0.192894000000000E+04    0.450325034386242E+01    0.450213904554301E+00
    0.192896000000000E+04    0.454125890506430E+01    0.450213563678933E+00
    0.193524000000000E+04    0.390273655512055E+01    0.449425046436197E+00
    0.193526000000000E+04    0.394071355714550E+01    0.449427703309448E+00
    0.194152000000000E+04    0.326009579031506E+01    0.448961472470037E+00
    0.194154000000000E+04    0.329805416724139E+01    0.448962100144981E+00
    0.194780000000000E+04    0.261692409524176E+01    0.449231404059473E+00
    0.194782000000000E+04    0.265489333804953E+01    0.449228927906710E+00
    0.195408000000000E+04    0.197695984426264E+01    0.449997439573403E+00
    0.195410000000000E+04    0.201495972884550E+01    0.449996438206218E+00
    0.196036000000000E+04    0.134343592203231E+01    0.450658247483539E+00
    0.196038000000000E+04    0.138146258037386E+01    0.450661959744321E+00
    0.196664000000000E+04    0.717796478840683E+00    0.450930420968557E+00
    0.196666000000000E+04    0.755833793878992E+00    0.450935688577444E+00
    0.197294000000000E+04    0.135959019966776E+00    0.450970399606148E+00
    0.197296000000000E+04    0.173997360243902E+00    0.450971517745006E+00
    0.197922000000000E+04    0.580011341085356E+01    0.450944250785298E+00
    0.197924000000000E+04    0.583815109540501E+01    0.450939879809909E+00
    0.198550000000000E+04    0.517662790106715E+01    0.450778359301383E+00
    0.198552000000000E+04    0.521465895850133E+01    0.450773414549084E+00
    0.199178000000000E+04    0.454555742686443E+01    0.450242968233727E+00
    0.199180000000000E+04    0.458356721647124E+01    0.450242397529807E+00
    0.199806000000000E+04    0.390727868764134E+01    0.449456952318134E+00
    0.199808000000000E+04    0.394525667996277E+01    0.449459573473755E+00
    0.200434000000000E+04    0.326461228103108E+01    0.448957620610599E+00
    0.200436000000000E+04    0.330257046276665E+01    0.448958354734462E+00
    0.201062000000000E+04    0.262130339794430E+01    0.449202411066635E+00
    0.201064000000000E+04    0.265927156473981E+01    0.449199995956721E+00
    0.201692000000000E+04    0.201900917701914E+01    0.449953773985984E+00
    0.201694000000000E+04    0.205700730611807E+01    0.449952595927927E+00
    0.202320000000000E+04    0.138506282083426E+01    0.450630778071139E+00
    0.202322000000000E+04    0.142308810762734E+01    0.450634292370801E+00
    0.202948000000000E+04    0.758911356263070E+00    0.450915664740033E+00
    0.202950000000000E+04    0.796948043015163E+00    0.450920993674590E+00
    0.203576000000000E+04    0.138777662016309E+00    0.450955130983591E+00
    0.203578000000000E+04    0.176815792782691E+00    0.450956424608036E+00
    0.204204000000000E+04    0.580293994545264E+01    0.450941206296652E+00
    0.204206000000000E+04    0.584097753910237E+01    0.450936974981835E+00
    0.204832000000000E+04    0.517965400091271E+01    0.450788431333962E+00
    0.204834000000000E+04    0.521768544480483E+01    0.450783412362837E+00
    0.205462000000000E+04    0.458684867719649E+01    0.450264922654878E+00
    0.205464000000000E+04    0.462485958638399E+01    0.450264076296243E+00
    0.206090000000000E+04    0.394881526742211E+01    0.449483608984584E+00
    0.206092000000000E+04    0.398679467506190E+01    0.449486220748529E+00
    0.206718000000000E+04    0.330630573455164E+01    0.448967608251462E+00
    0.206720000000000E+04    0.334426441389087E+01    0.448968518554581E+00
    0.207346000000000E+04    0.266302365573165E+01    0.449179057224653E+00
    0.207348000000000E+04    0.270099111124955E+01    0.449176744605115E+00
    0.207974000000000E+04    0.202260231281571E+01    0.449926558495944E+00
    0.207976000000000E+04    0.206059935567782E+01    0.449925247773174E+00
    0.208602000000000E+04    0.138833205661922E+01    0.450612479102119E+00
    0.208604000000000E+04    0.142635663372721E+01    0.450615873985844E+00
    0.209232000000000E+04    0.799994758650428E+00    0.450919054531607E+00
    0.209234000000000E+04    0.838031618378409E+00    0.450924434487805E+00
    0.209860000000000E+04    0.179740215451602E+00    0.450960582174377E+00
    0.209862000000000E+04    0.217778599572739E+00    0.450962153749681E+00
    0.210488000000000E+04    0.584407819161515E+01    0.450948498952628E+00
    0.210490000000000E+04    0.588211599383385E+01    0.450944442853280E+00
    0.211116000000000E+04    0.522106618770522E+01    0.450801812565109E+00
    0.211118000000000E+04    0.525909816863214E+01    0.450796673868506E+00
    0.211744000000000E+04    0.459061709468415E+01    0.450299535162656E+00
    0.211746000000000E+04    0.462862907522913E+01    0.450298562372226E+00
    0.212372000000000E+04    0.395280667645511E+01    0.449512632310265E+00
    0.212374000000000E+04    0.399078692441390E+01    0.449515176517523E+00
    0.213000000000000E+04    0.331041078153839E+01    0.448976710322194E+00
    0.213002000000000E+04    0.334836985791344E+01    0.448977727970909E+00
    0.213630000000000E+04    0.270501392879078E+01    0.449154973071724E+00
    0.213632000000000E+04    0.274298008606684E+01    0.449152709178879E+00
    0.214258000000000E+04    0.206441186290749E+01    0.449891984031480E+00
    0.214260000000000E+04    0.210240770209748E+01    0.449890498159749E+00
    0.214886000000000E+04    0.142986873693508E+01    0.450591178155072E+00
    0.214888000000000E+04    0.146789233282834E+01    0.450594292854719E+00
