    0.000000000000000E+00    0.190000000000000E+01    0.460000000000000E+00
    0.200000000000000E-01    0.193839998855742E+01    0.459999419225348E+00
    0.630000000000000E+01    0.143061757446263E+01    0.460657822851705E+00
    0.632000000000000E+01    0.146904402998645E+01    0.460661059466940E+00
    0.125800000000000E+02    0.930609928996518E+00    0.461060141082768E+00
    0.126000000000000E+02    0.969052195167478E+00    0.461065564047756E+00
    0.188600000000000E+02    0.437084992842074E+00    0.461219545871314E+00
    0.188800000000000E+02    0.475533368151744E+00    0.461223394462504E+00
    0.251400000000000E+02    0.623029811527978E+01    0.461255106942665E+00
    0.251600000000000E+02    0.626874827072891E+01    0.461254492410686E+00
    0.314200000000000E+02    0.573976224584342E+01    0.461191094742491E+00
    0.314400000000000E+02    0.577820980292522E+01    0.461186497790325E+00
    0.377000000000000E+02    0.524474256992904E+01    0.460969978760683E+00
    0.377200000000000E+02    0.528318135683769E+01    0.460964718541678E+00
    0.440000000000000E+02    0.478098476372234E+01    0.460491826094965E+00
    0.440200000000000E+02    0.481940452653110E+01    0.460489427810344E+00
    0.502800000000000E+02    0.427106075520298E+01    0.459795109522455E+00
    0.503000000000000E+02    0.430945258642375E+01    0.459796504235415E+00
    0.565600000000000E+02    0.375468273571300E+01    0.459098528482916E+00
    0.565800000000000E+02    0.379304670678070E+01    0.459101144276595E+00
    0.628400000000000E+02    0.323456540395512E+01    0.458747432130135E+00
    0.628600000000000E+02    0.327291521253804E+01    0.458747970696935E+00
    0.691200000000000E+02    0.271391160956574E+01    0.458939339912765E+00
    0.691400000000000E+02    0.275226916963692E+01    0.458937157660940E+00
    0.754000000000000E+02    0.219611751100885E+01    0.459568727234363E+00
    0.754200000000000E+02    0.223450024901462E+01    0.459566555220015E+00
    0.817000000000000E+02    0.172249200654241E+01    0.460303137481280E+00
    0.817200000000000E+02    0.176090445698199E+01    0.460304084114803E+00
    0.879800000000000E+02    0.121810146256948E+01    0.460868398735933E+00
    0.880000000000000E+02    0.125653626663058E+01    0.460872958055480E+00
    0.942600000000000E+02    0.721210175637168E+00    0.461155265016476E+00
    0.942800000000000E+02    0.759656429039069E+00    0.461160504190791E+00
    0.100540000000000E+03    0.229846279239524E+00    0.461256336999657E+00
    0.100560000000000E+03    0.268296570036824E+00    0.461258464432118E+00
    0.106820000000000E+03    0.602344913766228E+01    0.461249534933017E+00
    0.106840000000000E+03    0.606189880175560E+01    0.461247015057174E+00
    0.113100000000000E+03    0.553148111366912E+01    0.461128080484224E+00
    0.113120000000000E+03    0.556992608561043E+01    0.461122697303793E+00
    0.119400000000000E+03    0.507215526842450E+01    0.460806580748478E+00
    0.119420000000000E+03    0.511058749697605E+01    0.460802199746970E+00
    0.125680000000000E+03    0.456672850900242E+01    0.460222977261249E+00
    0.125700000000000E+03    0.460513744439254E+01    0.460222322461273E+00
    0.131960000000000E+03    0.405389956498925E+01    0.459487066061247E+00
    0.131980000000000E+03    0.409227909343565E+01    0.459489418871042E+00
    0.138240000000000E+03    0.353563684926473E+01    0.458896999685996E+00
    0.138260000000000E+03    0.357399270699074E+01    0.458899037961253E+00
    0.144520000000000E+03    0.301495863542698E+01    0.458767042573207E+00
    0.144540000000000E+03    0.305330913435353E+01    0.458766287641670E+00
    0.150800000000000E+03    0.249515915577223E+01    0.459173840705158E+00
    0.150820000000000E+03    0.253352606220898E+01    0.459171211368484E+00
    0.157080000000000E+03    0.197958163844913E+01    0.459885452349783E+00
    0.157100000000000E+03    0.201797750816729E+01    0.459884349468227E+00
    0.163380000000000E+03    0.150921972762194E+01    0.460584200726294E+00
    0.163400000000000E+03    0.154764334376949E+01    0.460586854431059E+00
    0.169660000000000E+03    0.100825760269396E+01    0.461025681080676E+00
    0.169680000000000E+03    0.104669868739512E+01    0.461030997072121E+00
    0.175940000000000E+03    0.514108270864199E+00    0.461222477338866E+00
    0.175960000000000E+03    0.552557239098917E+00    0.461226810621320E+00
    0.182220000000000E+03    0.240288178722494E-01    0.461267748627205E+00
    0.182240000000000E+03    0.624794807415014E-01    0.461267899105977E+00
    0.188500000000000E+03    0.581724535554969E+01    0.461222716856652E+00
    0.188520000000000E+03    0.585569449144435E+01    0.461218631247935E+00
    0.194780000000000E+03    0.532334034628229E+01    0.461035427133409E+00
    0.194800000000000E+03    0.536178166292711E+01    0.461030020654554E+00
    0.201080000000000E+03    0.486096869681154E+01    0.460598306039772E+00
    0.201100000000000E+03    0.489939261536790E+01    0.460595328002594E+00
    0.207360000000000E+03    0.435237807316497E+01    0.459925635749567E+00
    0.207380000000000E+03    0.439077511816862E+01    0.459926530883079E+00
    0.213640000000000E+03    0.383701205675300E+01    0.459206385383042E+00
    0.213660000000000E+03    0.387538031675518E+01    0.459209054537708E+00
    0.219920000000000E+03    0.331742669369009E+01    0.458780264541300E+00
    0.219940000000000E+03    0.335577782638347E+01    0.458781275617818E+00
    0.226200000000000E+03    0.279676789674710E+01    0.458884010530533E+00
    0.226220000000000E+03    0.283512324131806E+01    0.458882147388503E+00
    0.232480000000000E+03    0.227844838248518E+01    0.459463041343386E+00
    0.232500000000000E+03    0.231682686552460E+01    0.459460614723133E+00
    0.238780000000000E+03    0.180388212162171E+01    0.460202301978384E+00
    0.238800000000000E+03    0.184229055262460E+01    0.460202611876034E+00
    0.245060000000000E+03    0.129838054210421E+01    0.460809087405779E+00
    0.245080000000000E+03    0.133681298673213E+01    0.460813198397283E+00
    0.251340000000000E+03    0.800527355882480E+00    0.461138097973198E+00
    0.251360000000000E+03    0.838972937014319E+00    0.461143506850415E+00
    0.257620000000000E+03    0.308663595967914E+00    0.461264444380162E+00
    0.257640000000000E+03    0.347114162440278E+00    0.461267290859717E+00
    0.263900000000000E+03    0.610320283190578E+01    0.461255607698721E+00
    0.263920000000000E+03    0.614165747559298E+01    0.461254209260747E+00
    0.270180000000000E+03    0.561283725505029E+01    0.461218924704695E+00
    0.270200000000000E+03    0.565128621750944E+01    0.461213793840316E+00
    0.276480000000000E+03    0.515540461700846E+01    0.460933177093026E+00
    0.276500000000000E+03    0.519384186683862E+01    0.460928368665252E+00
    0.282760000000000E+03    0.465202273460147E+01    0.460393761022853E+00
    0.282780000000000E+03    0.469043849375043E+01    0.460392416156980E+00
    0.289040000000000E+03    0.414100660182407E+01    0.459664278642523E+00
    0.289060000000000E+03    0.417939296608552E+01    0.459666292027431E+00
    0.295320000000000E+03    0.362411625976779E+01    0.459022443878333E+00
    0.295340000000000E+03    0.366247718924456E+01    0.459024789660467E+00
    0.301600000000000E+03    0.310425174459340E+01    0.458800383493327E+00
    0.301620000000000E+03    0.314260373419836E+01    0.458800131868614E+00
    0.307880000000000E+03    0.258472206530905E+01    0.459122952293912E+00
    0.307900000000000E+03    0.262308692874160E+01    0.459120427194814E+00
    0.314160000000000E+03    0.206883001038705E+01    0.459811223718742E+00
    0.314180000000000E+03    0.210722261941282E+01    0.459809601998580E+00
    0.320460000000000E+03    0.159764597995786E+01    0.460520528457498E+00
    0.320480000000000E+03    0.163606680938744E+01    0.460522457323747E+00
    0.326740000000000E+03    0.109581018626011E+01    0.461015138099691E+00
    0.326760000000000E+03    0.113425092040211E+01    0.461020223072227E+00
    0.333020000000000E+03    0.601176790680029E+00    0.461249647267042E+00
    0.333040000000000E+03    0.639626600730480E+00    0.461254426676621E+00
    0.339300000000000E+03    0.111227212546510E+00    0.461313856916972E+00
    0.339320000000000E+03    0.149679720004542E+00    0.461314960575361E+00
    0.345580000000000E+03    0.590535161436117E+01    0.461290531286845E+00
    0.345600000000000E+03    0.594380305939592E+01    0.461287013652491E+00
    0.351860000000000E+03    0.541304582574298E+01    0.461132952776766E+00
    0.351880000000000E+03    0.545149127012371E+01    0.461127482526400E+00
    0.358160000000000E+03    0.495280512597094E+01    0.460752803451551E+00
    0.358180000000000E+03    0.499123526647975E+01    0.460749126512528E+00
    0.364440000000000E+03    0.444630447654640E+01    0.460113530312067E+00
    0.364460000000000E+03    0.448470933057672E+01    0.460113748662181E+00
    0.370720000000000E+03    0.393276079884095E+01    0.459381230421872E+00
    0.370740000000000E+03    0.397113609304824E+01    0.459383842106263E+00
    0.377000000000000E+03    0.341434293939608E+01    0.458877854695526E+00
    0.377020000000000E+03    0.345269773456971E+01    0.458879374049014E+00
    0.383280000000000E+03    0.289421435450606E+01    0.458871118257135E+00
    0.383300000000000E+03    0.293256916617042E+01    0.458869706452104E+00
    0.389560000000000E+03    0.237582373022599E+01    0.459380238463367E+00
    0.389580000000000E+03    0.241419884037975E+01    0.459377625379239E+00
    0.395860000000000E+03    0.190067771876375E+01    0.460117683036702E+00
    0.395880000000000E+03    0.193908254458745E+01    0.460117310198060E+00
    0.402140000000000E+03    0.139427959575448E+01    0.460763160650757E+00
    0.402160000000000E+03    0.143271010351555E+01    0.460766604016719E+00
    0.408420000000000E+03    0.895617504846427E+00    0.461142380319710E+00
    0.408440000000000E+03    0.934063340912076E+00    0.461147844485221E+00
    0.414700000000000E+03    0.403352174608585E+00    0.461295003607507E+00
    0.414720000000000E+03    0.441803905803908E+00    0.461298577854466E+00
    0.420980000000000E+03    0.619750974537203E+01    0.461320614689878E+00
    0.421000000000000E+03    0.623596254906442E+01    0.461319688546978E+00
    0.427260000000000E+03    0.570763073720980E+01    0.461249155926655E+00
    0.427280000000000E+03    0.574608059871412E+01    0.461244396870119E+00
    0.433540000000000E+03    0.521305231556755E+01    0.461014615101535E+00
    0.433560000000000E+03    0.525149300356247E+01    0.461009468204817E+00
    0.439840000000000E+03    0.474962519225346E+01    0.460517628010246E+00
    0.439860000000000E+03    0.478804573202615E+01    0.460515379545620E+00
    0.446120000000000E+03    0.423995496797352E+01    0.459809616604343E+00
    0.446140000000000E+03    0.427834737459932E+01    0.459811181588251E+00
    0.452400000000000E+03    0.372403364245065E+01    0.459125919827857E+00
    0.452420000000000E+03    0.376239862706984E+01    0.459128507658625E+00
    0.458680000000000E+03    0.320448381805613E+01    0.458799001208167E+00
    0.458700000000000E+03    0.324283576698031E+01    0.458799362042823E+00
    0.464960000000000E+03    0.268462378938034E+01    0.459021837246757E+00
    0.464980000000000E+03    0.272298450144444E+01    0.459019563112445E+00
    0.471240000000000E+03    0.216774604989939E+01    0.459663341153664E+00
    0.471260000000000E+03    0.220613262413895E+01    0.459661273621454E+00
    0.477540000000000E+03    0.169521210093387E+01    0.460397288476273E+00
    0.477560000000000E+03    0.173362805105910E+01    0.460398428141704E+00
    0.483820000000000E+03    0.119187696161237E+01    0.460941625255719E+00
    0.483840000000000E+03    0.123031487490596E+01    0.460946308647250E+00
    0.490100000000000E+03    0.696035676242445E+00    0.461221433795612E+00
    0.490120000000000E+03    0.734484553475568E+00    0.461226592007027E+00
    0.496380000000000E+03    0.205469829411527E+00    0.461311972227176E+00
    0.496400000000000E+03    0.243922339784831E+00    0.461313903954450E+00
    0.502660000000000E+03    0.599973763634137E+01    0.461300286320497E+00
    0.502680000000000E+03    0.603818952782785E+01    0.461297534301067E+00
    0.508940000000000E+03    0.550832881832343E+01    0.461174191215187E+00
    0.508960000000000E+03    0.554677598658236E+01    0.461168801172054E+00
    0.515240000000000E+03    0.504947681143256E+01    0.460844720479065E+00
    0.515260000000000E+03    0.508791065693140E+01    0.460840418268273E+00
    0.521520000000000E+03    0.454446005377895E+01    0.460248763828226E+00
    0.521540000000000E+03    0.458287041747974E+01    0.460248221659080E+00
    0.527800000000000E+03    0.403213136864838E+01    0.459516798203183E+00
    0.527820000000000E+03    0.407051208509074E+01    0.459519224657765E+00
    0.534080000000000E+03    0.351442355327981E+01    0.458934632707478E+00
    0.534100000000000E+03    0.355278097587825E+01    0.458936597321390E+00
    0.540360000000000E+03    0.299441441915542E+01    0.458825895717025E+00
    0.540380000000000E+03    0.303276729689605E+01    0.458825033194449E+00
    0.546640000000000E+03    0.247536548495782E+01    0.459246755992880E+00
    0.546660000000000E+03    0.251373523656525E+01    0.459244105122554E+00
    0.552940000000000E+03    0.199898116098211E+01    0.459967678754970E+00
    0.552960000000000E+03    0.203737995330607E+01    0.459966647697750E+00
    0.559220000000000E+03    0.149100800789847E+01    0.460649608601985E+00
    0.559240000000000E+03    0.152943395934312E+01    0.460652317588020E+00
    0.565500000000000E+03    0.990808462679297E+00    0.461083224385402E+00
    0.565520000000000E+03    0.102925190696715E+01    0.461088586164538E+00
    0.571780000000000E+03    0.497424954238568E+00    0.461271820475882E+00
    0.571800000000000E+03    0.535875733772627E+00    0.461276045953836E+00
    0.578060000000000E+03    0.801417350794509E-02    0.461316696518013E+00
    0.578080000000000E+03    0.464667973424184E-01    0.461316695629490E+00
    0.584340000000000E+03    0.580173207504913E+01    0.461266272363166E+00
    0.584360000000000E+03    0.584018264277188E+01    0.461262042055673E+00
    0.590620000000000E+03    0.530823269152756E+01    0.461071114546263E+00
    0.590640000000000E+03    0.534667550382233E+01    0.461065708901282E+00
    0.596920000000000E+03    0.484623286526926E+01    0.460628125048256E+00
    0.596940000000000E+03    0.488465793973774E+01    0.460625245813845E+00
    0.603200000000000E+03    0.433800525073525E+01    0.459949405460323E+00
    0.603220000000000E+03    0.437640335629976E+01    0.459950387346427E+00
    0.609480000000000E+03    0.382304778153821E+01    0.459234014681942E+00
    0.609500000000000E+03    0.386141702858777E+01    0.459236676912838E+00
    0.615760000000000E+03    0.330386113521331E+01    0.458815322685277E+00
    0.615780000000000E+03    0.334221372044021E+01    0.458816290967964E+00
    0.622040000000000E+03    0.278373577562843E+01    0.458934552662444E+00
    0.622060000000000E+03    0.282209300157956E+01    0.458932632278520E+00
    0.628320000000000E+03    0.226599704221599E+01    0.459519186248281E+00
    0.628340000000000E+03    0.230437787752248E+01    0.459516794207657E+00
    0.634620000000000E+03    0.179210319505546E+01    0.460260590907207E+00
    0.634640000000000E+03    0.183051363483719E+01    0.460260982945326E+00
    0.640900000000000E+03    0.128721483789900E+01    0.460855122940394E+00
    0.640920000000000E+03    0.132564915476360E+01    0.460859296659283E+00
    0.647180000000000E+03    0.789967516043362E+00    0.461180990901315E+00
    0.647200000000000E+03    0.828414624431161E+00    0.461186365167991E+00
    0.653460000000000E+03    0.298570361236216E+00    0.461298368157652E+00
    0.653480000000000E+03    0.337022340142539E+00    0.461301111681583E+00
    0.659740000000000E+03    0.609279615761579E+01    0.461305004472375E+00
    0.659760000000000E+03    0.613124831015512E+01    0.461303081096854E+00
    0.666020000000000E+03    0.560208078520077E+01    0.461207021100842E+00
    0.666040000000000E+03    0.564052896696239E+01    0.461201840801500E+00
    0.672320000000000E+03    0.514442040398717E+01    0.460917558631720E+00
    0.672340000000000E+03    0.518285706748929E+01    0.460912767913144E+00
    0.678600000000000E+03    0.464076493376160E+01    0.460371777129424E+00
    0.678620000000000E+03    0.467917990915225E+01    0.460370499409108E+00
    0.684880000000000E+03    0.412955321120103E+01    0.459643823420985E+00
    0.684900000000000E+03    0.416793894530429E+01    0.459645901849906E+00
    0.691160000000000E+03    0.361248862863704E+01    0.459005627853190E+00
    0.691180000000000E+03    0.365084885886245E+01    0.459007941388021E+00
    0.697440000000000E+03    0.309249810890174E+01    0.458793136664425E+00
    0.697460000000000E+03    0.313084971125045E+01    0.458792830695773E+00
    0.703720000000000E+03    0.257289686132822E+01    0.459126268237728E+00
    0.703740000000000E+03    0.261126196774649E+01    0.459123738281335E+00
    0.710000000000000E+03    0.205701256088128E+01    0.459818585822212E+00
    0.710020000000000E+03    0.209540529669675E+01    0.459817032462500E+00
    0.716300000000000E+03    0.158592672939903E+01    0.460528554011862E+00
    0.716320000000000E+03    0.162434800168580E+01    0.460530601039266E+00
    0.722580000000000E+03    0.108420264489905E+01    0.461016121103865E+00
    0.722600000000000E+03    0.112264327209846E+01    0.461021218188098E+00
    0.728860000000000E+03    0.589632029839095E+00    0.461245598516911E+00
    0.728880000000000E+03    0.628081942935751E+00    0.461250341392308E+00
    0.735140000000000E+03    0.996838186765672E-01    0.461309131047236E+00
    0.735160000000000E+03    0.138136127582356E+00    0.461310038595591E+00
    0.741420000000000E+03    0.589370013603570E+01    0.461279287896945E+00
    0.741440000000000E+03    0.593215155701432E+01    0.461275758714291E+00
    0.747700000000000E+03    0.540122362622037E+01    0.461119535298453E+00
    0.747720000000000E+03    0.543966844614374E+01    0.461113984559916E+00
    0.754000000000000E+03    0.494063579313820E+01    0.460726352311474E+00
    0.754020000000000E+03    0.497906490660080E+01    0.460722788364578E+00
    0.760280000000000E+03    0.443381489643775E+01    0.460086946497217E+00
    0.760300000000000E+03    0.447221830525837E+01    0.460087250150575E+00
    0.766560000000000E+03    0.391989429041655E+01    0.459350274218181E+00
    0.766580000000000E+03    0.395826833005935E+01    0.459352908380992E+00
    0.772840000000000E+03    0.340121548481534E+01    0.458851190778703E+00
    0.772860000000000E+03    0.343956943475769E+01    0.458852644115871E+00
    0.779120000000000E+03    0.288098720016319E+01    0.458866878124521E+00
    0.779140000000000E+03    0.291934202143420E+01    0.458865466783884E+00
    0.785400000000000E+03    0.236252851960467E+01    0.459384210156946E+00
    0.785420000000000E+03    0.240090385204212E+01    0.459381623482144E+00
    0.791700000000000E+03    0.188735513441202E+01    0.460119566834854E+00
    0.791720000000000E+03    0.192575993435048E+01    0.460119194795514E+00
    0.797980000000000E+03    0.138091387292411E+01    0.460756696076118E+00
    0.798000000000000E+03    0.141934442905290E+01    0.460760251735007E+00
    0.804260000000000E+03    0.882286186598549E+00    0.461134957135028E+00
    0.804280000000000E+03    0.920731660354932E+00    0.461140411976010E+00
    0.810540000000000E+03    0.389968467058679E+00    0.461284200460901E+00
    0.810560000000000E+03    0.428419797385004E+00    0.461287685061479E+00
    0.816820000000000E+03    0.618397376057442E+01    0.461304649572624E+00
    0.816840000000000E+03    0.622242592917610E+01    0.461303637890590E+00
    0.823100000000000E+03    0.569385435141135E+01    0.461233199348634E+00
    0.823120000000000E+03    0.573230353215877E+01    0.461228376343928E+00
    0.829400000000000E+03    0.523739236494680E+01    0.460987389891849E+00
    0.829420000000000E+03    0.527583194610202E+01    0.460982261214973E+00
    0.835680000000000E+03    0.473523983787686E+01    0.460493060350989E+00
    0.835700000000000E+03    0.477365953200842E+01    0.460491038269494E+00
    0.841960000000000E+03    0.422533162762761E+01    0.459783001250747E+00
    0.841980000000000E+03    0.426372288823882E+01    0.459784630564313E+00
    0.848240000000000E+03    0.370912512557902E+01    0.459098810650150E+00
    0.848260000000000E+03    0.374748906836157E+01    0.459101377589712E+00
    0.854520000000000E+03    0.318943664016206E+01    0.458789823129598E+00
    0.854540000000000E+03    0.322778814226558E+01    0.458790108695663E+00
    0.860800000000000E+03    0.266948661253468E+01    0.459025853516138E+00
    0.860820000000000E+03    0.270784761162849E+01    0.459023533066108E+00
    0.867080000000000E+03    0.215265249804020E+01    0.459675828917800E+00
    0.867100000000000E+03    0.219103953227909E+01    0.459673820128564E+00
    0.873380000000000E+03    0.168016922498236E+01    0.460405420057169E+00
    0.873400000000000E+03    0.171858560034252E+01    0.460406703961152E+00
    0.879660000000000E+03    0.117696086473984E+01    0.460945880299762E+00
    0.879680000000000E+03    0.121539874566452E+01    0.460950625467675E+00
    0.885940000000000E+03    0.681166002106465E+00    0.461215675946203E+00
    0.885960000000000E+03    0.719614748651111E+00    0.461220802686358E+00
    0.892220000000000E+03    0.190591104973009E+00    0.461302626286049E+00
    0.892240000000000E+03    0.229043134951326E+00    0.461304406930383E+00
    0.898500000000000E+03    0.598470610957361E+01    0.461286444746068E+00
    0.898520000000000E+03    0.602315762568901E+01    0.461283602853630E+00
    0.904780000000000E+03    0.549305570024944E+01    0.461163099088946E+00
    0.904800000000000E+03    0.553150208354032E+01    0.461157664804344E+00
    0.911080000000000E+03    0.503383838361242E+01    0.460820170022086E+00
    0.911100000000000E+03    0.507227123797293E+01    0.460816005142288E+00
    0.917360000000000E+03    0.452847708384729E+01    0.460220335086313E+00
    0.917380000000000E+03    0.456688583964387E+01    0.460219915074422E+00
    0.923640000000000E+03    0.401575617630965E+01    0.459481906025939E+00
    0.923660000000000E+03    0.405413552627442E+01    0.459484365411865E+00
    0.929920000000000E+03    0.349777327724428E+01    0.458913708012563E+00
    0.929940000000000E+03    0.353612972533051E+01    0.458915604024550E+00
    0.936200000000000E+03    0.297758442045551E+01    0.458823326529274E+00
    0.936220000000000E+03    0.301593733316736E+01    0.458822357607550E+00
    0.942480000000000E+03    0.245854649384819E+01    0.459260120714682E+00
    0.942500000000000E+03    0.249691684714071E+01    0.459257473705868E+00
    0.948780000000000E+03    0.198227083459028E+01    0.459984081288962E+00
    0.948800000000000E+03    0.202067032634295E+01    0.459983127848741E+00
    0.955060000000000E+03    0.147440766613454E+01    0.460658249783572E+00
    0.955080000000000E+03    0.151283405903382E+01    0.460661151414148E+00
    0.961340000000000E+03    0.974361996462903E+00    0.461085025492345E+00
    0.961360000000000E+03    0.101280549089824E+01    0.461090411793963E+00
    0.967620000000000E+03    0.481099299847529E+00    0.461270481190009E+00
    0.967640000000000E+03    0.519550125585511E+00    0.461274621874431E+00
    0.973900000000000E+03    0.627484483898252E+01    0.461309005840315E+00
    0.973920000000000E+03    0.301117040839927E-01    0.461308865289661E+00
    0.980180000000000E+03    0.578522740983567E+01    0.461256122630238E+00
    0.980200000000000E+03    0.582367746611317E+01    0.461251796881172E+00
    0.986480000000000E+03    0.532987815579668E+01    0.461049045433869E+00
    0.986500000000000E+03    0.536832011348429E+01    0.461043668933225E+00
    0.992760000000000E+03    0.482915744209458E+01    0.460604396737591E+00
    0.992780000000000E+03    0.486758156876613E+01    0.460601593358382E+00
    0.999040000000000E+03    0.432061469324049E+01    0.459920329926280E+00
    0.999060000000000E+03    0.435901154849057E+01    0.459921417145521E+00
    0.100532000000000E+04    0.380539266376081E+01    0.459206582820151E+00
    0.100534000000000E+04    0.384376076968238E+01    0.459209239335806E+00
    0.101160000000000E+04    0.328608174386659E+01    0.458806866540514E+00
    0.101162000000000E+04    0.332443401680075E+01    0.458807694381089E+00
    0.101788000000000E+04    0.276592660477831E+01    0.458942519714023E+00
    0.101790000000000E+04    0.280428426134699E+01    0.458940529395433E+00
    0.102416000000000E+04    0.224828938458450E+01    0.459539015539989E+00
    0.102418000000000E+04    0.228667111085178E+01    0.459536658074171E+00
    0.103046000000000E+04    0.177448876736207E+01    0.460274458239865E+00
    0.103048000000000E+04    0.181289970389207E+01    0.460274893830658E+00
    0.103674000000000E+04    0.126970520471718E+01    0.460860515926720E+00
    0.103676000000000E+04    0.130813979698019E+01    0.460864777150821E+00
    0.104302000000000E+04    0.772618162768367E+00    0.461179786826322E+00
    0.104304000000000E+04    0.811065451401873E+00    0.461185142890773E+00
    0.104930000000000E+04    0.281254028943977E+00    0.461297051757111E+00
    0.104932000000000E+04    0.319705529286693E+00    0.461299671608159E+00
    0.105558000000000E+04    0.607528731269895E+01    0.461289969492731E+00
    0.105560000000000E+04    0.611373879514122E+01    0.461287898367574E+00
    0.106186000000000E+04    0.558428626883665E+01    0.461193224685167E+00
    0.106188000000000E+04    0.562273392842712E+01    0.461188000423270E+00
    0.106816000000000E+04    0.512626840761868E+01    0.460895378550413E+00
    0.106818000000000E+04    0.516470413259458E+01    0.460890703002090E+00
    0.107444000000000E+04    0.462222897260108E+01    0.460339492012474E+00
    0.107446000000000E+04    0.466064246205133E+01    0.460338316570401E+00
    0.108072000000000E+04    0.411063836478979E+01    0.459607523608350E+00
    0.108074000000000E+04    0.414902272359086E+01    0.459609678892176E+00
    0.108700000000000E+04    0.359330248132801E+01    0.458980830032645E+00
    0.108702000000000E+04    0.363166157484193E+01    0.458983089334927E+00
    0.109328000000000E+04    0.307320656302545E+01    0.458788172244554E+00
    0.109330000000000E+04    0.311155832591521E+01    0.458787898136341E+00
    0.109956000000000E+04    0.255370585032051E+01    0.459145049188074E+00
    0.109958000000000E+04    0.259207162010625E+01    0.459142474836693E+00
    0.110586000000000E+04    0.207634204118358E+01    0.459839253607853E+00
    0.110588000000000E+04    0.211473569127747E+01    0.459837723361282E+00
    0.111214000000000E+04    0.156710122526601E+01    0.460550602577553E+00
    0.111216000000000E+04    0.160552331126473E+01    0.460552789026805E+00
    0.111842000000000E+04    0.106562842053154E+01    0.461028662480590E+00
    0.111844000000000E+04    0.110406970329177E+01    0.461033835919690E+00
    0.112470000000000E+04    0.571339739339692E+00    0.461252542547757E+00
    0.112472000000000E+04    0.609789923694279E+00    0.461257193369787E+00
    0.113098000000000E+04    0.815231924307227E-01    0.461313029149050E+00
    0.113100000000000E+04    0.119975640612211E+00    0.461313784159741E+00
    0.113726000000000E+04    0.587547786052255E+01    0.461277558220293E+00
    0.113728000000000E+04    0.591392890746693E+01    0.461273837383364E+00
    0.114354000000000E+04    0.538278932645198E+01    0.461113076764989E+00
    0.114356000000000E+04    0.542123378643828E+01    0.461107608439737E+00
    0.114984000000000E+04    0.492194769489333E+01    0.460711287960867E+00
    0.114986000000000E+04    0.496037617733418E+01    0.460707837960034E+00
    0.115612000000000E+04    0.441489054511476E+01    0.460063887498679E+00
    0.115614000000000E+04    0.445329308217470E+01    0.460064331935312E+00
    0.116240000000000E+04    0.390080873389752E+01    0.459330556468669E+00
    0.116242000000000E+04    0.393918203916519E+01    0.459333207582071E+00
    0.116868000000000E+04    0.338208796008485E+01    0.458848412609306E+00
    0.116870000000000E+04    0.342044175463707E+01    0.458849770819899E+00
    0.117496000000000E+04    0.286185233064134E+01    0.458879107915574E+00
    0.117498000000000E+04    0.290020748160623E+01    0.458877557172388E+00
    0.118124000000000E+04    0.234353349682624E+01    0.459408072426714E+00
    0.118126000000000E+04    0.238190986386962E+01    0.459405509801472E+00
    0.118754000000000E+04    0.186863607104488E+01    0.460151452253594E+00
    0.118756000000000E+04    0.190704227450306E+01    0.460151274788236E+00
    0.119382000000000E+04    0.136252721964956E+01    0.460779961927352E+00
    0.119384000000000E+04    0.140095855004802E+01    0.460783658424894E+00
    0.120010000000000E+04    0.864209004028453E+00    0.461149467278109E+00
    0.120012000000000E+04    0.902655086666527E+00    0.461154924595602E+00
    0.120638000000000E+04    0.372150355234680E+00    0.461292684716503E+00
    0.120640000000000E+04    0.410602070449841E+00    0.461296062476697E+00
    0.121266000000000E+04    0.616632489729454E+01    0.461312705734721E+00
    0.121268000000000E+04    0.620477728572769E+01    0.461311509829733E+00
    0.121894000000000E+04    0.567617214242500E+01    0.461234104510557E+00
    0.121896000000000E+04    0.571462145428904E+01    0.461229213376598E+00
    0.122524000000000E+04    0.521957728087091E+01    0.460982375017594E+00
    0.122526000000000E+04    0.525801651711436E+01    0.460977303860951E+00
    0.123152000000000E+04    0.471721283136094E+01    0.460476616307181E+00
    0.123154000000000E+04    0.475563213132773E+01    0.460474706823582E+00
    0.123780000000000E+04    0.420719300414657E+01    0.459764448379243E+00
    0.123782000000000E+04    0.424558360534775E+01    0.459766168163551E+00
    0.124408000000000E+04    0.369094119561214E+01    0.459093614210944E+00
    0.124410000000000E+04    0.372930477776526E+01    0.459096158154118E+00
    0.125036000000000E+04    0.317124066405859E+01    0.458792591720043E+00
    0.125038000000000E+04    0.320959231856204E+01    0.458792755722226E+00
    0.125664000000000E+04    0.265144174838133E+01    0.459048675813048E+00
    0.125666000000000E+04    0.268980391858895E+01    0.459046350353349E+00
    0.126294000000000E+04    0.217323569682185E+01    0.459705856306934E+00
    0.126296000000000E+04    0.221162389629990E+01    0.459703891126724E+00
    0.126922000000000E+04    0.166267040350613E+01    0.460433850929316E+00
    0.126924000000000E+04    0.170108781394129E+01    0.460435274019929E+00
    0.127550000000000E+04    0.115978523209196E+01    0.460963287910847E+00
    0.127552000000000E+04    0.119822386769010E+01    0.460968123011095E+00
    0.128178000000000E+04    0.664328429123998E+00    0.461231299487439E+00
    0.128180000000000E+04    0.702777813244666E+00    0.461236375427163E+00
    0.128806000000000E+04    0.174008618321295E+00    0.461313576158853E+00
    0.128808000000000E+04    0.212461120238913E+00    0.461315210664143E+00
    0.129434000000000E+04    0.596824032380891E+01    0.461296139594804E+00
    0.129436000000000E+04    0.600669223441673E+01    0.461293179216773E+00
    0.130062000000000E+04    0.547656704235487E+01    0.461165350553385E+00
    0.130064000000000E+04    0.551501355196433E+01    0.461159899758632E+00
    0.130692000000000E+04    0.501724493755228E+01    0.460815353707400E+00
    0.130694000000000E+04    0.505567761711382E+01    0.460811275010127E+00
    0.131320000000000E+04    0.451170809433916E+01    0.460205521951129E+00
    0.131322000000000E+04    0.455011621646554E+01    0.460205217178793E+00
    0.131948000000000E+04    0.399887571891213E+01    0.459466032425297E+00
    0.131950000000000E+04    0.403725440690232E+01    0.459468521422737E+00
    0.132576000000000E+04    0.348094941232512E+01    0.458916843486417E+00
    0.132578000000000E+04    0.351930610778663E+01    0.458918669957016E+00
    0.133204000000000E+04    0.296091806447521E+01    0.458841742558461E+00
    0.133206000000000E+04    0.299927168530667E+01    0.458840686744940E+00
    0.133832000000000E+04    0.244216392360431E+01    0.459292296622811E+00
    0.133834000000000E+04    0.248053594154499E+01    0.459289676037206E+00
    0.134462000000000E+04    0.196628135089713E+01    0.460021475192958E+00
    0.134464000000000E+04    0.200468240039527E+01    0.460020533881322E+00
    0.135090000000000E+04    0.145884744985005E+01    0.460688964179667E+00
    0.135092000000000E+04    0.149727513230209E+01    0.460691975403623E+00
    0.135718000000000E+04    0.959192524759601E+00    0.461106800974904E+00
    0.135720000000000E+04    0.997636707945276E+00    0.461112187974951E+00
    0.136346000000000E+04    0.466215094547351E+00    0.461285531104489E+00
    0.136348000000000E+04    0.504666586527946E+00    0.461289565075485E+00
    0.136974000000000E+04    0.626018895227435E+01    0.461323190028949E+00
    0.136976000000000E+04    0.154563302548922E-01    0.461322902711984E+00
    0.137602000000000E+04    0.577071073775869E+01    0.461267630140779E+00
    0.137604000000000E+04    0.580916167592204E+01    0.461263262699381E+00
    0.138232000000000E+04    0.531546770700606E+01    0.461058648127381E+00
    0.138234000000000E+04    0.535390995005309E+01    0.461053295805808E+00
    0.138860000000000E+04    0.481475688045884E+01    0.460604564262709E+00
    0.138862000000000E+04    0.485318124748164E+01    0.460601904735710E+00
    0.139488000000000E+04    0.430628543139164E+01    0.459918910116348E+00
    0.139490000000000E+04    0.434468220863528E+01    0.459920078951297E+00
    0.140116000000000E+04    0.379115569844771E+01    0.459210718000858E+00
    0.140118000000000E+04    0.382952402913861E+01    0.459213365142609E+00
    0.140744000000000E+04    0.327200436629528E+01    0.458821435526562E+00
    0.140746000000000E+04    0.331035723131026E+01    0.458822246791852E+00
    0.141372000000000E+04    0.275210680262535E+01    0.458971494222929E+00
    0.141374000000000E+04    0.279046562586973E+01    0.458969453947939E+00
    0.142000000000000E+04    0.223481090712312E+01    0.459576109399632E+00
    0.142002000000000E+04    0.227319409883830E+01    0.459573786077056E+00
    0.142630000000000E+04    0.176141630640041E+01    0.460310897464813E+00
    0.142632000000000E+04    0.179982874264761E+01    0.460311516037636E+00
    0.143258000000000E+04    0.125706086327818E+01    0.460892751379583E+00
    0.143260000000000E+04    0.129549669695507E+01    0.460897084687639E+00
    0.143886000000000E+04    0.760399448754470E+00    0.461207243267970E+00
    0.143888000000000E+04    0.798847770816792E+00    0.461212580631407E+00
    0.144514000000000E+04    0.269424653187798E+00    0.461315190565843E+00
    0.144516000000000E+04    0.307877307044237E+00    0.461317702869009E+00
    0.145142000000000E+04    0.606382924054560E+01    0.461315894557475E+00
    0.145144000000000E+04    0.610228167225159E+01    0.461313738112473E+00
    0.145770000000000E+04    0.557306292832436E+01    0.461209149307101E+00
    0.145772000000000E+04    0.561151133574822E+01    0.461203894675376E+00
    0.146400000000000E+04    0.511523148377501E+01    0.460912412639425E+00
    0.146402000000000E+04    0.515366792650366E+01    0.460907792261338E+00
    0.147028000000000E+04    0.461138669726415E+01    0.460353268525778E+00
    0.147030000000000E+04    0.464980094361636E+01    0.460352221677930E+00
    0.147656000000000E+04    0.410002502965699E+01    0.459620577376282E+00
    0.147658000000000E+04    0.413840980193345E+01    0.459622756058626E+00
    0.148284000000000E+04    0.358293982266832E+01    0.458999337747023E+00
    0.148286000000000E+04    0.362129981073531E+01    0.459001560957319E+00
    0.148912000000000E+04    0.306310619650230E+01    0.458815235447914E+00
    0.148914000000000E+04    0.310145872948988E+01    0.458814762361902E+00
    0.149540000000000E+04    0.254385866757411E+01    0.459175077425654E+00
    0.149542000000000E+04    0.258222578814093E+01    0.459172515072441E+00
    0.150170000000000E+04    0.206686777270897E+01    0.459874087259356E+00
    0.150172000000000E+04    0.210526271703338E+01    0.459872639409760E+00
    0.150798000000000E+04    0.155799353578732E+01    0.460578531362288E+00
    0.150800000000000E+04    0.159641677418949E+01    0.460580781995938E+00
    0.151426000000000E+04    0.105686007771101E+01    0.461050170902148E+00
    0.151428000000000E+04    0.109530206657746E+01    0.461055353044546E+00
    0.152054000000000E+04    0.562842820997048E+00    0.461270981078977E+00
    0.152056000000000E+04    0.601293744231043E+00    0.461275599293088E+00
    0.152682000000000E+04    0.732740053017551E-01    0.461329182110316E+00
    0.152684000000000E+04    0.111727122600769E+00    0.461329859169478E+00
    0.153310000000000E+04    0.586745797548838E+01    0.461295225779137E+00
    0.153312000000000E+04    0.590590971147913E+01    0.461291448310554E+00
    0.153940000000000E+04    0.541333614676387E+01    0.461119856827639E+00
    0.153942000000000E+04    0.545178088145849E+01    0.461114367960613E+00
    0.154568000000000E+04    0.491418967627442E+01    0.460722396158172E+00
    0.154570000000000E+04    0.495261854678847E+01    0.460718986321030E+00
    0.155196000000000E+04    0.440722423705665E+01    0.460069986038168E+00
    0.155198000000000E+04    0.444562725731157E+01    0.460070465386430E+00
    0.155824000000000E+04    0.389334318486135E+01    0.459341809002240E+00
    0.155826000000000E+04    0.393171689958035E+01    0.459344457522029E+00
    0.156452000000000E+04    0.337481904344668E+01    0.458864699835230E+00
    0.156454000000000E+04    0.341317350334657E+01    0.458866065526792E+00
    0.157080000000000E+04    0.285483254450264E+01    0.458899516289506E+00
    0.157082000000000E+04    0.289318845835487E+01    0.458897918593238E+00
    0.157708000000000E+04    0.233677470609973E+01    0.459433879853417E+00
    0.157710000000000E+04    0.237515228324901E+01    0.459431339306999E+00
    0.158338000000000E+04    0.186216028431090E+01    0.460175256451690E+00
    0.158340000000000E+04    0.190056729588969E+01    0.460175136598708E+00
    0.158966000000000E+04    0.135633210007290E+01    0.460802342348015E+00
    0.158968000000000E+04    0.139476407251414E+01    0.460805992097347E+00
    0.159594000000000E+04    0.858210515897099E+00    0.461167829574160E+00
    0.159596000000000E+04    0.896657234758095E+00    0.461173321980224E+00
    0.160222000000000E+04    0.366417282382372E+00    0.461311098884000E+00
    0.160224000000000E+04    0.404869689269617E+00    0.461314423646663E+00
    0.160850000000000E+04    0.616076886183237E+01    0.461328071563414E+00
    0.160852000000000E+04    0.619922192342347E+01    0.461326819045725E+00
    0.161478000000000E+04    0.567078706291750E+01    0.461248260191741E+00
    0.161480000000000E+04    0.570923689549682E+01    0.461243342412288E+00
    0.162108000000000E+04    0.521432837820385E+01    0.460995662014238E+00
    0.162110000000000E+04    0.525276824121329E+01    0.460990602720360E+00
    0.162736000000000E+04    0.471209489335206E+01    0.460487764151670E+00
    0.162738000000000E+04    0.475051440621610E+01    0.460485915143849E+00
    0.163364000000000E+04    0.420216555605930E+01    0.459772419564799E+00
    0.163366000000000E+04    0.424055648182821E+01    0.459774162681486E+00
    0.163992000000000E+04    0.368604915937294E+01    0.459100436582481E+00
    0.163994000000000E+04    0.372441317881976E+01    0.459102961395862E+00
    0.164620000000000E+04    0.316658047317924E+01    0.458811746456119E+00
    0.164622000000000E+04    0.320493285858356E+01    0.458811903313426E+00
    0.165248000000000E+04    0.264698287129750E+01    0.459068458402885E+00
    0.165250000000000E+04    0.268534559001819E+01    0.459066080666423E+00
    0.165878000000000E+04    0.216901910149090E+01    0.459727060808450E+00
    0.165880000000000E+04    0.220740814648525E+01    0.459725108005158E+00
    0.166506000000000E+04    0.165871830348578E+01    0.460454977366754E+00
    0.166508000000000E+04    0.169713663825223E+01    0.460456415650385E+00
    0.167134000000000E+04    0.115611023769361E+01    0.460984757963140E+00
    0.167136000000000E+04    0.119454968467471E+01    0.460989589330810E+00
    0.167762000000000E+04    0.660873456368790E+00    0.461246719284817E+00
    0.167764000000000E+04    0.699323420667952E+00    0.461251775277810E+00
    0.168390000000000E+04    0.170749823481401E+00    0.461330186503695E+00
    0.168392000000000E+04    0.209202890863708E+00    0.461331806957359E+00
    0.169018000000000E+04    0.596514458672254E+01    0.461311703443750E+00
    0.169020000000000E+04    0.600359701056504E+01    0.461308700211941E+00
    0.169648000000000E+04    0.551207330060470E+01    0.461170460181624E+00
    0.169650000000000E+04    0.555052015453066E+01    0.461165012083117E+00
    0.170276000000000E+04    0.501447279761942E+01    0.460829204624210E+00
    0.170278000000000E+04    0.505290603270396E+01    0.460825127743425E+00
    0.170904000000000E+04    0.450911496619665E+01    0.460219470968892E+00
    0.170906000000000E+04    0.454752380854143E+01    0.460219229578727E+00
    0.171532000000000E+04    0.399649847170576E+01    0.459483314115553E+00
    0.171534000000000E+04    0.403487785114294E+01    0.459485808383212E+00
    0.172160000000000E+04    0.347870708283335E+01    0.458927438927633E+00
    0.172162000000000E+04    0.351706416170600E+01    0.458929287216846E+00
    0.172788000000000E+04    0.295883619295046E+01    0.458854085581879E+00
    0.172790000000000E+04    0.299719007767135E+01    0.458853061453824E+00
    0.173416000000000E+04    0.244013350240812E+01    0.459300665522673E+00
    0.173418000000000E+04    0.247850534916188E+01    0.459298007679244E+00
    0.174046000000000E+04    0.196426773805251E+01    0.460027901905201E+00
    0.174048000000000E+04    0.200266893139815E+01    0.460027072050513E+00
    0.174674000000000E+04    0.145696588698684E+01    0.460699286790484E+00
    0.174676000000000E+04    0.149539392433599E+01    0.460702304132561E+00
    0.175302000000000E+04    0.957398985173313E+00    0.461118872253614E+00
    0.175304000000000E+04    0.995843322697965E+00    0.461124246531841E+00
    0.175930000000000E+04    0.464548753133386E+00    0.461294424950452E+00
    0.175932000000000E+04    0.503000601828262E+00    0.461298457078199E+00
    0.176558000000000E+04    0.625866090787167E+01    0.461332094520685E+00
    0.176560000000000E+04    0.139287730989963E-01    0.461331901880773E+00
    0.177186000000000E+04    0.576933592830210E+01    0.461281407059829E+00
    0.177188000000000E+04    0.580778704591967E+01    0.461277004007425E+00
    0.177816000000000E+04    0.531415859505569E+01    0.461068562992087E+00
    0.177818000000000E+04    0.535260124040906E+01    0.461063211634109E+00
    0.178444000000000E+04    0.481358100319130E+01    0.460613290836740E+00
    0.178446000000000E+04    0.485200585092707E+01    0.460610618319138E+00
    0.179072000000000E+04    0.430525731602802E+01    0.459930387203753E+00
    0.179074000000000E+04    0.434365455432589E+01    0.459931554770128E+00
    0.179700000000000E+04    0.379025833638252E+01    0.459222503925069E+00
    0.179702000000000E+04    0.382862702550165E+01    0.459225147152544E+00
    0.180328000000000E+04    0.327122597957168E+01    0.458830764471048E+00
    0.180330000000000E+04    0.330957922273137E+01    0.458831521541350E+00
    0.180956000000000E+04    0.275146956724166E+01    0.458981251621292E+00
    0.180958000000000E+04    0.278982887502616E+01    0.458979238603821E+00
    0.181586000000000E+04    0.227263898226374E+01    0.459580527670204E+00
    0.181588000000000E+04    0.231102216357658E+01    0.459578197760995E+00
    0.182214000000000E+04    0.176100274306054E+01    0.460321423826801E+00
    0.182216000000000E+04    0.179941563417333E+01    0.460322023411845E+00
    0.182842000000000E+04    0.125681229398333E+01    0.460901838413935E+00
    0.182844000000000E+04    0.129524863234928E+01    0.460906158025535E+00
    0.183470000000000E+04    0.760288301812125E+00    0.461216526609442E+00
    0.183472000000000E+04    0.798737042985522E+00    0.461221863197913E+00
    0.184098000000000E+04    0.269448506800927E+00    0.461327963645507E+00
    0.184100000000000E+04    0.307901535597011E+00    0.461330521146935E+00
    0.184726000000000E+04    0.606397399893012E+01    0.461325397709658E+00
    0.184728000000000E+04    0.610242694711542E+01    0.461323242828922E+00
    0.185354000000000E+04    0.557337872067592E+01    0.461222920542075E+00
    0.185356000000000E+04    0.561182778261218E+01    0.461217683140805E+00
    0.185984000000000E+04    0.511566812287901E+01    0.460920031190622E+00
    0.185986000000000E+04    0.515410484302447E+01    0.460915399165680E+00
    0.186612000000000E+04    0.461192802312553E+01    0.460362058114167E+00
    0.186614000000000E+04    0.465034251582347E+01    0.460361000928833E+00
    0.187240000000000E+04    0.410061922431942E+01    0.459626946530005E+00
    0.187242000000000E+04    0.413900428877878E+01    0.459629126139447E+00
    0.187868000000000E+04    0.358363191424132E+01    0.459006572932263E+00
    0.187870000000000E+04    0.362199215857618E+01    0.459008819121307E+00
    0.188496000000000E+04    0.306385617622891E+01    0.458818978776198E+00
    0.188498000000000E+04    0.310220890257142E+01    0.458818522814145E+00
    0.189124000000000E+04    0.254466349696168E+01    0.459176681104796E+00
    0.189126000000000E+04    0.258303047594291E+01    0.459174101788370E+00
    0.189754000000000E+04    0.206765274011104E+01    0.459874537036416E+00
    0.189756000000000E+04    0.210604770030477E+01    0.459873079924285E+00
    0.190382000000000E+04    0.155879336311091E+01    0.460578831166171E+00
    0.190384000000000E+04    0.159721661744197E+01    0.460581069222575E+00
    0.191010000000000E+04    0.105768455745465E+01    0.461053504541949E+00
    0.191012000000000E+04    0.109612658964579E+01    0.461058669578277E+00
    0.191638000000000E+04    0.563655899063178E+00    0.461272522641722E+00
    0.191640000000000E+04    0.602106881252894E+00    0.461277145627258E+00
    0.192266000000000E+04    0.741035650371487E-01    0.461331616846131E+00
    0.192268000000000E+04    0.112556767681781E+00    0.461332303721534E+00
    0.192894000000000E+04    0.586832655527814E+01    0.461297675844306E+00
    0.192896000000000E+04    0.590677870269928E+01    0.461293977143172E+00
    0.193524000000000E+04    0.541432715124438E+01    0.461125774375461E+00
    0.193526000000000E+04    0.545277208234529E+01    0.461120291706421E+00
    0.194152000000000E+04    0.491527094080493E+01    0.460725856689718E+00
    0.194154000000000E+04    0.495370016245397E+01    0.460722448176561E+00
    0.194780000000000E+04    0.440844739768772E+01    0.460078147369467E+00
    0.194782000000000E+04    0.444685052266186E+01    0.460078623774021E+00
