    0.000000000000000E+00    0.190000000000000E+01    0.520000000000000E+00
    0.200000000000000E-01    0.194079998844963E+01    0.519999410936592E+00
    0.630000000000000E+01    0.218752582890681E+01    0.520486808863989E+00
    0.632000000000000E+01    0.222834539993518E+01    0.520484765635232E+00
    0.125800000000000E+02    0.244072839440215E+01    0.520867867776296E+00
    0.126000000000000E+02    0.248156301426505E+01    0.520865229758488E+00
    0.188600000000000E+02    0.269906195396027E+01    0.521130919426431E+00
    0.188800000000000E+02    0.273990746441421E+01    0.521128726577189E+00
    0.251400000000000E+02    0.296143240924629E+01    0.521258430448701E+00
    0.251600000000000E+02    0.300228711240938E+01    0.521257850406727E+00
    0.314200000000000E+02    0.322540116918448E+01    0.521351052568220E+00
    0.314400000000000E+02    0.326625513744472E+01    0.521351585412903E+00
    0.377000000000000E+02    0.348865060909387E+01    0.521258313920914E+00
    0.377200000000000E+02    0.352950093405049E+01    0.521260212797219E+00
    0.440000000000000E+02    0.379013966862890E+01    0.521051957459131E+00
    0.440200000000000E+02    0.383098160174427E+01    0.521054598711037E+00
    0.502800000000000E+02    0.404631555325136E+01    0.520718789191920E+00
    0.503000000000000E+02    0.408714434149273E+01    0.520721165307967E+00
    0.565600000000000E+02    0.429658148845697E+01    0.520276411879106E+00
    0.565800000000000E+02    0.433739255694941E+01    0.520277617790975E+00
    0.628400000000000E+02    0.453979261255171E+01    0.519731383937649E+00
    0.628600000000000E+02    0.458058195711101E+01    0.519730805995244E+00
    0.691200000000000E+02    0.477534674926315E+01    0.519119842196883E+00
    0.691400000000000E+02    0.481611154207889E+01    0.519117317851243E+00
    0.754000000000000E+02    0.500304002081401E+01    0.518470359723146E+00
    0.754200000000000E+02    0.504377898230032E+01    0.518466226695083E+00
    0.817000000000000E+02    0.526391929913297E+01    0.517831627203964E+00
    0.817200000000000E+02    0.530463268531852E+01    0.517826285168335E+00
    0.879800000000000E+02    0.547711885491972E+01    0.517243841634978E+00
    0.880000000000000E+02    0.551780892818141E+01    0.517238375844318E+00
    0.942600000000000E+02    0.568438971604942E+01    0.516746595354647E+00
    0.942800000000000E+02    0.572505946838021E+01    0.516741662202894E+00
    0.100540000000000E+03    0.588701341952387E+01    0.516371094830972E+00
    0.100560000000000E+03    0.592766818931369E+01    0.516367390750438E+00
    0.106820000000000E+03    0.608640028622062E+01    0.516132885363387E+00
    0.106840000000000E+03    0.612704554818001E+01    0.516130915667908E+00
    0.113100000000000E+03    0.969842718632208E-03    0.516053037355079E+00
    0.113120000000000E+03    0.416118375122778E-01    0.516053070026092E+00
    0.119400000000000E+03    0.239312680784224E+00    0.516129804832644E+00
    0.119420000000000E+03    0.279957856597122E+00    0.516131933413551E+00
    0.125680000000000E+03    0.438613933137844E+00    0.516364079111729E+00
    0.125700000000000E+03    0.479268356589444E+00    0.516367839964553E+00
    0.131960000000000E+03    0.641018395422350E+00    0.516735220554050E+00
    0.131980000000000E+03    0.681687686078988E+00    0.516740288888332E+00
    0.138240000000000E+03    0.848045260331901E+00    0.517231210905477E+00
    0.138260000000000E+03    0.888734051517474E+00    0.517236631094219E+00
    0.144520000000000E+03    0.106085357992123E+01    0.517810049309972E+00
    0.144540000000000E+03    0.110156597897765E+01    0.517815239664358E+00
    0.150800000000000E+03    0.128060168995586E+01    0.518447843265282E+00
    0.150820000000000E+03    0.132133926975092E+01    0.518451858375361E+00
    0.157080000000000E+03    0.150786131119526E+01    0.519084595743462E+00
    0.157100000000000E+03    0.154862477719018E+01    0.519087052883788E+00
    0.163380000000000E+03    0.178373502695439E+01    0.519698579266216E+00
    0.163400000000000E+03    0.182452309338430E+01    0.519699008948144E+00
    0.169660000000000E+03    0.202658154445027E+01    0.520245636702900E+00
    0.169680000000000E+03    0.206739138026870E+01    0.520244351381911E+00
    0.175940000000000E+03    0.227648849295537E+01    0.520692719984295E+00
    0.175960000000000E+03    0.231731624965380E+01    0.520690339501434E+00
    0.182220000000000E+03    0.253241721158798E+01    0.521028442911079E+00
    0.182240000000000E+03    0.257325825510873E+01    0.521025838592710E+00
    0.188500000000000E+03    0.279285834691939E+01    0.521241234610366E+00
    0.188520000000000E+03    0.283370837522170E+01    0.521239434909020E+00
    0.194780000000000E+03    0.305610567474031E+01    0.521347890145382E+00
    0.194800000000000E+03    0.309695945070257E+01    0.521347386229350E+00
    0.201080000000000E+03    0.336079155166232E+01    0.521324324817475E+00
    0.201100000000000E+03    0.340164449977158E+01    0.521325497921571E+00
    0.207360000000000E+03    0.362320372997482E+01    0.521189095644219E+00
    0.207380000000000E+03    0.366405132024261E+01    0.521191450537791E+00
    0.213640000000000E+03    0.388226334273378E+01    0.520930610940558E+00
    0.213660000000000E+03    0.392310057344935E+01    0.520933274272111E+00
    0.219920000000000E+03    0.413633959766895E+01    0.520562011252932E+00
    0.219940000000000E+03    0.417716240977666E+01    0.520564022806769E+00
    0.226200000000000E+03    0.438404935733109E+01    0.520080455702139E+00
    0.226220000000000E+03    0.442485246878965E+01    0.520081019611784E+00
    0.232480000000000E+03    0.462431946883902E+01    0.519496616713956E+00
    0.232500000000000E+03    0.466509942955594E+01    0.519495283069670E+00
    0.238780000000000E+03    0.489754390756849E+01    0.518865206425124E+00
    0.238800000000000E+03    0.493829855456966E+01    0.518861920258512E+00
    0.245060000000000E+03    0.512217141190837E+01    0.518213819323146E+00
    0.245080000000000E+03    0.516289997696236E+01    0.518209138120659E+00
    0.251340000000000E+03    0.533946331646223E+01    0.517592905599431E+00
    0.251360000000000E+03    0.538016693707789E+01    0.517587492057989E+00
    0.257620000000000E+03    0.555021279570326E+01    0.517038410871156E+00
    0.257640000000000E+03    0.559089456661104E+01    0.517033080948544E+00
    0.263900000000000E+03    0.575553281487714E+01    0.516587366312301E+00
    0.263920000000000E+03    0.579619612753856E+01    0.516582818368531E+00
    0.270180000000000E+03    0.595665685930589E+01    0.516256523525569E+00
    0.270200000000000E+03    0.599730705525553E+01    0.516253446013052E+00
    0.276480000000000E+03    0.619581451237866E+01    0.516079052249162E+00
    0.276500000000000E+03    0.623645743538736E+01    0.516077935647722E+00
    0.282760000000000E+03    0.110087517319471E+00    0.516058921450056E+00
    0.282780000000000E+03    0.150729884117027E+00    0.516059795900100E+00
    0.289040000000000E+03    0.308219845288022E+00    0.516203702899431E+00
    0.289060000000000E+03    0.348868065401120E+00    0.516206569355031E+00
    0.295320000000000E+03    0.508596947861975E+00    0.516493491110564E+00
    0.295340000000000E+03    0.549256648694723E+00    0.516497783809049E+00
    0.301600000000000E+03    0.711881903880112E+00    0.516993624677921E+00
    0.301620000000000E+03    0.752555204184318E+00    0.516998612891298E+00
    0.307880000000000E+03    0.919539084208054E+00    0.517332467193496E+00
    0.307900000000000E+03    0.960232334654847E+00    0.517337892633481E+00
    0.314160000000000E+03    0.113358652193176E+01    0.517937409639316E+00
    0.314180000000000E+03    0.117430412084195E+01    0.517942267720807E+00
    0.320460000000000E+03    0.139553059759066E+01    0.518584306984400E+00
    0.320480000000000E+03    0.143627408301415E+01    0.518587791570227E+00
    0.326740000000000E+03    0.162450891510673E+01    0.519224335967766E+00
    0.326760000000000E+03    0.166527798950881E+01    0.519226022436132E+00
    0.333020000000000E+03    0.186131354820463E+01    0.519814319317502E+00
    0.333040000000000E+03    0.190210623275698E+01    0.519814114145966E+00
    0.339300000000000E+03    0.210566999865352E+01    0.520328298089787E+00
    0.339320000000000E+03    0.214648309792790E+01    0.520326549121404E+00
    0.345580000000000E+03    0.235676881448285E+01    0.520733147904015E+00
    0.345600000000000E+03    0.239759849219320E+01    0.520730592163067E+00
    0.351860000000000E+03    0.261349401586017E+01    0.521038140853428E+00
    0.351880000000000E+03    0.265433597934850E+01    0.521035704477398E+00
    0.358160000000000E+03    0.291490231386672E+01    0.521206069634044E+00
    0.358180000000000E+03    0.295575046209376E+01    0.521204683312594E+00
    0.364440000000000E+03    0.317741563899096E+01    0.521264972318020E+00
    0.364460000000000E+03    0.321826622567653E+01    0.521265103330003E+00
    0.370720000000000E+03    0.343989191121284E+01    0.521204105918401E+00
    0.370740000000000E+03    0.348074003883107E+01    0.521205727012856E+00
    0.377000000000000E+03    0.370035319141266E+01    0.521034518668858E+00
    0.377020000000000E+03    0.374119452261675E+01    0.521037049492173E+00
    0.383280000000000E+03    0.395694204723770E+01    0.520738718415350E+00
    0.383300000000000E+03    0.399777158063921E+01    0.520741269882822E+00
    0.389560000000000E+03    0.420790648395314E+01    0.520323163073596E+00
    0.389580000000000E+03    0.424871955409674E+01    0.520324788640167E+00
    0.395860000000000E+03    0.449291134476584E+01    0.519807105585735E+00
    0.395880000000000E+03    0.453370354588151E+01    0.519806997159905E+00
    0.402140000000000E+03    0.472952213018459E+01    0.519206920012042E+00
    0.402160000000000E+03    0.477029043680113E+01    0.519204933762976E+00
    0.408420000000000E+03    0.495828034132956E+01    0.518564256507617E+00
    0.408440000000000E+03    0.499902288449084E+01    0.518560512369831E+00
    0.414700000000000E+03    0.517933681707257E+01    0.517921439631205E+00
    0.414720000000000E+03    0.522005367301654E+01    0.517916458113533E+00
    0.420980000000000E+03    0.539320364970331E+01    0.517313173165301E+00
    0.421000000000000E+03    0.543389555752856E+01    0.517307712032230E+00
    0.427260000000000E+03    0.560061333432338E+01    0.516781224617266E+00
    0.427280000000000E+03    0.564128438146099E+01    0.516776016758751E+00
    0.433540000000000E+03    0.580314006407446E+01    0.516367866101767E+00
    0.433560000000000E+03    0.584379475944843E+01    0.516363711805173E+00
    0.439840000000000E+03    0.604264078398376E+01    0.516078074996641E+00
    0.439860000000000E+03    0.608328385192567E+01    0.516075540834004E+00
    0.446120000000000E+03    0.623931522478176E+01    0.515945652539914E+00
    0.446140000000000E+03    0.627995280423158E+01    0.515945091519234E+00
    0.452400000000000E+03    0.152148810477115E+00    0.515964833507597E+00
    0.452420000000000E+03    0.192787270790973E+00    0.515966207782290E+00
    0.458680000000000E+03    0.349226054964447E+00    0.516148102750852E+00
    0.458700000000000E+03    0.389871982158866E+00    0.516151287102393E+00
    0.464960000000000E+03    0.548975644081338E+00    0.516473190211451E+00
    0.464980000000000E+03    0.589634512368093E+00    0.516477774693166E+00
    0.471240000000000E+03    0.752707058505621E+00    0.516921269732140E+00
    0.471260000000000E+03    0.793383138004629E+00    0.516926691643773E+00
    0.477540000000000E+03    0.100265280181407E+01    0.517484501190117E+00
    0.477560000000000E+03    0.104335235520693E+01    0.517489854669944E+00
    0.483820000000000E+03    0.121847803933895E+01    0.518101809058746E+00
    0.483840000000000E+03    0.125920204157865E+01    0.518106304433856E+00
    0.490100000000000E+03    0.144163023178567E+01    0.518746956167513E+00
    0.490120000000000E+03    0.148238016900098E+01    0.518750031484365E+00
    0.496380000000000E+03    0.167257784162484E+01    0.519378908847067E+00
    0.496400000000000E+03    0.171335311304210E+01    0.519380149380752E+00
    0.502660000000000E+03    0.191135092569675E+01    0.519954195456126E+00
    0.502680000000000E+03    0.195214912321353E+01    0.519953581890631E+00
    0.508940000000000E+03    0.215748828170103E+01    0.520444488979728E+00
    0.508960000000000E+03    0.219830617400271E+01    0.520442463989560E+00
    0.515240000000000E+03    0.245092401053694E+01    0.520821169934702E+00
    0.515260000000000E+03    0.249175682422765E+01    0.520818534587831E+00
    0.521520000000000E+03    0.270868219399790E+01    0.521086464419454E+00
    0.521540000000000E+03    0.274952547261501E+01    0.521084227614909E+00
    0.527800000000000E+03    0.296977978803579E+01    0.521227709391683E+00
    0.527820000000000E+03    0.301062847889807E+01    0.521226668391564E+00
    0.534080000000000E+03    0.323233480489739E+01    0.521252852438139E+00
    0.534100000000000E+03    0.327318483236786E+01    0.521253415378779E+00
    0.540360000000000E+03    0.349444490168344E+01    0.521170283348854E+00
    0.540380000000000E+03    0.353529164032898E+01    0.521172193622079E+00
    0.546640000000000E+03    0.375398351689978E+01    0.520961991080947E+00
    0.546660000000000E+03    0.379482202254962E+01    0.520964613211295E+00
    0.552940000000000E+03    0.404996330950235E+01    0.520639750461113E+00
    0.552960000000000E+03    0.409078859949364E+01    0.520642121519923E+00
    0.559220000000000E+03    0.429897002525195E+01    0.520193319711351E+00
    0.559240000000000E+03    0.433977598472507E+01    0.520194458320764E+00
    0.565500000000000E+03    0.454098881912932E+01    0.519646104053127E+00
    0.565520000000000E+03    0.458177469812699E+01    0.519645589732762E+00
    0.571780000000000E+03    0.477548570708541E+01    0.519037711055218E+00
    0.571800000000000E+03    0.481624730610793E+01    0.519035281968802E+00
    0.578060000000000E+03    0.500209531150063E+01    0.518384502483864E+00
    0.578080000000000E+03    0.504283068321956E+01    0.518380384432641E+00
    0.584340000000000E+03    0.522108260601271E+01    0.517749349630710E+00
    0.584360000000000E+03    0.526179252652105E+01    0.517744185331859E+00
    0.590620000000000E+03    0.543308538355086E+01    0.517156860961109E+00
    0.590640000000000E+03    0.547377151735554E+01    0.517151349166048E+00
    0.596920000000000E+03    0.567980068738575E+01    0.516653763708974E+00
    0.596940000000000E+03    0.572046653059897E+01    0.516648789372016E+00
    0.603200000000000E+03    0.588107879735912E+01    0.516265794915216E+00
    0.603220000000000E+03    0.592172940684168E+01    0.516262001419218E+00
    0.609480000000000E+03    0.607908695727815E+01    0.516020791299632E+00
    0.609500000000000E+03    0.611972761816151E+01    0.516018679702350E+00
    0.615760000000000E+03    0.627530205077323E+01    0.515925843682618E+00
    0.615780000000000E+03    0.327536207478261E-01    0.515925727667044E+00
    0.622040000000000E+03    0.188162526058250E+00    0.515985526630350E+00
    0.622060000000000E+03    0.228801920790829E+00    0.515987339340118E+00
    0.628320000000000E+03    0.385628977590386E+00    0.516201295340958E+00
    0.628340000000000E+03    0.426277061341580E+00    0.516204873733139E+00
    0.634620000000000E+03    0.626729541733539E+00    0.516560725948536E+00
    0.634640000000000E+03    0.667392059315034E+00    0.516565584275757E+00
    0.640900000000000E+03    0.831658188849815E+00    0.517041253113739E+00
    0.640920000000000E+03    0.872339940315214E+00    0.517046682413123E+00
    0.647180000000000E+03    0.104223787511137E+01    0.517616593190148E+00
    0.647200000000000E+03    0.108294225673762E+01    0.517621795625295E+00
    0.653460000000000E+03    0.125952708452019E+01    0.518237188345228E+00
    0.653480000000000E+03    0.130025670081022E+01    0.518241464052368E+00
    0.659740000000000E+03    0.148426765588397E+01    0.518881768038919E+00
    0.659760000000000E+03    0.152502277065264E+01    0.518884331998683E+00
    0.666020000000000E+03    0.171664896911534E+01    0.519499742617029E+00
    0.666040000000000E+03    0.175742908482403E+01    0.519500573808813E+00
    0.672320000000000E+03    0.199774001254923E+01    0.520059979436665E+00
    0.672340000000000E+03    0.203854245868865E+01    0.520058942917161E+00
    0.678600000000000E+03    0.224527324420728E+01    0.520522822332545E+00
    0.678620000000000E+03    0.228609411145885E+01    0.520520549866683E+00
    0.684880000000000E+03    0.249899911309558E+01    0.520876914890652E+00
    0.684900000000000E+03    0.253983415742869E+01    0.520874277418146E+00
    0.691160000000000E+03    0.275743549804179E+01    0.521110978704003E+00
    0.691180000000000E+03    0.279827990103422E+01    0.521108937453810E+00
    0.697440000000000E+03    0.301890598242926E+01    0.521227012902546E+00
    0.697460000000000E+03    0.305975507035555E+01    0.521226312205897E+00
    0.703720000000000E+03    0.328145315600977E+01    0.521234041608836E+00
    0.703740000000000E+03    0.332230241615252E+01    0.521234905606899E+00
    0.710000000000000E+03    0.354295754265172E+01    0.521117177596329E+00
    0.710020000000000E+03    0.358380222618644E+01    0.521119348392078E+00
    0.716300000000000E+03    0.384230526866304E+01    0.520889195273423E+00
    0.716320000000000E+03    0.388314053936483E+01    0.520891861005928E+00
    0.722580000000000E+03    0.409593474429857E+01    0.520525569617857E+00
    0.722600000000000E+03    0.413675526295219E+01    0.520527780707959E+00
    0.728860000000000E+03    0.434343405734103E+01    0.520063865066171E+00
    0.728880000000000E+03    0.438423670409998E+01    0.520064764874165E+00
    0.735140000000000E+03    0.458377739387856E+01    0.519503770906629E+00
    0.735160000000000E+03    0.462455749469359E+01    0.519502817594406E+00
    0.741420000000000E+03    0.481637082089196E+01    0.518882975481357E+00
    0.741440000000000E+03    0.485712612747739E+01    0.518880163881349E+00
    0.747700000000000E+03    0.504110241173430E+01    0.518233735327767E+00
    0.747720000000000E+03    0.508183173365160E+01    0.518229337986010E+00
    0.754000000000000E+03    0.529906017144913E+01    0.517601882558496E+00
    0.754020000000000E+03    0.533976420436511E+01    0.517596559584462E+00
    0.760280000000000E+03    0.550952502109772E+01    0.517025222581926E+00
    0.760300000000000E+03    0.555020592392702E+01    0.517019749572167E+00
    0.766560000000000E+03    0.571432201221091E+01    0.516552911158641E+00
    0.766580000000000E+03    0.575498404238851E+01    0.516548124984808E+00
    0.772840000000000E+03    0.591470226600882E+01    0.516193900188070E+00
    0.772860000000000E+03    0.595534999189817E+01    0.516190428424709E+00
    0.779120000000000E+03    0.611211178515123E+01    0.515981099675879E+00
    0.779140000000000E+03    0.615275095065317E+01    0.515979381661006E+00
    0.785400000000000E+03    0.249377359241407E-01    0.515923371091755E+00
    0.785420000000000E+03    0.655747227758638E-01    0.515923697016111E+00
    0.791700000000000E+03    0.261795281327068E+00    0.516018643774159E+00
    0.791720000000000E+03    0.302436024652479E+00    0.516020932128121E+00
    0.797980000000000E+03    0.459751470237279E+00    0.516269146536002E+00
    0.798000000000000E+03    0.500402304563522E+00    0.516273069894894E+00
    0.804260000000000E+03    0.661037020733147E+00    0.516655486148950E+00
    0.804280000000000E+03    0.701703216598162E+00    0.516660549802466E+00
    0.810540000000000E+03    0.867120492552885E+00    0.517161856218080E+00
    0.810560000000000E+03    0.907807228113597E+00    0.517167341600518E+00
    0.816820000000000E+03    0.107917517447754E+01    0.517746193299719E+00
    0.816840000000000E+03    0.111988507216415E+01    0.517751271990420E+00
    0.823100000000000E+03    0.129814123297388E+01    0.518386228106015E+00
    0.823120000000000E+03    0.133887677002349E+01    0.518390216944155E+00
    0.829400000000000E+03    0.156545573060839E+01    0.519033009659662E+00
    0.829420000000000E+03    0.160621717861818E+01    0.519035222174247E+00
    0.835680000000000E+03    0.179992889748883E+01    0.519644286338027E+00
    0.835700000000000E+03    0.184071477447515E+01    0.519644584644244E+00
    0.841960000000000E+03    0.204204794626321E+01    0.520180929010937E+00
    0.841980000000000E+03    0.208285525670181E+01    0.520179563528174E+00
    0.848240000000000E+03    0.229120928745260E+01    0.520623346348074E+00
    0.848260000000000E+03    0.233203418853554E+01    0.520620920395250E+00
    0.854520000000000E+03    0.254628739871237E+01    0.520947563996941E+00
    0.854540000000000E+03    0.258712566060126E+01    0.520945009707043E+00
    0.860800000000000E+03    0.280590044063979E+01    0.521167359282419E+00
    0.860820000000000E+03    0.284674746256701E+01    0.521165581313882E+00
    0.867080000000000E+03    0.306800894629305E+01    0.521254089505188E+00
    0.867100000000000E+03    0.310885904737393E+01    0.521253691382725E+00
    0.873380000000000E+03    0.337149741991243E+01    0.521230637912947E+00
    0.873400000000000E+03    0.341234660612804E+01    0.521231867564285E+00
    0.879660000000000E+03    0.363265492036498E+01    0.521086980650388E+00
    0.879680000000000E+03    0.367349834744869E+01    0.521089342302951E+00
    0.885940000000000E+03    0.389038849504846E+01    0.520827131591707E+00
    0.885960000000000E+03    0.393122159702557E+01    0.520829795616717E+00
    0.892220000000000E+03    0.414298690684655E+01    0.520444381289105E+00
    0.892240000000000E+03    0.418380483439137E+01    0.520446353848992E+00
    0.898500000000000E+03    0.438917004391760E+01    0.519959858367310E+00
    0.898520000000000E+03    0.442996839358716E+01    0.519960382393070E+00
    0.904780000000000E+03    0.462795239053116E+01    0.519374456373654E+00
    0.904800000000000E+03    0.466872771339013E+01    0.519373079534804E+00
    0.911080000000000E+03    0.489968680049401E+01    0.518744126067088E+00
    0.911100000000000E+03    0.494043650976846E+01    0.518740846844928E+00
    0.917360000000000E+03    0.512282459313474E+01    0.518094671031115E+00
    0.917380000000000E+03    0.516354835812604E+01    0.518089899958195E+00
    0.923640000000000E+03    0.533857696543691E+01    0.517472196204524E+00
    0.923660000000000E+03    0.537927583699070E+01    0.517466784642797E+00
    0.929920000000000E+03    0.554782259525200E+01    0.516919493885425E+00
    0.929940000000000E+03    0.558849925083541E+01    0.516914140196211E+00
    0.936200000000000E+03    0.575164123833770E+01    0.516463676777351E+00
    0.936220000000000E+03    0.579230010214724E+01    0.516459178408425E+00
    0.942480000000000E+03    0.595149335976043E+01    0.516148163603220E+00
    0.942500000000000E+03    0.599213967579180E+01    0.516145096450909E+00
    0.948780000000000E+03    0.618926024734355E+01    0.515964071672810E+00
    0.948800000000000E+03    0.622989873358392E+01    0.515962883075607E+00
    0.955060000000000E+03    0.102115131569462E+00    0.515942629230335E+00
    0.955080000000000E+03    0.142752801703182E+00    0.515943429878636E+00
    0.961340000000000E+03    0.298714475832185E+00    0.516074841861513E+00
    0.961360000000000E+03    0.339357460653218E+00    0.516077548545809E+00
    0.967620000000000E+03    0.497504816757555E+00    0.516360628549349E+00
    0.967640000000000E+03    0.538159318557746E+00    0.516364919834677E+00
    0.973900000000000E+03    0.699946797495613E+00    0.516772366723700E+00
    0.973920000000000E+03    0.740617758948247E+00    0.516777569129174E+00
    0.980180000000000E+03    0.907452760797241E+00    0.517300929460066E+00
    0.980200000000000E+03    0.948144837753262E+00    0.517306376670176E+00
    0.986480000000000E+03    0.116184283106736E+01    0.517906545360946E+00
    0.986500000000000E+03    0.120255936456897E+01    0.517911388103549E+00
    0.992760000000000E+03    0.138269425067369E+01    0.518549651233535E+00
    0.992780000000000E+03    0.142343624411092E+01    0.518553171914648E+00
    0.999040000000000E+03    0.161120823432384E+01    0.519187253316463E+00
    0.999060000000000E+03    0.165197583349664E+01    0.519189049092245E+00
    0.100532000000000E+04    0.184757416435878E+01    0.519782146683038E+00
    0.100534000000000E+04    0.188836549293137E+01    0.519782042020789E+00
    0.101160000000000E+04    0.209149064470694E+01    0.520301183862265E+00
    0.101162000000000E+04    0.213230276709646E+01    0.520299494328958E+00
    0.101788000000000E+04    0.234213900238547E+01    0.520710990528023E+00
    0.101790000000000E+04    0.238296713288810E+01    0.520708435750149E+00
    0.102416000000000E+04    0.259828005950476E+01    0.521007528835643E+00
    0.102418000000000E+04    0.263912041093863E+01    0.521005042078424E+00
    0.103046000000000E+04    0.289936364280811E+01    0.521192328666776E+00
    0.103048000000000E+04    0.294021123968514E+01    0.521190876356118E+00
    0.103674000000000E+04    0.316169789484547E+01    0.521254132056444E+00
    0.103676000000000E+04    0.320254801766941E+01    0.521254210725368E+00
    0.104302000000000E+04    0.342411015291646E+01    0.521204675931109E+00
    0.104304000000000E+04    0.346495812527428E+01    0.521206232450823E+00
    0.104930000000000E+04    0.368449325025767E+01    0.521028642003779E+00
    0.104932000000000E+04    0.372533400459042E+01    0.521031238666589E+00
    0.105558000000000E+04    0.394107915284621E+01    0.520742294267315E+00
    0.105560000000000E+04    0.398190876732588E+01    0.520744863297392E+00
    0.106186000000000E+04    0.419218432507660E+01    0.520333245226228E+00
    0.106188000000000E+04    0.423299761928592E+01    0.520334939925548E+00
    0.106816000000000E+04    0.447734621541031E+01    0.519821563753760E+00
    0.106818000000000E+04    0.451813919754659E+01    0.519821592000561E+00
    0.107444000000000E+04    0.471423214671222E+01    0.519228217628997E+00
    0.107446000000000E+04    0.475500124922382E+01    0.519226341943306E+00
    0.108072000000000E+04    0.494324886688628E+01    0.518587053300068E+00
    0.108074000000000E+04    0.498399232552219E+01    0.518583409718726E+00
    0.108700000000000E+04    0.516455136535433E+01    0.517943231137976E+00
    0.108702000000000E+04    0.520526911427487E+01    0.517938310131448E+00
    0.109328000000000E+04    0.537861677356113E+01    0.517327664353678E+00
    0.109330000000000E+04    0.541930979578319E+01    0.517322200262275E+00
    0.109956000000000E+04    0.558631855393969E+01    0.516794433661816E+00
    0.109958000000000E+04    0.562699030767681E+01    0.516789213133241E+00
    0.110586000000000E+04    0.582958823717900E+01    0.516366889208904E+00
    0.110588000000000E+04    0.587024274642727E+01    0.516362681843584E+00
    0.111214000000000E+04    0.602840413898684E+01    0.516076675419388E+00
    0.111216000000000E+04    0.606904724830883E+01    0.516074082911431E+00
    0.111842000000000E+04    0.622497149263199E+01    0.515933931874673E+00
    0.111844000000000E+04    0.626560881092291E+01    0.515933187315281E+00
    0.112470000000000E+04    0.137717570846235E+00    0.515950944498251E+00
    0.112472000000000E+04    0.178355503078365E+00    0.515952176822728E+00
    0.113098000000000E+04    0.334587746855050E+00    0.516117330146460E+00
    0.113100000000000E+04    0.375232484357184E+00    0.516120415251992E+00
    0.113726000000000E+04    0.534044170178277E+00    0.516441559460825E+00
    0.113728000000000E+04    0.574701847217057E+00    0.516446071156205E+00
    0.114354000000000E+04    0.737732030381267E+00    0.516893322330524E+00
    0.114356000000000E+04    0.778408494828454E+00    0.516898625827490E+00
    0.114984000000000E+04    0.987567497051259E+00    0.517452752821682E+00
    0.114986000000000E+04    0.102826574692108E+01    0.517458132804247E+00
    0.115612000000000E+04    0.120302444015351E+01    0.518066130582895E+00
    0.115614000000000E+04    0.124374719351545E+01    0.518070758132542E+00
    0.116240000000000E+04    0.142579176876143E+01    0.518713996563067E+00
    0.116242000000000E+04    0.146654040989733E+01    0.518717187973211E+00
    0.116868000000000E+04    0.165632707136820E+01    0.519343542945500E+00
    0.116870000000000E+04    0.169710119781803E+01    0.519344853019803E+00
    0.117496000000000E+04    0.189483622807575E+01    0.519924103100917E+00
    0.117498000000000E+04    0.193563410084471E+01    0.519923630920299E+00
    0.118124000000000E+04    0.214088704760024E+01    0.520432520165960E+00
    0.118126000000000E+04    0.218170477999865E+01    0.520430520086626E+00
    0.118754000000000E+04    0.243413953905974E+01    0.520813640614893E+00
    0.118756000000000E+04    0.247497206898424E+01    0.520811012956331E+00
    0.119382000000000E+04    0.269178999081078E+01    0.521086087613540E+00
    0.119384000000000E+04    0.273263327556833E+01    0.521083804346266E+00
    0.120010000000000E+04    0.295286854979668E+01    0.521237237981427E+00
    0.120012000000000E+04    0.299371719408055E+01    0.521236138930764E+00
    0.120638000000000E+04    0.321544877302495E+01    0.521264331207211E+00
    0.120640000000000E+04    0.325629922954340E+01    0.521264755505282E+00
    0.121266000000000E+04    0.347774231536960E+01    0.521187536625214E+00
    0.121268000000000E+04    0.351858971092543E+01    0.521189425134653E+00
    0.121894000000000E+04    0.373757740435985E+01    0.520981757367422E+00
    0.121896000000000E+04    0.377841673890589E+01    0.520984378614035E+00
    0.122524000000000E+04    0.403392340355185E+01    0.520663391964596E+00
    0.122526000000000E+04    0.407474975432297E+01    0.520665807160379E+00
    0.123152000000000E+04    0.428357666396096E+01    0.520225683417149E+00
    0.123154000000000E+04    0.432438570784734E+01    0.520227001149357E+00
    0.123780000000000E+04    0.452629794412451E+01    0.519694226715974E+00
    0.123782000000000E+04    0.456708578583221E+01    0.519693821583274E+00
    0.124408000000000E+04    0.476140239346250E+01    0.519084425979667E+00
    0.124410000000000E+04    0.480216576021667E+01    0.519082113252170E+00
    0.125036000000000E+04    0.498864864778307E+01    0.518441078131067E+00
    0.125038000000000E+04    0.502938628650600E+01    0.518437070818136E+00
    0.125664000000000E+04    0.520823549109809E+01    0.517798365518324E+00
    0.125666000000000E+04    0.524894693190208E+01    0.517793273463608E+00
    0.126294000000000E+04    0.546106169920176E+01    0.517184430463507E+00
    0.126296000000000E+04    0.550174882865758E+01    0.517178951432419E+00
    0.126922000000000E+04    0.566729569422387E+01    0.516672159896079E+00
    0.126924000000000E+04    0.570796244573239E+01    0.516667110390459E+00
    0.127550000000000E+04    0.586880873928612E+01    0.516286531542092E+00
    0.127552000000000E+04    0.590946012231598E+01    0.516282649596017E+00
    0.128178000000000E+04    0.606694801459525E+01    0.516029388372397E+00
    0.128180000000000E+04    0.610758914550706E+01    0.516027176580111E+00
    0.128806000000000E+04    0.626320456638132E+01    0.515923925450698E+00
    0.128808000000000E+04    0.206559716830270E-01    0.515923656354269E+00
    0.129434000000000E+04    0.176034945254287E+00    0.515981504295464E+00
    0.129436000000000E+04    0.216674263994719E+00    0.515983281063072E+00
    0.130062000000000E+04    0.373479381206835E+00    0.516188513393469E+00
    0.130064000000000E+04    0.414126875322381E+00    0.516192023511850E+00
    0.130692000000000E+04    0.614380784475998E+00    0.516538939434182E+00
    0.130694000000000E+04    0.655042288456116E+00    0.516543763800823E+00
    0.131320000000000E+04    0.819051456934631E+00    0.517015445573981E+00
    0.131322000000000E+04    0.859732802686267E+00    0.517020866096258E+00
    0.131948000000000E+04    0.102952259337508E+01    0.517585577967349E+00
    0.131950000000000E+04    0.107022607417230E+01    0.517590843196830E+00
    0.132576000000000E+04    0.124652812169370E+01    0.518209768935779E+00
    0.132578000000000E+04    0.128725667222898E+01    0.518214100972064E+00
    0.133204000000000E+04    0.147100848549962E+01    0.518858717051918E+00
    0.133206000000000E+04    0.151176290808053E+01    0.518861490994802E+00
    0.133832000000000E+04    0.170330027552018E+01    0.519478989588981E+00
    0.133834000000000E+04    0.174407966107856E+01    0.519479895524404E+00
    0.134462000000000E+04    0.198418593335828E+01    0.520043709243259E+00
    0.134464000000000E+04    0.202498767026009E+01    0.520042748179300E+00
    0.135090000000000E+04    0.223149419991205E+01    0.520511703975774E+00
    0.135092000000000E+04    0.227231464062106E+01    0.520509458519365E+00
    0.135718000000000E+04    0.248507018016880E+01    0.520873269969268E+00
    0.135720000000000E+04    0.252590507004652E+01    0.520870622192711E+00
    0.136346000000000E+04    0.274337220887764E+01    0.521116395792070E+00
    0.136348000000000E+04    0.278421526685861E+01    0.521114426201019E+00
    0.136974000000000E+04    0.300451445449426E+01    0.521224994192448E+00
    0.136976000000000E+04    0.304536314910911E+01    0.521224191113793E+00
    0.137602000000000E+04    0.326694223869845E+01    0.521231876329952E+00
    0.137604000000000E+04    0.330779151194201E+01    0.521232726654579E+00
    0.138232000000000E+04    0.356936697394576E+01    0.521125931339553E+00
    0.138234000000000E+04    0.361021186846074E+01    0.521128063660810E+00
    0.138860000000000E+04    0.382756341494178E+01    0.520931682552824E+00
    0.138862000000000E+04    0.386839698906579E+01    0.520934194724016E+00
    0.139488000000000E+04    0.408063577456915E+01    0.520490848586972E+00
    0.139490000000000E+04    0.412145523948629E+01    0.520493087413186E+00
    0.140116000000000E+04    0.432778376015858E+01    0.520031715357729E+00
    0.140118000000000E+04    0.436858504977636E+01    0.520032709203196E+00
    0.140744000000000E+04    0.456779246324004E+01    0.519477798015937E+00
    0.140746000000000E+04    0.460857171758835E+01    0.519476986496679E+00
    0.141372000000000E+04    0.480009603060353E+01    0.518858753031910E+00
    0.141374000000000E+04    0.484085031942641E+01    0.518855953840320E+00
    0.142000000000000E+04    0.502452492739303E+01    0.518209830340046E+00
    0.142002000000000E+04    0.506525337315179E+01    0.518205559676482E+00
    0.142630000000000E+04    0.528213585336471E+01    0.517571294992473E+00
    0.142632000000000E+04    0.532283859909239E+01    0.517565995339609E+00
    0.143258000000000E+04    0.549219396338231E+01    0.516994496623245E+00
    0.143260000000000E+04    0.553287379068161E+01    0.516989043592258E+00
    0.143886000000000E+04    0.569643584035930E+01    0.516505653510459E+00
    0.143888000000000E+04    0.573709599582753E+01    0.516500790771627E+00
    0.144514000000000E+04    0.589614349512431E+01    0.516140151436358E+00
    0.144516000000000E+04    0.593678884269775E+01    0.516136567436121E+00
    0.145142000000000E+04    0.609261191557698E+01    0.515912752697685E+00
    0.145144000000000E+04    0.613324743959402E+01    0.515910915766734E+00
    0.145770000000000E+04    0.418925290341576E-02    0.515827527225696E+00
    0.145772000000000E+04    0.448222538880145E-01    0.515827597727379E+00
    0.146400000000000E+04    0.239765942689246E+00    0.515913624583731E+00
    0.146402000000000E+04    0.280402399350805E+00    0.515915779051597E+00
    0.147028000000000E+04    0.436329910279710E+00    0.516141737955460E+00
    0.147030000000000E+04    0.476975636272982E+00    0.516145512511109E+00
    0.147656000000000E+04    0.636067614632793E+00    0.516516499828970E+00
    0.147658000000000E+04    0.676728292187818E+00    0.516521479396545E+00
    0.148284000000000E+04    0.840336664540246E+00    0.517001253609126E+00
    0.148286000000000E+04    0.881016806032221E+00    0.517006708170225E+00
    0.148912000000000E+04    0.105049411536129E+01    0.517585431899094E+00
    0.148914000000000E+04    0.109119769015160E+01    0.517590626658307E+00
    0.149540000000000E+04    0.126746782086275E+01    0.518212546943252E+00
    0.149542000000000E+04    0.130819677437876E+01    0.518216671278053E+00
    0.150170000000000E+04    0.153275244216411E+01    0.518867376490500E+00
    0.150172000000000E+04    0.157350725073366E+01    0.518869853562905E+00
    0.150798000000000E+04    0.176512622596510E+01    0.519475844303069E+00
    0.150800000000000E+04    0.180590560051769E+01    0.519476419704930E+00
    0.151426000000000E+04    0.200524946255427E+01    0.520033535797747E+00
    0.151428000000000E+04    0.204605115131653E+01    0.520032320992290E+00
    0.152054000000000E+04    0.225247316314335E+01    0.520483509233720E+00
    0.152056000000000E+04    0.229329282460185E+01    0.520481203181175E+00
    0.152682000000000E+04    0.250585506738298E+01    0.520832671704153E+00
    0.152684000000000E+04    0.254668862295694E+01    0.520829968558533E+00
    0.153310000000000E+04    0.276379103869385E+01    0.521059115065203E+00
    0.153312000000000E+04    0.280463349824322E+01    0.521057176032905E+00
    0.153940000000000E+04    0.306543724008043E+01    0.521166898929375E+00
    0.153942000000000E+04    0.310628388570831E+01    0.521166333179389E+00
    0.154568000000000E+04    0.332715029876999E+01    0.521162346893233E+00
    0.154570000000000E+04    0.336799679999058E+01    0.521163351567581E+00
    0.155196000000000E+04    0.358767607412301E+01    0.521039756646864E+00
    0.155198000000000E+04    0.362851761227239E+01    0.521041989439053E+00
    0.155824000000000E+04    0.384506019507262E+01    0.520796072377722E+00
    0.155826000000000E+04    0.388589205946664E+01    0.520798739402524E+00
    0.156452000000000E+04    0.409760170529853E+01    0.520435423236112E+00
    0.156454000000000E+04    0.413841901616024E+01    0.520437569757693E+00
    0.157080000000000E+04    0.434386264217846E+01    0.519963364403638E+00
    0.157082000000000E+04    0.438466122019327E+01    0.519964193083746E+00
    0.157708000000000E+04    0.458285707979348E+01    0.519398038592234E+00
    0.157710000000000E+04    0.462363287022254E+01    0.519396972156007E+00
    0.158338000000000E+04    0.485483883906682E+01    0.518773726194051E+00
    0.158340000000000E+04    0.489558974015654E+01    0.518770772033277E+00
    0.158966000000000E+04    0.507814292742978E+01    0.518115370753020E+00
    0.158968000000000E+04    0.511886744921685E+01    0.518110896122730E+00
    0.159594000000000E+04    0.529382814984274E+01    0.517481625469379E+00
    0.159596000000000E+04    0.533452722592438E+01    0.517476264430039E+00
    0.160222000000000E+04    0.550284796210371E+01    0.516914613605487E+00
    0.160224000000000E+04    0.554352448858072E+01    0.516909190940473E+00
    0.160850000000000E+04    0.570623963750904E+01    0.516437387755792E+00
    0.160852000000000E+04    0.574689703904869E+01    0.516432618885022E+00
    0.161478000000000E+04    0.590523409632488E+01    0.516083721823794E+00
    0.161480000000000E+04    0.594587723810901E+01    0.516080266922783E+00
    0.162108000000000E+04    0.614180889677391E+01    0.515865438138485E+00
    0.162110000000000E+04    0.618244321757993E+01    0.515863808571501E+00
    0.162736000000000E+04    0.531293367289436E-01    0.515806785303355E+00
    0.162738000000000E+04    0.937616046794574E-01    0.515807202841255E+00
    0.163364000000000E+04    0.247904410564843E+00    0.515909240999343E+00
    0.163366000000000E+04    0.288540514692613E+00    0.515911543626229E+00
    0.163992000000000E+04    0.444366973360957E+00    0.516149356123116E+00
    0.163994000000000E+04    0.485012571099105E+00    0.516153247943406E+00
    0.164620000000000E+04    0.644151518815761E+00    0.516537021598905E+00
    0.164622000000000E+04    0.684813078190018E+00    0.516542040502540E+00
    0.165248000000000E+04    0.848704251816343E+00    0.517038574568021E+00
    0.165250000000000E+04    0.889385644368758E+00    0.517044020277281E+00
    0.165878000000000E+04    0.109975742876395E+01    0.517624971040347E+00
    0.165880000000000E+04    0.114046169691437E+01    0.517630073228878E+00
    0.166506000000000E+04    0.131716606998680E+01    0.518262653088694E+00
    0.166508000000000E+04    0.135789671016209E+01    0.518266642581507E+00
    0.167134000000000E+04    0.154214928840838E+01    0.518905689445507E+00
    0.167136000000000E+04    0.158290533554737E+01    0.518907855705583E+00
    0.167762000000000E+04    0.177489414498405E+01    0.519514009833062E+00
    0.167764000000000E+04    0.181567483838444E+01    0.519514402081499E+00
    0.168390000000000E+04    0.201542241284142E+01    0.520062123457477E+00
    0.168392000000000E+04    0.205622500502523E+01    0.520060850098088E+00
    0.169018000000000E+04    0.226297547062813E+01    0.520503425067231E+00
    0.169020000000000E+04    0.230379554712727E+01    0.520501040523155E+00
    0.169648000000000E+04    0.255729677440650E+01    0.520832669504447E+00
    0.169650000000000E+04    0.259813024040159E+01    0.520830092664352E+00
    0.170276000000000E+04    0.281538156081842E+01    0.521058862577454E+00
    0.170278000000000E+04    0.285622383875307E+01    0.521057016921276E+00
    0.170904000000000E+04    0.307614565560289E+01    0.521156494573737E+00
    0.170906000000000E+04    0.311699187290787E+01    0.521156054371224E+00
    0.171532000000000E+04    0.333762678188350E+01    0.521144623640869E+00
    0.171534000000000E+04    0.337847223266317E+01    0.521145764995578E+00
    0.172160000000000E+04    0.359763235308901E+01    0.521008125944638E+00
    0.172162000000000E+04    0.363847180478115E+01    0.521010367952598E+00
    0.172788000000000E+04    0.385426222312299E+01    0.520746759226924E+00
    0.172790000000000E+04    0.389509171702321E+01    0.520749493911923E+00
    0.173416000000000E+04    0.410607030247866E+01    0.520379840655319E+00
    0.173418000000000E+04    0.414688547814512E+01    0.520381931115244E+00
    0.174046000000000E+04    0.439230818663373E+01    0.519897628493499E+00
    0.174048000000000E+04    0.443310434494515E+01    0.519898246760265E+00
    0.174674000000000E+04    0.463047065591991E+01    0.519331928357579E+00
    0.174676000000000E+04    0.467124393552285E+01    0.519330713905946E+00
    0.175302000000000E+04    0.486081678331675E+01    0.518694748941813E+00
    0.175304000000000E+04    0.490156479511870E+01    0.518691677363421E+00
