    0.000000000000000E+00    0.190000000000000E+01    0.530000000000000E+00
    0.200000000000000E-01    0.194119998843220E+01    0.529999409557251E+00
    0.630000000000000E+01    0.231352694771451E+01    0.530425827344884E+00
    0.632000000000000E+01    0.235474407181506E+01    0.530423383886322E+00
    0.125800000000000E+02    0.269160583495093E+01    0.530685032656348E+00
    0.126000000000000E+02    0.273283312471484E+01    0.530682744010638E+00
    0.188600000000000E+02    0.307310596482788E+01    0.530790827925858E+00
    0.188800000000000E+02    0.311433760261584E+01    0.530790397091742E+00
    0.251400000000000E+02    0.345527129948677E+01    0.530752657198654E+00
    0.251600000000000E+02    0.349650138710059E+01    0.530754383372258E+00
    0.314200000000000E+02    0.383531500846134E+01    0.530573793694677E+00
    0.314400000000000E+02    0.387653936090484E+01    0.530576328087752E+00
    0.377000000000000E+02    0.421112319696411E+01    0.530254409668480E+00
    0.377200000000000E+02    0.425233354869037E+01    0.530256002367689E+00
    0.440000000000000E+02    0.462129059894225E+01    0.529737263953128E+00
    0.440200000000000E+02    0.466248002518189E+01    0.529736109429851E+00
    0.502800000000000E+02    0.498252528494874E+01    0.529097005826064E+00
    0.503000000000000E+02    0.502368918300658E+01    0.529093121209985E+00
    0.565600000000000E+02    0.533610133809739E+01    0.528430615836584E+00
    0.565800000000000E+02    0.537723846025726E+01    0.528425182343806E+00
    0.628400000000000E+02    0.568309323236520E+01    0.527863267973044E+00
    0.628600000000000E+02    0.572420763374035E+01    0.527858336228397E+00
    0.691200000000000E+02    0.602533660151965E+01    0.527494732027729E+00
    0.691400000000000E+02    0.606643611385229E+01    0.527492228403556E+00
    0.754000000000000E+02    0.822214455104699E-01    0.527413937545046E+00
    0.754200000000000E+02    0.123318027438160E+00    0.527414826279324E+00
    0.817000000000000E+02    0.464071592103750E+00    0.527632524189851E+00
    0.817200000000000E+02    0.505176844003387E+00    0.527636440434642E+00
    0.879800000000000E+02    0.808176844568322E+00    0.528105407902676E+00
    0.880000000000000E+02    0.849301176100880E+00    0.528110814115272E+00
    0.942600000000000E+02    0.115792961426564E+01    0.528731738820041E+00
    0.942800000000000E+02    0.119907877293534E+01    0.528736516334228E+00
    0.100540000000000E+03    0.151368749450515E+01    0.529451789363205E+00
    0.100560000000000E+03    0.155485743299977E+01    0.529453406613030E+00
    0.106820000000000E+03    0.187672300523178E+01    0.529857505053512E+00
    0.106840000000000E+03    0.191791730851040E+01    0.529857143935687E+00
    0.113100000000000E+03    0.224722790402154E+01    0.530302095441989E+00
    0.113120000000000E+03    0.228843996942297E+01    0.530299752370442E+00
    0.119400000000000E+03    0.266484872301695E+01    0.530574141938552E+00
    0.119420000000000E+03    0.270607167184951E+01    0.530571769481400E+00
    0.125680000000000E+03    0.304496795435625E+01    0.530693136608160E+00
    0.125700000000000E+03    0.308619563667298E+01    0.530692484018185E+00
    0.131960000000000E+03    0.342607371389738E+01    0.530675319014644E+00
    0.131980000000000E+03    0.346730063814005E+01    0.530676899003297E+00
    0.138240000000000E+03    0.380524879224225E+01    0.530506433658820E+00
    0.138260000000000E+03    0.384646906134248E+01    0.530509093529262E+00
    0.144520000000000E+03    0.417993868379978E+01    0.530176296830619E+00
    0.144540000000000E+03    0.422114566981446E+01    0.530178090168698E+00
    0.150800000000000E+03    0.454809016489139E+01    0.529675144993318E+00
    0.150820000000000E+03    0.458927725505919E+01    0.529674458014832E+00
    0.157080000000000E+03    0.490862650746834E+01    0.529046474487767E+00
    0.157100000000000E+03    0.494978833550334E+01    0.529042954344060E+00
    0.163380000000000E+03    0.530257132556187E+01    0.528375719849401E+00
    0.163400000000000E+03    0.534370639826921E+01    0.528370389241359E+00
    0.169660000000000E+03    0.564857377568069E+01    0.527786140778813E+00
    0.169680000000000E+03    0.568968512749086E+01    0.527781050797994E+00
    0.175940000000000E+03    0.598963340669957E+01    0.527394278511645E+00
    0.175960000000000E+03    0.603072905430020E+01    0.527391382878231E+00
    0.182220000000000E+03    0.449749212754682E-01    0.527270543964063E+00
    0.182240000000000E+03    0.860656958869299E-01    0.527270950708186E+00
    0.188500000000000E+03    0.383752856862145E+00    0.527449246181829E+00
    0.188520000000000E+03    0.424850613670003E+00    0.527452753856039E+00
    0.194780000000000E+03    0.725188515873299E+00    0.527898751493677E+00
    0.194800000000000E+03    0.766302093087234E+00    0.527903931224072E+00
    0.201080000000000E+03    0.111281562569900E+01    0.528462151682577E+00
    0.201100000000000E+03    0.115395406271625E+01    0.528467167113957E+00
    0.207360000000000E+03    0.146651636620811E+01    0.529130860743931E+00
    0.207380000000000E+03    0.150768168001127E+01    0.529133801347688E+00
    0.213640000000000E+03    0.182797683340118E+01    0.529738355981630E+00
    0.213660000000000E+03    0.186916639632869E+01    0.529738411364316E+00
    0.219920000000000E+03    0.219696334417409E+01    0.530209050663487E+00
    0.219940000000000E+03    0.223817169588750E+01    0.530206882725751E+00
    0.226200000000000E+03    0.257220228670957E+01    0.530515034946070E+00
    0.226220000000000E+03    0.261342288792270E+01    0.530512493282471E+00
    0.232480000000000E+03    0.295152848199649E+01    0.530655881807929E+00
    0.232500000000000E+03    0.299275468250880E+01    0.530654805421019E+00
    0.238780000000000E+03    0.337353376760296E+01    0.530660398010377E+00
    0.238800000000000E+03    0.341476006961034E+01    0.530661650247209E+00
    0.245060000000000E+03    0.375285970361813E+01    0.530518964308698E+00
    0.245080000000000E+03    0.379408049677807E+01    0.530521573531846E+00
    0.251340000000000E+03    0.412808101143435E+01    0.530218432763321E+00
    0.251360000000000E+03    0.416928938929914E+01    0.530220478134501E+00
    0.257620000000000E+03    0.449677399735401E+01    0.529740469323815E+00
    0.257640000000000E+03    0.453796153011308E+01    0.529739981297563E+00
    0.263900000000000E+03    0.485784533327103E+01    0.529107061558254E+00
    0.263920000000000E+03    0.489900958729174E+01    0.529103962723622E+00
    0.270180000000000E+03    0.521104025902935E+01    0.528434076966034E+00
    0.270200000000000E+03    0.525217752501180E+01    0.528428934485149E+00
    0.276480000000000E+03    0.559850203852261E+01    0.527820054276797E+00
    0.276500000000000E+03    0.563961483319702E+01    0.527814789225969E+00
    0.282760000000000E+03    0.593950064719547E+01    0.527382723921941E+00
    0.282780000000000E+03    0.598059588634658E+01    0.527379333130178E+00
    0.289040000000000E+03    0.627750833838343E+01    0.527208751332840E+00
    0.289060000000000E+03    0.354110574677406E-01    0.527208532626469E+00
    0.295320000000000E+03    0.332038587520174E+00    0.527329415349394E+00
    0.295340000000000E+03    0.373131808070070E+00    0.527332433075317E+00
    0.301600000000000E+03    0.672262085836792E+00    0.527723217412541E+00
    0.301620000000000E+03    0.713371134665408E+00    0.527728348940468E+00
    0.307880000000000E+03    0.101740392291129E+01    0.528306939035886E+00
    0.307900000000000E+03    0.105853621938161E+01    0.528312198238159E+00
    0.314160000000000E+03    0.136932049440509E+01    0.528975374980838E+00
    0.314180000000000E+03    0.141047959255468E+01    0.528978868565315E+00
    0.320460000000000E+03    0.177012012005207E+01    0.529603665030091E+00
    0.320480000000000E+03    0.181130439783169E+01    0.529604215953210E+00
    0.326740000000000E+03    0.213743125101678E+01    0.530105186170836E+00
    0.326760000000000E+03    0.217863544116426E+01    0.530103315829259E+00
    0.333020000000000E+03    0.251126189869808E+01    0.530439588386213E+00
    0.333040000000000E+03    0.255247957986830E+01    0.530436983604208E+00
    0.339300000000000E+03    0.288967069428179E+01    0.530612280103993E+00
    0.339320000000000E+03    0.293089513518544E+01    0.530610832747846E+00
    0.345580000000000E+03    0.327008369727082E+01    0.530643869210225E+00
    0.345600000000000E+03    0.331130933546206E+01    0.530644618071164E+00
    0.351860000000000E+03    0.364971175562528E+01    0.530529316529715E+00
    0.351880000000000E+03    0.369093293883702E+01    0.530531768290442E+00
    0.358160000000000E+03    0.406680161509996E+01    0.530262020850546E+00
    0.358180000000000E+03    0.410801215223046E+01    0.530264355222637E+00
    0.364440000000000E+03    0.443682711178747E+01    0.529823946572086E+00
    0.364460000000000E+03    0.447801995169812E+01    0.529824232383548E+00
    0.370720000000000E+03    0.479947357489368E+01    0.529222768320876E+00
    0.370740000000000E+03    0.484064281625842E+01    0.529220138376448E+00
    0.377000000000000E+03    0.515436883769974E+01    0.528564043077313E+00
    0.377020000000000E+03    0.519551166090571E+01    0.528559125248603E+00
    0.383280000000000E+03    0.550198342872034E+01    0.527928822620839E+00
    0.383300000000000E+03    0.554310058767931E+01    0.527923406752227E+00
    0.389560000000000E+03    0.584387668959073E+01    0.527452765136608E+00
    0.389580000000000E+03    0.588497473200664E+01    0.527448837763509E+00
    0.395860000000000E+03    0.622339434979142E+01    0.527222398717815E+00
    0.395880000000000E+03    0.626448296449576E+01    0.527221603931234E+00
    0.402140000000000E+03    0.277745675348683E+00    0.527282965249065E+00
    0.402160000000000E+03    0.318836826362940E+00    0.527285427052618E+00
    0.408420000000000E+03    0.617260746262104E+00    0.527633535559436E+00
    0.408440000000000E+03    0.658366149491712E+00    0.527638386367608E+00
    0.414700000000000E+03    0.961349576570797E+00    0.528190557966659E+00
    0.414720000000000E+03    0.100247717485195E+01    0.528195940553313E+00
    0.420980000000000E+03    0.131187994042136E+01    0.528849328630271E+00
    0.421000000000000E+03    0.135303403302623E+01    0.528853264850197E+00
    0.427260000000000E+03    0.166998192987239E+01    0.529489744119119E+00
    0.427280000000000E+03    0.171116136567798E+01    0.529490721988863E+00
    0.433540000000000E+03    0.203572745876852E+01    0.530016434239948E+00
    0.433560000000000E+03    0.207692813650544E+01    0.530014913887520E+00
    0.439840000000000E+03    0.244959866045576E+01    0.530389300385492E+00
    0.439860000000000E+03    0.249081427870090E+01    0.530386682483032E+00
    0.446120000000000E+03    0.282729310733203E+01    0.530589185763867E+00
    0.446140000000000E+03    0.286851663611071E+01    0.530587407105386E+00
    0.452400000000000E+03    0.320748021575116E+01    0.530644963619194E+00
    0.452420000000000E+03    0.324870579375306E+01    0.530645342691046E+00
    0.458680000000000E+03    0.358682791224976E+01    0.530614254508361E+00
    0.458700000000000E+03    0.362804799070739E+01    0.530616481135054E+00
    0.464960000000000E+03    0.396247990227084E+01    0.530239719055859E+00
    0.464980000000000E+03    0.400368952517078E+01    0.530242254396253E+00
    0.471240000000000E+03    0.433270473194614E+01    0.529832716601123E+00
    0.471260000000000E+03    0.437389792427871E+01    0.529833542937001E+00
    0.477540000000000E+03    0.473698471673993E+01    0.529268749780224E+00
    0.477560000000000E+03    0.477815545256010E+01    0.529266722881271E+00
    0.483820000000000E+03    0.509224970640764E+01    0.528607665103508E+00
    0.483840000000000E+03    0.513339396198671E+01    0.528603074298885E+00
    0.490100000000000E+03    0.544008715201016E+01    0.527964134324275E+00
    0.490120000000000E+03    0.548120566315072E+01    0.527958638887202E+00
    0.496380000000000E+03    0.578180146418458E+01    0.527440514568807E+00
    0.496400000000000E+03    0.582289894018822E+01    0.527436116620821E+00
    0.502660000000000E+03    0.611953405868417E+01    0.527156913667809E+00
    0.502680000000000E+03    0.616061967801807E+01    0.527155399453567E+00
    0.508940000000000E+03    0.172580853960653E+00    0.527142544977392E+00
    0.508960000000000E+03    0.213666456655574E+00    0.527144250519556E+00
    0.515240000000000E+03    0.551274386983778E+00    0.527437299918450E+00
    0.515260000000000E+03    0.592371933129016E+00    0.527441853652228E+00
    0.521520000000000E+03    0.892928272846120E+00    0.527955268251346E+00
    0.521540000000000E+03    0.934046456719443E+00    0.527960711251339E+00
    0.527800000000000E+03    0.124064382836491E+01    0.528600522246302E+00
    0.527820000000000E+03    0.128178797281657E+01    0.528604933589762E+00
    0.534080000000000E+03    0.159575515837469E+01    0.529253883885610E+00
    0.534100000000000E+03    0.163692519474830E+01    0.529255601639267E+00
    0.540360000000000E+03    0.195843578362496E+01    0.529811252049647E+00
    0.540380000000000E+03    0.199962834580060E+01    0.529810341130698E+00
    0.546640000000000E+03    0.232834947424567E+01    0.530221546904267E+00
    0.546660000000000E+03    0.236955835229992E+01    0.530219015547619E+00
    0.552940000000000E+03    0.274510869550886E+01    0.530460678232769E+00
    0.552960000000000E+03    0.278632702757614E+01    0.530458547715910E+00
    0.559220000000000E+03    0.312375486518886E+01    0.530550403785619E+00
    0.559240000000000E+03    0.316497687188553E+01    0.530550208126473E+00
    0.565500000000000E+03    0.350279031582295E+01    0.530502405966347E+00
    0.565520000000000E+03    0.354401036447621E+01    0.530504406746997E+00
    0.571780000000000E+03    0.387942171537679E+01    0.530307070136229E+00
    0.571800000000000E+03    0.392063395483387E+01    0.530309723083828E+00
    0.578060000000000E+03    0.425107441226805E+01    0.529941332234926E+00
    0.578080000000000E+03    0.429227216738241E+01    0.529942764770575E+00
    0.584340000000000E+03    0.461594575089430E+01    0.529411944849651E+00
    0.584360000000000E+03    0.465712217979217E+01    0.529410691557670E+00
    0.590620000000000E+03    0.497308951340210E+01    0.528771241836540E+00
    0.590640000000000E+03    0.501424034937850E+01    0.528767281729465E+00
    0.596920000000000E+03    0.536368921005555E+01    0.528100958781401E+00
    0.596940000000000E+03    0.540481257495071E+01    0.528095551292636E+00
    0.603200000000000E+03    0.570629587559392E+01    0.527529320174849E+00
    0.603220000000000E+03    0.574739646294552E+01    0.527524489967564E+00
    0.609480000000000E+03    0.604443308926488E+01    0.527173387234792E+00
    0.609500000000000E+03    0.608552000086570E+01    0.527170966862517E+00
    0.615760000000000E+03    0.973927205327527E-01    0.527103651870862E+00
    0.615780000000000E+03    0.138476445192964E+00    0.527104644899862E+00
    0.622040000000000E+03    0.434115193589378E+00    0.527309583854955E+00
    0.622060000000000E+03    0.475207403520471E+00    0.527313448659024E+00
    0.628320000000000E+03    0.774167919594447E+00    0.527776301225992E+00
    0.628340000000000E+03    0.815279106388289E+00    0.527781710778891E+00
    0.634620000000000E+03    0.116096371426352E+01    0.528403639061200E+00
    0.634640000000000E+03    0.120209992219725E+01    0.528408474125160E+00
    0.640900000000000E+03    0.151384283590824E+01    0.529071770529667E+00
    0.640920000000000E+03    0.155500577741600E+01    0.529074352426851E+00
    0.647180000000000E+03    0.187451617917168E+01    0.529665242567888E+00
    0.647200000000000E+03    0.191570290083291E+01    0.529664903121129E+00
    0.653460000000000E+03    0.224263657933398E+01    0.530121755183645E+00
    0.653480000000000E+03    0.228384141153515E+01    0.530119457086515E+00
    0.659740000000000E+03    0.261674053738898E+01    0.530401688975437E+00
    0.659760000000000E+03    0.265795656908313E+01    0.530399223756893E+00
    0.666020000000000E+03    0.299469259541320E+01    0.530534188010413E+00
    0.666040000000000E+03    0.303591368472075E+01    0.530533361798610E+00
    0.672320000000000E+03    0.341499458993985E+01    0.530520756015391E+00
    0.672340000000000E+03    0.345621542603885E+01    0.530522283240518E+00
    0.678600000000000E+03    0.379238255207997E+01    0.530364495221489E+00
    0.678620000000000E+03    0.383359694847309E+01    0.530367139668009E+00
    0.684880000000000E+03    0.416540850829119E+01    0.530043182352107E+00
    0.684900000000000E+03    0.420661035919966E+01    0.530045142910747E+00
    0.691160000000000E+03    0.453213705628787E+01    0.529562940322802E+00
    0.691180000000000E+03    0.457331957146334E+01    0.529562456128069E+00
    0.697440000000000E+03    0.489130554674489E+01    0.528939753666157E+00
    0.697460000000000E+03    0.493246341631993E+01    0.528936310174528E+00
    0.703720000000000E+03    0.524280773196529E+01    0.528281597939947E+00
    0.703740000000000E+03    0.528393911213675E+01    0.528276374798298E+00
    0.710000000000000E+03    0.558741894269860E+01    0.527680499076725E+00
    0.710020000000000E+03    0.562852605394164E+01    0.527675281009579E+00
    0.716300000000000E+03    0.596796797325214E+01    0.527261652061973E+00
    0.716320000000000E+03    0.600905834940932E+01    0.527258484649987E+00
    0.722580000000000E+03    0.214360061681873E-01    0.527109303012873E+00
    0.722600000000000E+03    0.625203259121463E-01    0.527109366055829E+00
    0.728860000000000E+03    0.358047255422207E+00    0.527259139976701E+00
    0.728880000000000E+03    0.399137270753727E+00    0.527262414196041E+00
    0.735140000000000E+03    0.697242238452645E+00    0.527657415781773E+00
    0.735160000000000E+03    0.738348188744567E+00    0.527662606442864E+00
    0.741420000000000E+03    0.104153378577053E+01    0.528253108606347E+00
    0.741440000000000E+03    0.108266403292896E+01    0.528258320022754E+00
    0.747700000000000E+03    0.139267327569905E+01    0.528917940964853E+00
    0.747720000000000E+03    0.143383006301065E+01    0.528921272065756E+00
    0.754000000000000E+03    0.179273951373375E+01    0.529541273115261E+00
    0.754020000000000E+03    0.183392129612730E+01    0.529541655279637E+00
    0.760280000000000E+03    0.215926992472714E+01    0.530033861013591E+00
    0.760300000000000E+03    0.220047125611427E+01    0.530031915459512E+00
    0.766560000000000E+03    0.253225861491069E+01    0.530355421671653E+00
    0.766580000000000E+03    0.257347320413669E+01    0.530352845867610E+00
    0.772840000000000E+03    0.290980987560147E+01    0.530532672804636E+00
    0.772860000000000E+03    0.295103121020861E+01    0.530531339223895E+00
    0.779120000000000E+03    0.328912263477787E+01    0.530551646600679E+00
    0.779140000000000E+03    0.333034465202081E+01    0.530552527205789E+00
    0.785400000000000E+03    0.366744621904195E+01    0.530433169931628E+00
    0.785420000000000E+03    0.370866357823479E+01    0.530435656170354E+00
    0.791700000000000E+03    0.408322399595204E+01    0.530159320468599E+00
    0.791720000000000E+03    0.412443033703175E+01    0.530161607685392E+00
    0.797980000000000E+03    0.445179574254439E+01    0.529706029517278E+00
    0.798000000000000E+03    0.449298403415605E+01    0.529706221168801E+00
    0.804260000000000E+03    0.481301081135302E+01    0.529112871824876E+00
    0.804280000000000E+03    0.485417534077828E+01    0.529110146841646E+00
    0.810540000000000E+03    0.516642017082131E+01    0.528438791358878E+00
    0.810560000000000E+03    0.520755808792023E+01    0.528433825534934E+00
    0.816820000000000E+03    0.551273006827728E+01    0.527824947946242E+00
    0.816840000000000E+03    0.555384336083262E+01    0.527819549405479E+00
    0.823100000000000E+03    0.585336810827107E+01    0.527352235628828E+00
    0.823120000000000E+03    0.589446211258746E+01    0.527348370243248E+00
    0.829400000000000E+03    0.623168852091544E+01    0.527129353156791E+00
    0.829420000000000E+03    0.627277359510322E+01    0.527128586011099E+00
    0.835680000000000E+03    0.284964932891171E+00    0.527199301097627E+00
    0.835700000000000E+03    0.326052894959957E+00    0.527201849123118E+00
    0.841960000000000E+03    0.623469178070081E+00    0.527550870495257E+00
    0.841980000000000E+03    0.664571217887897E+00    0.527555750605596E+00
    0.848240000000000E+03    0.966472237567586E+00    0.528107898627698E+00
    0.848260000000000E+03    0.100759669962918E+01    0.528113286699078E+00
    0.854520000000000E+03    0.131598440658354E+01    0.528767799544010E+00
    0.854540000000000E+03    0.135713509939865E+01    0.528771658218189E+00
    0.860800000000000E+03    0.167308419687220E+01    0.529410374810891E+00
    0.860820000000000E+03    0.171426069690961E+01    0.529411551878593E+00
    0.867080000000000E+03    0.203792867650100E+01    0.529940054530250E+00
    0.867100000000000E+03    0.207912626202551E+01    0.529938582051537E+00
    0.873380000000000E+03    0.245081243436675E+01    0.530307203389928E+00
    0.873400000000000E+03    0.249202477558174E+01    0.530304579645450E+00
    0.879660000000000E+03    0.282748237719466E+01    0.530507702512136E+00
    0.879680000000000E+03    0.286870265919288E+01    0.530505925048929E+00
    0.885940000000000E+03    0.320667092718213E+01    0.530565884573600E+00
    0.885960000000000E+03    0.324789342001668E+01    0.530566254434729E+00
    0.892220000000000E+03    0.358551621810670E+01    0.530480932047268E+00
    0.892240000000000E+03    0.362673545708071E+01    0.530483223523344E+00
    0.898500000000000E+03    0.396126354704415E+01    0.530246251754850E+00
    0.898520000000000E+03    0.400247309084307E+01    0.530248771240808E+00
    0.904780000000000E+03    0.433120542366350E+01    0.529842724938428E+00
    0.904800000000000E+03    0.437239648082573E+01    0.529843391400936E+00
    0.911080000000000E+03    0.473509429540286E+01    0.529246969376561E+00
    0.911100000000000E+03    0.477626426312486E+01    0.529244975374214E+00
    0.917360000000000E+03    0.509013228182789E+01    0.528591615346574E+00
    0.917380000000000E+03    0.513127591225930E+01    0.528587092539062E+00
    0.923640000000000E+03    0.543774288705981E+01    0.527940662283591E+00
    0.923660000000000E+03    0.547886044453162E+01    0.527935162384958E+00
    0.929920000000000E+03    0.577925340863112E+01    0.527423399116559E+00
    0.929940000000000E+03    0.582035007880472E+01    0.527419002852415E+00
    0.936200000000000E+03    0.611672516125236E+01    0.527130225940094E+00
    0.936220000000000E+03    0.615781037317106E+01    0.527128581988070E+00
    0.942480000000000E+03    0.169626612417687E+00    0.527130744825435E+00
    0.942500000000000E+03    0.210711708908548E+00    0.527132425158625E+00
    0.948780000000000E+03    0.548127221405593E+00    0.527415661468959E+00
    0.948800000000000E+03    0.589223925705255E+00    0.527420108903304E+00
    0.955060000000000E+03    0.889518533290584E+00    0.527932538608642E+00
    0.955080000000000E+03    0.930635949360749E+00    0.527938003722062E+00
    0.961340000000000E+03    0.123695813671384E+01    0.528575612063188E+00
    0.961360000000000E+03    0.127810127278985E+01    0.528580046999171E+00
    0.967620000000000E+03    0.159183306088312E+01    0.529234721617623E+00
    0.967640000000000E+03    0.163300254239084E+01    0.529236601039149E+00
    0.973900000000000E+03    0.195449143270162E+01    0.529797162420700E+00
    0.973920000000000E+03    0.199568343179453E+01    0.529796269406889E+00
    0.980180000000000E+03    0.232432401899587E+01    0.530209434115394E+00
    0.980200000000000E+03    0.236553235114843E+01    0.530206907943315E+00
    0.986480000000000E+03    0.274092617991482E+01    0.530449829015077E+00
    0.986500000000000E+03    0.278214458083244E+01    0.530447758517889E+00
    0.992760000000000E+03    0.311954693316534E+01    0.530543238323548E+00
    0.992780000000000E+03    0.316076864552974E+01    0.530543017434951E+00
    0.999040000000000E+03    0.349853156803465E+01    0.530497351321203E+00
    0.999060000000000E+03    0.353975145334334E+01    0.530499259222298E+00
    0.100532000000000E+04    0.387508814873354E+01    0.530299603582751E+00
    0.100534000000000E+04    0.391630013243730E+01    0.530302264218551E+00
    0.101160000000000E+04    0.424676101402656E+01    0.529938588056775E+00
    0.101162000000000E+04    0.428795857518480E+01    0.529940039894525E+00
    0.101788000000000E+04    0.461161405707753E+01    0.529415218667660E+00
    0.101790000000000E+04    0.465279058564965E+01    0.529413987766859E+00
    0.102416000000000E+04    0.496869440795354E+01    0.528764188382658E+00
    0.102418000000000E+04    0.500984501895982E+01    0.528760241482487E+00
    0.103046000000000E+04    0.535928409232929E+01    0.528098200913035E+00
    0.103048000000000E+04    0.540040792536047E+01    0.528092766653911E+00
    0.103674000000000E+04    0.570216014772723E+01    0.527533724733862E+00
    0.103676000000000E+04    0.574326154708842E+01    0.527528881013153E+00
    0.104302000000000E+04    0.604043545279501E+01    0.527177203946155E+00
    0.104304000000000E+04    0.608152247103908E+01    0.527174735090228E+00
    0.104930000000000E+04    0.934350198263019E-01    0.527100842691950E+00
    0.104932000000000E+04    0.134518986948024E+00    0.527101674561587E+00
    0.105558000000000E+04    0.430264629496833E+00    0.527310436578378E+00
    0.105560000000000E+04    0.471357101484045E+00    0.527314277085657E+00
    0.106186000000000E+04    0.770355935875614E+00    0.527774531041069E+00
    0.106188000000000E+04    0.811467018520489E+00    0.527779918191350E+00
    0.106816000000000E+04    0.115716349814102E+01    0.528403747130211E+00
    0.106818000000000E+04    0.119829978484540E+01    0.528408612238579E+00
    0.107444000000000E+04    0.150999166251950E+01    0.529064776225917E+00
    0.107446000000000E+04    0.155115441825455E+01    0.529067380828882E+00
    0.108072000000000E+04    0.186966039362187E+01    0.529651588594199E+00
    0.108074000000000E+04    0.191084217293064E+01    0.529649895231035E+00
    0.108700000000000E+04    0.223670749423582E+01    0.530041722235545E+00
    0.108702000000000E+04    0.227790917270704E+01    0.530039428847426E+00
    0.109328000000000E+04    0.260987894467553E+01    0.530331473018190E+00
    0.109330000000000E+04    0.265109204172313E+01    0.530328993411321E+00
    0.109956000000000E+04    0.298694707536697E+01    0.530460855111575E+00
    0.109958000000000E+04    0.302816570666346E+01    0.530460081265117E+00
    0.110586000000000E+04    0.340650554935837E+01    0.530457360040264E+00
    0.110588000000000E+04    0.344772370707460E+01    0.530458836051903E+00
    0.111214000000000E+04    0.378309640909811E+01    0.530298288005233E+00
    0.111216000000000E+04    0.382430823400273E+01    0.530300936987154E+00
    0.111842000000000E+04    0.415539861759817E+01    0.529984669756623E+00
    0.111844000000000E+04    0.419659801549369E+01    0.529986638052011E+00
    0.112470000000000E+04    0.452134430175829E+01    0.529497135863833E+00
    0.112472000000000E+04    0.456252456658058E+01    0.529496655480116E+00
    0.113098000000000E+04    0.487983327328357E+01    0.528885377347767E+00
    0.113100000000000E+04    0.492098892048352E+01    0.528882125815350E+00
    0.113726000000000E+04    0.523058752688075E+01    0.528218749425083E+00
    0.113728000000000E+04    0.527171619741512E+01    0.528213563810526E+00
    0.114354000000000E+04    0.557435662184525E+01    0.527614880213056E+00
    0.114356000000000E+04    0.561546141649478E+01    0.527609656043933E+00
    0.114984000000000E+04    0.595398743462647E+01    0.527187066085707E+00
    0.114986000000000E+04    0.599507482658828E+01    0.527183782782990E+00
    0.115612000000000E+04    0.642373991968270E-02    0.527022251319246E+00
    0.115614000000000E+04    0.475045769885583E-01    0.527022159255227E+00
    0.116240000000000E+04    0.341878387092038E+00    0.527158537392493E+00
    0.116242000000000E+04    0.382964369210185E+00    0.527161680960433E+00
    0.116868000000000E+04    0.679790075517303E+00    0.527544858485187E+00
    0.116870000000000E+04    0.720891524332274E+00    0.527549991704251E+00
    0.117496000000000E+04    0.102268576292317E+01    0.528133038088449E+00
    0.117498000000000E+04    0.106381120991773E+01    0.528138302461185E+00
    0.118124000000000E+04    0.137235502582917E+01    0.528796835290339E+00
    0.118126000000000E+04    0.141350697025473E+01    0.528800312680794E+00
    0.118754000000000E+04    0.177092310427406E+01    0.529425627478053E+00
    0.118756000000000E+04    0.181210027320594E+01    0.529426183324966E+00
    0.119382000000000E+04    0.213599836553158E+01    0.529927852559523E+00
    0.119384000000000E+04    0.217719545468253E+01    0.529926013448684E+00
    0.120010000000000E+04    0.250762947129124E+01    0.530262637929920E+00
    0.120012000000000E+04    0.254884032642667E+01    0.530260045990183E+00
    0.120638000000000E+04    0.288418151367705E+01    0.530438563308595E+00
    0.120640000000000E+04    0.292540147686395E+01    0.530437377568054E+00
    0.121266000000000E+04    0.326280890628732E+01    0.530495186017555E+00
    0.121268000000000E+04    0.330402864662892E+01    0.530495928742572E+00
    0.121894000000000E+04    0.364049077866730E+01    0.530382820641505E+00
    0.121896000000000E+04    0.368170607101138E+01    0.530385257038490E+00
    0.122524000000000E+04    0.405586487433357E+01    0.530123440994047E+00
    0.122526000000000E+04    0.409706987163599E+01    0.530125833823958E+00
    0.123152000000000E+04    0.442418698737220E+01    0.529680323633793E+00
    0.123154000000000E+04    0.446537459854108E+01    0.529680681220018E+00
    0.123780000000000E+04    0.478523187405426E+01    0.529100218360019E+00
    0.123782000000000E+04    0.482639596056379E+01    0.529097733145995E+00
    0.124408000000000E+04    0.513841428568367E+01    0.528428374811172E+00
    0.124410000000000E+04    0.517955147081602E+01    0.528423576783996E+00
    0.125036000000000E+04    0.548429988760927E+01    0.527793695288653E+00
    0.125038000000000E+04    0.552541152687263E+01    0.527788247703003E+00
    0.125664000000000E+04    0.582436356703192E+01    0.527305154851475E+00
    0.125666000000000E+04    0.586545573995272E+01    0.527301091147005E+00
    0.126294000000000E+04    0.620183746898465E+01    0.527054597189192E+00
    0.126296000000000E+04    0.624291959806260E+01    0.527053525325391E+00
    0.126922000000000E+04    0.254078980241047E+00    0.527102896651850E+00
    0.126924000000000E+04    0.295163022691213E+00    0.527105166474225E+00
    0.127550000000000E+04    0.591259213075773E+00    0.527428161713390E+00
    0.127552000000000E+04    0.632356431306107E+00    0.527432889477435E+00
    0.128178000000000E+04    0.932779884251886E+00    0.527971245565017E+00
    0.128180000000000E+04    0.973898696560354E+00    0.527976662527478E+00
    0.128806000000000E+04    0.128061124875421E+01    0.528625600016274E+00
    0.128808000000000E+04    0.132175638305989E+01    0.528629734659608E+00
    0.129434000000000E+04    0.163595334817637E+01    0.529271499956915E+00
    0.129436000000000E+04    0.167712419373311E+01    0.529272922271592E+00
    0.130062000000000E+04    0.199861819439684E+01    0.529796021911464E+00
    0.130064000000000E+04    0.203980999170426E+01    0.529794780125228E+00
    0.130692000000000E+04    0.240938260434450E+01    0.530162737721168E+00
    0.130694000000000E+04    0.245058896946239E+01    0.530160139768897E+00
    0.131320000000000E+04    0.278417099494300E+01    0.530380068273357E+00
    0.131322000000000E+04    0.282538623529717E+01    0.530378110156397E+00
    0.131948000000000E+04    0.316183675530920E+01    0.530458547411794E+00
    0.131950000000000E+04    0.320305491770478E+01    0.530458647269135E+00
    0.132576000000000E+04    0.353950782186621E+01    0.530390066197195E+00
    0.132578000000000E+04    0.358072339097907E+01    0.530392221476090E+00
    0.133204000000000E+04    0.391440919026900E+01    0.530173866312287E+00
    0.133206000000000E+04    0.395561582890923E+01    0.530176462566932E+00
    0.133832000000000E+04    0.428407434725477E+01    0.529790475649034E+00
    0.133834000000000E+04    0.432526599978019E+01    0.529791662961025E+00
    0.134462000000000E+04    0.468800424683741E+01    0.529243082406486E+00
    0.134464000000000E+04    0.472917400016377E+01    0.529241472673528E+00
    0.135090000000000E+04    0.504299373697586E+01    0.528593960451625E+00
    0.135092000000000E+04    0.508413748765861E+01    0.528589714729135E+00
    0.135718000000000E+04    0.539045896470589E+01    0.527936762207254E+00
    0.135720000000000E+04    0.543157650388684E+01    0.527931298711429E+00
    0.136346000000000E+04    0.573165968110607E+01    0.527393549221692E+00
    0.136348000000000E+04    0.577275533598504E+01    0.527388874279062E+00
    0.136974000000000E+04    0.606843851222402E+01    0.527064009770837E+00
    0.136976000000000E+04    0.610952109257641E+01    0.527061908251891E+00
    0.137602000000000E+04    0.120240440644011E+00    0.527021978934657E+00
    0.137604000000000E+04    0.161321218825833E+00    0.527023177875941E+00
    0.138232000000000E+04    0.497254984869414E+00    0.527269410990570E+00
    0.138234000000000E+04    0.538345821088569E+00    0.527273546952172E+00
    0.138860000000000E+04    0.836786874875543E+00    0.527754654669911E+00
    0.138862000000000E+04    0.877896972360759E+00    0.527760081414935E+00
    0.139488000000000E+04    0.118212226176001E+01    0.528389033073855E+00
    0.139490000000000E+04    0.122325791597723E+01    0.528393746505486E+00
    0.140116000000000E+04    0.153470925900001E+01    0.529049807802443E+00
    0.140118000000000E+04    0.157587140320993E+01    0.529052139098949E+00
    0.140744000000000E+04    0.189513483372593E+01    0.529637362513061E+00
    0.140746000000000E+04    0.193632044392189E+01    0.529636827475982E+00
    0.141372000000000E+04    0.226285997140576E+01    0.530073500203801E+00
    0.141374000000000E+04    0.230406297332138E+01    0.530071120259164E+00
    0.142000000000000E+04    0.263647828743251E+01    0.530345869949439E+00
    0.142002000000000E+04    0.267769201001875E+01    0.530343475500966E+00
    0.142630000000000E+04    0.305491806106784E+01    0.530460693162439E+00
    0.142632000000000E+04    0.309613653465385E+01    0.530460155553559E+00
    0.143258000000000E+04    0.343305348059494E+01    0.530436163176843E+00
    0.143260000000000E+04    0.347427089072198E+01    0.530437739353156E+00
    0.143886000000000E+04    0.380924560138737E+01    0.530269095600117E+00
    0.143888000000000E+04    0.385045639913551E+01    0.530271779937180E+00
    0.144514000000000E+04    0.418090399494577E+01    0.529934519481237E+00
    0.144516000000000E+04    0.422210151700710E+01    0.529936322233807E+00
    0.145142000000000E+04    0.454618625098237E+01    0.529433217665879E+00
    0.145144000000000E+04    0.458736472359760E+01    0.529432468180357E+00
    0.145770000000000E+04    0.490402915375444E+01    0.528820687565778E+00
    0.145772000000000E+04    0.494518227186654E+01    0.528817210712462E+00
    0.146400000000000E+04    0.529517905660805E+01    0.528148512265743E+00
    0.146402000000000E+04    0.533630492445354E+01    0.528143202320181E+00
    0.147028000000000E+04    0.563830252896832E+01    0.527555463594033E+00
    0.147030000000000E+04    0.567940496996243E+01    0.527550363287391E+00
    0.147656000000000E+04    0.597659238991355E+01    0.527160680997133E+00
    0.147658000000000E+04    0.601767980795057E+01    0.527157748990416E+00
    0.148284000000000E+04    0.289910474330100E-01    0.527025421494059E+00
    0.148286000000000E+04    0.700719973278865E-01    0.527025631720376E+00
    0.148912000000000E+04    0.364614920435088E+00    0.527186088490291E+00
    0.148914000000000E+04    0.405702407758781E+00    0.527189526437664E+00
    0.149540000000000E+04    0.703076461970340E+00    0.527607333479266E+00
    0.149542000000000E+04    0.744180801384573E+00    0.527612595476962E+00
    0.150170000000000E+04    0.108790812845791E+01    0.528217044048949E+00
    0.150172000000000E+04    0.112903695737577E+01    0.528222178258483E+00
    0.150798000000000E+04    0.143852941278965E+01    0.528875239306192E+00
    0.150800000000000E+04    0.147968459145432E+01    0.528878373743564E+00
    0.151426000000000E+04    0.179686370594209E+01    0.529494020093724E+00
    0.151428000000000E+04    0.183804349908132E+01    0.529494324830375E+00
    0.152054000000000E+04    0.216278230223861E+01    0.529980981287220E+00
    0.152056000000000E+04    0.220398169636837E+01    0.529978955908370E+00
    0.152682000000000E+04    0.253502860773551E+01    0.530297188582060E+00
    0.152684000000000E+04    0.257623997563996E+01    0.530294593778463E+00
    0.153310000000000E+04    0.291155361601523E+01    0.530454901016973E+00
    0.153312000000000E+04    0.295277181959955E+01    0.530453614571215E+00
    0.153940000000000E+04    0.333115341351231E+01    0.530477164338883E+00
    0.153942000000000E+04    0.337237239054411E+01    0.530478185216819E+00
    0.154568000000000E+04    0.370840521401396E+01    0.530352752170220E+00
    0.154570000000000E+04    0.374961936160889E+01    0.530355288388352E+00
    0.155196000000000E+04    0.408184533220856E+01    0.530073099013959E+00
    0.155198000000000E+04    0.412304792574241E+01    0.530075331640937E+00
    0.155824000000000E+04    0.444912245049545E+01    0.529611294761615E+00
    0.155826000000000E+04    0.449030637002716E+01    0.529611382199957E+00
    0.156452000000000E+04    0.480908183116708E+01    0.529017405862047E+00
    0.156454000000000E+04    0.485024253653182E+01    0.529014676113868E+00
    0.157080000000000E+04    0.516129704219657E+01    0.528348325637485E+00
    0.157082000000000E+04    0.520243087813242E+01    0.528343389902312E+00
    0.157708000000000E+04    0.550630806391791E+01    0.527721558477307E+00
    0.157710000000000E+04    0.554741682988379E+01    0.527716155546955E+00
    0.158338000000000E+04    0.588671808361914E+01    0.527247182652022E+00
    0.158340000000000E+04    0.592780789927656E+01    0.527243391908565E+00
    0.158966000000000E+04    0.622267209205847E+01    0.527029588230799E+00
    0.158968000000000E+04    0.626375329428811E+01    0.527028855006140E+00
    0.159594000000000E+04    0.274723116634505E+00    0.527100825291923E+00
    0.159596000000000E+04    0.315807130703433E+00    0.527103341418195E+00
    0.160222000000000E+04    0.611997047289606E+00    0.527452451993049E+00
    0.160224000000000E+04    0.653095216759993E+00    0.527457349001543E+00
    0.160850000000000E+04    0.953789163877900E+00    0.528007452026224E+00
    0.160852000000000E+04    0.994909660081703E+00    0.528012842557928E+00
    0.161478000000000E+04    0.130211776916076E+01    0.528671623534143E+00
    0.161480000000000E+04    0.134326472157773E+01    0.528675572562063E+00
    0.162108000000000E+04    0.169919959994195E+01    0.529310136968434E+00
    0.162110000000000E+04    0.174037233340187E+01    0.529311263708842E+00
    0.162736000000000E+04    0.206289261782740E+01    0.529845877737725E+00
    0.162738000000000E+04    0.210408675361577E+01    0.529844312671028E+00
    0.163364000000000E+04    0.243338759364588E+01    0.530211178181456E+00
    0.163366000000000E+04    0.247459644385390E+01    0.530208577432334E+00
    0.163992000000000E+04    0.280893780940050E+01    0.530416908595237E+00
    0.163994000000000E+04    0.285015444212013E+01    0.530415078506657E+00
    0.164620000000000E+04    0.318703669413662E+01    0.530479056293369E+00
    0.164622000000000E+04    0.322825597392011E+01    0.530479432219175E+00
    0.165248000000000E+04    0.356490122293144E+01    0.530395652478941E+00
    0.165250000000000E+04    0.360611707497628E+01    0.530397845407478E+00
    0.165878000000000E+04    0.398089048284919E+01    0.530166539175126E+00
    0.165880000000000E+04    0.402209718114182E+01    0.530169101176336E+00
