    0.000000000000000E+00    0.190000000000000E+01    0.570000000000000E+00
    0.200000000000000E-01    0.194279998836653E+01    0.569999404047192E+00
    0.630000000000000E+01    0.281723757674870E+01    0.570193003969607E+00
    0.632000000000000E+01    0.286004533695287E+01    0.570191188429048E+00
    0.125800000000000E+02    0.369393969738498E+01    0.570190419293310E+00
    0.126000000000000E+02    0.373674727303683E+01    0.570192948474635E+00
    0.188600000000000E+02    0.456739154262661E+01    0.569912126407445E+00
    0.188800000000000E+02    0.461018820854087E+01    0.569911327350529E+00
    0.251400000000000E+02    0.543393561343027E+01    0.569194571995122E+00
    0.251600000000000E+02    0.547670502265344E+01    0.569189189220157E+00
    0.314200000000000E+02    0.113050345274246E-01    0.568786210378967E+00
    0.314400000000000E+02    0.540565241649773E-01    0.568786334774538E+00
    0.377000000000000E+02    0.871853043244030E+00    0.569226876868046E+00
    0.377200000000000E+02    0.914622196114081E+00    0.569232345094641E+00
    0.440000000000000E+02    0.178127263055956E+01    0.569932373320199E+00
    0.440200000000000E+02    0.182407008003800E+01    0.569932830922511E+00
    0.502800000000000E+02    0.265502788492647E+01    0.570202258206717E+00
    0.503000000000000E+02    0.269783588361464E+01    0.570199871231576E+00
    0.565600000000000E+02    0.353191220446666E+01    0.570218289550350E+00
    0.565800000000000E+02    0.357472097446997E+01    0.570220345797443E+00
    0.628400000000000E+02    0.440655026767959E+01    0.570017904503815E+00
    0.628600000000000E+02    0.444935081586749E+01    0.570018271261436E+00
    0.691200000000000E+02    0.527450440942792E+01    0.569361432608405E+00
    0.691400000000000E+02    0.531727877362235E+01    0.569356128196837E+00
    0.754000000000000E+02    0.613563815913938E+01    0.568799511827009E+00
    0.754200000000000E+02    0.617839009031400E+01    0.568798078681340E+00
    0.817000000000000E+02    0.755076389845868E+00    0.569102862162362E+00
    0.817200000000000E+02    0.797840594969045E+00    0.569108156591910E+00
    0.879800000000000E+02    0.162037369405010E+01    0.569831782551386E+00
    0.880000000000000E+02    0.166316697781815E+01    0.569833465017936E+00
    0.942600000000000E+02    0.249303656367999E+01    0.570185376770099E+00
    0.942800000000000E+02    0.253584407705060E+01    0.570182764074342E+00
    0.100540000000000E+03    0.336973326664042E+01    0.570224239614560E+00
    0.100560000000000E+03    0.341254178656067E+01    0.570225648499452E+00
    0.106820000000000E+03    0.424505314967496E+01    0.570074843727651E+00
    0.106840000000000E+03    0.428785628343047E+01    0.570076298659366E+00
    0.113100000000000E+03    0.511424763582849E+01    0.569480233480402E+00
    0.113120000000000E+03    0.515702675669738E+01    0.569475370490643E+00
    0.119400000000000E+03    0.601887469152086E+01    0.568827560676760E+00
    0.119420000000000E+03    0.606162779914183E+01    0.568824818284199E+00
    0.125680000000000E+03    0.595041226899070E+00    0.568975870289586E+00
    0.125700000000000E+03    0.637800161045277E+00    0.568980587087717E+00
    0.131960000000000E+03    0.145873112301655E+01    0.569701726266155E+00
    0.131980000000000E+03    0.150151925755830E+01    0.569704703889930E+00
    0.138240000000000E+03    0.233005645812750E+01    0.570144251763976E+00
    0.138260000000000E+03    0.237286223329187E+01    0.570141711104405E+00
    0.144520000000000E+03    0.320602990457922E+01    0.570230133928263E+00
    0.144540000000000E+03    0.324883654919256E+01    0.570230683165521E+00
    0.150800000000000E+03    0.408130268102803E+01    0.570085578913907E+00
    0.150820000000000E+03    0.412410588498796E+01    0.570087751716747E+00
    0.157080000000000E+03    0.495134051485462E+01    0.569584042195988E+00
    0.157100000000000E+03    0.499412382964539E+01    0.569580212594193E+00
    0.163380000000000E+03    0.585666238082018E+01    0.568870361462286E+00
    0.163400000000000E+03    0.589941712367573E+01    0.568866369386310E+00
    0.169660000000000E+03    0.432303825684073E+00    0.568845047169505E+00
    0.169680000000000E+03    0.475057653134570E+00    0.568848799383193E+00
    0.175940000000000E+03    0.129446457731660E+01    0.569533095979705E+00
    0.175960000000000E+03    0.133724584869344E+01    0.569537107875512E+00
    0.182220000000000E+03    0.216400269682907E+01    0.570065139462173E+00
    0.182240000000000E+03    0.220680527816012E+01    0.570063079298468E+00
    0.188500000000000E+03    0.303922863595949E+01    0.570174671833083E+00
    0.188520000000000E+03    0.308203552692072E+01    0.570174174551942E+00
    0.194780000000000E+03    0.391646672351175E+01    0.570198955243466E+00
    0.194800000000000E+03    0.395927682145873E+01    0.570203963119401E+00
    0.201080000000000E+03    0.483198669390276E+01    0.569820541654473E+00
    0.201100000000000E+03    0.487477947802284E+01    0.569817753539550E+00
    0.207360000000000E+03    0.569723228345941E+01    0.569081813430677E+00
    0.207380000000000E+03    0.573999574425932E+01    0.569076951359165E+00
    0.213640000000000E+03    0.274603849373193E+00    0.568898715901154E+00
    0.213660000000000E+03    0.317359792759532E+00    0.568901249394431E+00
    0.219920000000000E+03    0.113721304983733E+01    0.569516680486006E+00
    0.219940000000000E+03    0.117999384241273E+01    0.569521565519157E+00
    0.226200000000000E+03    0.200695599327702E+01    0.570129852879240E+00
    0.226220000000000E+03    0.204976127510895E+01    0.570128541631603E+00
    0.232480000000000E+03    0.288296927282084E+01    0.570285223687397E+00
    0.232500000000000E+03    0.292578077713466E+01    0.570283858613166E+00
    0.238780000000000E+03    0.380342975242115E+01    0.570264190215411E+00
    0.238800000000000E+03    0.384624026697338E+01    0.570266847748007E+00
    0.245060000000000E+03    0.467732726664462E+01    0.569937410984040E+00
    0.245080000000000E+03    0.472012476542511E+01    0.569935832382895E+00
    0.251340000000000E+03    0.554390134115886E+01    0.569204562285256E+00
    0.251360000000000E+03    0.558666943123262E+01    0.569199190559052E+00
    0.257620000000000E+03    0.121611584997709E+00    0.568863818544829E+00
    0.257640000000000E+03    0.164366064192222E+00    0.568864915577627E+00
    0.263900000000000E+03    0.983380400467695E+00    0.569383340260614E+00
    0.263920000000000E+03    0.102615582558303E+01    0.569388688728606E+00
    0.270180000000000E+03    0.185180662125174E+01    0.570061418377932E+00
    0.270200000000000E+03    0.189460920117847E+01    0.570061172705578E+00
    0.276480000000000E+03    0.276982663023239E+01    0.570277917369966E+00
    0.276500000000000E+03    0.281263771988802E+01    0.570275885429346E+00
    0.282760000000000E+03    0.364760710362930E+01    0.570284265052512E+00
    0.282780000000000E+03    0.369041849554412E+01    0.570286786091143E+00
    0.289040000000000E+03    0.452256134679806E+01    0.570035546473746E+00
    0.289060000000000E+03    0.456536267653655E+01    0.570035113966432E+00
    0.295320000000000E+03    0.539050962048043E+01    0.569335680872419E+00
    0.295340000000000E+03    0.543328308821049E+01    0.569330216731478E+00
    0.301600000000000E+03    0.625207037140069E+01    0.568862593061824E+00
    0.301620000000000E+03    0.116392228057975E-01    0.568862223441748E+00
    0.307880000000000E+03    0.830020124032899E+00    0.569256636207770E+00
    0.307900000000000E+03    0.872790332811178E+00    0.569262073247333E+00
    0.314160000000000E+03    0.169711869841035E+01    0.569973582585100E+00
    0.314180000000000E+03    0.173991778268510E+01    0.569974491769481E+00
    0.320460000000000E+03    0.261424959974693E+01    0.570268208584797E+00
    0.320480000000000E+03    0.265706024148096E+01    0.570265722692762E+00
    0.326740000000000E+03    0.349196441044728E+01    0.570287262076278E+00
    0.326760000000000E+03    0.353477592137961E+01    0.570289114501292E+00
    0.333020000000000E+03    0.436772035008289E+01    0.570112290811234E+00
    0.333040000000000E+03    0.441052495201984E+01    0.570113022306975E+00
    0.339300000000000E+03    0.523701607483292E+01    0.569465785834066E+00
    0.339320000000000E+03    0.527979472849688E+01    0.569460360523437E+00
    0.345580000000000E+03    0.609928931971046E+01    0.568880843310340E+00
    0.345600000000000E+03    0.614204460121687E+01    0.568879084088068E+00
    0.351860000000000E+03    0.676732515017534E+00    0.569134958086989E+00
    0.351880000000000E+03    0.719497995772485E+00    0.569140123010976E+00
    0.358160000000000E+03    0.158544329165920E+01    0.569879092503739E+00
    0.358180000000000E+03    0.162823890731670E+01    0.569881115506554E+00
    0.364440000000000E+03    0.245920563176890E+01    0.570224872639848E+00
    0.364460000000000E+03    0.250201809734244E+01    0.570222459537627E+00
    0.370720000000000E+03    0.333757733212963E+01    0.570350286690647E+00
    0.370740000000000E+03    0.338039127033358E+01    0.570351364790815E+00
    0.377000000000000E+03    0.421478968467648E+01    0.570225804632596E+00
    0.377020000000000E+03    0.425759873945492E+01    0.570227442917044E+00
    0.383280000000000E+03    0.508606450339119E+01    0.569656509643472E+00
    0.383300000000000E+03    0.512885071945630E+01    0.569651906033925E+00
    0.389560000000000E+03    0.595007463461047E+01    0.568994133307852E+00
    0.389580000000000E+03    0.599283432077550E+01    0.568991006716317E+00
    0.395860000000000E+03    0.570798222113353E+00    0.569101228361213E+00
    0.395880000000000E+03    0.613562232835534E+00    0.569105853019130E+00
    0.402140000000000E+03    0.143625571843813E+01    0.569825662361545E+00
    0.402160000000000E+03    0.147904880857709E+01    0.569828834608375E+00
    0.408420000000000E+03    0.230917727744384E+01    0.570280110624644E+00
    0.408440000000000E+03    0.235198846798949E+01    0.570277651425575E+00
    0.414700000000000E+03    0.318705504765978E+01    0.570349253258004E+00
    0.414720000000000E+03    0.322986901154400E+01    0.570349497221728E+00
    0.420980000000000E+03    0.406481133861212E+01    0.570272461547129E+00
    0.421000000000000E+03    0.410762226700535E+01    0.570274740269373E+00
    0.427260000000000E+03    0.493730203209111E+01    0.569776691587484E+00
    0.427280000000000E+03    0.498009339211580E+01    0.569772943897412E+00
    0.433540000000000E+03    0.580249843256570E+01    0.569067937193780E+00
    0.433560000000000E+03    0.584526243143216E+01    0.569063883382513E+00
    0.439840000000000E+03    0.423671035867642E+00    0.569049298009970E+00
    0.439860000000000E+03    0.466433242326957E+00    0.569053145102075E+00
    0.446120000000000E+03    0.128842511655091E+01    0.569734855727045E+00
    0.446140000000000E+03    0.133121455442210E+01    0.569738967477757E+00
    0.452400000000000E+03    0.216053329287558E+01    0.570274395208878E+00
    0.452420000000000E+03    0.220334437253052E+01    0.570272417387753E+00
    0.458680000000000E+03    0.303836117612718E+01    0.570382354379085E+00
    0.458700000000000E+03    0.308117634328994E+01    0.570381757879713E+00
    0.464960000000000E+03    0.391689581137746E+01    0.570334725352741E+00
    0.464980000000000E+03    0.395970923267294E+01    0.570337333113295E+00
    0.471240000000000E+03    0.479090381982894E+01    0.569924416418244E+00
    0.471260000000000E+03    0.483370073560570E+01    0.569921733849429E+00
    0.477540000000000E+03    0.570021037291724E+01    0.569186239840796E+00
    0.477560000000000E+03    0.574297787556975E+01    0.569181370106717E+00
    0.483820000000000E+03    0.278709542717252E+00    0.568993144075862E+00
    0.483840000000000E+03    0.321469194104338E+00    0.568995728241759E+00
    0.490100000000000E+03    0.114246648272297E+01    0.569606268325056E+00
    0.490120000000000E+03    0.118525080152835E+01    0.569611137869194E+00
    0.496380000000000E+03    0.201333750923527E+01    0.570223908285757E+00
    0.496400000000000E+03    0.205614648535288E+01    0.570222662316763E+00
    0.502660000000000E+03    0.289042914896572E+01    0.570369276891175E+00
    0.502680000000000E+03    0.293324358995665E+01    0.570367887907301E+00
    0.508940000000000E+03    0.376856580672597E+01    0.570408826335258E+00
    0.508960000000000E+03    0.381137711359406E+01    0.570411289391069E+00
    0.515240000000000E+03    0.468509533093516E+01    0.569925394685495E+00
    0.515260000000000E+03    0.472789232447826E+01    0.569923790431230E+00
    0.521520000000000E+03    0.555143466652748E+01    0.569200102574728E+00
    0.521540000000000E+03    0.559419909010876E+01    0.569195187398317E+00
    0.527800000000000E+03    0.128124750106736E+00    0.568798250618968E+00
    0.527820000000000E+03    0.170876548732394E+00    0.568799391643824E+00
    0.534080000000000E+03    0.989045691153478E+00    0.569320352328112E+00
    0.534100000000000E+03    0.103181861904636E+01    0.569325701790740E+00
    0.540360000000000E+03    0.185660915050767E+01    0.569994421797589E+00
    0.540380000000000E+03    0.189940900263423E+01    0.569994153918984E+00
    0.546640000000000E+03    0.273103482995953E+01    0.570218193243623E+00
    0.546660000000000E+03    0.277384333077384E+01    0.570216101982791E+00
    0.552940000000000E+03    0.365072824156414E+01    0.570213622369907E+00
    0.552960000000000E+03    0.369353640299664E+01    0.570215998531427E+00
    0.559220000000000E+03    0.452471825019188E+01    0.569964570375151E+00
    0.559240000000000E+03    0.456751687672568E+01    0.569964216878593E+00
    0.565500000000000E+03    0.539178686919149E+01    0.569265018355228E+00
    0.565520000000000E+03    0.543455732891175E+01    0.569259525296368E+00
    0.571780000000000E+03    0.625241945225298E+01    0.568788487657409E+00
    0.571800000000000E+03    0.119854881647825E-01    0.568788074736840E+00
    0.578060000000000E+03    0.829430584218471E+00    0.569185383269961E+00
    0.578080000000000E+03    0.872197897830347E+00    0.569190830163823E+00
    0.584340000000000E+03    0.169553951149715E+01    0.569894899993642E+00
    0.584360000000000E+03    0.173833544073364E+01    0.569895851876553E+00
    0.590620000000000E+03    0.256888134142878E+01    0.570196881665752E+00
    0.590640000000000E+03    0.261168913819097E+01    0.570194342870790E+00
    0.596920000000000E+03    0.348845453301283E+01    0.570211985168349E+00
    0.596940000000000E+03    0.353126265390461E+01    0.570213844926919E+00
    0.603200000000000E+03    0.436334783183793E+01    0.570044717815902E+00
    0.603220000000000E+03    0.440614952192595E+01    0.570045479326038E+00
    0.609480000000000E+03    0.523179103412622E+01    0.569404530731890E+00
    0.609500000000000E+03    0.527456724128797E+01    0.569399373014206E+00
    0.615760000000000E+03    0.609323681212709E+01    0.568811090323852E+00
    0.615780000000000E+03    0.613598919718902E+01    0.568809161866801E+00
    0.622040000000000E+03    0.669769694555725E+00    0.569058035336627E+00
    0.622060000000000E+03    0.712532213997065E+00    0.569063217980331E+00
    0.628320000000000E+03    0.153460361271618E+01    0.569785167473168E+00
    0.628340000000000E+03    0.157739553379929E+01    0.569787295502879E+00
    0.634620000000000E+03    0.244970629966224E+01    0.570179970905982E+00
    0.634640000000000E+03    0.249251346699930E+01    0.570177341418415E+00
    0.640900000000000E+03    0.332581118090548E+01    0.570303223678294E+00
    0.640920000000000E+03    0.336861700083091E+01    0.570304566176937E+00
    0.647180000000000E+03    0.420011294519804E+01    0.570000347788802E+00
    0.647200000000000E+03    0.424291286147377E+01    0.570002070392351E+00
    0.653460000000000E+03    0.506857961310811E+01    0.569437642165606E+00
    0.653480000000000E+03    0.511135713790668E+01    0.569433169205915E+00
    0.659740000000000E+03    0.592957653055555E+01    0.568770027992772E+00
    0.659760000000000E+03    0.597232506519140E+01    0.568766991822625E+00
    0.666020000000000E+03    0.504006573215293E+00    0.568810265836147E+00
    0.666040000000000E+03    0.546758854516838E+00    0.568814613826252E+00
    0.672320000000000E+03    0.140857503774373E+01    0.569532941085075E+00
    0.672340000000000E+03    0.145135644782181E+01    0.569536344585285E+00
    0.678600000000000E+03    0.227784294417165E+01    0.570006869091788E+00
    0.678620000000000E+03    0.232064261804112E+01    0.570004546174875E+00
    0.684880000000000E+03    0.315200580633609E+01    0.570084225846651E+00
    0.684900000000000E+03    0.319480817296903E+01    0.570084308136014E+00
    0.691160000000000E+03    0.402609764099748E+01    0.570015721850169E+00
    0.691180000000000E+03    0.406889648610650E+01    0.570018023491769E+00
    0.697440000000000E+03    0.489495535272954E+01    0.569505710399148E+00
    0.697460000000000E+03    0.493773565888773E+01    0.569502353759406E+00
    0.703720000000000E+03    0.575638061448512E+01    0.568784052162704E+00
    0.703740000000000E+03    0.579913173017258E+01    0.568779587594163E+00
    0.710000000000000E+03    0.330268723913377E+00    0.568675063674954E+00
    0.710020000000000E+03    0.373015067663573E+00    0.568678176179679E+00
    0.716300000000000E+03    0.123279747737888E+01    0.569331906127796E+00
    0.716320000000000E+03    0.127557087267246E+01    0.569336384984356E+00
    0.722580000000000E+03    0.210000977640289E+01    0.569904128277118E+00
    0.722600000000000E+03    0.214280622609090E+01    0.569902281972415E+00
    0.728860000000000E+03    0.297314872583161E+01    0.570029279571246E+00
    0.728880000000000E+03    0.301594997196730E+01    0.570028333026409E+00
    0.735140000000000E+03    0.384748827245880E+01    0.570000160802246E+00
    0.735160000000000E+03    0.389028834986016E+01    0.570002828269094E+00
    0.741420000000000E+03    0.471771303619244E+01    0.569633555655072E+00
    0.741440000000000E+03    0.476049830391867E+01    0.569631430908853E+00
    0.747700000000000E+03    0.558051146633647E+01    0.568898979490820E+00
    0.747720000000000E+03    0.562326751587966E+01    0.568893768142154E+00
    0.754000000000000E+03    0.197527084632839E+00    0.568614736389550E+00
    0.754020000000000E+03    0.240271600226606E+00    0.568616493361795E+00
    0.760280000000000E+03    0.105632397767590E+01    0.569174096319533E+00
    0.760300000000000E+03    0.109909091810528E+01    0.569179273430982E+00
    0.766560000000000E+03    0.192194292854538E+01    0.569825553591988E+00
    0.766580000000000E+03    0.196473604843231E+01    0.569824902594666E+00
    0.772840000000000E+03    0.279422858777161E+01    0.570024819685054E+00
    0.772860000000000E+03    0.283702942726609E+01    0.570022948666299E+00
    0.779120000000000E+03    0.366813028675210E+01    0.570098404612441E+00
    0.779140000000000E+03    0.371092813031373E+01    0.570100776821439E+00
    0.785400000000000E+03    0.453806871295274E+01    0.569636088576203E+00
    0.785420000000000E+03    0.458085398412618E+01    0.569635380799472E+00
    0.791700000000000E+03    0.544365391290103E+01    0.568917202620425E+00
    0.791720000000000E+03    0.548641060657701E+01    0.568911676706226E+00
    0.797980000000000E+03    0.168871634352854E-01    0.568474744875675E+00
    0.798000000000000E+03    0.596253257683657E-01    0.568474752228664E+00
    0.804260000000000E+03    0.873035469168599E+00    0.568889616833805E+00
    0.804280000000000E+03    0.915790450246277E+00    0.568895103015689E+00
    0.810540000000000E+03    0.173547383939831E+01    0.569603644380568E+00
    0.810560000000000E+03    0.177825807527643E+01    0.569604385803126E+00
    0.816820000000000E+03    0.260507639216462E+01    0.569886853343971E+00
    0.816840000000000E+03    0.264787180567509E+01    0.569884364656581E+00
    0.823100000000000E+03    0.347801850916994E+01    0.569906167925768E+00
    0.823120000000000E+03    0.352081464242360E+01    0.569908126236327E+00
    0.829400000000000E+03    0.439167624347533E+01    0.569714983108462E+00
    0.829420000000000E+03    0.443446499787638E+01    0.569715624565878E+00
    0.835680000000000E+03    0.525597510370767E+01    0.569068030609121E+00
    0.835700000000000E+03    0.529873777196281E+01    0.569062750946336E+00
    0.841960000000000E+03    0.611332837099417E+01    0.568486779059098E+00
    0.841980000000000E+03    0.615606804280310E+01    0.568485064889046E+00
    0.848240000000000E+03    0.685836879277531E+00    0.568736076180800E+00
    0.848260000000000E+03    0.728586402877681E+00    0.568741218508700E+00
    0.854520000000000E+03    0.154663484772823E+01    0.569471660897727E+00
    0.854540000000000E+03    0.158941377635915E+01    0.569473857884059E+00
    0.860800000000000E+03    0.241487423738931E+01    0.569858271999434E+00
    0.860820000000000E+03    0.245766883340571E+01    0.569855661667401E+00
    0.867080000000000E+03    0.328751403149772E+01    0.569898137182984E+00
    0.867100000000000E+03    0.333030995984632E+01    0.569899040859513E+00
    0.873380000000000E+03    0.420196952063816E+01    0.569786994388663E+00
    0.873400000000000E+03    0.424476103274105E+01    0.569788769739441E+00
    0.879660000000000E+03    0.506782822969672E+01    0.569231533112852E+00
    0.879680000000000E+03    0.511059758377587E+01    0.569227116895717E+00
    0.885940000000000E+03    0.592627899066383E+01    0.568546349029244E+00
    0.885960000000000E+03    0.596902056529757E+01    0.568542946733096E+00
    0.892220000000000E+03    0.498360692783763E+00    0.568606627001179E+00
    0.892240000000000E+03    0.541105008933073E+00    0.568610890026223E+00
    0.898500000000000E+03    0.135756250047689E+01    0.569317941566325E+00
    0.898520000000000E+03    0.140033508665510E+01    0.569321443729818E+00
    0.904780000000000E+03    0.222361942199655E+01    0.569766597166890E+00
    0.904800000000000E+03    0.226640970334302E+01    0.569763799081456E+00
    0.911080000000000E+03    0.313781902126470E+01    0.569850158689471E+00
    0.911100000000000E+03    0.318061283102861E+01    0.569850072368357E+00
    0.917360000000000E+03    0.400945699593467E+01    0.569787977150444E+00
    0.917380000000000E+03    0.405224855426491E+01    0.569790452296780E+00
    0.923640000000000E+03    0.487619615181188E+01    0.569335964231946E+00
    0.923660000000000E+03    0.491896959116934E+01    0.569332790335835E+00
    0.929920000000000E+03    0.573544754168188E+01    0.568608035340938E+00
    0.929940000000000E+03    0.577819177113179E+01    0.568603381294228E+00
    0.936200000000000E+03    0.307009574674794E+00    0.568463579116805E+00
    0.936220000000000E+03    0.349748050409971E+00    0.568466526520749E+00
    0.942480000000000E+03    0.116426612269765E+01    0.569107226646356E+00
    0.942500000000000E+03    0.120703034033363E+01    0.569111898424863E+00
    0.948780000000000E+03    0.207151588237843E+01    0.569701952989532E+00
    0.948800000000000E+03    0.211430400597442E+01    0.569700470193712E+00
    0.955060000000000E+03    0.294214911320523E+01    0.569844394011744E+00
    0.955080000000000E+03    0.298494286100822E+01    0.569843172791404E+00
    0.961340000000000E+03    0.381423882286163E+01    0.569822749852950E+00
    0.961360000000000E+03    0.385703166368285E+01    0.569825409849645E+00
    0.967620000000000E+03    0.468241507430412E+01    0.569480222554815E+00
    0.967640000000000E+03    0.472519429420481E+01    0.569478525217934E+00
    0.973900000000000E+03    0.554326085596540E+01    0.568746911993449E+00
    0.973920000000000E+03    0.558601059504053E+01    0.568741544203565E+00
    0.980180000000000E+03    0.115288009082633E+00    0.568415166483063E+00
    0.980200000000000E+03    0.158024460537035E+00    0.568416389332898E+00
    0.986480000000000E+03    0.101416462519637E+01    0.568937329114758E+00
    0.986500000000000E+03    0.105692225744679E+01    0.568942649706663E+00
    0.992760000000000E+03    0.187695995632703E+01    0.569611327978205E+00
    0.992780000000000E+03    0.191974454516230E+01    0.569611000778751E+00
    0.999040000000000E+03    0.274658218771492E+01    0.569829893955561E+00
    0.999060000000000E+03    0.278937597069216E+01    0.569827899305274E+00
    0.100532000000000E+04    0.361885185719984E+01    0.569837329143383E+00
    0.100534000000000E+04    0.366164537320674E+01    0.569839665133930E+00
    0.101160000000000E+04    0.448829435218431E+01    0.569598601447847E+00
    0.101162000000000E+04    0.453107830043200E+01    0.569598419276022E+00
    0.101788000000000E+04    0.535082199258659E+01    0.568905046456744E+00
    0.101790000000000E+04    0.539357840470484E+01    0.568899603306836E+00
    0.102416000000000E+04    0.620693712462389E+01    0.568417551134738E+00
    0.102418000000000E+04    0.624967375908409E+01    0.568416815289694E+00
    0.103046000000000E+04    0.821901430650996E+00    0.568785514822374E+00
    0.103048000000000E+04    0.864652935170852E+00    0.568790933026653E+00
    0.103674000000000E+04    0.168322469492568E+01    0.569516448746590E+00
    0.103676000000000E+04    0.172600556511043E+01    0.569517662935644E+00
    0.104302000000000E+04    0.255187175898254E+01    0.569837588761730E+00
    0.104304000000000E+04    0.259466522631737E+01    0.569835012401016E+00
    0.104930000000000E+04    0.342418623810636E+01    0.569858858487143E+00
    0.104932000000000E+04    0.346698054114222E+01    0.569860430483089E+00
    0.105558000000000E+04    0.429480339350721E+01    0.569701094877787E+00
    0.105560000000000E+04    0.433759148320769E+01    0.569702247495793E+00
    0.106186000000000E+04    0.515915754059506E+01    0.569088955661867E+00
    0.106188000000000E+04    0.520192104530588E+01    0.569083968075693E+00
    0.106816000000000E+04    0.605910407860028E+01    0.568462586401279E+00
    0.106818000000000E+04    0.610184265946009E+01    0.568460264822404E+00
    0.107444000000000E+04    0.630920992461142E+00    0.568647909219776E+00
    0.107446000000000E+04    0.673666918859908E+00    0.568652809018738E+00
    0.108072000000000E+04    0.149065304952865E+01    0.569381194791533E+00
    0.108074000000000E+04    0.153342838444905E+01    0.569383910595758E+00
    0.108700000000000E+04    0.235784779168853E+01    0.569801328642711E+00
    0.108702000000000E+04    0.240063996256276E+01    0.569798766568725E+00
    0.109328000000000E+04    0.322980228915458E+01    0.569866024021395E+00
    0.109330000000000E+04    0.327259675237065E+01    0.569866568483950E+00
    0.109956000000000E+04    0.410122657913735E+01    0.569774328617685E+00
    0.109958000000000E+04    0.414401746968360E+01    0.569776517603821E+00
    0.110586000000000E+04    0.500997768807429E+01    0.569250356380690E+00
    0.110588000000000E+04    0.505274757004645E+01    0.569246178553096E+00
    0.111214000000000E+04    0.586846873940658E+01    0.568546837875939E+00
    0.111216000000000E+04    0.591121055408985E+01    0.568542937410519E+00
    0.111842000000000E+04    0.440095694722913E+00    0.568529426043915E+00
    0.111844000000000E+04    0.482836874753502E+00    0.568533264166180E+00
    0.112470000000000E+04    0.129835309127338E+01    0.569225385994141E+00
    0.112472000000000E+04    0.134112218284918E+01    0.569229430782523E+00
    0.113098000000000E+04    0.216401741301979E+01    0.569745521754985E+00
    0.113100000000000E+04    0.220680771037314E+01    0.569743492607177E+00
    0.113726000000000E+04    0.303540106635637E+01    0.569866132187967E+00
    0.113728000000000E+04    0.307819552666797E+01    0.569865552712930E+00
    0.114354000000000E+04    0.390742303665183E+01    0.569812518942852E+00
    0.114356000000000E+04    0.395021541137658E+01    0.569815128383826E+00
    0.114984000000000E+04    0.481768597424116E+01    0.569406076624074E+00
    0.114986000000000E+04    0.486046224682605E+01    0.569403389587972E+00
    0.115612000000000E+04    0.567744405772464E+01    0.568691333581603E+00
    0.115614000000000E+04    0.572018577078325E+01    0.568687231573356E+00
    0.116240000000000E+04    0.248050269467967E+00    0.568361840864487E+00
    0.116242000000000E+04    0.290784651537706E+00    0.568364147516723E+00
    0.116868000000000E+04    0.110383685721172E+01    0.568963142502167E+00
    0.116870000000000E+04    0.114659553560705E+01    0.568968156588394E+00
    0.117496000000000E+04    0.196662634512450E+01    0.569584576030078E+00
    0.117498000000000E+04    0.200940969567091E+01    0.569583464361317E+00
    0.118124000000000E+04    0.283576329474499E+01    0.569755091414154E+00
    0.118126000000000E+04    0.287855351041026E+01    0.569753435077127E+00
    0.118754000000000E+04    0.374965426954896E+01    0.569746589948425E+00
    0.118756000000000E+04    0.379244406331509E+01    0.569749190294869E+00
    0.119382000000000E+04    0.461727631113126E+01    0.569444878713382E+00
    0.119384000000000E+04    0.466005412484856E+01    0.569443772203013E+00
    0.120010000000000E+04    0.547769890587324E+01    0.568722523409368E+00
    0.120012000000000E+04    0.552044768642145E+01    0.568717038207746E+00
    0.120638000000000E+04    0.489108708520689E-01    0.568320965289561E+00
    0.120640000000000E+04    0.916435793528763E-01    0.568321409224746E+00
    0.121266000000000E+04    0.903563959655912E+00    0.568782617225270E+00
    0.121268000000000E+04    0.946315354105536E+00    0.568788069428164E+00
    0.121894000000000E+04    0.176459036450069E+01    0.569484438840754E+00
    0.121896000000000E+04    0.180736976203025E+01    0.569484863880205E+00
    0.122524000000000E+04    0.267543508768904E+01    0.569744787336325E+00
    0.122526000000000E+04    0.271822480371065E+01    0.569742433461682E+00
    0.123152000000000E+04    0.354660511449129E+01    0.569760204674130E+00
    0.123154000000000E+04    0.358939554434528E+01    0.569762278430389E+00
    0.123780000000000E+04    0.441547462153494E+01    0.569559798652415E+00
    0.123782000000000E+04    0.445825696800694E+01    0.569560211199377E+00
    0.124408000000000E+04    0.527763057152106E+01    0.568892192627233E+00
    0.124410000000000E+04    0.532038629163571E+01    0.568886852094680E+00
    0.125036000000000E+04    0.613297416016303E+01    0.568339242501906E+00
    0.125038000000000E+04    0.617570732700233E+01    0.568337805819762E+00
    0.125664000000000E+04    0.703645877553299E+00    0.568617787765970E+00
    0.125666000000000E+04    0.746389988191368E+00    0.568622994694437E+00
    0.126294000000000E+04    0.160543456598225E+01    0.569349232590563E+00
    0.126296000000000E+04    0.164820859742849E+01    0.569351148964768E+00
    0.126922000000000E+04    0.247208277551908E+01    0.569718533285054E+00
    0.126924000000000E+04    0.251487158698819E+01    0.569715907900056E+00
    0.127550000000000E+04    0.334292363641180E+01    0.569757188314071E+00
    0.127552000000000E+04    0.338571383427825E+01    0.569758316355233E+00
    0.128178000000000E+04    0.421271317476203E+01    0.569636764693158E+00
    0.128180000000000E+04    0.425549866777737E+01    0.569638424437384E+00
    0.128806000000000E+04    0.507657552748969E+01    0.569068049676319E+00
    0.128808000000000E+04    0.511933829884629E+01    0.569063370595668E+00
    0.129434000000000E+04    0.593304565279004E+01    0.568394483269217E+00
    0.129436000000000E+04    0.597578136888433E+01    0.568391211583391E+00
    0.130062000000000E+04    0.503380407971690E+00    0.568474796053159E+00
    0.130064000000000E+04    0.546119476147851E+00    0.568479176452810E+00
    0.130692000000000E+04    0.140371415259551E+01    0.569193651966171E+00
    0.130694000000000E+04    0.144648196690741E+01    0.569197073160557E+00
    0.131320000000000E+04    0.226878631695990E+01    0.569669625239926E+00
    0.131322000000000E+04    0.231157330804899E+01    0.569667235957301E+00
    0.131948000000000E+04    0.313915385886548E+01    0.569763997011782E+00
    0.131950000000000E+04    0.318194440813795E+01    0.569763944167051E+00
    0.132576000000000E+04    0.400967756242699E+01    0.569702800825240E+00
    0.132578000000000E+04    0.405246529542137E+01    0.569705222856406E+00
    0.133204000000000E+04    0.487514191460377E+01    0.569232090843655E+00
    0.133206000000000E+04    0.491791123351868E+01    0.569228840285518E+00
    0.133832000000000E+04    0.573312822155822E+01    0.568506427820488E+00
    0.133834000000000E+04    0.577586839190690E+01    0.568501823662721E+00
    0.134462000000000E+04    0.346223379947332E+00    0.568375265425460E+00
    0.134464000000000E+04    0.388958347533389E+00    0.568378352604071E+00
    0.135090000000000E+04    0.120238373633129E+01    0.569025381777067E+00
    0.135092000000000E+04    0.124514471766770E+01    0.569029972103961E+00
    0.135718000000000E+04    0.206575301497014E+01    0.569610690677482E+00
    0.135720000000000E+04    0.210853751695322E+01    0.569609184180445E+00
    0.136346000000000E+04    0.293603455027596E+01    0.569706841533982E+00
    0.136348000000000E+04    0.297882921496739E+01    0.569706255671178E+00
    0.136974000000000E+04    0.380813209048256E+01    0.569812082818299E+00
    0.136976000000000E+04    0.385092462000466E+01    0.569814761603802E+00
    0.137602000000000E+04    0.467617394030549E+01    0.569464427684662E+00
    0.137604000000000E+04    0.471895288532005E+01    0.569462594956702E+00
    0.138232000000000E+04    0.557973741901515E+01    0.568734770227016E+00
    0.138234000000000E+04    0.562248743235295E+01    0.568729485395420E+00
    0.138860000000000E+04    0.151783113570673E+00    0.568414914083898E+00
    0.138862000000000E+04    0.194519692718131E+00    0.568416218927018E+00
    0.139488000000000E+04    0.100798212568088E+01    0.568950121546898E+00
    0.139490000000000E+04    0.105074023892530E+01    0.568955440653863E+00
    0.140116000000000E+04    0.187089133848212E+01    0.569618920990073E+00
    0.140118000000000E+04    0.191367637281246E+01    0.569618581634103E+00
    0.140744000000000E+04    0.274071194116323E+01    0.569846264510961E+00
    0.140746000000000E+04    0.278350612334452E+01    0.569844215054742E+00
    0.141372000000000E+04    0.361303350213439E+01    0.569842730980008E+00
    0.141374000000000E+04    0.365582715585424E+01    0.569845085142755E+00
    0.142000000000000E+04    0.448257329721173E+01    0.569602784034806E+00
    0.142002000000000E+04    0.452535786637236E+01    0.569602528818552E+00
    0.142630000000000E+04    0.538799950401199E+01    0.568908560465929E+00
    0.142632000000000E+04    0.543075579704418E+01    0.568903033879367E+00
    0.143258000000000E+04    0.624408022400212E+01    0.568421261940185E+00
    0.143260000000000E+04    0.363165707040025E-02    0.568420806745121E+00
    0.143886000000000E+04    0.816428705984436E+00    0.568798850529331E+00
    0.143888000000000E+04    0.859180628058311E+00    0.568804264738326E+00
