    0.000000000000000E+00    0.190000000000000E+01    0.590000000000000E+00
    0.200000000000000E-01    0.194359998833674E+01    0.589999401297200E+00
    0.630000000000000E+01    0.306898613866831E+01    0.590110294051750E+00
    0.632000000000000E+01    0.311259053114024E+01    0.590109804773417E+00
    0.125800000000000E+02    0.419503308443674E+01    0.590068409355069E+00
    0.126000000000000E+02    0.423863577439203E+01    0.590070195350176E+00
    0.188600000000000E+02    0.531561506561210E+01    0.589449504389052E+00
    0.188800000000000E+02    0.535919308010097E+01    0.589444104659680E+00
    0.251400000000000E+02    0.146421230237344E+00    0.589009732787748E+00
    0.251600000000000E+02    0.189981457107550E+00    0.589011132570567E+00
    0.314200000000000E+02    0.126149540590247E+01    0.589652152972649E+00
    0.314400000000000E+02    0.130508158683129E+01    0.589656367773471E+00
    0.377000000000000E+02    0.238379051345247E+01    0.590100838683231E+00
    0.377200000000000E+02    0.242739449871547E+01    0.590098215355531E+00
    0.440000000000000E+02    0.355384836976151E+01    0.590121384348120E+00
    0.440200000000000E+02    0.359745290787546E+01    0.590123523523437E+00
    0.502800000000000E+02    0.467807838359874E+01    0.589879437415779E+00
    0.503000000000000E+02    0.472167366009663E+01    0.589877866659853E+00
    0.565600000000000E+02    0.579532688783695E+01    0.589136359565774E+00
    0.565800000000000E+02    0.583889230919978E+01    0.589132049038368E+00
    0.628400000000000E+02    0.625378401206518E+00    0.589192063134390E+00
    0.628600000000000E+02    0.668946077912636E+00    0.589196994291154E+00
    0.691200000000000E+02    0.174334996055333E+01    0.589931934988702E+00
    0.691400000000000E+02    0.178694736220461E+01    0.589932540181292E+00
    0.754000000000000E+02    0.286805819603174E+01    0.590109566785928E+00
    0.754200000000000E+02    0.291166254826598E+01    0.590108057984902E+00
    0.817000000000000E+02    0.403794903652610E+01    0.590089919992846E+00
    0.817200000000000E+02    0.408155273007262E+01    0.590092353256983E+00
    0.879800000000000E+02    0.515956255348752E+01    0.589571593451057E+00
    0.880000000000000E+02    0.520314533314090E+01    0.589566726862964E+00
    0.942600000000000E+02    0.627415469216845E+01    0.588992301243100E+00
    0.942800000000000E+02    0.345288535035593E-01    0.588992099995027E+00
    0.100540000000000E+03    0.110533115743542E+01    0.589529326253330E+00
    0.100560000000000E+03    0.114891241118031E+01    0.589534330760912E+00
    0.106820000000000E+03    0.222654364575337E+01    0.590074366997259E+00
    0.106840000000000E+03    0.227014661542944E+01    0.590072102999782E+00
    0.113100000000000E+03    0.335268184473955E+01    0.590107704959979E+00
    0.113120000000000E+03    0.339628604544777E+01    0.590109082852603E+00
    0.119400000000000E+03    0.452131908423428E+01    0.589965585481686E+00
    0.119420000000000E+03    0.456491757348721E+01    0.589965212077783E+00
    0.125680000000000E+03    0.563975513485502E+01    0.589233735102897E+00
    0.125700000000000E+03    0.568332455034005E+01    0.589228632258286E+00
    0.131960000000000E+03    0.470821261217736E+00    0.589121064202832E+00
    0.131980000000000E+03    0.514390194781981E+00    0.589127311486719E+00
    0.138240000000000E+03    0.158891830563402E+01    0.589941207078328E+00
    0.138260000000000E+03    0.163251604260432E+01    0.589943127690859E+00
    0.144520000000000E+03    0.271408916549029E+01    0.590203705946777E+00
    0.144540000000000E+03    0.275769716588525E+01    0.590201510604301E+00
    0.150800000000000E+03    0.384163989318859E+01    0.590192638503033E+00
    0.150820000000000E+03    0.388524716993282E+01    0.590195284240608E+00
    0.157080000000000E+03    0.496535834494006E+01    0.589782140026811E+00
    0.157100000000000E+03    0.500894959351416E+01    0.589778223704508E+00
    0.163380000000000E+03    0.612546973532039E+01    0.589103649727666E+00
    0.163400000000000E+03    0.616903383086657E+01    0.589101887350511E+00
    0.169660000000000E+03    0.957206519728913E+00    0.589501169770555E+00
    0.169680000000000E+03    0.100078666158703E+01    0.589506573611871E+00
    0.175940000000000E+03    0.207847808413868E+01    0.590130005351198E+00
    0.175960000000000E+03    0.212208342386509E+01    0.590128200358934E+00
    0.182220000000000E+03    0.320534312744769E+01    0.590193847245141E+00
    0.182240000000000E+03    0.324895088240572E+01    0.590194219806881E+00
    0.188500000000000E+03    0.433198151484027E+01    0.590106827885389E+00
    0.188520000000000E+03    0.437558591560816E+01    0.590107730811230E+00
    0.194780000000000E+03    0.545258980072720E+01    0.589427186635051E+00
    0.194800000000000E+03    0.549616672614894E+01    0.589421701998574E+00
    0.201080000000000E+03    0.327620297874546E+00    0.589134818811171E+00
    0.201100000000000E+03    0.371185735563756E+00    0.589137708707665E+00
    0.207360000000000E+03    0.144471313027259E+01    0.589846977655054E+00
    0.207380000000000E+03    0.148830708154520E+01    0.589850065267631E+00
    0.213640000000000E+03    0.256897242123847E+01    0.590191293199813E+00
    0.213660000000000E+03    0.261258003147196E+01    0.590188738653568E+00
    0.219920000000000E+03    0.369654583072088E+01    0.590199177008298E+00
    0.219940000000000E+03    0.374015367693875E+01    0.590201933809907E+00
    0.226200000000000E+03    0.482120314379716E+01    0.589883441063428E+00
    0.226220000000000E+03    0.486479842694644E+01    0.589880596138504E+00
    0.232480000000000E+03    0.593863357886545E+01    0.589153501192545E+00
    0.232500000000000E+03    0.598219947917755E+01    0.589150301261753E+00
    0.238780000000000E+03    0.813572458111480E+00    0.589397845586437E+00
    0.238800000000000E+03    0.857148561350300E+00    0.589403252776720E+00
    0.245060000000000E+03    0.193387796052787E+01    0.590091070445962E+00
    0.245080000000000E+03    0.197748173120567E+01    0.590090147107016E+00
    0.251340000000000E+03    0.306031598183381E+01    0.590196061964123E+00
    0.251360000000000E+03    0.310392381354450E+01    0.590195528367178E+00
    0.257620000000000E+03    0.418739155012747E+01    0.590147556405194E+00
    0.257640000000000E+03    0.423099777991581E+01    0.590149349945146E+00
    0.263900000000000E+03    0.530905435286729E+01    0.589534664775536E+00
    0.263920000000000E+03    0.535263566052663E+01    0.589529289561623E+00
    0.270180000000000E+03    0.140883931484495E+00    0.589088909660762E+00
    0.270200000000000E+03    0.184447521252764E+00    0.589090501042959E+00
    0.276480000000000E+03    0.130074104338848E+01    0.589745353351749E+00
    0.276500000000000E+03    0.134433091995197E+01    0.589749449936575E+00
    0.282760000000000E+03    0.242418690852230E+01    0.590185681110891E+00
    0.282780000000000E+03    0.246779430693562E+01    0.590183056160040E+00
    0.289040000000000E+03    0.355168270064030E+01    0.590199570942934E+00
    0.289060000000000E+03    0.359529034887953E+01    0.590201718479209E+00
    0.295320000000000E+03    0.467707586367567E+01    0.589972623777196E+00
    0.295340000000000E+03    0.472067471706112E+01    0.589970910221607E+00
    0.301600000000000E+03    0.579548618301067E+01    0.589217959951122E+00
    0.301620000000000E+03    0.583905518297354E+01    0.589213713924678E+00
    0.307880000000000E+03    0.626824502993941E+00    0.589298497884116E+00
    0.307900000000000E+03    0.670396682919204E+00    0.589303521883657E+00
    0.314160000000000E+03    0.174611206055226E+01    0.590030700243014E+00
    0.314180000000000E+03    0.178971337137318E+01    0.590031234293273E+00
    0.320460000000000E+03    0.291569978261111E+01    0.590206115940749E+00
    0.320480000000000E+03    0.295930793552793E+01    0.590204749140562E+00
    0.326740000000000E+03    0.404314169685210E+01    0.590182354063347E+00
    0.326760000000000E+03    0.408674903682515E+01    0.590184738223187E+00
    0.333020000000000E+03    0.516602250521805E+01    0.589651537335987E+00
    0.333040000000000E+03    0.520960977429138E+01    0.589646698181157E+00
    0.339300000000000E+03    0.628212465621766E+01    0.589105945021961E+00
    0.339320000000000E+03    0.425032417811053E-01    0.589105828238521E+00
    0.345580000000000E+03    0.111475698492472E+01    0.589645907921388E+00
    0.345600000000000E+03    0.115834285617200E+01    0.589650842883732E+00
    0.351860000000000E+03    0.223736251021967E+01    0.590184795601440E+00
    0.351880000000000E+03    0.228096997756165E+01    0.590182470921015E+00
    0.358160000000000E+03    0.340857563999953E+01    0.590221894617968E+00
    0.358180000000000E+03    0.345218440289011E+01    0.590223422676823E+00
    0.364440000000000E+03    0.453481711162237E+01    0.590054537302783E+00
    0.364460000000000E+03    0.457841928394225E+01    0.590054091709353E+00
    0.370720000000000E+03    0.565437953438357E+01    0.589320482883091E+00
    0.370740000000000E+03    0.569795240336589E+01    0.589315461431195E+00
    0.377000000000000E+03    0.485767524025391E+00    0.589220929748142E+00
    0.377020000000000E+03    0.529336436543645E+00    0.589225146413250E+00
    0.383280000000000E+03    0.160408992720625E+01    0.589961190420931E+00
    0.383300000000000E+03    0.164768841530019E+01    0.589962936770481E+00
    0.389560000000000E+03    0.272945700923333E+01    0.590206361286838E+00
    0.389580000000000E+03    0.277306541743258E+01    0.590204260769469E+00
    0.395860000000000E+03    0.390083804812048E+01    0.590210964802762E+00
    0.395880000000000E+03    0.394444652393031E+01    0.590213622314371E+00
    0.402140000000000E+03    0.502464480871345E+01    0.589776781553247E+00
    0.402160000000000E+03    0.506823592157855E+01    0.589772654084188E+00
    0.408420000000000E+03    0.614122733009037E+01    0.589117337734932E+00
    0.408440000000000E+03    0.618479206888276E+01    0.589115857544888E+00
    0.414700000000000E+03    0.973293084387365E+00    0.589542725340790E+00
    0.414720000000000E+03    0.101687467803129E+01    0.589548100480131E+00
    0.420980000000000E+03    0.209490560626784E+01    0.590150802253067E+00
    0.421000000000000E+03    0.213851161992818E+01    0.590149090654918E+00
    0.427260000000000E+03    0.322208056179431E+01    0.590210783824081E+00
    0.427280000000000E+03    0.326568903462919E+01    0.590211441353409E+00
    0.433540000000000E+03    0.434889982349000E+01    0.590118531323801E+00
    0.433560000000000E+03    0.439250448882024E+01    0.590119262363775E+00
    0.439840000000000E+03    0.551313119672250E+01    0.589419658804933E+00
    0.439860000000000E+03    0.555670815748556E+01    0.589414239231106E+00
    0.446120000000000E+03    0.344940680699210E+00    0.589169047895928E+00
    0.446140000000000E+03    0.388507281817169E+00    0.589172134076570E+00
    0.452400000000000E+03    0.146278076665214E+01    0.589892477703666E+00
    0.452420000000000E+03    0.150637734890495E+01    0.589895307752774E+00
    0.458680000000000E+03    0.258794351021015E+01    0.590231779791219E+00
    0.458700000000000E+03    0.263155432880546E+01    0.590229379978050E+00
    0.464960000000000E+03    0.371648451763690E+01    0.590266575302301E+00
    0.464980000000000E+03    0.376009517303089E+01    0.590269145667289E+00
    0.471240000000000E+03    0.484183156591166E+01    0.589931140725399E+00
    0.471260000000000E+03    0.488542887690937E+01    0.589928055315663E+00
    0.477540000000000E+03    0.600354721966505E+01    0.589210090053495E+00
    0.477560000000000E+03    0.604711544257066E+01    0.589207235414009E+00
    0.483820000000000E+03    0.835242935176439E+00    0.589557226078115E+00
    0.483840000000000E+03    0.878819295134690E+00    0.589562342147011E+00
    0.490100000000000E+03    0.195519945234378E+01    0.590061071229213E+00
    0.490120000000000E+03    0.199880190110116E+01    0.590060219438323E+00
    0.496380000000000E+03    0.308131966837141E+01    0.590161114243529E+00
    0.496400000000000E+03    0.312492605670673E+01    0.590160738597512E+00
    0.502660000000000E+03    0.420787515340112E+01    0.590105694566494E+00
    0.502680000000000E+03    0.425147943215916E+01    0.590107345934291E+00
    0.508940000000000E+03    0.532886598777327E+01    0.589481610876273E+00
    0.508960000000000E+03    0.537244515507246E+01    0.589476193495320E+00
    0.515240000000000E+03    0.203777702653269E+00    0.589064536542870E+00
    0.515260000000000E+03    0.247340190706609E+00    0.589066292255308E+00
    0.521520000000000E+03    0.131971055359122E+01    0.589721338090501E+00
    0.521540000000000E+03    0.136329955891256E+01    0.589725288837506E+00
    0.527800000000000E+03    0.244280525792738E+01    0.590148928482121E+00
    0.527820000000000E+03    0.248641112537098E+01    0.590146284517381E+00
    0.534080000000000E+03    0.356991064374847E+01    0.590165676297568E+00
    0.534100000000000E+03    0.361351727268084E+01    0.590167873794943E+00
    0.540360000000000E+03    0.469475538452571E+01    0.589916857327881E+00
    0.540380000000000E+03    0.473835224138406E+01    0.589915062992191E+00
    0.546640000000000E+03    0.581248691227574E+01    0.589175581911327E+00
    0.546660000000000E+03    0.585605394674531E+01    0.589171468750006E+00
    0.552940000000000E+03    0.686910060547007E+00    0.589277211389620E+00
    0.552960000000000E+03    0.730481146287048E+00    0.589282326599849E+00
    0.559220000000000E+03    0.180580810230481E+01    0.590000113763395E+00
    0.559240000000000E+03    0.184940822680892E+01    0.590000341031435E+00
    0.565500000000000E+03    0.293138544359977E+01    0.590165279683126E+00
    0.565520000000000E+03    0.297499181998865E+01    0.590164066662435E+00
    0.571780000000000E+03    0.405817176891378E+01    0.590137034058857E+00
    0.571800000000000E+03    0.410177611427957E+01    0.590139294274975E+00
    0.578060000000000E+03    0.518000501466668E+01    0.589593183107496E+00
    0.578080000000000E+03    0.522358864519447E+01    0.589588143611178E+00
    0.584340000000000E+03    0.118728076233765E-01    0.589044833625991E+00
    0.584360000000000E+03    0.554345900907265E-01    0.589044953626710E+00
    0.590620000000000E+03    0.112697155246201E+01    0.589607938136673E+00
    0.590640000000000E+03    0.117055573591438E+01    0.589612800163683E+00
    0.596920000000000E+03    0.229256739781431E+01    0.590119600055348E+00
    0.596940000000000E+03    0.233617229852211E+01    0.590117169473073E+00
    0.603200000000000E+03    0.341938018972132E+01    0.590160452733194E+00
    0.603220000000000E+03    0.346298648756556E+01    0.590161981114524E+00
    0.609480000000000E+03    0.454478893016790E+01    0.589991061920933E+00
    0.609500000000000E+03    0.458838862017797E+01    0.589990481633665E+00
    0.615760000000000E+03    0.566350964489379E+01    0.589251783504637E+00
    0.615780000000000E+03    0.570707957969557E+01    0.589246797793947E+00
    0.622040000000000E+03    0.494159778776975E+00    0.589171401145540E+00
    0.622060000000000E+03    0.537726764883473E+00    0.589175734796923E+00
    0.628320000000000E+03    0.161190191085484E+01    0.589911625906565E+00
    0.628340000000000E+03    0.165549855929294E+01    0.589913222555749E+00
    0.634620000000000E+03    0.278024260946199E+01    0.590152882013336E+00
    0.634640000000000E+03    0.282384868554345E+01    0.590150887340811E+00
    0.640900000000000E+03    0.390725924984918E+01    0.590147291702886E+00
    0.640920000000000E+03    0.395086518197536E+01    0.590149935698941E+00
    0.647180000000000E+03    0.503021896223845E+01    0.589707625847657E+00
    0.647200000000000E+03    0.507380733444325E+01    0.589703254106077E+00
    0.653460000000000E+03    0.614593008301608E+01    0.589049436022187E+00
    0.653480000000000E+03    0.618949202631529E+01    0.589047999843794E+00
    0.659740000000000E+03    0.977166726118185E+00    0.589480157955039E+00
    0.659760000000000E+03    0.102074611062176E+01    0.589485528723248E+00
    0.666020000000000E+03    0.209807647754155E+01    0.590092404275637E+00
    0.666040000000000E+03    0.214167999263236E+01    0.590090654520880E+00
    0.672320000000000E+03    0.326789730115297E+01    0.590145984352825E+00
    0.672340000000000E+03    0.331150291243080E+01    0.590146624379431E+00
    0.678600000000000E+03    0.439375279344040E+01    0.590045331281898E+00
    0.678620000000000E+03    0.443735472941557E+01    0.590045936856034E+00
    0.684880000000000E+03    0.551346694370682E+01    0.589348503881345E+00
    0.684900000000000E+03    0.555704071449009E+01    0.589343060060251E+00
    0.691160000000000E+03    0.344216220900989E+00    0.589095683694957E+00
    0.691180000000000E+03    0.387780472517534E+00    0.589098811964783E+00
    0.697440000000000E+03    0.146147738812806E+01    0.589848521422103E+00
    0.697460000000000E+03    0.150507157959191E+01    0.589851375425328E+00
    0.703720000000000E+03    0.258577235458051E+01    0.590178788117613E+00
    0.703740000000000E+03    0.262937944864939E+01    0.590176271496918E+00
    0.710000000000000E+03    0.371325060978870E+01    0.590179650540244E+00
    0.710020000000000E+03    0.375686050473360E+01    0.590181920216209E+00
    0.716300000000000E+03    0.488198167795463E+01    0.589898470085119E+00
    0.716320000000000E+03    0.492557791999911E+01    0.589895211572202E+00
    0.722580000000000E+03    0.599980571189349E+01    0.589188859630619E+00
    0.722600000000000E+03    0.604337310038477E+01    0.589186019000463E+00
    0.728860000000000E+03    0.831873528126835E+00    0.589468438561891E+00
    0.728880000000000E+03    0.875452424539162E+00    0.589473891405647E+00
    0.735140000000000E+03    0.195298268806368E+01    0.590148657298987E+00
    0.735160000000000E+03    0.199658863493300E+01    0.590147785676002E+00
    0.741420000000000E+03    0.307981612189678E+01    0.590240673773325E+00
    0.741440000000000E+03    0.312342472956016E+01    0.590240457806607E+00
    0.747700000000000E+03    0.420693853614330E+01    0.590173614591828E+00
    0.747720000000000E+03    0.425054402481965E+01    0.590175102099729E+00
    0.754000000000000E+03    0.537188692828477E+01    0.589509415802628E+00
    0.754020000000000E+03    0.541546704679240E+01    0.589503926079736E+00
    0.760280000000000E+03    0.203622004607496E+00    0.589108353961428E+00
    0.760300000000000E+03    0.247186032188893E+00    0.589110271993436E+00
    0.766560000000000E+03    0.132002397509291E+01    0.589763405949318E+00
    0.766580000000000E+03    0.136361479293055E+01    0.589767283594831E+00
    0.772840000000000E+03    0.244381445577687E+01    0.590176153140348E+00
    0.772860000000000E+03    0.248742341140155E+01    0.590173642413646E+00
    0.779120000000000E+03    0.357171594521674E+01    0.590219205888842E+00
    0.779140000000000E+03    0.361532473543502E+01    0.590221478056355E+00
    0.785400000000000E+03    0.469713614013995E+01    0.589962801149208E+00
    0.785420000000000E+03    0.474073474659076E+01    0.589960846991653E+00
    0.791700000000000E+03    0.585906363107370E+01    0.589216947129947E+00
    0.791720000000000E+03    0.590263212930358E+01    0.589212949784500E+00
    0.797980000000000E+03    0.690512743791487E+00    0.589341511882117E+00
    0.798000000000000E+03    0.734086503491426E+00    0.589346643565703E+00
    0.804260000000000E+03    0.181030137091534E+01    0.590069269561362E+00
    0.804280000000000E+03    0.185390416108089E+01    0.590069457540993E+00
    0.810540000000000E+03    0.293668513847433E+01    0.590222150056300E+00
    0.810560000000000E+03    0.298029387180168E+01    0.590220961714829E+00
    0.816820000000000E+03    0.406427519158706E+01    0.590191271242939E+00
    0.816840000000000E+03    0.410788287440414E+01    0.590193540080232E+00
    0.823100000000000E+03    0.518698911696674E+01    0.589651231648662E+00
    0.823120000000000E+03    0.523057518877135E+01    0.589646190997575E+00
    0.829400000000000E+03    0.632221702107927E-01    0.589111825564658E+00
    0.829420000000000E+03    0.106786487939416E+00    0.589112232345885E+00
    0.835680000000000E+03    0.117923078963736E+01    0.589681432521517E+00
    0.835700000000000E+03    0.122281808703997E+01    0.589686154059455E+00
    0.841960000000000E+03    0.230219376942250E+01    0.590191900734046E+00
    0.841980000000000E+03    0.234580150344004E+01    0.590189461481199E+00
    0.848240000000000E+03    0.342986478985563E+01    0.590223026756525E+00
    0.848260000000000E+03    0.347347363045492E+01    0.590224620544049E+00
    0.854520000000000E+03    0.455599726804917E+01    0.590044608896823E+00
    0.854540000000000E+03    0.459959903603249E+01    0.590043883983396E+00
    0.860800000000000E+03    0.567540916500479E+01    0.589308176273841E+00
    0.860820000000000E+03    0.571898161115223E+01    0.589303311661007E+00
    0.867080000000000E+03    0.506895762080376E+00    0.589249660532838E+00
    0.867100000000000E+03    0.550465732496377E+00    0.589254050527147E+00
    0.873380000000000E+03    0.166918690936495E+01    0.589997641807162E+00
    0.873400000000000E+03    0.171278688480061E+01    0.589999002815290E+00
    0.879660000000000E+03    0.279490356630822E+01    0.590221321983380E+00
    0.879680000000000E+03    0.283851237926342E+01    0.590219407963391E+00
    0.885940000000000E+03    0.392270781429579E+01    0.590211918294587E+00
    0.885960000000000E+03    0.396631612481428E+01    0.590214523928541E+00
    0.892220000000000E+03    0.504617679486955E+01    0.589749497969926E+00
    0.892240000000000E+03    0.508976687345898E+01    0.589745170381597E+00
    0.898500000000000E+03    0.616246405799825E+01    0.589108564861311E+00
    0.898520000000000E+03    0.620602835839327E+01    0.589107364570906E+00
    0.904780000000000E+03    0.994608882034981E+00    0.589563106370197E+00
    0.904800000000000E+03    0.103819150572463E+01    0.589568416932812E+00
    0.911080000000000E+03    0.216011293825045E+01    0.590162291010990E+00
    0.911100000000000E+03    0.220371939421966E+01    0.590160343257408E+00
    0.917360000000000E+03    0.328741113073579E+01    0.590219126440283E+00
    0.917380000000000E+03    0.333101950334662E+01    0.590220069344598E+00
    0.923640000000000E+03    0.441396152890479E+01    0.590091869004525E+00
    0.923660000000000E+03    0.445756507862302E+01    0.590092235678438E+00
    0.929920000000000E+03    0.553419737182162E+01    0.589386615322489E+00
    0.929940000000000E+03    0.557777282901975E+01    0.589381244670653E+00
    0.936200000000000E+03    0.365642182999181E+00    0.589164308497464E+00
    0.936220000000000E+03    0.409208678731602E+00    0.589167675722257E+00
    0.942480000000000E+03    0.148288201517880E+01    0.589889611735690E+00
    0.942500000000000E+03    0.152647537063967E+01    0.589891848994231E+00
    0.948780000000000E+03    0.265081488493206E+01    0.590178759448646E+00
    0.948800000000000E+03    0.269442128805213E+01    0.590176408091035E+00
    0.955060000000000E+03    0.377807734647195E+01    0.590176490397230E+00
    0.955080000000000E+03    0.382168444645004E+01    0.590179143993173E+00
    0.961340000000000E+03    0.490204723924489E+01    0.589814800059209E+00
    0.961360000000000E+03    0.494564002959760E+01    0.589811308413915E+00
    0.967620000000000E+03    0.601888042029032E+01    0.589116122613975E+00
    0.967640000000000E+03    0.606244507312294E+01    0.589113533770289E+00
    0.973900000000000E+03    0.850196563867485E+00    0.589422733834860E+00
    0.973920000000000E+03    0.893773506796151E+00    0.589428207167244E+00
    0.980180000000000E+03    0.197063526230659E+01    0.590090091989141E+00
    0.980200000000000E+03    0.201423886663997E+01    0.590089053351955E+00
    0.986480000000000E+03    0.314070640995260E+01    0.590180438696962E+00
    0.986500000000000E+03    0.318431357860845E+01    0.590180345883419E+00
    0.992760000000000E+03    0.426778412568910E+01    0.590073664509329E+00
    0.992780000000000E+03    0.431139415639609E+01    0.590073843191492E+00
    0.999040000000000E+03    0.539015269902120E+01    0.589587089495946E+00
    0.999060000000000E+03    0.543373609299488E+01    0.589581619330915E+00
    0.100532000000000E+04    0.223079076632075E+00    0.589207879966478E+00
    0.100534000000000E+04    0.266647425016799E+00    0.589209947872052E+00
    0.101160000000000E+04    0.134091258384115E+01    0.589885320229526E+00
    0.101162000000000E+04    0.138450824359279E+01    0.589889052476106E+00
    0.101788000000000E+04    0.246596557841121E+01    0.590286894717656E+00
    0.101790000000000E+04    0.250957697470585E+01    0.590284250999832E+00
    0.102416000000000E+04    0.359478444242359E+01    0.590302924257379E+00
    0.102418000000000E+04    0.363839659080850E+01    0.590305543409206E+00
    0.103046000000000E+04    0.476479770204105E+01    0.590038555135712E+00
    0.103048000000000E+04    0.480839929977901E+01    0.590036286302724E+00
    0.103674000000000E+04    0.588403803273422E+01    0.589286174907011E+00
    0.103676000000000E+04    0.592760953179868E+01    0.589282437271976E+00
    0.104302000000000E+04    0.716586701769756E+00    0.589440502263477E+00
    0.104304000000000E+04    0.760164286530198E+00    0.589445740054864E+00
    0.104930000000000E+04    0.183758426461509E+01    0.590162629880377E+00
    0.104932000000000E+04    0.188119090541477E+01    0.590162540120318E+00
    0.105558000000000E+04    0.296506799130293E+01    0.590301968426902E+00
    0.105560000000000E+04    0.300868004928589E+01    0.590300948277084E+00
    0.106186000000000E+04    0.409361548975266E+01    0.590271485752121E+00
    0.106188000000000E+04    0.413722638899389E+01    0.590273626165088E+00
    0.106816000000000E+04    0.526075851009591E+01    0.589702818372234E+00
    0.106818000000000E+04    0.530434652266922E+01    0.589697596861804E+00
    0.107444000000000E+04    0.942642063605490E-01    0.589193325739776E+00
    0.107446000000000E+04    0.137831866260967E+00    0.589194079358721E+00
    0.108072000000000E+04    0.121148429182222E+01    0.589797109654058E+00
    0.108074000000000E+04    0.125507630549100E+01    0.589801667900286E+00
    0.108700000000000E+04    0.233574806769911E+01    0.590282534544468E+00
    0.108702000000000E+04    0.237935846722985E+01    0.590280082264426E+00
    0.109328000000000E+04    0.346416515152669E+01    0.590302724814170E+00
    0.109330000000000E+04    0.350777635942904E+01    0.590304501879339E+00
    0.109956000000000E+04    0.459080116198993E+01    0.590085538814098E+00
    0.109958000000000E+04    0.463440457794331E+01    0.590084492115563E+00
    0.110586000000000E+04    0.575425915970345E+01    0.589335181534043E+00
    0.110588000000000E+04    0.579783245257522E+01    0.589330543684795E+00
    0.111214000000000E+04    0.586419265448058E+00    0.589331833385510E+00
    0.111216000000000E+04    0.629992632059839E+00    0.589336519658365E+00
    0.111842000000000E+04    0.170614718716342E+01    0.590072583506046E+00
    0.111844000000000E+04    0.174975027288974E+01    0.590073555428523E+00
    0.112470000000000E+04    0.283278264447335E+01    0.590278948110899E+00
    0.112472000000000E+04    0.287639365929863E+01    0.590277238158427E+00
    0.113098000000000E+04    0.396124051000015E+01    0.590261860287891E+00
    0.113100000000000E+04    0.400485103208939E+01    0.590264405209795E+00
    0.113726000000000E+04    0.508534850939213E+01    0.589783038350919E+00
    0.113728000000000E+04    0.512894002789062E+01    0.589778444560343E+00
    0.114354000000000E+04    0.620233042689142E+01    0.589167165752702E+00
    0.114356000000000E+04    0.624589698551517E+01    0.589166415919023E+00
    0.114984000000000E+04    0.107899093586911E+01    0.589666569151722E+00
    0.114986000000000E+04    0.112257777539662E+01    0.589671717865206E+00
    0.115612000000000E+04    0.220201658172437E+01    0.590233100011223E+00
    0.115614000000000E+04    0.224562564855296E+01    0.590230973783012E+00
    0.116240000000000E+04    0.333004738621230E+01    0.590272640881081E+00
    0.116242000000000E+04    0.337365809073162E+01    0.590273709717497E+00
    0.116868000000000E+04    0.445727707513379E+01    0.590145586766387E+00
    0.116870000000000E+04    0.450088303613165E+01    0.590145640668123E+00
    0.117496000000000E+04    0.557807560949368E+01    0.589422228668502E+00
    0.117498000000000E+04    0.562165229274387E+01    0.589416974710443E+00
    0.118124000000000E+04    0.410270444976504E+00    0.589254376966123E+00
    0.118126000000000E+04    0.453840640324415E+00    0.589258119072156E+00
    0.118754000000000E+04    0.157260667512810E+01    0.589993310578177E+00
    0.118756000000000E+04    0.161620632915219E+01    0.589995310606496E+00
    0.119382000000000E+04    0.269834864187396E+01    0.590266552722639E+00
    0.119384000000000E+04    0.274195908098591E+01    0.590264277813954E+00
    0.120010000000000E+04    0.382682136403810E+01    0.590270371715118E+00
    0.120012000000000E+04    0.387043232287488E+01    0.590273061323116E+00
    0.120638000000000E+04    0.495170890836971E+01    0.589872765951168E+00
    0.120640000000000E+04    0.499530373539938E+01    0.589868860669638E+00
    0.121266000000000E+04    0.606928638457157E+01    0.589183779918951E+00
    0.121268000000000E+04    0.611285374239515E+01    0.589181707778374E+00
    0.121894000000000E+04    0.901832165235191E+00    0.589552027489279E+00
    0.121896000000000E+04    0.945414101649931E+00    0.589557459549857E+00
    0.122524000000000E+04    0.206728557315000E+01    0.590191421978304E+00
    0.122526000000000E+04    0.211089305813948E+01    0.590189911549005E+00
    0.123152000000000E+04    0.319492054869488E+01    0.590269589861172E+00
    0.123154000000000E+04    0.323853132884960E+01    0.590269900757573E+00
    0.123780000000000E+04    0.432256867949673E+01    0.590191277751692E+00
    0.123782000000000E+04    0.436617610956455E+01    0.590192301352462E+00
    0.124408000000000E+04    0.544415837335919E+01    0.589510019781724E+00
    0.124410000000000E+04    0.548773868021681E+01    0.589504540402826E+00
    0.125036000000000E+04    0.276496555758058E+00    0.589189362264112E+00
    0.125038000000000E+04    0.320064052050839E+00    0.589192057291486E+00
    0.125664000000000E+04    0.139470734556880E+01    0.589825576988636E+00
    0.125666000000000E+04    0.143830745343394E+01    0.589827898650833E+00
    0.126294000000000E+04    0.256463074381600E+01    0.590367428687859E+00
    0.126296000000000E+04    0.260824539140049E+01    0.590364854772695E+00
    0.126922000000000E+04    0.369449121000525E+01    0.590384898945880E+00
    0.126924000000000E+04    0.373810664758503E+01    0.590387409697310E+00
    0.127550000000000E+04    0.482149737453256E+01    0.590074452687178E+00
    0.127552000000000E+04    0.486510017756746E+01    0.590071475092640E+00
    0.128178000000000E+04    0.594124260083709E+01    0.589335990239470E+00
    0.128180000000000E+04    0.598481604031622E+01    0.589332720688917E+00
    0.128806000000000E+04    0.774853456256551E+00    0.589565457176921E+00
    0.128808000000000E+04    0.818435906410741E+00    0.589570822079969E+00
    0.129434000000000E+04    0.189710849149924E+01    0.590256741363543E+00
    0.129436000000000E+04    0.194071892255761E+01    0.590256219147727E+00
    0.130062000000000E+04    0.302556773154083E+01    0.590370156161103E+00
    0.130064000000000E+04    0.306918249407590E+01    0.590369515906398E+00
    0.130692000000000E+04    0.419847046030918E+01    0.590325022115777E+00
    0.130694000000000E+04    0.424208348177763E+01    0.590326808269776E+00
    0.131320000000000E+04    0.532232748450770E+01    0.589711105878716E+00
    0.131322000000000E+04    0.536591585493034E+01    0.589705724575733E+00
    0.131948000000000E+04    0.156369763295061E+00    0.589268100706948E+00
    0.131950000000000E+04    0.199940526140836E+00    0.589269588152276E+00
    0.132576000000000E+04    0.127476128466697E+01    0.589911009220393E+00
    0.132578000000000E+04    0.131835763890103E+01    0.589915103703314E+00
    0.133204000000000E+04    0.240005985886501E+01    0.590348420972393E+00
    0.133206000000000E+04    0.244367345682895E+01    0.590345790760291E+00
    0.133832000000000E+04    0.352957577314510E+01    0.590364411684320E+00
    0.133834000000000E+04    0.357319031572661E+01    0.590366616924980E+00
    0.134462000000000E+04    0.470062974591337E+01    0.590130910371506E+00
    0.134464000000000E+04    0.474423489324181E+01    0.590129071122310E+00
    0.135090000000000E+04    0.582103383769208E+01    0.589379980042843E+00
    0.135092000000000E+04    0.586460920925992E+01    0.589375819564648E+00
    0.135718000000000E+04    0.654627833308496E+00    0.589479687389696E+00
    0.135720000000000E+04    0.698207283560805E+00    0.589484730449122E+00
    0.136346000000000E+04    0.177641288251834E+01    0.590227640456511E+00
    0.136348000000000E+04    0.182002212927955E+01    0.590228056426856E+00
    0.136974000000000E+04    0.290483987666130E+01    0.590394118317924E+00
    0.136976000000000E+04    0.294845559486066E+01    0.590392770831392E+00
    0.137602000000000E+04    0.403468048915738E+01    0.590370959619369E+00
    0.137604000000000E+04    0.407829553717102E+01    0.590373336249113E+00
