    0.000000000000000E+00    0.190000000000000E+01    0.600000000000000E+00
    0.200000000000000E-01    0.194399998832298E+01    0.599999399923656E+00
    0.630000000000000E+01    0.319484951332447E+01    0.600080638582504E+00
    0.632000000000000E+01    0.323885267008550E+01    0.600080901393552E+00
    0.125800000000000E+02    0.444566459058968E+01    0.599996332719556E+00
    0.126000000000000E+02    0.448966453970646E+01    0.599996542766849E+00
    0.188600000000000E+02    0.569026640718796E+01    0.599263058654604E+00
    0.188800000000000E+02    0.573423667446752E+01    0.599258158680364E+00
    0.251400000000000E+02    0.646950627380463E+00    0.599281819315048E+00
    0.251600000000000E+02    0.690922029900307E+00    0.599286844175039E+00
    0.314200000000000E+02    0.189171671226363E+01    0.600000748761355E+00
    0.314400000000000E+02    0.193571699413420E+01    0.600000105649957E+00
    0.377000000000000E+02    0.314248060854935E+01    0.600076392206615E+00
    0.377200000000000E+02    0.318648352546344E+01    0.600076436180466E+00
    0.440000000000000E+02    0.443726167492567E+01    0.599999266204056E+00
    0.440200000000000E+02    0.448126170834887E+01    0.599999584102749E+00
    0.502800000000000E+02    0.568192174895964E+01    0.599271310470232E+00
    0.503000000000000E+02    0.572589216774669E+01    0.599266365332086E+00
    0.565600000000000E+02    0.638522486902133E+00    0.599268977838529E+00
    0.565800000000000E+02    0.682493052338955E+00    0.599274154048598E+00
    0.628400000000000E+02    0.188338376756244E+01    0.599959217428890E+00
    0.628600000000000E+02    0.192738503521250E+01    0.599958840166380E+00
    0.691200000000000E+02    0.313485523780849E+01    0.600126250507073E+00
    0.691400000000000E+02    0.317886022683368E+01    0.600126203755998E+00
    0.754000000000000E+02    0.438625794447663E+01    0.600041345408025E+00
    0.754200000000000E+02    0.443025989316584E+01    0.600041829166284E+00
    0.817000000000000E+02    0.567556547150591E+01    0.599321148900270E+00
    0.817200000000000E+02    0.571953820495935E+01    0.599316146555903E+00
    0.879800000000000E+02    0.632768230700435E+00    0.599303786222666E+00
    0.880000000000000E+02    0.676740508532333E+00    0.599308712689684E+00
    0.942600000000000E+02    0.187777970893927E+01    0.600023814113864E+00
    0.942800000000000E+02    0.192178089108606E+01    0.600023526473356E+00
    0.100540000000000E+03    0.312884142779086E+01    0.600118619813170E+00
    0.100560000000000E+03    0.317284608556361E+01    0.600118521583722E+00
    0.106820000000000E+03    0.438023911485982E+01    0.600046483917506E+00
    0.106840000000000E+03    0.442424133003078E+01    0.600047064590576E+00
    0.113100000000000E+03    0.562566654954716E+01    0.599331499774049E+00
    0.113120000000000E+03    0.566963969753976E+01    0.599326411053296E+00
    0.119400000000000E+03    0.626788883998813E+00    0.599291752581111E+00
    0.119420000000000E+03    0.670760638314846E+00    0.599296605255148E+00
    0.125680000000000E+03    0.187167817155836E+01    0.600021149134034E+00
    0.125700000000000E+03    0.191567909216678E+01    0.600020929549620E+00
    0.131960000000000E+03    0.312289047534256E+01    0.600124830771865E+00
    0.131980000000000E+03    0.316689523567868E+01    0.600124740575651E+00
    0.138240000000000E+03    0.437428811847622E+01    0.600044635404115E+00
    0.138260000000000E+03    0.441828997545554E+01    0.600045337769367E+00
    0.144520000000000E+03    0.561971411125245E+01    0.599344146583058E+00
    0.144540000000000E+03    0.566368780348398E+01    0.599339015515342E+00
    0.150800000000000E+03    0.576913767153087E+00    0.599283458917482E+00
    0.150820000000000E+03    0.620885102100829E+00    0.599288249420673E+00
    0.157080000000000E+03    0.182218806770180E+01    0.599938853076075E+00
    0.157100000000000E+03    0.186619138679896E+01    0.599938584040233E+00
    0.163380000000000E+03    0.311853777994980E+01    0.600214927031639E+00
    0.163400000000000E+03    0.316254648868710E+01    0.600214834463033E+00
    0.169660000000000E+03    0.437122726139825E+01    0.600152955024727E+00
    0.169680000000000E+03    0.441523351788868E+01    0.600153704941812E+00
    0.175940000000000E+03    0.561807674203254E+01    0.599452538409431E+00
    0.175960000000000E+03    0.566205518067630E+01    0.599447400677889E+00
    0.182220000000000E+03    0.576636355682865E+00    0.599382125020690E+00
    0.182240000000000E+03    0.620611676513988E+00    0.599386831563008E+00
    0.188500000000000E+03    0.182269696508348E+01    0.600117421163683E+00
    0.188520000000000E+03    0.186670172881065E+01    0.600117441033742E+00
    0.194780000000000E+03    0.307515212128374E+01    0.600230713858098E+00
    0.194800000000000E+03    0.311916146630028E+01    0.600230487151710E+00
    0.201080000000000E+03    0.437234216418670E+01    0.600182072116313E+00
    0.201100000000000E+03    0.441634968539819E+01    0.600182833040715E+00
    0.207360000000000E+03    0.561952003755596E+01    0.599476242908948E+00
    0.207380000000000E+03    0.566349896803285E+01    0.599471058365592E+00
    0.213640000000000E+03    0.578321228690641E+00    0.599403686521018E+00
    0.213660000000000E+03    0.622297485094577E+00    0.599408393730457E+00
    0.219920000000000E+03    0.182462107190923E+01    0.600133865392201E+00
    0.219940000000000E+03    0.186862644583829E+01    0.600133898913686E+00
    0.226200000000000E+03    0.307727426740468E+01    0.600245250173751E+00
    0.226220000000000E+03    0.312128403890654E+01    0.600244891373122E+00
    0.232480000000000E+03    0.433037976822163E+01    0.600184618557177E+00
    0.232500000000000E+03    0.437438715948679E+01    0.600185498035718E+00
    0.238780000000000E+03    0.562156810194301E+01    0.599480812454228E+00
    0.238800000000000E+03    0.566554684104585E+01    0.599475588080318E+00
    0.245060000000000E+03    0.580344936362621E+00    0.599405407090127E+00
    0.245080000000000E+03    0.624321190934893E+00    0.599410061166386E+00
    0.251340000000000E+03    0.182668152760368E+01    0.600135881472719E+00
    0.251360000000000E+03    0.187068699122040E+01    0.600135958007459E+00
    0.257620000000000E+03    0.307938087782850E+01    0.600253346720901E+00
    0.257640000000000E+03    0.312339109826894E+01    0.600253061644778E+00
    0.263900000000000E+03    0.433273984537834E+01    0.600195235288139E+00
    0.263920000000000E+03    0.437674802690412E+01    0.600196139360063E+00
    0.270180000000000E+03    0.558016133981823E+01    0.599496762310255E+00
    0.270200000000000E+03    0.562414109152974E+01    0.599491522893899E+00
    0.276480000000000E+03    0.583053523411877E+00    0.599409493580443E+00
    0.276500000000000E+03    0.627029969631053E+00    0.599414128594458E+00
    0.282760000000000E+03    0.182940264077524E+01    0.600137896937823E+00
    0.282780000000000E+03    0.187340807625401E+01    0.600137732125888E+00
    0.289040000000000E+03    0.308203269798469E+01    0.600248823248740E+00
    0.289060000000000E+03    0.312604257555211E+01    0.600248410388426E+00
    0.295320000000000E+03    0.433519705214155E+01    0.600195696811025E+00
    0.295340000000000E+03    0.437920484934762E+01    0.600196635129728E+00
    0.301600000000000E+03    0.558254635583114E+01    0.599495088417536E+00
    0.301620000000000E+03    0.562652619438290E+01    0.599489840957587E+00
    0.307880000000000E+03    0.541465019713428E+00    0.599401084507568E+00
    0.307900000000000E+03    0.585440959432617E+00    0.599405639765442E+00
    0.314160000000000E+03    0.178753922213491E+01    0.600127411505607E+00
    0.314180000000000E+03    0.183154444215427E+01    0.600127650995190E+00
    0.320460000000000E+03    0.308402015556567E+01    0.600243604241043E+00
    0.320480000000000E+03    0.312802980093943E+01    0.600243170350686E+00
    0.326740000000000E+03    0.433712396636122E+01    0.600189550143147E+00
    0.326760000000000E+03    0.438113176131560E+01    0.600190521038642E+00
    0.333020000000000E+03    0.558445006914747E+01    0.599490953051352E+00
    0.333040000000000E+03    0.562842952687151E+01    0.599485685531223E+00
    0.339300000000000E+03    0.543211418374995E+00    0.599386572768743E+00
    0.339320000000000E+03    0.587186933341854E+00    0.599391098682292E+00
    0.345580000000000E+03    0.178930320818540E+01    0.600119711553064E+00
    0.345600000000000E+03    0.183330794505730E+01    0.600119786679498E+00
    0.351860000000000E+03    0.304173793411303E+01    0.600238159810313E+00
    0.351880000000000E+03    0.308574742264227E+01    0.600237610187896E+00
    0.358160000000000E+03    0.433880382265227E+01    0.600188043610478E+00
    0.358180000000000E+03    0.438281123414379E+01    0.600189032621941E+00
    0.364440000000000E+03    0.558606680231412E+01    0.599488740088063E+00
    0.364460000000000E+03    0.563004656708665E+01    0.599483439008250E+00
    0.370720000000000E+03    0.544738690473878E+00    0.599369393538780E+00
    0.370740000000000E+03    0.588713442493713E+00    0.599373888791525E+00
    0.377000000000000E+03    0.178979302488744E+01    0.600127593734438E+00
    0.377020000000000E+03    0.183379259309584E+01    0.600126309919847E+00
    0.383280000000000E+03    0.304085597330550E+01    0.600132436041174E+00
    0.383300000000000E+03    0.308486117918665E+01    0.600131861976563E+00
    0.389560000000000E+03    0.429254412359830E+01    0.600074532473686E+00
    0.389580000000000E+03    0.433654726229065E+01    0.600075651651272E+00
    0.395860000000000E+03    0.558250443572683E+01    0.599387600789521E+00
    0.395880000000000E+03    0.562647984608566E+01    0.599382289290812E+00
    0.402140000000000E+03    0.539855798259850E+00    0.599260031077898E+00
    0.402160000000000E+03    0.583826159700152E+00    0.599264459679691E+00
    0.408420000000000E+03    0.178435369470242E+01    0.599996549534726E+00
    0.408440000000000E+03    0.182835361975970E+01    0.599996944125804E+00
    0.414700000000000E+03    0.303536639902950E+01    0.600122781644677E+00
    0.414720000000000E+03    0.307937127315415E+01    0.600122127635536E+00
    0.420980000000000E+03    0.428700789612435E+01    0.600072423442461E+00
    0.421000000000000E+03    0.433101081201016E+01    0.600073632859586E+00
    0.427260000000000E+03    0.553296190598462E+01    0.599391221064328E+00
    0.427280000000000E+03    0.557693757202640E+01    0.599385869468466E+00
    0.433540000000000E+03    0.490269523874531E+00    0.599246348795367E+00
    0.433560000000000E+03    0.534239314590650E+00    0.599250647723016E+00
    0.439840000000000E+03    0.177846903833517E+01    0.599984059491766E+00
    0.439860000000000E+03    0.182246857781774E+01    0.599984577943479E+00
    0.446120000000000E+03    0.302932027183647E+01    0.600123946628747E+00
    0.446140000000000E+03    0.307332527418430E+01    0.600123299748199E+00
    0.452400000000000E+03    0.428103247381034E+01    0.600077742672271E+00
    0.452420000000000E+03    0.432503548330385E+01    0.600079016007515E+00
    0.458680000000000E+03    0.552702204227000E+01    0.599394566907590E+00
    0.458700000000000E+03    0.557099784639013E+01    0.599389164569913E+00
    0.464960000000000E+03    0.484300295279581E+00    0.599239454399985E+00
    0.464980000000000E+03    0.528269825483221E+00    0.599243677222486E+00
    0.471240000000000E+03    0.172852996490360E+01    0.599979502044857E+00
    0.471260000000000E+03    0.177252925894072E+01    0.599980187187705E+00
    0.477540000000000E+03    0.302403303423876E+01    0.600083693619354E+00
    0.477560000000000E+03    0.306804205937601E+01    0.600083625011406E+00
    0.483820000000000E+03    0.427683792544531E+01    0.600164235730087E+00
    0.483840000000000E+03    0.432084453065158E+01    0.600165583541285E+00
    0.490100000000000E+03    0.552400758377303E+01    0.599490709487776E+00
    0.490120000000000E+03    0.556798711458009E+01    0.599485256183011E+00
    0.496380000000000E+03    0.482415464897258E+00    0.599327143241817E+00
    0.496400000000000E+03    0.526388513495476E+00    0.599331361075530E+00
    0.502660000000000E+03    0.172775042503758E+01    0.600061069303799E+00
    0.502680000000000E+03    0.177175328413432E+01    0.600061762429891E+00
    0.508940000000000E+03    0.297997312647590E+01    0.600203751844069E+00
    0.508960000000000E+03    0.302398347961253E+01    0.600203266406568E+00
    0.515240000000000E+03    0.427730664419119E+01    0.600207459187868E+00
    0.515260000000000E+03    0.432131494212103E+01    0.600208841261536E+00
    0.521520000000000E+03    0.552505073666498E+01    0.599535733713941E+00
    0.521540000000000E+03    0.556903242279373E+01    0.599530329370117E+00
    0.527800000000000E+03    0.483922830795336E+00    0.599353213504944E+00
    0.527820000000000E+03    0.527896935654098E+00    0.599357350127636E+00
    0.534080000000000E+03    0.172969616370074E+01    0.600102604710719E+00
    0.534100000000000E+03    0.177370047385034E+01    0.600103381862906E+00
    0.540360000000000E+03    0.298218054019117E+01    0.600250873425251E+00
    0.540380000000000E+03    0.302619053664398E+01    0.600249945073004E+00
    0.546640000000000E+03    0.423551136884839E+01    0.600209603190828E+00
    0.546660000000000E+03    0.427951979747399E+01    0.600211081645377E+00
    0.552940000000000E+03    0.552730887243024E+01    0.599543328943473E+00
    0.552960000000000E+03    0.557129050981484E+01    0.599537905519709E+00
    0.559220000000000E+03    0.486240707963361E+00    0.599358452971420E+00
    0.559240000000000E+03    0.530214982426514E+00    0.599362695923076E+00
    0.565500000000000E+03    0.173203700631484E+01    0.600102601266535E+00
    0.565520000000000E+03    0.177604112922677E+01    0.600103413029014E+00
    0.571780000000000E+03    0.298442910913786E+01    0.600253156430697E+00
    0.571800000000000E+03    0.302843907838360E+01    0.600252208247721E+00
    0.578060000000000E+03    0.423779463323717E+01    0.600216094802887E+00
    0.578080000000000E+03    0.428180346472709E+01    0.600217588372191E+00
    0.584340000000000E+03    0.548574239107779E+01    0.599556521328117E+00
    0.584360000000000E+03    0.552972449850904E+01    0.599551074845813E+00
    0.590620000000000E+03    0.444771748828089E+00    0.599360447759680E+00
    0.590640000000000E+03    0.488746117999654E+00    0.599364440692681E+00
    0.596920000000000E+03    0.173464601003593E+01    0.600108553167296E+00
    0.596940000000000E+03    0.177865049144111E+01    0.600109356659576E+00
    0.603200000000000E+03    0.298711411003092E+01    0.600257117238129E+00
    0.603220000000000E+03    0.303112445964371E+01    0.600256199218159E+00
    0.609480000000000E+03    0.424058603277695E+01    0.600223464011193E+00
    0.609500000000000E+03    0.428459471772203E+01    0.600224944620347E+00
    0.615760000000000E+03    0.548863575085488E+01    0.599570320294283E+00
    0.615780000000000E+03    0.553261853634535E+01    0.599564882792141E+00
    0.622040000000000E+03    0.447756040302011E+00    0.599362023550379E+00
    0.622060000000000E+03    0.491730509891340E+00    0.599366020956783E+00
    0.628320000000000E+03    0.169360729249024E+01    0.600109599182974E+00
    0.628340000000000E+03    0.173761185305375E+01    0.600110565422174E+00
    0.634620000000000E+03    0.299012025462753E+01    0.600262267013278E+00
    0.634640000000000E+03    0.303413081976146E+01    0.600261369309187E+00
    0.640900000000000E+03    0.424363780506519E+01    0.600225846536020E+00
    0.640920000000000E+03    0.428764687045418E+01    0.600227390517779E+00
    0.647180000000000E+03    0.549175557152557E+01    0.599571739741528E+00
    0.647200000000000E+03    0.553573842105607E+01    0.599566251775021E+00
    0.653460000000000E+03    0.450736716881465E+00    0.599372907075739E+00
    0.653480000000000E+03    0.494710166599589E+00    0.599376777409978E+00
    0.659740000000000E+03    0.169608937620069E+01    0.600081235922036E+00
    0.659760000000000E+03    0.174009240147348E+01    0.600082027401737E+00
    0.666020000000000E+03    0.294814918586530E+01    0.600238728826201E+00
    0.666040000000000E+03    0.299215871039542E+01    0.600237645812307E+00
    0.672320000000000E+03    0.424534763336783E+01    0.600200757336701E+00
    0.672340000000000E+03    0.428935555901558E+01    0.600202305294763E+00
    0.678600000000000E+03    0.549315899822864E+01    0.599549767257106E+00
    0.678620000000000E+03    0.553714096966064E+01    0.599544296284519E+00
    0.684880000000000E+03    0.451907922081318E+00    0.599328475681540E+00
    0.684900000000000E+03    0.495880869676739E+00    0.599332374038145E+00
    0.691160000000000E+03    0.169722411488169E+01    0.600072720637048E+00
    0.691180000000000E+03    0.174122709266885E+01    0.600073760219225E+00
    0.697440000000000E+03    0.294931450934223E+01    0.600233700655823E+00
    0.697460000000000E+03    0.299332381682075E+01    0.600232584571457E+00
    0.703720000000000E+03    0.420256085493702E+01    0.600208364325849E+00
    0.703740000000000E+03    0.424656941674743E+01    0.600209992694061E+00
    0.710000000000000E+03    0.545057544352358E+01    0.599564988052536E+00
    0.710020000000000E+03    0.549455817324815E+01    0.599559408944040E+00
    0.716300000000000E+03    0.453494535656773E+00    0.599338467730471E+00
    0.716320000000000E+03    0.497468128972741E+00    0.599342365289092E+00
    0.722580000000000E+03    0.169900322935655E+01    0.600077337679191E+00
    0.722600000000000E+03    0.174300649084012E+01    0.600078379441311E+00
    0.728860000000000E+03    0.295120130638361E+01    0.600246954309089E+00
    0.728880000000000E+03    0.299521113257742E+01    0.600245818980769E+00
    0.735140000000000E+03    0.420460271309344E+01    0.600215597855515E+00
    0.735160000000000E+03    0.424861206283504E+01    0.600217196907921E+00
    0.741420000000000E+03    0.545296459084807E+01    0.599561131504043E+00
    0.741440000000000E+03    0.549694889957573E+01    0.599555790130323E+00
    0.747700000000000E+03    0.412455316866499E+00    0.599369667456407E+00
    0.747720000000000E+03    0.456430159520551E+00    0.599373486430833E+00
    0.754000000000000E+03    0.170234911055832E+01    0.600110183607881E+00
    0.754020000000000E+03    0.174635372352486E+01    0.600111261177840E+00
    0.760280000000000E+03    0.295498332436750E+01    0.600280621118459E+00
    0.760300000000000E+03    0.299899449347959E+01    0.600279479196948E+00
    0.766560000000000E+03    0.420877928085520E+01    0.600249384011128E+00
    0.766580000000000E+03    0.425278931781827E+01    0.600251082329861E+00
    0.772840000000000E+03    0.545723797783785E+01    0.599604829604120E+00
    0.772860000000000E+03    0.550122207503523E+01    0.599599358087271E+00
    0.779120000000000E+03    0.416607371267219E+00    0.599366099678536E+00
    0.779140000000000E+03    0.460581922025085E+00    0.599370033430535E+00
    0.785400000000000E+03    0.166250482612531E+01    0.600112865742130E+00
    0.785420000000000E+03    0.170650936901984E+01    0.600114093530802E+00
    0.791700000000000E+03    0.295913330154190E+01    0.600281674373429E+00
    0.791720000000000E+03    0.300314439356816E+01    0.600280537221517E+00
    0.797980000000000E+03    0.421291097427184E+01    0.600248541940381E+00
    0.798000000000000E+03    0.425692105380881E+01    0.600250296534707E+00
    0.804260000000000E+03    0.546146777663648E+01    0.599616119067181E+00
    0.804280000000000E+03    0.550545233536172E+01    0.599610640683796E+00
    0.810540000000000E+03    0.420853660352350E+00    0.599366145970709E+00
    0.810560000000000E+03    0.464828120222137E+00    0.599369867987512E+00
    0.816820000000000E+03    0.166604740604248E+01    0.600122571589564E+00
    0.816840000000000E+03    0.171004789723497E+01    0.600122715542882E+00
    0.823100000000000E+03    0.291768372211322E+01    0.600212282858836E+00
    0.823120000000000E+03    0.296169219034277E+01    0.600211027198159E+00
    0.829400000000000E+03    0.421462900099596E+01    0.600182977999376E+00
    0.829420000000000E+03    0.425863646968810E+01    0.600184702959324E+00
    0.835680000000000E+03    0.546230783080659E+01    0.599542250513253E+00
    0.835700000000000E+03    0.550628937213605E+01    0.599536758397835E+00
    0.841960000000000E+03    0.420847903757249E+00    0.599296057065417E+00
    0.841980000000000E+03    0.464819656489681E+00    0.599299733395758E+00
    0.848240000000000E+03    0.166591505776523E+01    0.600040731130785E+00
    0.848260000000000E+03    0.170991696009878E+01    0.600042044041157E+00
    0.854520000000000E+03    0.291767136459225E+01    0.600214560950639E+00
    0.854540000000000E+03    0.296167982336647E+01    0.600213275719975E+00
    0.860800000000000E+03    0.417065253961323E+01    0.600185527480636E+00
    0.860820000000000E+03    0.421466005939578E+01    0.600187355413229E+00
    0.867080000000000E+03    0.541839945112429E+01    0.599554880791655E+00
    0.867100000000000E+03    0.546238051891146E+01    0.599549475826025E+00
    0.873380000000000E+03    0.420607021333126E+00    0.599282962275739E+00
    0.873400000000000E+03    0.464577959578037E+00    0.599286574926388E+00
    0.879660000000000E+03    0.166517876476132E+01    0.600019836542690E+00
    0.879680000000000E+03    0.170917963884517E+01    0.600021198327875E+00
    0.885940000000000E+03    0.291670994278229E+01    0.600204642913447E+00
    0.885960000000000E+03    0.296071804813437E+01    0.600203320404114E+00
    0.892220000000000E+03    0.416954279139259E+01    0.600174152638271E+00
    0.892240000000000E+03    0.421354979915759E+01    0.600176025401455E+00
    0.898500000000000E+03    0.541728516586272E+01    0.599551130521046E+00
    0.898520000000000E+03    0.546126778144503E+01    0.599545665578758E+00
    0.904780000000000E+03    0.375833975593423E+00    0.599273873244131E+00
    0.904800000000000E+03    0.419804915188024E+00    0.599277379885950E+00
    0.911080000000000E+03    0.166442402870894E+01    0.600016726306638E+00
    0.911100000000000E+03    0.170842482759576E+01    0.600018106251420E+00
    0.917360000000000E+03    0.291595257995232E+01    0.600207491089336E+00
    0.917380000000000E+03    0.295996079460474E+01    0.600206114342924E+00
    0.923640000000000E+03    0.416884326254262E+01    0.600177007804120E+00
    0.923660000000000E+03    0.421285037804500E+01    0.600178909150144E+00
    0.929920000000000E+03    0.541660914066119E+01    0.599555803657780E+00
    0.929940000000000E+03    0.546059135434052E+01    0.599550263338844E+00
    0.936200000000000E+03    0.375076189262472E+00    0.599271082727272E+00
    0.936220000000000E+03    0.419046883524061E+00    0.599274728357883E+00
    0.942480000000000E+03    0.161970776626640E+01    0.600013626417878E+00
    0.942500000000000E+03    0.166370815970504E+01    0.600015022100974E+00
    0.948780000000000E+03    0.291515773502715E+01    0.600206973204415E+00
    0.948800000000000E+03    0.295916600725150E+01    0.600205616323723E+00
    0.955060000000000E+03    0.416809676008552E+01    0.600177813336104E+00
    0.955080000000000E+03    0.421210381490255E+01    0.600179722212459E+00
    0.961340000000000E+03    0.541577730045128E+01    0.599557371289049E+00
    0.961360000000000E+03    0.545975955038830E+01    0.599551854993511E+00
    0.967620000000000E+03    0.374284646316937E+00    0.599270759867166E+00
    0.967640000000000E+03    0.418255523702101E+00    0.599274142688738E+00
    0.973900000000000E+03    0.161888042580358E+01    0.600010274537694E+00
    0.973920000000000E+03    0.166288093532967E+01    0.600011873500163E+00
    0.980180000000000E+03    0.286993858734104E+01    0.600257153701935E+00
    0.980200000000000E+03    0.291394249821769E+01    0.600256610670315E+00
    0.986480000000000E+03    0.416557230531816E+01    0.600080358146794E+00
    0.986500000000000E+03    0.420957542002270E+01    0.600082307989793E+00
    0.992760000000000E+03    0.541210977084984E+01    0.599462802203246E+00
    0.992780000000000E+03    0.545608832102926E+01    0.599457299225824E+00
    0.999040000000000E+03    0.369224280069375E+00    0.599153086707269E+00
    0.999060000000000E+03    0.413190254602341E+00    0.599156364754877E+00
    0.100532000000000E+04    0.161228016325504E+01    0.599887336835586E+00
    0.100534000000000E+04    0.165627583096330E+01    0.599889067493028E+00
    0.101160000000000E+04    0.286225367227780E+01    0.600098139822395E+00
    0.101162000000000E+04    0.290625762887066E+01    0.600096608907032E+00
    0.101788000000000E+04    0.411383925694599E+01    0.600076509163268E+00
    0.101790000000000E+04    0.415784223598075E+01    0.600078576116437E+00
    0.102416000000000E+04    0.536039864540726E+01    0.599470982080587E+00
    0.102418000000000E+04    0.540437747249825E+01    0.599465516026612E+00
    0.103046000000000E+04    0.361543866307329E+00    0.599151996737361E+00
    0.103048000000000E+04    0.405509737463490E+00    0.599155218922580E+00
    0.103674000000000E+04    0.160446971912324E+01    0.599877226045611E+00
    0.103676000000000E+04    0.164846494641097E+01    0.599879095577028E+00
    0.104302000000000E+04    0.285433306052846E+01    0.600093746914983E+00
    0.104304000000000E+04    0.289833670704047E+01    0.600092094503483E+00
    0.104930000000000E+04    0.410586106953906E+01    0.600070137436521E+00
    0.104932000000000E+04    0.414986396611948E+01    0.600072266394550E+00
    0.105558000000000E+04    0.535253766317237E+01    0.599480220919574E+00
    0.105560000000000E+04    0.539651707865460E+01    0.599474671085602E+00
    0.106186000000000E+04    0.309694138187297E+00    0.599136914339592E+00
    0.106188000000000E+04    0.353659671525293E+00    0.599139873546993E+00
    0.106816000000000E+04    0.159656354805657E+01    0.599871775681698E+00
    0.106818000000000E+04    0.164055855885363E+01    0.599873737343446E+00
    0.107444000000000E+04    0.284636058847809E+01    0.600086904004972E+00
    0.107446000000000E+04    0.289036387156602E+01    0.600085227646218E+00
    0.108072000000000E+04    0.409784024150213E+01    0.600068803405820E+00
    0.108074000000000E+04    0.414184302403464E+01    0.600070991340963E+00
    0.108700000000000E+04    0.534450166172383E+01    0.599484352291141E+00
    0.108702000000000E+04    0.538848110517802E+01    0.599478933376699E+00
    0.109328000000000E+04    0.301722150431033E+00    0.599126987197241E+00
    0.109330000000000E+04    0.345687242039276E+00    0.599129836250265E+00
    0.109956000000000E+04    0.154440543559849E+01    0.599855750078463E+00
    0.109958000000000E+04    0.158839986611747E+01    0.599857892473064E+00
    0.110586000000000E+04    0.283821090285028E+01    0.600090158480014E+00
    0.110588000000000E+04    0.288221540836366E+01    0.600088473645959E+00
    0.111214000000000E+04    0.408982861611003E+01    0.600075134937851E+00
    0.111216000000000E+04    0.413383157579392E+01    0.600077368605505E+00
    0.111842000000000E+04    0.533656415018913E+01    0.599496081413812E+00
    0.111844000000000E+04    0.538054399949306E+01    0.599490633533571E+00
    0.112470000000000E+04    0.293808244508455E+00    0.599129857553168E+00
    0.112472000000000E+04    0.337773381821080E+00    0.599132654267753E+00
    0.113098000000000E+04    0.153647874250510E+01    0.599847434781025E+00
    0.113100000000000E+04    0.158047283806900E+01    0.599849683919364E+00
    0.113726000000000E+04    0.278612243598945E+01    0.600091096141101E+00
    0.113728000000000E+04    0.283012596520803E+01    0.600089216725669E+00
    0.114354000000000E+04    0.403746754204349E+01    0.600086077600687E+00
    0.114356000000000E+04    0.408146853530661E+01    0.600088253280348E+00
    0.114984000000000E+04    0.532784687057801E+01    0.599476732500718E+00
    0.114986000000000E+04    0.537182587884763E+01    0.599471349058091E+00
    0.115612000000000E+04    0.284647844770461E+00    0.599089088632714E+00
    0.115614000000000E+04    0.328611443313093E+00    0.599091740342301E+00
    0.116240000000000E+04    0.152679765982703E+01    0.599808475724913E+00
    0.116242000000000E+04    0.157078983775591E+01    0.599810718616050E+00
    0.116868000000000E+04    0.277581204699754E+01    0.600050693554069E+00
    0.116870000000000E+04    0.281981401619805E+01    0.600048734446121E+00
    0.117496000000000E+04    0.402694520872228E+01    0.600045473749179E+00
    0.117498000000000E+04    0.407094701237793E+01    0.600047871506429E+00
    0.118124000000000E+04    0.527351135390109E+01    0.599485895028677E+00
    0.118126000000000E+04    0.531749084087460E+01    0.599480554871227E+00
    0.118754000000000E+04    0.274326605801434E+00    0.599081061200115E+00
    0.118756000000000E+04    0.318289766681119E+00    0.599083480322547E+00
    0.119382000000000E+04    0.151635003247111E+01    0.599796916694530E+00
    0.119384000000000E+04    0.156034199820624E+01    0.599799465069361E+00
    0.120010000000000E+04    0.276534795983480E+01    0.600052410208507E+00
    0.120012000000000E+04    0.280934967495205E+01    0.600050422003916E+00
    0.120638000000000E+04    0.401641284959396E+01    0.600043168712644E+00
    0.120640000000000E+04    0.406041450652174E+01    0.600045683881539E+00
    0.121266000000000E+04    0.526308975144775E+01    0.599499308572464E+00
    0.121268000000000E+04    0.530706970194524E+01    0.599493874218796E+00
    0.121894000000000E+04    0.219964545444782E+00    0.599070779264702E+00
    0.121896000000000E+04    0.263927337917266E+00    0.599072938401692E+00
    0.122524000000000E+04    0.150580849991684E+01    0.599778638694269E+00
    0.122526000000000E+04    0.154979984931151E+01    0.599781276306639E+00
    0.123152000000000E+04    0.275471139354659E+01    0.600050216504121E+00
    0.123154000000000E+04    0.279871330822425E+01    0.600048144912834E+00
    0.123780000000000E+04    0.400583531126631E+01    0.600041480586588E+00
    0.123782000000000E+04    0.404983701908077E+01    0.600043955194043E+00
    0.124408000000000E+04    0.525261994541688E+01    0.599514550442648E+00
    0.124410000000000E+04    0.529660047450307E+01    0.599509290083814E+00
    0.125036000000000E+04    0.209561542968459E+00    0.599068669331568E+00
    0.125038000000000E+04    0.253524322250541E+00    0.599070677604933E+00
    0.125664000000000E+04    0.145140709512543E+01    0.599778965948587E+00
    0.125666000000000E+04    0.149539831724451E+01    0.599781876065545E+00
    0.126294000000000E+04    0.274431618534436E+01    0.600059268684271E+00
    0.126296000000000E+04    0.278831859891034E+01    0.600057137626148E+00
    0.126922000000000E+04    0.399564330722387E+01    0.600061875504882E+00
    0.126924000000000E+04    0.403964568435504E+01    0.600064379865169E+00
    0.127550000000000E+04    0.524265080337409E+01    0.599535489224123E+00
    0.127552000000000E+04    0.528663226939716E+01    0.599530309212504E+00
    0.128178000000000E+04    0.199838690235538E+00    0.599073175241001E+00
    0.128180000000000E+04    0.243801641315258E+00    0.599075032546530E+00
    0.128806000000000E+04    0.144164909566643E+01    0.599769549602127E+00
    0.128808000000000E+04    0.148563995806990E+01    0.599772575917353E+00
    0.129434000000000E+04    0.269049562826740E+01    0.600060270343810E+00
    0.129436000000000E+04    0.273449815273170E+01    0.600058030867006E+00
    0.130062000000000E+04    0.394185431998449E+01    0.600061668903638E+00
    0.130064000000000E+04    0.398585669858676E+01    0.600064218458359E+00
    0.130692000000000E+04    0.523298273863429E+01    0.599550891174519E+00
    0.130694000000000E+04    0.527696475552648E+01    0.599545756909758E+00
    0.131320000000000E+04    0.190217059810948E+00    0.599077375430090E+00
    0.131322000000000E+04    0.234180025689056E+00    0.599079095786650E+00
    0.131948000000000E+04    0.143188637604680E+01    0.599764674580977E+00
    0.131950000000000E+04    0.147587703100953E+01    0.599767823774309E+00
    0.132576000000000E+04    0.268075012240070E+01    0.600069313472378E+00
    0.132578000000000E+04    0.272475280710341E+01    0.600067008485398E+00
    0.133204000000000E+04    0.393205758373915E+01    0.600062101383583E+00
    0.133206000000000E+04    0.397605923155697E+01    0.600064658035849E+00
    0.133832000000000E+04    0.517915775049414E+01    0.599565044050041E+00
    0.133834000000000E+04    0.522314029344852E+01    0.599559980771403E+00
    0.134462000000000E+04    0.180424336256692E+00    0.599073145420606E+00
    0.134464000000000E+04    0.224387173313517E+00    0.599074741132683E+00
    0.135090000000000E+04    0.142207882841967E+01    0.599750050175141E+00
    0.135092000000000E+04    0.146606910525406E+01    0.599753253852904E+00
    0.135718000000000E+04    0.267090582404671E+01    0.600068365287830E+00
    0.135720000000000E+04    0.271490940483272E+01    0.600066095244356E+00
    0.136346000000000E+04    0.392244815250524E+01    0.600066641827712E+00
    0.136348000000000E+04    0.396645081790939E+01    0.600069264977999E+00
    0.136974000000000E+04    0.516981296901622E+01    0.599578411341448E+00
    0.136976000000000E+04    0.521379612420878E+01    0.599573426868948E+00
    0.137602000000000E+04    0.127213032830696E+00    0.599071812548473E+00
    0.137604000000000E+04    0.171175735220004E+00    0.599073138577677E+00
    0.138232000000000E+04    0.141267126627281E+01    0.599740346316517E+00
    0.138234000000000E+04    0.145666049018928E+01    0.599743639096328E+00
    0.138860000000000E+04    0.266126934251088E+01    0.600067031780581E+00
    0.138862000000000E+04    0.270527205920507E+01    0.600064669952494E+00
    0.139488000000000E+04    0.391273401894750E+01    0.600068744108352E+00
    0.139490000000000E+04    0.395673667767232E+01    0.600071388369253E+00
    0.140116000000000E+04    0.516016037848431E+01    0.599586616096668E+00
    0.140118000000000E+04    0.520414384996502E+01    0.599581655861245E+00
    0.140744000000000E+04    0.117580166293465E+00    0.599068455983671E+00
    0.140746000000000E+04    0.161542761082274E+00    0.599069613784826E+00
