    0.000000000000000E+00    0.190000000000000E+01    0.620000000000000E+00
    0.200000000000000E-01    0.194479998829809E+01    0.619999397179800E+00
    0.630000000000000E+01    0.344657143880428E+01    0.620043561538781E+00
    0.632000000000000E+01    0.349137295745124E+01    0.620045207091438E+00
    0.125800000000000E+02    0.494704197666993E+01    0.619799493262768E+00
    0.126000000000000E+02    0.499183407065800E+01    0.619795829539842E+00
    0.188600000000000E+02    0.157697783606025E+00    0.619216892135194E+00
    0.188800000000000E+02    0.202466439965050E+00    0.619218345981444E+00
    0.251400000000000E+02    0.165260905550372E+01    0.619926143086211E+00
    0.251600000000000E+02    0.169740618376494E+01    0.619927515556938E+00
    0.314200000000000E+02    0.315387134522535E+01    0.620042510167386E+00
    0.314400000000000E+02    0.319867275305236E+01    0.620042618411927E+00
    0.377000000000000E+02    0.465504338711779E+01    0.619920164832605E+00
    0.377200000000000E+02    0.469984022553130E+01    0.619918562130413E+00
    0.440000000000000E+02    0.619468272024260E+01    0.619211472319707E+00
    0.440200000000000E+02    0.623945108280833E+01    0.619210388361977E+00
    0.502800000000000E+02    0.140530207112533E+01    0.619803008881387E+00
    0.503000000000000E+02    0.145009432060355E+01    0.619806379169695E+00
    0.565600000000000E+02    0.290579509781179E+01    0.620043815947305E+00
    0.565800000000000E+02    0.295059667470690E+01    0.620042466434144E+00
    0.628400000000000E+02    0.440749262226308E+01    0.619995180077873E+00
    0.628600000000000E+02    0.445229212168695E+01    0.619995534429342E+00
    0.691200000000000E+02    0.590348452035380E+01    0.619274069199893E+00
    0.691400000000000E+02    0.594825544926272E+01    0.619270584105532E+00
    0.754000000000000E+02    0.111332556532207E+01    0.619646988827878E+00
    0.754200000000000E+02    0.115811155505116E+01    0.619651942733382E+00
    0.817000000000000E+02    0.265752334649903E+01    0.620043646180967E+00
    0.817200000000000E+02    0.270232502779047E+01    0.620041248920794E+00
    0.879800000000000E+02    0.415958788695590E+01    0.620041894252017E+00
    0.880000000000000E+02    0.420438971001022E+01    0.620043867287524E+00
    0.942600000000000E+02    0.565689800906387E+01    0.619381210836277E+00
    0.942800000000000E+02    0.570167327444784E+01    0.619376181198645E+00
    0.100540000000000E+03    0.866348779597018E+00    0.619504242745301E+00
    0.100560000000000E+03    0.911128653199370E+00    0.619509683118048E+00
    0.106820000000000E+03    0.236448809285082E+01    0.620039203344730E+00
    0.106840000000000E+03    0.240928951850628E+01    0.620036579570436E+00
    0.113100000000000E+03    0.386651316100506E+01    0.620046939809447E+00
    0.113120000000000E+03    0.391131495154229E+01    0.620049582793178E+00
    0.119400000000000E+03    0.540977401562918E+01    0.619522477962854E+00
    0.119420000000000E+03    0.545455483325435E+01    0.619516992253149E+00
    0.125680000000000E+03    0.619124152800225E+00    0.619346686227913E+00
    0.125700000000000E+03    0.663897697037328E+00    0.619351665703543E+00
    0.131960000000000E+03    0.211597576915216E+01    0.620017106435079E+00
    0.131980000000000E+03    0.216077642612703E+01    0.620015341117882E+00
    0.138240000000000E+03    0.361781396599594E+01    0.620040303170027E+00
    0.138260000000000E+03    0.366261531933918E+01    0.620042749485551E+00
    0.144520000000000E+03    0.511728007959596E+01    0.619668619410626E+00
    0.144540000000000E+03    0.516206669182020E+01    0.619663833311000E+00
    0.150800000000000E+03    0.326951515300607E+00    0.619232231064446E+00
    0.150820000000000E+03    0.371720792009910E+00    0.619235357909084E+00
    0.157080000000000E+03    0.182235900472500E+01    0.619955997687191E+00
    0.157100000000000E+03    0.186715737916347E+01    0.619955919182642E+00
    0.163380000000000E+03    0.336854833736328E+01    0.620022330446158E+00
    0.163400000000000E+03    0.341334907163673E+01    0.620023606154376E+00
    0.169660000000000E+03    0.486885767053946E+01    0.619809518195442E+00
    0.169680000000000E+03    0.491365022163643E+01    0.619806442288949E+00
    0.175940000000000E+03    0.793604394816612E-01    0.619184452863567E+00
    0.175960000000000E+03    0.124127837012225E+00    0.619185226396805E+00
    0.182220000000000E+03    0.157362776336720E+01    0.619871759345761E+00
    0.182240000000000E+03    0.161842265778677E+01    0.619873718441960E+00
    0.188500000000000E+03    0.307416815581939E+01    0.620031500778105E+00
    0.188520000000000E+03    0.311896690898914E+01    0.620031362684285E+00
    0.194780000000000E+03    0.457467239572037E+01    0.619884609217131E+00
    0.194800000000000E+03    0.461946770188081E+01    0.619883626495651E+00
    0.201080000000000E+03    0.611383984441255E+01    0.619164577978577E+00
    0.201100000000000E+03    0.615860618840208E+01    0.619162713582378E+00
    0.207360000000000E+03    0.132342965369986E+01    0.619702872255877E+00
    0.207380000000000E+03    0.136821790409033E+01    0.619706797886272E+00
    0.213640000000000E+03    0.282287295845640E+01    0.619985711455801E+00
    0.213660000000000E+03    0.286767229819799E+01    0.619983931971587E+00
    0.219920000000000E+03    0.432407144798452E+01    0.619959419284028E+00
    0.219940000000000E+03    0.436887047277548E+01    0.619960365415888E+00
    0.226200000000000E+03    0.581995355036980E+01    0.619249723133124E+00
    0.226220000000000E+03    0.586472365027004E+01    0.619245556506787E+00
    0.232480000000000E+03    0.102889489426161E+01    0.619545387892099E+00
    0.232500000000000E+03    0.107367659841134E+01    0.619550626630975E+00
    0.238780000000000E+03    0.257209868672521E+01    0.619999524542061E+00
    0.238800000000000E+03    0.261689877011611E+01    0.619996989672130E+00
    0.245060000000000E+03    0.407433502286790E+01    0.620066058551132E+00
    0.245080000000000E+03    0.411913774244374E+01    0.620068458452350E+00
    0.251340000000000E+03    0.557230299179423E+01    0.619449593285800E+00
    0.251360000000000E+03    0.561708088398950E+01    0.619444281996681E+00
    0.257620000000000E+03    0.781996270417608E+00    0.619470029683173E+00
    0.257640000000000E+03    0.826775072694659E+00    0.619475410965269E+00
    0.263900000000000E+03    0.228007248646259E+01    0.620061450554026E+00
    0.263920000000000E+03    0.232487511015358E+01    0.620059030192067E+00
    0.270180000000000E+03    0.378250974371247E+01    0.620076651898044E+00
    0.270200000000000E+03    0.382731286441003E+01    0.620079359650034E+00
    0.276480000000000E+03    0.532653694489704E+01    0.619598560977968E+00
    0.276500000000000E+03    0.537132091037597E+01    0.619593122102840E+00
    0.282760000000000E+03    0.536422537847443E+00    0.619345066228191E+00
    0.282780000000000E+03    0.581196108484505E+00    0.619349461319520E+00
    0.289040000000000E+03    0.203271444677171E+01    0.620016848340323E+00
    0.289060000000000E+03    0.207751289852206E+01    0.620013924415740E+00
    0.295320000000000E+03    0.353417450555946E+01    0.620011487797542E+00
    0.295340000000000E+03    0.357897491568167E+01    0.620013561300574E+00
    0.301600000000000E+03    0.503380507899681E+01    0.619706083950988E+00
    0.301620000000000E+03    0.507859324752940E+01    0.619701798967028E+00
    0.307880000000000E+03    0.243598518245335E+00    0.619192680044099E+00
    0.307900000000000E+03    0.288366159815837E+00    0.619195035393378E+00
    0.314160000000000E+03    0.173839352267180E+01    0.619915110390033E+00
    0.314180000000000E+03    0.178319025136432E+01    0.619915656468345E+00
    0.320460000000000E+03    0.328421706274275E+01    0.620006622552146E+00
    0.320480000000000E+03    0.332901733178005E+01    0.620007386405190E+00
    0.326740000000000E+03    0.478472766864002E+01    0.619842336857685E+00
    0.326760000000000E+03    0.482952135971061E+01    0.619839807308500E+00
    0.333020000000000E+03    0.627859855650922E+01    0.619164002537098E+00
    0.333040000000000E+03    0.401796275370998E-01    0.619163839909366E+00
    0.339300000000000E+03    0.148906906447382E+01    0.619811141530804E+00
    0.339320000000000E+03    0.153386175222238E+01    0.619813782624263E+00
    0.345580000000000E+03    0.298943491476973E+01    0.620001475522635E+00
    0.345600000000000E+03    0.303423493857042E+01    0.620000598311083E+00
    0.351860000000000E+03    0.449049679377958E+01    0.619936928485582E+00
    0.351880000000000E+03    0.453529431854190E+01    0.619936660550291E+00
    0.358160000000000E+03    0.603044542325449E+01    0.619208201280924E+00
    0.358180000000000E+03    0.607521371347241E+01    0.619205559723911E+00
    0.364440000000000E+03    0.124009875879915E+01    0.619672603933757E+00
    0.364460000000000E+03    0.128488564605925E+01    0.619676977809877E+00
    0.370720000000000E+03    0.273924857797044E+01    0.620002445550179E+00
    0.370740000000000E+03    0.278404844096053E+01    0.620000327644802E+00
    0.377000000000000E+03    0.424068831280420E+01    0.619989850183653E+00
    0.377020000000000E+03    0.428548810297502E+01    0.619991341010011E+00
    0.383280000000000E+03    0.573705315451787E+01    0.619299927011628E+00
    0.383300000000000E+03    0.578182498096487E+01    0.619295315518141E+00
    0.389560000000000E+03    0.946117797636475E+00    0.619519486584624E+00
    0.389580000000000E+03    0.990898721525355E+00    0.619524886161533E+00
    0.395860000000000E+03    0.248927186421849E+01    0.620015616837765E+00
    0.395880000000000E+03    0.253407281877014E+01    0.620012812866766E+00
    0.402140000000000E+03    0.399101458267171E+01    0.620024650602283E+00
    0.402160000000000E+03    0.403581561926387E+01    0.620027171024273E+00
    0.408420000000000E+03    0.548875280349819E+01    0.619443514378740E+00
    0.408440000000000E+03    0.553353038125829E+01    0.619438066098327E+00
    0.414700000000000E+03    0.697670163942121E+00    0.619365128683391E+00
    0.414720000000000E+03    0.742444334843071E+00    0.619370406238619E+00
    0.420980000000000E+03    0.219469236124371E+01    0.620007118235160E+00
    0.421000000000000E+03    0.223949323179909E+01    0.620004797503227E+00
    0.427260000000000E+03    0.369625594983586E+01    0.620008454111880E+00
    0.427280000000000E+03    0.374105595673848E+01    0.620011005230165E+00
    0.433540000000000E+03    0.519508813094012E+01    0.619602764783984E+00
    0.433560000000000E+03    0.523987224537029E+01    0.619597679486786E+00
    0.439840000000000E+03    0.449215228138542E+00    0.619249793599490E+00
    0.439860000000000E+03    0.493985259027795E+00    0.619253712278495E+00
    0.446120000000000E+03    0.194488900307636E+01    0.619961414494419E+00
    0.446140000000000E+03    0.198968746462344E+01    0.619960610402721E+00
    0.452400000000000E+03    0.344614465245547E+01    0.620007739065872E+00
    0.452420000000000E+03    0.349094492875395E+01    0.620009462144195E+00
    0.458680000000000E+03    0.494606147174500E+01    0.619745627629526E+00
    0.458700000000000E+03    0.499085134998927E+01    0.619741919458184E+00
    0.464960000000000E+03    0.155992759843002E+00    0.619169264939193E+00
    0.464980000000000E+03    0.200759415284438E+00    0.619170854365908E+00
    0.471240000000000E+03    0.165057634584264E+01    0.619857275923848E+00
    0.471260000000000E+03    0.169537339339445E+01    0.619858401749652E+00
    0.477540000000000E+03    0.319675726634159E+01    0.620039071268447E+00
    0.477560000000000E+03    0.324155875826364E+01    0.620039293126686E+00
    0.483820000000000E+03    0.469793303815845E+01    0.619908067021837E+00
    0.483840000000000E+03    0.474272943061533E+01    0.619906301510079E+00
    0.490100000000000E+03    0.619263266656117E+01    0.619200134814536E+00
    0.490120000000000E+03    0.623740052457356E+01    0.619199137603423E+00
    0.496380000000000E+03    0.140314483625502E+01    0.619796795858429E+00
    0.496400000000000E+03    0.144793677143730E+01    0.619800101452507E+00
    0.502660000000000E+03    0.290352297877826E+01    0.620034021065315E+00
    0.502680000000000E+03    0.294832448915031E+01    0.620032775283668E+00
    0.508940000000000E+03    0.440573862040424E+01    0.620034480144375E+00
    0.508960000000000E+03    0.445054006404962E+01    0.620034839978677E+00
    0.515240000000000E+03    0.594698701037350E+01    0.619306416893852E+00
    0.515260000000000E+03    0.599175920449784E+01    0.619303077849996E+00
    0.521520000000000E+03    0.115735877196153E+01    0.619702975312720E+00
    0.521540000000000E+03    0.120214674907334E+01    0.619707746684152E+00
    0.527800000000000E+03    0.265732155617366E+01    0.620088990441517E+00
    0.527820000000000E+03    0.270212506731627E+01    0.620086610468195E+00
    0.534080000000000E+03    0.415986771380562E+01    0.620078438061431E+00
    0.534100000000000E+03    0.420467097104529E+01    0.620080340975435E+00
    0.540360000000000E+03    0.565762919138933E+01    0.619420132740478E+00
    0.540380000000000E+03    0.570240591238507E+01    0.619415147737189E+00
    0.546640000000000E+03    0.867600281375417E+00    0.619543328226876E+00
    0.546660000000000E+03    0.912381932882681E+00    0.619548770589628E+00
    0.552940000000000E+03    0.241119618564858E+01    0.620082704817968E+00
    0.552960000000000E+03    0.245599951515032E+01    0.620080075077826E+00
    0.559220000000000E+03    0.391385283190425E+01    0.620097355754176E+00
    0.559240000000000E+03    0.395865705846313E+01    0.620100058655259E+00
    0.565500000000000E+03    0.541290410500483E+01    0.619559239788281E+00
    0.565520000000000E+03    0.545768628887913E+01    0.619553687194291E+00
    0.571780000000000E+03    0.622901662824461E+00    0.619408126134466E+00
    0.571800000000000E+03    0.667678312402359E+00    0.619413039309348E+00
    0.578060000000000E+03    0.212063117580578E+01    0.620077513126023E+00
    0.578080000000000E+03    0.216543463430094E+01    0.620075568948423E+00
    0.584340000000000E+03    0.362312558919848E+01    0.620087942105860E+00
    0.584360000000000E+03    0.366792860025112E+01    0.620090302461829E+00
    0.590620000000000E+03    0.512323280489773E+01    0.619724532993737E+00
    0.590640000000000E+03    0.516802178901708E+01    0.619719735697413E+00
    0.596920000000000E+03    0.378916302316156E+00    0.619322049502328E+00
    0.596940000000000E+03    0.423690488893271E+00    0.619326169936352E+00
    0.603200000000000E+03    0.187564919612487E+01    0.620056707068050E+00
    0.603220000000000E+03    0.192045165220111E+01    0.620056370213778E+00
    0.609480000000000E+03    0.337824125235284E+01    0.620113178502623E+00
    0.609500000000000E+03    0.342304601033197E+01    0.620114925786135E+00
    0.615760000000000E+03    0.487985532251719E+01    0.619904735970109E+00
    0.615780000000000E+03    0.492465161265454E+01    0.619901428292960E+00
    0.622040000000000E+03    0.915668723052931E-01    0.619279725664701E+00
    0.622060000000000E+03    0.136338063718995E+00    0.619280743368747E+00
    0.628320000000000E+03    0.158709552372534E+01    0.619972935754544E+00
    0.628340000000000E+03    0.163189420824165E+01    0.619974505327519E+00
    0.634620000000000E+03    0.313367284761216E+01    0.620097568482775E+00
    0.634640000000000E+03    0.317847655679589E+01    0.620097436913674E+00
    0.640900000000000E+03    0.463569502165569E+01    0.619992868774829E+00
    0.640920000000000E+03    0.468049459080635E+01    0.619991499126187E+00
    0.647180000000000E+03    0.613136887297219E+01    0.619270936014917E+00
    0.647200000000000E+03    0.617613973977041E+01    0.619269377470843E+00
    0.653460000000000E+03    0.134250737842990E+01    0.619833546328548E+00
    0.653480000000000E+03    0.138730061332762E+01    0.619837231838038E+00
    0.659740000000000E+03    0.284338855535111E+01    0.620092732918691E+00
    0.659760000000000E+03    0.288819223535529E+01    0.620091092663656E+00
    0.666020000000000E+03    0.434584561884458E+01    0.620062150975607E+00
    0.666040000000000E+03    0.439064821114198E+01    0.620062921818869E+00
    0.672320000000000E+03    0.588758815382698E+01    0.619343424380748E+00
    0.672340000000000E+03    0.593236182413352E+01    0.619339635066011E+00
    0.678600000000000E+03    0.109802182994963E+01    0.619680794883334E+00
    0.678620000000000E+03    0.114280897575804E+01    0.619685820851582E+00
    0.684880000000000E+03    0.259788393591452E+01    0.620104354362234E+00
    0.684900000000000E+03    0.264268809124496E+01    0.620101854688239E+00
    0.691160000000000E+03    0.410068823899542E+01    0.620095265143933E+00
    0.691180000000000E+03    0.414549200562010E+01    0.620097417713400E+00
    0.697440000000000E+03    0.559879623478264E+01    0.619457245647515E+00
    0.697460000000000E+03    0.564357451117507E+01    0.619452022612715E+00
    0.703720000000000E+03    0.808913443841902E+00    0.619527310641382E+00
    0.703740000000000E+03    0.853695049855332E+00    0.619532795940667E+00
    0.710000000000000E+03    0.230769951713637E+01    0.620099253372457E+00
    0.710020000000000E+03    0.235250335275668E+01    0.620096717064919E+00
    0.716300000000000E+03    0.385529430567749E+01    0.620108951152515E+00
    0.716320000000000E+03    0.390009888991813E+01    0.620111613844526E+00
    0.722580000000000E+03    0.535489990135534E+01    0.619615730057294E+00
    0.722600000000000E+03    0.539968537539380E+01    0.619610305006651E+00
    0.728860000000000E+03    0.565242501918647E+00    0.619392742612566E+00
    0.728880000000000E+03    0.610018192860252E+00    0.619397364852861E+00
    0.735140000000000E+03    0.206270356671803E+01    0.620079110273790E+00
    0.735160000000000E+03    0.210750669925392E+01    0.620077537544723E+00
    0.741420000000000E+03    0.356536918121719E+01    0.620104388481502E+00
    0.741440000000000E+03    0.361017338517604E+01    0.620106587632908E+00
    0.747700000000000E+03    0.506605236683072E+01    0.619771260923572E+00
    0.747720000000000E+03    0.511084314382447E+01    0.619766705431067E+00
    0.754000000000000E+03    0.321634010007301E+00    0.619300787427005E+00
    0.754020000000000E+03    0.366406039164531E+00    0.619303619208019E+00
    0.760280000000000E+03    0.181787401888005E+01    0.620022748267545E+00
    0.760300000000000E+03    0.186267503610247E+01    0.620022914975392E+00
    0.766560000000000E+03    0.332000610090267E+01    0.620091463290942E+00
    0.766580000000000E+03    0.336480952627744E+01    0.620092463261720E+00
    0.772840000000000E+03    0.482145950001336E+01    0.619908104691048E+00
    0.772860000000000E+03    0.486625587362028E+01    0.619905289476704E+00
    0.779120000000000E+03    0.331546099243951E-01    0.619258811114679E+00
    0.779140000000000E+03    0.779248975809423E-01    0.619259124292675E+00
    0.785400000000000E+03    0.152823970472991E+01    0.619933319058923E+00
    0.785420000000000E+03    0.157303726643204E+01    0.619935602531243E+00
    0.791700000000000E+03    0.307479494428185E+01    0.620096151764919E+00
    0.791720000000000E+03    0.311959875946809E+01    0.620095664359278E+00
    0.797980000000000E+03    0.457699637372571E+01    0.620014547833814E+00
    0.798000000000000E+03    0.462179697319243E+01    0.620013765290178E+00
    0.804260000000000E+03    0.607297413119159E+01    0.619284456266113E+00
    0.804280000000000E+03    0.611774506831671E+01    0.619282327296313E+00
    0.810540000000000E+03    0.128353127449145E+01    0.619813617061140E+00
    0.810560000000000E+03    0.132832044782458E+01    0.619817356679110E+00
    0.816820000000000E+03    0.278365243944950E+01    0.620055380580236E+00
    0.816840000000000E+03    0.282845463672948E+01    0.620053466848686E+00
    0.823100000000000E+03    0.428568274408553E+01    0.620039967971149E+00
    0.823120000000000E+03    0.433048372486292E+01    0.620041069107096E+00
    0.829400000000000E+03    0.582697021424087E+01    0.619310102323639E+00
    0.829420000000000E+03    0.587174215731625E+01    0.619305900400919E+00
    0.835680000000000E+03    0.103654367445620E+01    0.619590993471116E+00
    0.835700000000000E+03    0.108132738029826E+01    0.619596255414678E+00
    0.841960000000000E+03    0.253547013269326E+01    0.620045359808498E+00
    0.841980000000000E+03    0.258027190812595E+01    0.620042762362996E+00
    0.848240000000000E+03    0.403755758278589E+01    0.620049667601090E+00
    0.848260000000000E+03    0.408235962165941E+01    0.620052041235579E+00
    0.854520000000000E+03    0.553544011118606E+01    0.619447394154695E+00
    0.854540000000000E+03    0.558021791199326E+01    0.619442028698304E+00
    0.860800000000000E+03    0.744892525473688E+00    0.619435377830750E+00
    0.860820000000000E+03    0.789669868111559E+00    0.619440701082398E+00
    0.867080000000000E+03    0.224253404401247E+01    0.620045762602400E+00
    0.867100000000000E+03    0.228733586711951E+01    0.620043410365238E+00
    0.873380000000000E+03    0.378947009753620E+01    0.620057907818978E+00
    0.873400000000000E+03    0.383427221675765E+01    0.620060577341229E+00
    0.879660000000000E+03    0.528841631570549E+01    0.619594251903316E+00
    0.879680000000000E+03    0.533319731457254E+01    0.619589259511192E+00
    0.885940000000000E+03    0.497096066268796E+00    0.619240368284801E+00
    0.885960000000000E+03    0.541865575465181E+00    0.619244605223483E+00
    0.892220000000000E+03    0.199263477792033E+01    0.619942580595248E+00
    0.892240000000000E+03    0.203743253851599E+01    0.619941453498873E+00
    0.898500000000000E+03    0.349363457662639E+01    0.619975323763221E+00
    0.898520000000000E+03    0.353843356824086E+01    0.619977304069889E+00
    0.904780000000000E+03    0.499287345376365E+01    0.619682038094454E+00
    0.904800000000000E+03    0.503766067585161E+01    0.619677942650842E+00
    0.911080000000000E+03    0.247042411562006E+00    0.619152652725096E+00
    0.911100000000000E+03    0.291808565333440E+00    0.619154896530814E+00
    0.917360000000000E+03    0.174132813064671E+01    0.619874940947068E+00
    0.917380000000000E+03    0.178612325109953E+01    0.619875595649628E+00
    0.923640000000000E+03    0.324173542024164E+01    0.619959413949092E+00
    0.923660000000000E+03    0.328653380064998E+01    0.619959972250956E+00
    0.929920000000000E+03    0.474175225552972E+01    0.619808201719686E+00
    0.929940000000000E+03    0.478654472687549E+01    0.619805978206242E+00
    0.936200000000000E+03    0.623534370798916E+01    0.619125665984040E+00
    0.936220000000000E+03    0.628010869806167E+01    0.619125171483840E+00
    0.942480000000000E+03    0.144517030632323E+01    0.619756211107609E+00
    0.942500000000000E+03    0.148996074352681E+01    0.619759118548570E+00
    0.948780000000000E+03    0.298975296975914E+01    0.619966336885222E+00
    0.948800000000000E+03    0.303455170739608E+01    0.619965382401965E+00
    0.955060000000000E+03    0.449050414369822E+01    0.619902900305931E+00
    0.955080000000000E+03    0.453530021783718E+01    0.619902766401738E+00
    0.961340000000000E+03    0.598517906563256E+01    0.619166518526116E+00
    0.961360000000000E+03    0.602994584880389E+01    0.619163580815479E+00
    0.967620000000000E+03    0.119425997764984E+01    0.619621115906552E+00
    0.967640000000000E+03    0.123904490672885E+01    0.619625730475791E+00
    0.973900000000000E+03    0.269308797264011E+01    0.619975196581970E+00
    0.973920000000000E+03    0.273788687489377E+01    0.619972949874420E+00
    0.980180000000000E+03    0.419402857636896E+01    0.619964840319662E+00
    0.980200000000000E+03    0.423882545256083E+01    0.619966397725888E+00
    0.986480000000000E+03    0.573461966856212E+01    0.619262897367532E+00
    0.986500000000000E+03    0.577939009578131E+01    0.619258140437158E+00
    0.992760000000000E+03    0.943049792688726E+00    0.619450655895783E+00
    0.992780000000000E+03    0.987827914944319E+00    0.619456077691393E+00
    0.999040000000000E+03    0.244053245761006E+01    0.619963919742173E+00
    0.999060000000000E+03    0.248533088439581E+01    0.619961278760250E+00
    0.100532000000000E+04    0.394162419797613E+01    0.619972310883007E+00
    0.100534000000000E+04    0.398642317793610E+01    0.619974895564306E+00
    0.101160000000000E+04    0.543896915508321E+01    0.619422288942030E+00
    0.101162000000000E+04    0.548374594636425E+01    0.619416810243944E+00
    0.101788000000000E+04    0.647426080434798E+00    0.619298570398197E+00
    0.101790000000000E+04    0.692197998362190E+00    0.619303611010694E+00
    0.102416000000000E+04    0.214360408228549E+01    0.619951445519744E+00
    0.102418000000000E+04    0.218840211810402E+01    0.619949402858815E+00
    0.103046000000000E+04    0.368942331369817E+01    0.619971361404390E+00
    0.103048000000000E+04    0.373422232902612E+01    0.619973927421702E+00
    0.103674000000000E+04    0.518792700725089E+01    0.619573155636107E+00
    0.103676000000000E+04    0.523270990799620E+01    0.619568116954519E+00
    0.104302000000000E+04    0.396753270531008E+00    0.619187826441350E+00
    0.104304000000000E+04    0.441520720685276E+00    0.619191383505083E+00
    0.104930000000000E+04    0.189163007553861E+01    0.619906899703152E+00
    0.104932000000000E+04    0.193642651932032E+01    0.619906412703017E+00
    0.105558000000000E+04    0.339241761052335E+01    0.619962357463114E+00
    0.105560000000000E+04    0.343721595966826E+01    0.619963787729383E+00
    0.106186000000000E+04    0.489196785985723E+01    0.619726562319058E+00
    0.106188000000000E+04    0.493675686059214E+01    0.619723061077476E+00
    0.106816000000000E+04    0.146328347359486E+00    0.619126080351028E+00
    0.106818000000000E+04    0.191093427571559E+00    0.619127412559049E+00
    0.107444000000000E+04    0.164000710808386E+01    0.619825952346800E+00
    0.107446000000000E+04    0.168480009382165E+01    0.619827351252036E+00
    0.108072000000000E+04    0.313975902008951E+01    0.619994051551313E+00
    0.108074000000000E+04    0.318455451351883E+01    0.619994420762369E+00
    0.108700000000000E+04    0.463901556029123E+01    0.619773924904954E+00
    0.108702000000000E+04    0.468380640214400E+01    0.619772462520059E+00
    0.109328000000000E+04    0.613201300672517E+01    0.619062186501852E+00
    0.109330000000000E+04    0.617677546238156E+01    0.619060665603755E+00
    0.109956000000000E+04    0.134055788854857E+01    0.619629008771725E+00
    0.109958000000000E+04    0.138534310037221E+01    0.619632701011500E+00
    0.110586000000000E+04    0.288369450748769E+01    0.619883312828585E+00
    0.110588000000000E+04    0.292848968841417E+01    0.619881772325140E+00
    0.111214000000000E+04    0.438354611421755E+01    0.619859076788692E+00
    0.111216000000000E+04    0.442834040326943E+01    0.619859752017634E+00
    0.111842000000000E+04    0.587778310695921E+01    0.619128616314883E+00
    0.111844000000000E+04    0.592254747997322E+01    0.619124862002877E+00
    0.112470000000000E+04    0.108540491351141E+01    0.619469772894132E+00
    0.112472000000000E+04    0.113018380627727E+01    0.619474863104852E+00
    0.113098000000000E+04    0.258274601671928E+01    0.619894674999440E+00
    0.113100000000000E+04    0.262754235019520E+01    0.619892136514720E+00
    0.113726000000000E+04    0.408289040225873E+01    0.619884748551301E+00
    0.113728000000000E+04    0.412768569860600E+01    0.619886917640892E+00
    0.114354000000000E+04    0.557787070317318E+01    0.619213714129727E+00
    0.114356000000000E+04    0.562263916322809E+01    0.619208476431997E+00
    0.114984000000000E+04    0.829501956435706E+00    0.619266554483403E+00
    0.114986000000000E+04    0.874272721877333E+00    0.619271979873978E+00
    0.115612000000000E+04    0.232489306709249E+01    0.619834613983719E+00
    0.115614000000000E+04    0.236968633278275E+01    0.619832107344250E+00
    0.116240000000000E+04    0.382421571076247E+01    0.619832645940621E+00
    0.116242000000000E+04    0.386900873684499E+01    0.619835318279852E+00
    0.116868000000000E+04    0.532030865081515E+01    0.619351633068959E+00
    0.116870000000000E+04    0.536508280101680E+01    0.619346184264950E+00
    0.117496000000000E+04    0.527039101061291E+00    0.619103223102471E+00
    0.117498000000000E+04    0.571802589477102E+00    0.619107656913039E+00
    0.118124000000000E+04    0.202065848580787E+01    0.619792272851277E+00
    0.118126000000000E+04    0.206545014733274E+01    0.619790884114478E+00
    0.118754000000000E+04    0.356450573605207E+01    0.619822025116567E+00
    0.118756000000000E+04    0.360929857228120E+01    0.619824148177969E+00
    0.119382000000000E+04    0.506174957295480E+01    0.619506444446788E+00
    0.119384000000000E+04    0.510652994174325E+01    0.619501961542967E+00
    0.120010000000000E+04    0.269043843728468E+00    0.619000735031364E+00
    0.120012000000000E+04    0.313803909831222E+00    0.619003213142349E+00
    0.120638000000000E+04    0.176146597427532E+01    0.619725768427045E+00
    0.120640000000000E+04    0.180625518762918E+01    0.619726268437300E+00
    0.121266000000000E+04    0.326015434550027E+01    0.619810470292031E+00
    0.121268000000000E+04    0.330494673979183E+01    0.619811201206383E+00
    0.121894000000000E+04    0.475818806841698E+01    0.619644298130397E+00
    0.121896000000000E+04    0.480297399219035E+01    0.619641829055335E+00
    0.122524000000000E+04    0.113472189414097E-01    0.618978388077065E+00
    0.122526000000000E+04    0.561062538617989E-01    0.618978236787534E+00
    0.123152000000000E+04    0.150266605521483E+01    0.619621290940611E+00
    0.123154000000000E+04    0.154745120623966E+01    0.619623993920651E+00
    0.123780000000000E+04    0.300058332071376E+01    0.619819858505218E+00
    0.123782000000000E+04    0.304537596099453E+01    0.619819021613410E+00
    0.124408000000000E+04    0.449938723552623E+01    0.619752308613975E+00
    0.124410000000000E+04    0.454417732862385E+01    0.619752057505346E+00
    0.125036000000000E+04    0.599214879922147E+01    0.619021194223536E+00
    0.125038000000000E+04    0.603690959137930E+01    0.619018392910096E+00
    0.125664000000000E+04    0.119937928895206E+01    0.619483505725519E+00
    0.125666000000000E+04    0.124415878875288E+01    0.619488041331134E+00
    0.126294000000000E+04    0.274123317782824E+01    0.619828943413013E+00
    0.126296000000000E+04    0.278602629909756E+01    0.619826802606595E+00
    0.126922000000000E+04    0.424050885834868E+01    0.619815377185938E+00
    0.126924000000000E+04    0.428530128209059E+01    0.619816902328876E+00
    0.127550000000000E+04    0.573443991658723E+01    0.619117166057372E+00
    0.127552000000000E+04    0.577920407350712E+01    0.619112516002506E+00
    0.128178000000000E+04    0.940943589129347E+00    0.619308395350584E+00
    0.128180000000000E+04    0.985715536767657E+00    0.619313939479675E+00
    0.128806000000000E+04    0.243668096940746E+01    0.619821613197291E+00
    0.128808000000000E+04    0.248147412333128E+01    0.619818908709794E+00
    0.129434000000000E+04    0.393590099246785E+01    0.619817959298768E+00
    0.129436000000000E+04    0.398069344214900E+01    0.619820525469095E+00
    0.130062000000000E+04    0.543124534828576E+01    0.619267795168127E+00
    0.130064000000000E+04    0.547601604449028E+01    0.619262327167369E+00
    0.130692000000000E+04    0.682539878767784E+00    0.619152716268054E+00
    0.130694000000000E+04    0.727306045225305E+00    0.619157818298490E+00
    0.131320000000000E+04    0.217698961422639E+01    0.619802719687193E+00
    0.131322000000000E+04    0.222178237360731E+01    0.619800732190055E+00
    0.131948000000000E+04    0.367631959913115E+01    0.619827618216428E+00
    0.131950000000000E+04    0.372111271201538E+01    0.619830107751068E+00
    0.132576000000000E+04    0.517299345688707E+01    0.619436817791408E+00
    0.132578000000000E+04    0.521777096327924E+01    0.619431841480561E+00
    0.133204000000000E+04    0.380179816892451E+00    0.619047046553869E+00
    0.133206000000000E+04    0.424941733266223E+00    0.619050561736418E+00
    0.133832000000000E+04    0.187335804830809E+01    0.619767294239189E+00
    0.133834000000000E+04    0.191814880224911E+01    0.619766904717265E+00
    0.134462000000000E+04    0.341703371877929E+01    0.619818021413897E+00
    0.134464000000000E+04    0.346182631064084E+01    0.619819656574426E+00
    0.135090000000000E+04    0.491486554576704E+01    0.619597348991925E+00
    0.135092000000000E+04    0.495964969311171E+01    0.619593932289841E+00
    0.135718000000000E+04    0.122826647340844E+00    0.618985178732970E+00
    0.135720000000000E+04    0.167585964138652E+00    0.618986277873567E+00
    0.136346000000000E+04    0.161477548893981E+01    0.619682826750708E+00
    0.136348000000000E+04    0.165956335592364E+01    0.619684502252644E+00
    0.136974000000000E+04    0.311338247549611E+01    0.619826880381978E+00
    0.136976000000000E+04    0.315817570084437E+01    0.619826756768954E+00
