    0.000000000000000E+00    0.190000000000000E+01    0.640000000000000E+00
    0.200000000000000E-01    0.194559998827772E+01    0.639999394440739E+00
    0.630000000000000E+01    0.369831624860382E+01    0.640029122237019E+00
    0.632000000000000E+01    0.374391711936711E+01    0.640031660310947E+00
    0.125800000000000E+02    0.544861117413451E+01    0.639572870109308E+00
    0.126000000000000E+02    0.549419414625777E+01    0.639567399670774E+00
    0.188600000000000E+02    0.910641248459044E+00    0.639591064939307E+00
    0.188800000000000E+02    0.956224970778649E+00    0.639596513429635E+00
    0.251400000000000E+02    0.266105643323999E+01    0.640029028203745E+00
    0.251600000000000E+02    0.270665765836066E+01    0.640026697864300E+00
    0.314200000000000E+02    0.441385210986226E+01    0.640004962483061E+00
    0.314400000000000E+02    0.445945214863723E+01    0.640005256088418E+00
    0.377000000000000E+02    0.616114198084738E+01    0.639300010559611E+00
    0.377200000000000E+02    0.620671391229588E+01    0.639298850526292E+00
    0.440000000000000E+02    0.166997025095235E+01    0.639938794430178E+00
    0.440200000000000E+02    0.171556788972963E+01    0.639940092934043E+00
    0.502800000000000E+02    0.342237391249310E+01    0.640019865241779E+00
    0.503000000000000E+02    0.346797471952829E+01    0.640021400620824E+00
    0.565600000000000E+02    0.517359912874562E+01    0.639717126944648E+00
    0.565800000000000E+02    0.521918781707009E+01    0.639712180544515E+00
    0.628400000000000E+02    0.635706240879585E+00    0.639458508925269E+00
    0.628600000000000E+02    0.681284694064431E+00    0.639463537838586E+00
    0.691200000000000E+02    0.238504708026736E+01    0.640040641420242E+00
    0.691400000000000E+02    0.243064626934839E+01    0.640038451106635E+00
    0.754000000000000E+02    0.413733702702370E+01    0.639985995146445E+00
    0.754200000000000E+02    0.418293646667985E+01    0.639987938882800E+00
    0.817000000000000E+02    0.593076368723280E+01    0.639313721157225E+00
    0.817200000000000E+02    0.597633612677859E+01    0.639310253407584E+00
    0.879800000000000E+02    0.139271274716873E+01    0.639784294174377E+00
    0.880000000000000E+02    0.143830484347302E+01    0.639787671352397E+00
    0.942600000000000E+02    0.314416652951090E+01    0.639976840292670E+00
    0.942800000000000E+02    0.318976556584445E+01    0.639976826714004E+00
    0.100540000000000E+03    0.489562670475851E+01    0.639810860632441E+00
    0.100560000000000E+03    0.494121921852602E+01    0.639807443974606E+00
    0.106820000000000E+03    0.357832628710383E+00    0.639317844703072E+00
    0.106840000000000E+03    0.403405370573552E+00    0.639321196922506E+00
    0.113100000000000E+03    0.210564199675019E+01    0.639992629582053E+00
    0.113120000000000E+03    0.215124167788360E+01    0.639990830503309E+00
    0.119400000000000E+03    0.390370291337916E+01    0.640010548431582E+00
    0.119420000000000E+03    0.394930327217878E+01    0.640013399510759E+00
    0.125680000000000E+03    0.565296462651520E+01    0.639442308114369E+00
    0.125700000000000E+03    0.569854337473470E+01    0.639437115928082E+00
    0.131960000000000E+03    0.111458528432257E+01    0.639662758540380E+00
    0.131980000000000E+03    0.116017197079594E+01    0.639667795940126E+00
    0.138240000000000E+03    0.286534632245110E+01    0.639996976891176E+00
    0.138260000000000E+03    0.291094635448661E+01    0.639995499800975E+00
    0.144520000000000E+03    0.461757087726852E+01    0.639924057164544E+00
    0.144540000000000E+03    0.466316794320960E+01    0.639922798800285E+00
    0.150800000000000E+03    0.806959432982808E-01    0.639278160484347E+00
    0.150820000000000E+03    0.126266981062543E+00    0.639278981086592E+00
    0.157080000000000E+03    0.182677459000598E+01    0.639981416740712E+00
    0.157100000000000E+03    0.187236842980309E+01    0.639979522098133E+00
    0.163380000000000E+03    0.362347189398037E+01    0.639900614695269E+00
    0.163400000000000E+03    0.366906794304515E+01    0.639902946128313E+00
    0.169660000000000E+03    0.537256518964392E+01    0.639493550084017E+00
    0.169680000000000E+03    0.541814506504437E+01    0.639488109485482E+00
    0.175940000000000E+03    0.833051594292442E+00    0.639431397788711E+00
    0.175960000000000E+03    0.878628937050507E+00    0.639436834454835E+00
    0.182220000000000E+03    0.258173693961709E+01    0.639918568790010E+00
    0.182240000000000E+03    0.262733356484870E+01    0.639916049670761E+00
    0.188500000000000E+03    0.433305186649386E+01    0.639903036424253E+00
    0.188520000000000E+03    0.437864771612897E+01    0.639904038737697E+00
    0.194780000000000E+03    0.607932635366302E+01    0.639205451194382E+00
    0.194800000000000E+03    0.612489443987346E+01    0.639203508177314E+00
    0.201080000000000E+03    0.158650585101520E+01    0.639797388153257E+00
    0.201100000000000E+03    0.163209786179510E+01    0.639799418255263E+00
    0.207360000000000E+03    0.333736229594268E+01    0.639902959709175E+00
    0.207380000000000E+03    0.338295829137837E+01    0.639904046527991E+00
    0.213640000000000E+03    0.508733360560939E+01    0.639647185369389E+00
    0.213660000000000E+03    0.513291941009311E+01    0.639642641195764E+00
    0.219920000000000E+03    0.548080076426174E+00    0.639300902489754E+00
    0.219940000000000E+03    0.593652040121469E+00    0.639305489174558E+00
    0.226200000000000E+03    0.229573187659901E+01    0.639924982095614E+00
    0.226220000000000E+03    0.234132952838604E+01    0.639922557492296E+00
    0.232480000000000E+03    0.404754429869149E+01    0.639936353220368E+00
    0.232500000000000E+03    0.409314217580356E+01    0.639938638555053E+00
    0.238780000000000E+03    0.584075484762889E+01    0.639289049093541E+00
    0.238800000000000E+03    0.588632632843417E+01    0.639284925925856E+00
    0.245060000000000E+03    0.130165400512522E+01    0.639682864834648E+00
    0.245080000000000E+03    0.134724093467241E+01    0.639686927120244E+00
    0.251340000000000E+03    0.305197127961344E+01    0.639916179892796E+00
    0.251360000000000E+03    0.309756798044464E+01    0.639915690418179E+00
    0.257620000000000E+03    0.480308449945585E+01    0.639791202929928E+00
    0.257640000000000E+03    0.484867643235293E+01    0.639788539530182E+00
    0.263900000000000E+03    0.264818364707139E+00    0.639231273316837E+00
    0.263920000000000E+03    0.310387563805534E+00    0.639233814980231E+00
    0.270180000000000E+03    0.201139337947370E+01    0.639921325154388E+00
    0.270200000000000E+03    0.205699019474366E+01    0.639919957404506E+00
    0.276480000000000E+03    0.380865301357858E+01    0.639945902843224E+00
    0.276500000000000E+03    0.385425135470507E+01    0.639948552503312E+00
    0.282760000000000E+03    0.555760371105964E+01    0.639428678358321E+00
    0.282780000000000E+03    0.560318143015934E+01    0.639423290931282E+00
    0.289040000000000E+03    0.101839791299676E+01    0.639550881499735E+00
    0.289060000000000E+03    0.106397987987646E+01    0.639556140817065E+00
    0.295320000000000E+03    0.276799956144657E+01    0.639930728768650E+00
    0.295340000000000E+03    0.281359684542178E+01    0.639928752259511E+00
    0.301600000000000E+03    0.451952841134357E+01    0.639888576245632E+00
    0.301620000000000E+03    0.456512390992668E+01    0.639888118030921E+00
    0.307880000000000E+03    0.626533197324079E+01    0.639206800744783E+00
    0.307900000000000E+03    0.277148153112421E-01    0.639206743453656E+00
    0.314160000000000E+03    0.172779036691441E+01    0.639873825895873E+00
    0.314180000000000E+03    0.177338531953137E+01    0.639874303128978E+00
    0.320460000000000E+03    0.352470359461154E+01    0.639925023814274E+00
    0.320480000000000E+03    0.357030025185281E+01    0.639927049949167E+00
    0.326740000000000E+03    0.527440656693261E+01    0.639565193545311E+00
    0.326760000000000E+03    0.531998917473265E+01    0.639559561405200E+00
    0.333020000000000E+03    0.735081046405185E+00    0.639400476828930E+00
    0.333040000000000E+03    0.780657157897963E+00    0.639405758951992E+00
    0.339300000000000E+03    0.248354087082339E+01    0.639926350951022E+00
    0.339320000000000E+03    0.252913786006388E+01    0.639923712841058E+00
    0.345580000000000E+03    0.423499828712295E+01    0.639916566908848E+00
    0.345600000000000E+03    0.428059497736911E+01    0.639918059418864E+00
    0.351860000000000E+03    0.598168502024259E+01    0.639226127843869E+00
    0.351880000000000E+03    0.602725395568757E+01    0.639223302148569E+00
    0.358160000000000E+03    0.148857904122247E+01    0.639758910734060E+00
    0.358180000000000E+03    0.153416950061398E+01    0.639761708762306E+00
    0.364440000000000E+03    0.323920571103110E+01    0.639904769369779E+00
    0.364460000000000E+03    0.328480149846439E+01    0.639905286257934E+00
    0.370720000000000E+03    0.498941331851222E+01    0.639695128344088E+00
    0.370740000000000E+03    0.503500111291578E+01    0.639691112390678E+00
    0.377000000000000E+03    0.450413065405542E+00    0.639269768677285E+00
    0.377020000000000E+03    0.495983857966735E+00    0.639273801672947E+00
    0.383280000000000E+03    0.219760520309580E+01    0.639916990899164E+00
    0.383300000000000E+03    0.224320200743591E+01    0.639914771586012E+00
    0.389560000000000E+03    0.394914980478995E+01    0.639931574223018E+00
    0.389580000000000E+03    0.399474694021399E+01    0.639934111027536E+00
    0.395860000000000E+03    0.574255008599857E+01    0.639322807965616E+00
    0.395880000000000E+03    0.578812300117329E+01    0.639318137803131E+00
    0.402140000000000E+03    0.120329164664395E+01    0.639631421931242E+00
    0.402160000000000E+03    0.124887690431558E+01    0.639636039994866E+00
    0.408420000000000E+03    0.295318337498293E+01    0.639903017303208E+00
    0.408440000000000E+03    0.299877912111742E+01    0.639901891478644E+00
    0.414700000000000E+03    0.470406217139100E+01    0.639812541478867E+00
    0.414720000000000E+03    0.474965471340090E+01    0.639810663013299E+00
    0.420980000000000E+03    0.165799515157914E+00    0.639195616184203E+00
    0.421000000000000E+03    0.211367269847869E+00    0.639197208189400E+00
    0.427260000000000E+03    0.191185715028973E+01    0.639896468215015E+00
    0.427280000000000E+03    0.195745311771282E+01    0.639895817518003E+00
    0.433540000000000E+03    0.366335657713773E+01    0.639922650053279E+00
    0.433560000000000E+03    0.370895351487354E+01    0.639925134890389E+00
    0.439840000000000E+03    0.545789957602517E+01    0.639462131086441E+00
    0.439860000000000E+03    0.550347811610811E+01    0.639456653466936E+00
    0.446120000000000E+03    0.918415819215397E+00    0.639479173091602E+00
    0.446140000000000E+03    0.963995033067022E+00    0.639484614725341E+00
    0.452400000000000E+03    0.266748120127500E+01    0.639920453582233E+00
    0.452420000000000E+03    0.271307795630651E+01    0.639918093264159E+00
    0.458680000000000E+03    0.441880118609993E+01    0.639887284183184E+00
    0.458700000000000E+03    0.446439645924693E+01    0.639887562394755E+00
    0.464960000000000E+03    0.616475216174717E+01    0.639197036154662E+00
    0.464980000000000E+03    0.621032001625940E+01    0.639195860424772E+00
    0.471240000000000E+03    0.162662026460566E+01    0.639826494024336E+00
    0.471260000000000E+03    0.167221341512163E+01    0.639827944370408E+00
    0.477540000000000E+03    0.342314838860352E+01    0.639905430442815E+00
    0.477560000000000E+03    0.346874410911732E+01    0.639906908603843E+00
    0.483820000000000E+03    0.517289599336550E+01    0.639605682793332E+00
    0.483840000000000E+03    0.521848025388567E+01    0.639600759477507E+00
    0.490100000000000E+03    0.633528211591738E+00    0.639333510024746E+00
    0.490120000000000E+03    0.679101543779780E+00    0.639338452086989E+00
    0.496380000000000E+03    0.238143116754259E+01    0.639924224451819E+00
    0.496400000000000E+03    0.242702821230728E+01    0.639921610254591E+00
    0.502660000000000E+03    0.413287222327335E+01    0.639915216640013E+00
    0.502680000000000E+03    0.417846855549556E+01    0.639917174390200E+00
    0.508940000000000E+03    0.587983686660391E+01    0.639252052445353E+00
    0.508960000000000E+03    0.592540688065083E+01    0.639248409942786E+00
    0.515240000000000E+03    0.138637470519598E+01    0.639704817889632E+00
    0.515260000000000E+03    0.143196329462785E+01    0.639708268870145E+00
    0.521520000000000E+03    0.313680941876191E+01    0.639906864478195E+00
    0.521540000000000E+03    0.318240570332659E+01    0.639906782247340E+00
    0.527800000000000E+03    0.488746416737126E+01    0.639740958148926E+00
    0.527820000000000E+03    0.493305405504225E+01    0.639737627796602E+00
    0.534080000000000E+03    0.348750806278531E+00    0.639239452957895E+00
    0.534100000000000E+03    0.394320373081882E+00    0.639242634791728E+00
    0.540360000000000E+03    0.209557960098459E+01    0.639917393015879E+00
    0.540380000000000E+03    0.214117634388822E+01    0.639915568804566E+00
    0.546640000000000E+03    0.384718609214383E+01    0.639937843962552E+00
    0.546660000000000E+03    0.389278364497454E+01    0.639940505115450E+00
    0.552940000000000E+03    0.564114744539143E+01    0.639377092390999E+00
    0.552960000000000E+03    0.568672247127211E+01    0.639371932889151E+00
    0.559220000000000E+03    0.110176324096665E+01    0.639579436286244E+00
    0.559240000000000E+03    0.114734587057296E+01    0.639584416695732E+00
    0.565500000000000E+03    0.285086989107685E+01    0.639864252026204E+00
    0.565520000000000E+03    0.289646437294823E+01    0.639862602217557E+00
    0.571780000000000E+03    0.460142865168655E+01    0.639800315424091E+00
    0.571800000000000E+03    0.464702070526414E+01    0.639799270365158E+00
    0.578060000000000E+03    0.630072293538433E-01    0.639145492830119E+00
    0.578080000000000E+03    0.108572969555098E+00    0.639146095576870E+00
    0.584340000000000E+03    0.180809469915584E+01    0.639823810256009E+00
    0.584360000000000E+03    0.185368780229373E+01    0.639823838996935E+00
    0.590620000000000E+03    0.355882240849724E+01    0.639874360209073E+00
    0.590640000000000E+03    0.360441728621663E+01    0.639876565507942E+00
    0.596920000000000E+03    0.535312762517924E+01    0.639467698010497E+00
    0.596940000000000E+03    0.539870637977151E+01    0.639462267874438E+00
    0.603200000000000E+03    0.813174459305856E+00    0.639383738180672E+00
    0.603220000000000E+03    0.858750365384594E+00    0.639389196391070E+00
    0.609480000000000E+03    0.256134054762788E+01    0.639877143175972E+00
    0.609500000000000E+03    0.260693549592747E+01    0.639874584897173E+00
    0.615760000000000E+03    0.431221011938874E+01    0.639860807260959E+00
    0.615780000000000E+03    0.435780456758948E+01    0.639861860402266E+00
    0.622040000000000E+03    0.605805723945764E+01    0.639172599068801E+00
    0.622060000000000E+03    0.610362416482189E+01    0.639170465001419E+00
    0.628320000000000E+03    0.151968735505511E+01    0.639786120711017E+00
    0.628340000000000E+03    0.156527909693750E+01    0.639788425281942E+00
    0.634620000000000E+03    0.331619952650658E+01    0.639911930204042E+00
    0.634640000000000E+03    0.336179595195608E+01    0.639912884973315E+00
    0.640900000000000E+03    0.506630793867976E+01    0.639668701719973E+00
    0.640920000000000E+03    0.511189464321706E+01    0.639664280774809E+00
    0.647180000000000E+03    0.527243222854850E+00    0.639302912341809E+00
    0.647200000000000E+03    0.572815732160507E+00    0.639307337791785E+00
    0.653460000000000E+03    0.227500003675596E+01    0.639934438627545E+00
    0.653480000000000E+03    0.232059739418560E+01    0.639932013914946E+00
    0.659740000000000E+03    0.402616858368060E+01    0.640004207766470E+00
    0.659760000000000E+03    0.407176323279668E+01    0.640006237744381E+00
    0.666020000000000E+03    0.577258146240251E+01    0.639206994257087E+00
    0.666040000000000E+03    0.581814965365561E+01    0.639202617296580E+00
    0.672320000000000E+03    0.127782843984755E+01    0.639569464684851E+00
    0.672340000000000E+03    0.132341146605449E+01    0.639573681127190E+00
    0.678600000000000E+03    0.302688166905705E+01    0.639810190593897E+00
    0.678620000000000E+03    0.307247405607177E+01    0.639809443681739E+00
    0.684880000000000E+03    0.477655029701418E+01    0.639696046211490E+00
    0.684900000000000E+03    0.482213815476644E+01    0.639693628360720E+00
    0.691160000000000E+03    0.236879465215907E+00    0.639111979866684E+00
    0.691180000000000E+03    0.282443767591985E+00    0.639114190088434E+00
    0.697440000000000E+03    0.198150021585593E+01    0.639782311374367E+00
    0.697460000000000E+03    0.202709000291611E+01    0.639780218004313E+00
    0.703720000000000E+03    0.373124024967569E+01    0.639790972164903E+00
    0.703740000000000E+03    0.377683169683201E+01    0.639793673589242E+00
    0.710000000000000E+03    0.547823562106805E+01    0.639291306534190E+00
    0.710020000000000E+03    0.552380717596748E+01    0.639285871935949E+00
    0.716300000000000E+03    0.982545814764990E+00    0.639371725740997E+00
    0.716320000000000E+03    0.102812086485346E+01    0.639377104696853E+00
    0.722580000000000E+03    0.273000445600337E+01    0.639771698613831E+00
    0.722600000000000E+03    0.277559505049044E+01    0.639769574710908E+00
    0.728860000000000E+03    0.447944310733442E+01    0.639735399574912E+00
    0.728880000000000E+03    0.452503253614850E+01    0.639735312656436E+00
    0.735140000000000E+03    0.622338588998332E+01    0.639045052795582E+00
    0.735160000000000E+03    0.626894765792440E+01    0.639044407780145E+00
    0.741420000000000E+03    0.168362758611647E+01    0.639696751815499E+00
    0.741440000000000E+03    0.172921561538601E+01    0.639697829076885E+00
    0.747700000000000E+03    0.343294742793091E+01    0.639766256753287E+00
    0.747720000000000E+03    0.347853812111362E+01    0.639768297912360E+00
    0.754000000000000E+03    0.522646967611081E+01    0.639436556138431E+00
    0.754020000000000E+03    0.527204705324630E+01    0.639431433858236E+00
    0.760280000000000E+03    0.685099483336671E+00    0.639209721901831E+00
    0.760300000000000E+03    0.730667333996507E+00    0.639214808287434E+00
    0.766560000000000E+03    0.243124461353796E+01    0.639772620726258E+00
    0.766580000000000E+03    0.247683554808714E+01    0.639769998815969E+00
    0.772840000000000E+03    0.418081039719277E+01    0.639763486533146E+00
    0.772860000000000E+03    0.422640097366798E+01    0.639765302220014E+00
    0.779120000000000E+03    0.592579900421629E+01    0.639087781314771E+00
    0.779140000000000E+03    0.597136239890438E+01    0.639084449899585E+00
    0.785400000000000E+03    0.138485790876507E+01    0.639567576306607E+00
    0.785420000000000E+03    0.143044017953389E+01    0.639570864165435E+00
    0.791700000000000E+03    0.317890629651288E+01    0.639746406845840E+00
    0.791720000000000E+03    0.322449613867616E+01    0.639746604185664E+00
    0.797980000000000E+03    0.492750132517676E+01    0.639575409634218E+00
    0.798000000000000E+03    0.497308440160828E+01    0.639571782184155E+00
    0.804260000000000E+03    0.386642264248849E+00    0.639084605673661E+00
    0.804280000000000E+03    0.432205559634440E+00    0.639088279485590E+00
    0.810540000000000E+03    0.213155672622952E+01    0.639760904043155E+00
    0.810560000000000E+03    0.217714705824301E+01    0.639759010412916E+00
    0.816820000000000E+03    0.388106385490346E+01    0.639775903965931E+00
    0.816840000000000E+03    0.392665468247446E+01    0.639778559430091E+00
    0.823100000000000E+03    0.562716730980151E+01    0.639195237901607E+00
    0.823120000000000E+03    0.567273514697490E+01    0.639190162013879E+00
    0.829400000000000E+03    0.113132232240741E+01    0.639431411741960E+00
    0.829420000000000E+03    0.117689936619104E+01    0.639436353654743E+00
    0.835680000000000E+03    0.287889518892075E+01    0.639738257667349E+00
    0.835700000000000E+03    0.292448464697827E+01    0.639736713894650E+00
    0.841960000000000E+03    0.462786505796157E+01    0.639677044731916E+00
    0.841980000000000E+03    0.467345189429034E+01    0.639675686482894E+00
    0.848240000000000E+03    0.877623244487040E-01    0.639017851548605E+00
    0.848260000000000E+03    0.133323259457029E+00    0.639018917749826E+00
    0.854520000000000E+03    0.183147788858105E+01    0.639713261841310E+00
    0.854540000000000E+03    0.187706662990672E+01    0.639713215172746E+00
    0.860800000000000E+03    0.358072192170584E+01    0.639754452420974E+00
    0.860820000000000E+03    0.362631209299184E+01    0.639756845061040E+00
    0.867080000000000E+03    0.532792692766748E+01    0.639347051205306E+00
    0.867100000000000E+03    0.537350067674015E+01    0.639341619328898E+00
    0.873380000000000E+03    0.831945991035582E+00    0.639269542777774E+00
    0.873400000000000E+03    0.877517067147664E+00    0.639274961147646E+00
    0.879660000000000E+03    0.257866019391167E+01    0.639759687431182E+00
    0.879680000000000E+03    0.262425053813718E+01    0.639757140889245E+00
    0.885940000000000E+03    0.432806823399756E+01    0.639743104553811E+00
    0.885960000000000E+03    0.437365796744098E+01    0.639744081884756E+00
    0.892220000000000E+03    0.607240051869303E+01    0.639051458660411E+00
    0.892240000000000E+03    0.611796261547397E+01    0.639049419125782E+00
    0.898500000000000E+03    0.153197222513609E+01    0.639623963563577E+00
    0.898520000000000E+03    0.157755723108448E+01    0.639626261721787E+00
    0.904780000000000E+03    0.328076608629544E+01    0.639748977203629E+00
    0.904800000000000E+03    0.332635608670944E+01    0.639749977589632E+00
    0.911080000000000E+03    0.507460585555145E+01    0.639505881056175E+00
    0.911100000000000E+03    0.512018616983596E+01    0.639501340662635E+00
    0.917360000000000E+03    0.533445343442054E+00    0.639135204299511E+00
    0.917380000000000E+03    0.579010830882908E+00    0.639139618612677E+00
    0.923640000000000E+03    0.227897715184508E+01    0.639769031443383E+00
    0.923660000000000E+03    0.232456803471723E+01    0.639766610247520E+00
    0.929920000000000E+03    0.402850174066361E+01    0.639767803424427E+00
    0.929940000000000E+03    0.407409205783597E+01    0.639770166345937E+00
    0.936200000000000E+03    0.577355141540147E+01    0.639108117216240E+00
    0.936220000000000E+03    0.581911517031904E+01    0.639103810971790E+00
    0.942480000000000E+03    0.123177543360998E+01    0.639451729623256E+00
    0.942500000000000E+03    0.127735310880962E+01    0.639455966052621E+00
    0.948780000000000E+03    0.302483691779344E+01    0.639700241986427E+00
    0.948800000000000E+03    0.307042468349573E+01    0.639699470242607E+00
    0.955060000000000E+03    0.477306980695084E+01    0.639578469800703E+00
    0.955080000000000E+03    0.481865286941411E+01    0.639576049184410E+00
    0.961340000000000E+03    0.231022908938030E+00    0.638925606027729E+00
    0.961360000000000E+03    0.276579809392842E+00    0.638927755637379E+00
    0.967620000000000E+03    0.197371865347714E+01    0.639617160612666E+00
    0.967640000000000E+03    0.201930340419767E+01    0.639616166578894E+00
    0.973900000000000E+03    0.372235000044520E+01    0.639674017439451E+00
    0.973920000000000E+03    0.376793964896569E+01    0.639678820655132E+00
    0.980180000000000E+03    0.546854108281377E+01    0.639235631749363E+00
    0.980200000000000E+03    0.551411040511357E+01    0.639230170425186E+00
    0.986480000000000E+03    0.971889224722872E+00    0.639300497458222E+00
    0.986500000000000E+03    0.101746010997249E+01    0.639305790014484E+00
    0.992760000000000E+03    0.271821490247703E+01    0.639694806948090E+00
    0.992780000000000E+03    0.276380264354293E+01    0.639692586953883E+00
    0.999040000000000E+03    0.446673392996900E+01    0.639659057940693E+00
    0.999060000000000E+03    0.451232044356902E+01    0.639659066703123E+00
    0.100532000000000E+04    0.620987136916301E+01    0.638973862223517E+00
    0.100534000000000E+04    0.625543068039951E+01    0.638973187174046E+00
    0.101160000000000E+04    0.166937348986721E+01    0.639619607234035E+00
    0.101162000000000E+04    0.171495899103093E+01    0.639620787346011E+00
    0.101788000000000E+04    0.341800345386127E+01    0.639711038321400E+00
    0.101790000000000E+04    0.346359188816723E+01    0.639712625277106E+00
    0.102416000000000E+04    0.516527304381043E+01    0.639400212053418E+00
    0.102418000000000E+04    0.521084907138265E+01    0.639395225211180E+00
    0.103046000000000E+04    0.669114379969869E+00    0.639156740132888E+00
    0.103048000000000E+04    0.714680986381609E+00    0.639161835161021E+00
    0.103674000000000E+04    0.241474117027246E+01    0.639728045860942E+00
    0.103676000000000E+04    0.246033018449953E+01    0.639725432997461E+00
    0.104302000000000E+04    0.416378169685322E+01    0.639728428877942E+00
    0.104304000000000E+04    0.420937091162205E+01    0.639730331999484E+00
    0.104930000000000E+04    0.590834731251607E+01    0.639052194613917E+00
    0.104932000000000E+04    0.595390926728396E+01    0.639048689408931E+00
    0.105558000000000E+04    0.136693990914000E+01    0.639519785532295E+00
    0.105560000000000E+04    0.141252082013034E+01    0.639523323113210E+00
    0.106186000000000E+04    0.311487936050753E+01    0.639706205523050E+00
    0.106188000000000E+04    0.316046726669492E+01    0.639706100496747E+00
    0.106816000000000E+04    0.490843078193211E+01    0.639541456326393E+00
    0.106818000000000E+04    0.495401243459992E+01    0.639538072573424E+00
    0.107444000000000E+04    0.367179587631654E+00    0.639042311699076E+00
    0.107446000000000E+04    0.412741257373455E+00    0.639045646569586E+00
    0.108072000000000E+04    0.211149827886175E+01    0.639713582109411E+00
    0.108074000000000E+04    0.215708696653655E+01    0.639711761307437E+00
    0.108700000000000E+04    0.386055446175124E+01    0.639735522739424E+00
    0.108702000000000E+04    0.390614379586714E+01    0.639738179614197E+00
    0.109328000000000E+04    0.560632305425634E+01    0.639175085719924E+00
    0.109330000000000E+04    0.565189009756386E+01    0.639169925062101E+00
    0.109956000000000E+04    0.106453593110973E+01    0.639376317071483E+00
    0.109958000000000E+04    0.111011131871373E+01    0.639381449974287E+00
    0.110586000000000E+04    0.285731019447849E+01    0.639712808975708E+00
    0.110588000000000E+04    0.290289850322642E+01    0.639711154144325E+00
    0.111214000000000E+04    0.460597730641075E+01    0.639653085086923E+00
    0.111216000000000E+04    0.465156348021492E+01    0.639652073690240E+00
    0.111842000000000E+04    0.656405698409799E-01    0.638990582522808E+00
    0.111844000000000E+04    0.111200120565172E+00    0.638991095391022E+00
    0.112470000000000E+04    0.180880906045604E+01    0.639675954152187E+00
    0.112472000000000E+04    0.185439624475612E+01    0.639676120718743E+00
    0.113098000000000E+04    0.355771375482436E+01    0.639721192373151E+00
    0.113100000000000E+04    0.360330263616197E+01    0.639723348891968E+00
    0.113726000000000E+04    0.530463971441941E+01    0.639333475694643E+00
    0.113728000000000E+04    0.535021307590932E+01    0.639328066014145E+00
    0.114354000000000E+04    0.762617867975223E+00    0.639218312324373E+00
    0.114356000000000E+04    0.808185631315609E+00    0.639223627990884E+00
    0.114984000000000E+04    0.255389046902837E+01    0.639697875021290E+00
    0.114986000000000E+04    0.259947831489853E+01    0.639695289989680E+00
    0.115612000000000E+04    0.430250635977518E+01    0.639692219780354E+00
    0.115614000000000E+04    0.434809351481545E+01    0.639693334309289E+00
    0.116240000000000E+04    0.604596888353717E+01    0.638975831570433E+00
    0.116242000000000E+04    0.609152777769714E+01    0.638973440594750E+00
    0.116868000000000E+04    0.150436686312378E+01    0.639536417749437E+00
    0.116870000000000E+04    0.154994816203907E+01    0.639538794404581E+00
    0.117496000000000E+04    0.325210290063251E+01    0.639666168205413E+00
    0.117498000000000E+04    0.329768938730604E+01    0.639666813746939E+00
    0.118124000000000E+04    0.499940323185911E+01    0.639439967476855E+00
    0.118126000000000E+04    0.504498083174713E+01    0.639435852271406E+00
    0.118754000000000E+04    0.502843158032192E+00    0.639043146326268E+00
    0.118756000000000E+04    0.548404949976884E+00    0.639047345310835E+00
    0.119382000000000E+04    0.224757332868421E+01    0.639637686869990E+00
    0.119384000000000E+04    0.229316279298655E+01    0.639635602732133E+00
    0.120010000000000E+04    0.399702736835616E+01    0.639759021312654E+00
    0.120012000000000E+04    0.404261774402721E+01    0.639761507496469E+00
    0.120638000000000E+04    0.574260143494303E+01    0.639141542973306E+00
    0.120640000000000E+04    0.578816725582328E+01    0.639136979210799E+00
    0.121266000000000E+04    0.120120008750564E+01    0.639467149820417E+00
    0.121268000000000E+04    0.124677879697629E+01    0.639471699971525E+00
    0.121894000000000E+04    0.294899967866286E+01    0.639730165851360E+00
    0.121896000000000E+04    0.299458874773427E+01    0.639729083836041E+00
    0.122524000000000E+04    0.474332450485372E+01    0.639635214928451E+00
    0.122526000000000E+04    0.478890996499240E+01    0.639633133775441E+00
    0.123152000000000E+04    0.202812937309773E+00    0.639025288111872E+00
    0.123154000000000E+04    0.248373773410094E+00    0.639027091484085E+00
    0.123780000000000E+04    0.194669317218359E+01    0.639720671415761E+00
    0.123782000000000E+04    0.199228204001247E+01    0.639719881019488E+00
    0.124408000000000E+04    0.369591627418367E+01    0.639751556159487E+00
    0.124410000000000E+04    0.374150631134762E+01    0.639754186825557E+00
    0.125036000000000E+04    0.544253206243593E+01    0.639277572626627E+00
    0.125038000000000E+04    0.548810095142426E+01    0.639272380992484E+00
    0.125664000000000E+04    0.900166823777454E+00    0.639265779004476E+00
    0.125666000000000E+04    0.945737297649430E+00    0.639271201120601E+00
    0.126294000000000E+04    0.269207539843637E+01    0.639704712820680E+00
    0.126296000000000E+04    0.273766335407481E+01    0.639702422230459E+00
    0.126922000000000E+04    0.444075813147720E+01    0.639678461290132E+00
    0.126924000000000E+04    0.448634534965731E+01    0.639678731300772E+00
    0.127550000000000E+04    0.618404069726103E+01    0.638981032951326E+00
    0.127552000000000E+04    0.622959985190028E+01    0.638979903621384E+00
    0.128178000000000E+04    0.164324557025748E+01    0.639612243434063E+00
    0.128180000000000E+04    0.168883028642995E+01    0.639613715374439E+00
    0.128806000000000E+04    0.339171402313195E+01    0.639697505605530E+00
    0.128808000000000E+04    0.343730189896451E+01    0.639698951921325E+00
    0.129434000000000E+04    0.513890766341865E+01    0.639401773608088E+00
    0.129436000000000E+04    0.518448377904951E+01    0.639396860864830E+00
    0.130062000000000E+04    0.596997996740356E+00    0.639124485548850E+00
    0.130064000000000E+04    0.642563063529451E+00    0.639129351805789E+00
    0.130692000000000E+04    0.238787435101995E+01    0.639716290362389E+00
    0.130694000000000E+04    0.243346297775588E+01    0.639713671661308E+00
    0.131320000000000E+04    0.413669596965292E+01    0.639714846859931E+00
    0.131322000000000E+04    0.418228346514934E+01    0.639716936798032E+00
