    0.000000000000000E+00    0.190000000000000E+01    0.650000000000000E+00
    0.200000000000000E-01    0.194599998826957E+01    0.649999393073206E+00
    0.630000000000000E+01    0.382419896315383E+01    0.650026384071117E+00
    0.632000000000000E+01    0.387019971196247E+01    0.650029067230539E+00
    0.125800000000000E+02    0.569946098673375E+01    0.649481356758750E+00
    0.126000000000000E+02    0.574544025551972E+01    0.649476513075106E+00
    0.188600000000000E+02    0.128787062387823E+01    0.649807850353867E+00
    0.188800000000000E+02    0.133386325250621E+01    0.649811949554455E+00
    0.251400000000000E+02    0.316527041903630E+01    0.650008083643691E+00
    0.251600000000000E+02    0.321127061383832E+01    0.650008234587598E+00
    0.314200000000000E+02    0.504254515884519E+01    0.649792492777794E+00
    0.314400000000000E+02    0.508853681245120E+01    0.649788099968186E+00
    0.377000000000000E+02    0.630825112488509E+00    0.649494749732238E+00
    0.377200000000000E+02    0.676806613658826E+00    0.649499541839735E+00
    0.440000000000000E+02    0.255286066597428E+01    0.650075115605518E+00
    0.440200000000000E+02    0.259886362452112E+01    0.650072531031217E+00
    0.502800000000000E+02    0.443175807441860E+01    0.650053590108030E+00
    0.503000000000000E+02    0.447776026137934E+01    0.650053905092622E+00
    0.565600000000000E+02    0.221905327652792E-01    0.649392909920720E+00
    0.565800000000000E+02    0.681653738078865E-01    0.649393058858922E+00
    0.628400000000000E+02    0.189560985486816E+01    0.650040361451292E+00
    0.628600000000000E+02    0.194161161417500E+01    0.650039888784736E+00
    0.691200000000000E+02    0.377426910817192E+01    0.650070279547304E+00
    0.691400000000000E+02    0.382027182810040E+01    0.650073030487770E+00
    0.754000000000000E+02    0.565026675661051E+01    0.649534128946380E+00
    0.754200000000000E+02    0.569624869113096E+01    0.649528995380612E+00
    0.817000000000000E+02    0.128495642804174E+01    0.649833902718381E+00
    0.817200000000000E+02    0.133094995236223E+01    0.649838119393923E+00
    0.879800000000000E+02    0.316280131207716E+01    0.650051989035175E+00
    0.880000000000000E+02    0.320880309179498E+01    0.650051995407289E+00
    0.942600000000000E+02    0.504078855826828E+01    0.649842481695442E+00
    0.942800000000000E+02    0.508678219430837E+01    0.649838151723554E+00
    0.100540000000000E+03    0.629572030638570E+00    0.649527945572814E+00
    0.100560000000000E+03    0.675553222745918E+00    0.649532889424460E+00
    0.106820000000000E+03    0.250547207224082E+01    0.650065352441750E+00
    0.106840000000000E+03    0.255147463832196E+01    0.650062726766535E+00
    0.113100000000000E+03    0.438402050838135E+01    0.650044942321250E+00
    0.113120000000000E+03    0.443002018623201E+01    0.650045229164952E+00
    0.119400000000000E+03    0.199989497657498E-01    0.649347281652084E+00
    0.119420000000000E+03    0.659726581971540E-01    0.649347250532323E+00
    0.125680000000000E+03    0.189306854118036E+01    0.650006362291507E+00
    0.125700000000000E+03    0.193906882900137E+01    0.650005982383369E+00
    0.131960000000000E+03    0.377140763974768E+01    0.650035743085393E+00
    0.131980000000000E+03    0.381740902849310E+01    0.650038392957057E+00
    0.138240000000000E+03    0.564705312460342E+01    0.649511796072496E+00
    0.138260000000000E+03    0.569303392706422E+01    0.649506787052474E+00
    0.144520000000000E+03    0.123545722348575E+01    0.649793086924744E+00
    0.144540000000000E+03    0.128144906940889E+01    0.649797487874058E+00
    0.150800000000000E+03    0.311285190823600E+01    0.650022719510637E+00
    0.150820000000000E+03    0.315885254618928E+01    0.650022641516891E+00
    0.157080000000000E+03    0.499013949897142E+01    0.649814158747573E+00
    0.157100000000000E+03    0.503613078869927E+01    0.649809120626238E+00
    0.163380000000000E+03    0.624205723615432E+00    0.649464725074803E+00
    0.163400000000000E+03    0.670184030582845E+00    0.649469573534653E+00
    0.169660000000000E+03    0.249903730811087E+01    0.649997664291079E+00
    0.169680000000000E+03    0.254503710881983E+01    0.649995030435150E+00
    0.175940000000000E+03    0.437691234975108E+01    0.649981639512153E+00
    0.175960000000000E+03    0.442291121123316E+01    0.649982201626381E+00
    0.182220000000000E+03    0.624958383169923E+01    0.649300981592551E+00
    0.182240000000000E+03    0.123700157228086E-01    0.649300591980601E+00
    0.188500000000000E+03    0.183874613551808E+01    0.649955819786702E+00
    0.188520000000000E+03    0.188474447290281E+01    0.649955700886179E+00
    0.194780000000000E+03    0.371654060451345E+01    0.649993868909677E+00
    0.194800000000000E+03    0.376254037397081E+01    0.649996515863052E+00
    0.201080000000000E+03    0.563763331409450E+01    0.649469672765078E+00
    0.201100000000000E+03    0.568361178206339E+01    0.649464503217033E+00
    0.207360000000000E+03    0.122529056284412E+01    0.649733406159009E+00
    0.207380000000000E+03    0.127128009782103E+01    0.649737906708953E+00
    0.213640000000000E+03    0.310195825521765E+01    0.649965569303016E+00
    0.213660000000000E+03    0.314795668202726E+01    0.649965308979480E+00
    0.219920000000000E+03    0.497882616676964E+01    0.649787385391149E+00
    0.219940000000000E+03    0.502481764306799E+01    0.649783432287142E+00
    0.226200000000000E+03    0.566749979400015E+00    0.649422573489382E+00
    0.226220000000000E+03    0.612726904388296E+00    0.649427312945905E+00
    0.232480000000000E+03    0.244133712471648E+01    0.649986907498743E+00
    0.232500000000000E+03    0.248733633242080E+01    0.649984218348334E+00
    0.238780000000000E+03    0.436510698141979E+01    0.649977808656527E+00
    0.238800000000000E+03    0.441110601507773E+01    0.649978611096733E+00
    0.245060000000000E+03    0.623792352958628E+01    0.649297548747951E+00
    0.245080000000000E+03    0.710058119466339E-03    0.649297019942987E+00
    0.251340000000000E+03    0.182713856646467E+01    0.649955319411130E+00
    0.251360000000000E+03    0.187313701618984E+01    0.649955357950557E+00
    0.257620000000000E+03    0.370493961934812E+01    0.649997175254576E+00
    0.257640000000000E+03    0.375093954735951E+01    0.649999722688917E+00
    0.263900000000000E+03    0.558022473777680E+01    0.649495242836265E+00
    0.263920000000000E+03    0.562620403348592E+01    0.649489995020353E+00
    0.270180000000000E+03    0.116787056811802E+01    0.649720110296963E+00
    0.270200000000000E+03    0.121385955623248E+01    0.649724801065062E+00
    0.276480000000000E+03    0.309111553100593E+01    0.649945435798602E+00
    0.276500000000000E+03    0.313711883500218E+01    0.649945880242009E+00
    0.282760000000000E+03    0.496921996186097E+01    0.649877946223985E+00
    0.282780000000000E+03    0.501521510030057E+01    0.649874134078315E+00
    0.289040000000000E+03    0.558073070135947E+00    0.649488708310507E+00
    0.289060000000000E+03    0.604051984434818E+00    0.649493316621009E+00
    0.295320000000000E+03    0.243362301025729E+01    0.650073906476574E+00
    0.295340000000000E+03    0.247962601122595E+01    0.650071212906832E+00
    0.301600000000000E+03    0.431238779517946E+01    0.650057809255203E+00
    0.301620000000000E+03    0.435838922003995E+01    0.650058742269575E+00
    0.307880000000000E+03    0.618595342111803E+01    0.649361102040354E+00
    0.307900000000000E+03    0.623192764140435E+01    0.649360161008651E+00
    0.314160000000000E+03    0.177565893297719E+01    0.649999013536797E+00
    0.314180000000000E+03    0.182165892998933E+01    0.649999328311881E+00
    0.320460000000000E+03    0.370003786885127E+01    0.650042080922732E+00
    0.320480000000000E+03    0.374603946041191E+01    0.650044623033908E+00
    0.326740000000000E+03    0.557607771329060E+01    0.649555590241019E+00
    0.326760000000000E+03    0.562206038860313E+01    0.649550323133115E+00
    0.333020000000000E+03    0.116486984666699E+01    0.649790793888018E+00
    0.333040000000000E+03    0.121086176758604E+01    0.649795534085696E+00
    0.339300000000000E+03    0.304252769615744E+01    0.650054989734836E+00
    0.339320000000000E+03    0.308852987909677E+01    0.650054394971436E+00
    0.345580000000000E+03    0.492076285675591E+01    0.649898984954948E+00
    0.345600000000000E+03    0.496675901608000E+01    0.649895413219677E+00
    0.351860000000000E+03    0.509899754501589E+00    0.649491714931851E+00
    0.351880000000000E+03    0.555879421627992E+00    0.649496116178142E+00
    0.358160000000000E+03    0.243147965277547E+01    0.650078191514099E+00
    0.358180000000000E+03    0.247748283591500E+01    0.650075538969945E+00
    0.364440000000000E+03    0.431061475610704E+01    0.650061937098867E+00
    0.364460000000000E+03    0.435662029999912E+01    0.650062523013751E+00
    0.370720000000000E+03    0.618543096656470E+01    0.649442073822524E+00
    0.370740000000000E+03    0.623140880983271E+01    0.649441134018838E+00
    0.377000000000000E+03    0.177614957539311E+01    0.650073333482625E+00
    0.377020000000000E+03    0.182215274554949E+01    0.650073769812253E+00
    0.383280000000000E+03    0.365546057039205E+01    0.650124702030803E+00
    0.383300000000000E+03    0.370146551003199E+01    0.650127288675184E+00
    0.389560000000000E+03    0.553263362144321E+01    0.649649833943132E+00
    0.389580000000000E+03    0.557862022598886E+01    0.649644293758085E+00
    0.395860000000000E+03    0.116797457588484E+01    0.649837393850500E+00
    0.395880000000000E+03    0.121396828141826E+01    0.649842201871121E+00
    0.402140000000000E+03    0.304619892396738E+01    0.650098768877040E+00
    0.402160000000000E+03    0.309220273111384E+01    0.650098165737136E+00
    0.408420000000000E+03    0.492461814878891E+01    0.649933247195580E+00
    0.408440000000000E+03    0.497061372739347E+01    0.649928890464492E+00
    0.414700000000000E+03    0.513865656817984E+00    0.649502384696867E+00
    0.414720000000000E+03    0.559845647688917E+00    0.649506861188182E+00
    0.420980000000000E+03    0.238958960436946E+01    0.650098224069402E+00
    0.421000000000000E+03    0.243559339963872E+01    0.650095588957961E+00
    0.427260000000000E+03    0.426881930621164E+01    0.650084627503281E+00
    0.427280000000000E+03    0.431482414819379E+01    0.650085744533313E+00
    0.433540000000000E+03    0.614353848928931E+01    0.649426351909522E+00
    0.433560000000000E+03    0.618951585800414E+01    0.649425175452631E+00
    0.439840000000000E+03    0.178019838718183E+01    0.650059487315103E+00
    0.439860000000000E+03    0.182620112583686E+01    0.650059962342723E+00
    0.446120000000000E+03    0.365961615514402E+01    0.650115814342583E+00
    0.446140000000000E+03    0.370562084391395E+01    0.650118290065127E+00
    0.452400000000000E+03    0.553662198521988E+01    0.649640191809897E+00
    0.452420000000000E+03    0.558260708506327E+01    0.649634773323000E+00
    0.458680000000000E+03    0.112577779676644E+01    0.649819582396767E+00
    0.458700000000000E+03    0.117177079665612E+01    0.649824504055181E+00
    0.464960000000000E+03    0.300384864383022E+01    0.650094365860962E+00
    0.464980000000000E+03    0.304985219757509E+01    0.650093611770540E+00
    0.471240000000000E+03    0.488248525869494E+01    0.649947647844869E+00
    0.471260000000000E+03    0.492848310806107E+01    0.649944293510452E+00
    0.477540000000000E+03    0.518041302850634E+00    0.649518035497843E+00
    0.477560000000000E+03    0.564022001464082E+00    0.649522363014970E+00
    0.483820000000000E+03    0.239422874924435E+01    0.650082021542384E+00
    0.483840000000000E+03    0.244023504929237E+01    0.650079620250845E+00
    0.490100000000000E+03    0.427432375552689E+01    0.650160096097191E+00
    0.490120000000000E+03    0.432033015156298E+01    0.650161401193011E+00
    0.496380000000000E+03    0.614964061370665E+01    0.649484356093187E+00
    0.496400000000000E+03    0.619561978814204E+01    0.649482999199658E+00
    0.502660000000000E+03    0.174065955266860E+01    0.650108562875882E+00
    0.502680000000000E+03    0.178666391885577E+01    0.650109199595829E+00
    0.508940000000000E+03    0.362049553962470E+01    0.650152512610948E+00
    0.508960000000000E+03    0.366650161717166E+01    0.650154884391869E+00
    0.515240000000000E+03    0.554351448640477E+01    0.649645252452299E+00
    0.515260000000000E+03    0.558950021312444E+01    0.649639850897459E+00
    0.521520000000000E+03    0.113266706928221E+01    0.649812240695174E+00
    0.521540000000000E+03    0.117865966796717E+01    0.649817176156834E+00
    0.527800000000000E+03    0.301067362398180E+01    0.650094692373418E+00
    0.527820000000000E+03    0.305667738340730E+01    0.650093880296547E+00
    0.534080000000000E+03    0.488942629163489E+01    0.649955419682542E+00
    0.534100000000000E+03    0.493542463129711E+01    0.649952067229401E+00
    0.540360000000000E+03    0.478957716996547E+00    0.649504993099926E+00
    0.540380000000000E+03    0.524937352684674E+00    0.649509167438702E+00
    0.546640000000000E+03    0.235475281012464E+01    0.650118365973809E+00
    0.546660000000000E+03    0.240075767050666E+01    0.650115802598441E+00
    0.552940000000000E+03    0.428023692282977E+01    0.650108049295083E+00
    0.552960000000000E+03    0.432624125305574E+01    0.650109401664694E+00
    0.559220000000000E+03    0.615494175779031E+01    0.649434744828255E+00
    0.559240000000000E+03    0.620091898454325E+01    0.649433272784231E+00
    0.565500000000000E+03    0.174532626633345E+01    0.650046677429682E+00
    0.565520000000000E+03    0.179132832307255E+01    0.650047279914829E+00
    0.571780000000000E+03    0.362449653482781E+01    0.650109881153454E+00
    0.571800000000000E+03    0.367050083489312E+01    0.650112259072262E+00
    0.578060000000000E+03    0.550151083063179E+01    0.649646962596261E+00
    0.578080000000000E+03    0.554749680140026E+01    0.649641532401699E+00
    0.584340000000000E+03    0.109070021202660E+01    0.649805151378234E+00
    0.584360000000000E+03    0.113669256627054E+01    0.649810196839016E+00
    0.590620000000000E+03    0.296867718243584E+01    0.650092729829130E+00
    0.590640000000000E+03    0.301468091814286E+01    0.650091804545618E+00
    0.596920000000000E+03    0.489344588956374E+01    0.649955449877577E+00
    0.596940000000000E+03    0.493944402004877E+01    0.649952069859179E+00
    0.603200000000000E+03    0.483071694988894E+00    0.649513038299832E+00
    0.603220000000000E+03    0.529052219699224E+00    0.649517410822827E+00
    0.609480000000000E+03    0.235903037923140E+01    0.650125480159854E+00
    0.609500000000000E+03    0.240503589013406E+01    0.650122739245393E+00
    0.615760000000000E+03    0.423855335938606E+01    0.650122912762633E+00
    0.615780000000000E+03    0.428455834393367E+01    0.650124405445306E+00
    0.622040000000000E+03    0.611347450107496E+01    0.649443947636801E+00
    0.622060000000000E+03    0.615945220057051E+01    0.649442275146936E+00
    0.628320000000000E+03    0.170393931856893E+01    0.650056861812218E+00
    0.628340000000000E+03    0.174994171576486E+01    0.650057745402003E+00
    0.634620000000000E+03    0.362915222591823E+01    0.650115368536980E+00
    0.634640000000000E+03    0.367515627231182E+01    0.650117677226206E+00
    0.640900000000000E+03    0.550620735037887E+01    0.649661318384486E+00
    0.640920000000000E+03    0.555219378316315E+01    0.649655871037875E+00
    0.647180000000000E+03    0.109545577445670E+01    0.649805804820338E+00
    0.647200000000000E+03    0.114144801809971E+01    0.649810866956197E+00
    0.653460000000000E+03    0.297342658941579E+01    0.650098081687353E+00
    0.653480000000000E+03    0.301943049267379E+01    0.650097085432075E+00
    0.659740000000000E+03    0.485224181607259E+01    0.649967991568407E+00
    0.659760000000000E+03    0.489824062239995E+01    0.649964883817191E+00
    0.666020000000000E+03    0.442134350329297E+00    0.649510755171569E+00
    0.666040000000000E+03    0.488114845934660E+00    0.649514746621612E+00
    0.672320000000000E+03    0.236399416064501E+01    0.650123329144701E+00
    0.672340000000000E+03    0.240999863108414E+01    0.650120728687446E+00
    0.678600000000000E+03    0.424348800858024E+01    0.650124789516959E+00
    0.678620000000000E+03    0.428949310869098E+01    0.650126337908276E+00
    0.684880000000000E+03    0.611841235133420E+01    0.649446654124865E+00
    0.684900000000000E+03    0.616438980563203E+01    0.649444945404809E+00
    0.691160000000000E+03    0.170836977595968E+01    0.650057838787467E+00
    0.691180000000000E+03    0.175436887675937E+01    0.650057663803915E+00
    0.697440000000000E+03    0.358688376384680E+01    0.650058483079509E+00
    0.697460000000000E+03    0.363288614197290E+01    0.650060744872619E+00
    0.703720000000000E+03    0.546343467138422E+01    0.649616340292395E+00
    0.703740000000000E+03    0.550941948582386E+01    0.649610880389014E+00
    0.710000000000000E+03    0.105206320665025E+01    0.649744532296490E+00
    0.710020000000000E+03    0.109805317873906E+01    0.649749694652232E+00
    0.716300000000000E+03    0.297544235047781E+01    0.650047922837056E+00
    0.716320000000000E+03    0.302144451971913E+01    0.650046952333510E+00
    0.722580000000000E+03    0.485380521449815E+01    0.649933514186736E+00
    0.722600000000000E+03    0.489980255053592E+01    0.649930523012357E+00
    0.728860000000000E+03    0.443080517463841E+00    0.649465467626768E+00
    0.728880000000000E+03    0.489059202240469E+00    0.649469353010331E+00
    0.735140000000000E+03    0.231838644661661E+01    0.650083340954334E+00
    0.735160000000000E+03    0.236438986045323E+01    0.650080673629803E+00
    0.741420000000000E+03    0.419708847918537E+01    0.650104824317208E+00
    0.741440000000000E+03    0.424308937782530E+01    0.650106234899299E+00
    0.747700000000000E+03    0.607087046214201E+01    0.649358658294128E+00
    0.747720000000000E+03    0.611684460836818E+01    0.649356682554216E+00
    0.754000000000000E+03    0.170600929824741E+01    0.649952925818241E+00
    0.754020000000000E+03    0.175200753276840E+01    0.649953971909423E+00
    0.760280000000000E+03    0.358433898044723E+01    0.650033447646439E+00
    0.760300000000000E+03    0.363034032578548E+01    0.650035667210468E+00
    0.766560000000000E+03    0.546075178121191E+01    0.649607948320242E+00
    0.766580000000000E+03    0.550673637087493E+01    0.649602423412894E+00
    0.772840000000000E+03    0.104899525314158E+01    0.649706545769881E+00
    0.772860000000000E+03    0.109498368581285E+01    0.649711734313640E+00
    0.779120000000000E+03    0.292594607652086E+01    0.650023578351143E+00
    0.779140000000000E+03    0.297194693809820E+01    0.650022359895807E+00
    0.785400000000000E+03    0.480388659784489E+01    0.649909927450835E+00
    0.785420000000000E+03    0.484988294704749E+01    0.649907165728013E+00
    0.791700000000000E+03    0.438703151122354E+00    0.649419960736955E+00
    0.791720000000000E+03    0.484679613811068E+00    0.649423745495417E+00
    0.797980000000000E+03    0.231348378578559E+01    0.650051360304677E+00
    0.798000000000000E+03    0.235948624967136E+01    0.650048772133841E+00
    0.804260000000000E+03    0.419202875460587E+01    0.650043993707742E+00
    0.804280000000000E+03    0.423803016159695E+01    0.650045735708931E+00
    0.810540000000000E+03    0.606611115898795E+01    0.649378597527236E+00
    0.810560000000000E+03    0.611208627296878E+01    0.649376431662737E+00
    0.816820000000000E+03    0.165611090261382E+01    0.650003809061058E+00
    0.816840000000000E+03    0.170211128739174E+01    0.650005095904116E+00
    0.823100000000000E+03    0.353490316903708E+01    0.650077154014249E+00
    0.823120000000000E+03    0.358090626072999E+01    0.650079244195719E+00
    0.829400000000000E+03    0.545786497722656E+01    0.649662305022180E+00
    0.829420000000000E+03    0.550385136249747E+01    0.649656817436578E+00
    0.835680000000000E+03    0.104663335481314E+01    0.649742003914235E+00
    0.835700000000000E+03    0.109262313145791E+01    0.649747236987821E+00
    0.841960000000000E+03    0.292408055465330E+01    0.650068763067120E+00
    0.841980000000000E+03    0.297008324757849E+01    0.650067473115650E+00
    0.848240000000000E+03    0.480263173793514E+01    0.649959507922642E+00
    0.848260000000000E+03    0.484863011825178E+01    0.649956847437133E+00
    0.854520000000000E+03    0.392066895060225E+00    0.649455345065986E+00
    0.854540000000000E+03    0.438044727912938E+00    0.649458893812121E+00
    0.860800000000000E+03    0.226726254454752E+01    0.650095269620961E+00
    0.860820000000000E+03    0.231326654405893E+01    0.650092851038290E+00
    0.867080000000000E+03    0.414636591459680E+01    0.650084000868521E+00
    0.867100000000000E+03    0.419236912600536E+01    0.650085871363796E+00
    0.873380000000000E+03    0.606687266507925E+01    0.649414314866668E+00
    0.873400000000000E+03    0.611284918777892E+01    0.649412020870709E+00
    0.879660000000000E+03    0.165661525905443E+01    0.649994938489531E+00
    0.879680000000000E+03    0.170261508905969E+01    0.649996354028172E+00
    0.885940000000000E+03    0.353526534223283E+01    0.650068856605505E+00
    0.885960000000000E+03    0.358126799999218E+01    0.650070910490976E+00
    0.892220000000000E+03    0.541211142071188E+01    0.649662164371842E+00
    0.892240000000000E+03    0.545809783244385E+01    0.649656684757261E+00
    0.898500000000000E+03    0.100080161652386E+01    0.649715819325919E+00
    0.898520000000000E+03    0.104679026844633E+01    0.649721120913636E+00
    0.904780000000000E+03    0.287794262627085E+01    0.650053492241990E+00
    0.904800000000000E+03    0.292394477731841E+01    0.650052043573708E+00
    0.911080000000000E+03    0.480239663483371E+01    0.649956360460634E+00
    0.911100000000000E+03    0.484839511980408E+01    0.649953813789699E+00
    0.917360000000000E+03    0.391832211128531E+00    0.649440952157701E+00
    0.917380000000000E+03    0.437809798289891E+00    0.649444405315077E+00
    0.923640000000000E+03    0.226676145461443E+01    0.650081226918440E+00
    0.923660000000000E+03    0.231276468106353E+01    0.650078867843804E+00
    0.929920000000000E+03    0.414578190252951E+01    0.650078424994761E+00
    0.929940000000000E+03    0.419178498262681E+01    0.650080382331204E+00
    0.936200000000000E+03    0.602034570136902E+01    0.649409805844849E+00
    0.936220000000000E+03    0.606632208412611E+01    0.649407271047114E+00
    0.942480000000000E+03    0.160991767060659E+01    0.649980324342785E+00
    0.942500000000000E+03    0.165591692958878E+01    0.649981968200754E+00
    0.948780000000000E+03    0.353444911569250E+01    0.650060823344356E+00
    0.948800000000000E+03    0.358045147685789E+01    0.650062833865761E+00
    0.955060000000000E+03    0.541124689123399E+01    0.649663099632503E+00
    0.955080000000000E+03    0.545723333872002E+01    0.649657616480888E+00
    0.961340000000000E+03    0.999830496676623E+00    0.649703583767180E+00
    0.961360000000000E+03    0.104581860529606E+01    0.649708903701082E+00
    0.967620000000000E+03    0.287682497561264E+01    0.650048577618860E+00
    0.967640000000000E+03    0.292282677097637E+01    0.650047070075049E+00
    0.973900000000000E+03    0.475518338992742E+01    0.649957364696918E+00
    0.973920000000000E+03    0.480118174321933E+01    0.649955038775759E+00
    0.980180000000000E+03    0.344540978752775E+00    0.649424554975132E+00
    0.980200000000000E+03    0.390517886792168E+00    0.649427787677801E+00
    0.986480000000000E+03    0.226527406924970E+01    0.650070723899259E+00
    0.986500000000000E+03    0.231127687146090E+01    0.650068409918021E+00
    0.992760000000000E+03    0.414413591484799E+01    0.650070841269363E+00
    0.992780000000000E+03    0.419013875939709E+01    0.650072872076000E+00
    0.999040000000000E+03    0.601876503355743E+01    0.649411256358611E+00
    0.999060000000000E+03    0.606474132988296E+01    0.649408579523531E+00
    0.100532000000000E+04    0.160813807116801E+01    0.649962843490615E+00
    0.100534000000000E+04    0.165413693242726E+01    0.649964661850943E+00
    0.101160000000000E+04    0.348645295227789E+01    0.650054832142741E+00
    0.101162000000000E+04    0.353245511785462E+01    0.650056694770450E+00
    0.101788000000000E+04    0.536335433985187E+01    0.649665832543421E+00
    0.101790000000000E+04    0.540934099173955E+01    0.649660110636521E+00
    0.102416000000000E+04    0.951689063440426E+00    0.649675869312977E+00
    0.102418000000000E+04    0.997675564422934E+00    0.649681372950329E+00
    0.103046000000000E+04    0.287458586381854E+01    0.650044674908902E+00
    0.103048000000000E+04    0.292058751082141E+01    0.650043081595715E+00
    0.103674000000000E+04    0.475282116051721E+01    0.649945890641041E+00
    0.103676000000000E+04    0.479881911263237E+01    0.649943714674709E+00
    0.104302000000000E+04    0.342022031948545E+00    0.649412784728460E+00
    0.104304000000000E+04    0.387998485909520E+00    0.649415950172214E+00
    0.104930000000000E+04    0.221662108046849E+01    0.650054501602097E+00
    0.104932000000000E+04    0.226262357446740E+01    0.650052271642395E+00
    0.105558000000000E+04    0.409549163003703E+01    0.650071721556379E+00
    0.105560000000000E+04    0.414149475438762E+01    0.650073888733934E+00
    0.106186000000000E+04    0.597020545016176E+01    0.649414175451400E+00
    0.106188000000000E+04    0.601618204341639E+01    0.649411282847572E+00
    0.106816000000000E+04    0.160555970230416E+01    0.649963024363384E+00
    0.106818000000000E+04    0.165155815237222E+01    0.649964754139411E+00
    0.107444000000000E+04    0.348381720434691E+01    0.650043056233512E+00
    0.107446000000000E+04    0.352981866614800E+01    0.650044908493534E+00
    0.108072000000000E+04    0.536063501198805E+01    0.649667865585922E+00
    0.108074000000000E+04    0.540662163115167E+01    0.649662420510534E+00
    0.108700000000000E+04    0.949013655235831E+00    0.649665486218511E+00
    0.108702000000000E+04    0.995000899547904E+00    0.649670865746354E+00
    0.109328000000000E+04    0.282588893052116E+01    0.650043403124495E+00
    0.109330000000000E+04    0.287189058221702E+01    0.650041685704102E+00
    0.109956000000000E+04    0.470396077925443E+01    0.649952885663623E+00
    0.109958000000000E+04    0.474995725514009E+01    0.649950516412299E+00
    0.110586000000000E+04    0.338970966515717E+00    0.649389466624762E+00
    0.110588000000000E+04    0.384946352944553E+00    0.649392433873294E+00
    0.111214000000000E+04    0.221330385327292E+01    0.650044488558944E+00
    0.111216000000000E+04    0.225930592484383E+01    0.650042233721096E+00
    0.111842000000000E+04    0.409179030379210E+01    0.650044873873446E+00
    0.111844000000000E+04    0.413779155578322E+01    0.650047055837984E+00
    0.112470000000000E+04    0.596603442949345E+01    0.649391583089818E+00
    0.112472000000000E+04    0.601200999706680E+01    0.649388514044707E+00
    0.113098000000000E+04    0.155502487212834E+01    0.649921623956269E+00
    0.113100000000000E+04    0.160102236577904E+01    0.649923733503008E+00
    0.113726000000000E+04    0.343323501354280E+01    0.650030378682305E+00
    0.113728000000000E+04    0.347923613228977E+01    0.650032019903183E+00
    0.114354000000000E+04    0.531000572562652E+01    0.649669850336318E+00
    0.114356000000000E+04    0.535599244715877E+01    0.649664461144547E+00
    0.114984000000000E+04    0.944142904061664E+00    0.649642238188488E+00
    0.114986000000000E+04    0.990128737287250E+00    0.649647659588651E+00
    0.115612000000000E+04    0.282067791014197E+01    0.650026781755169E+00
    0.115614000000000E+04    0.286667887475915E+01    0.650024987716249E+00
    0.116240000000000E+04    0.469881354999188E+01    0.649949561273438E+00
    0.116242000000000E+04    0.474481156464208E+01    0.649947736085651E+00
    0.116868000000000E+04    0.287965855654420E+00    0.649379473617510E+00
    0.116870000000000E+04    0.333940945049108E+00    0.649382173904559E+00
    0.117496000000000E+04    0.216208226516028E+01    0.650041959350326E+00
    0.117498000000000E+04    0.220808391356604E+01    0.650039920158877E+00
    0.118124000000000E+04    0.404055333172209E+01    0.650037335569509E+00
    0.118126000000000E+04    0.408655480170182E+01    0.650039643616959E+00
    0.118754000000000E+04    0.596100924019993E+01    0.649396899026633E+00
    0.118756000000000E+04    0.600698498049906E+01    0.649393691033959E+00
    0.119382000000000E+04    0.154984438536349E+01    0.649912108145155E+00
    0.119384000000000E+04    0.159584105103295E+01    0.649914340726166E+00
    0.120010000000000E+04    0.342784915536686E+01    0.650022382717363E+00
    0.120012000000000E+04    0.347384992520529E+01    0.650023949417954E+00
    0.120638000000000E+04    0.530462090390529E+01    0.649671828046413E+00
    0.120640000000000E+04    0.535060769909569E+01    0.649666462872645E+00
    0.121266000000000E+04    0.892678235804851E+00    0.649615735062505E+00
    0.121268000000000E+04    0.938662960357306E+00    0.649621188109277E+00
    0.121894000000000E+04    0.276901432692694E+01    0.650025648812005E+00
    0.121896000000000E+04    0.281501547037442E+01    0.650023763752773E+00
    0.122524000000000E+04    0.469321643488229E+01    0.649950462375252E+00
    0.122526000000000E+04    0.473921443994004E+01    0.649948749869592E+00
    0.123152000000000E+04    0.282362331034619E+00    0.649374770199230E+00
    0.123154000000000E+04    0.328337361283502E+00    0.649377453259565E+00
    0.123780000000000E+04    0.215646444955473E+01    0.650036132702224E+00
    0.123782000000000E+04    0.220246588487453E+01    0.650034174582359E+00
    0.124408000000000E+04    0.403494513304804E+01    0.650050117181111E+00
    0.124410000000000E+04    0.408094717092081E+01    0.650052499812577E+00
    0.125036000000000E+04    0.590967174256775E+01    0.649410688871368E+00
    0.125038000000000E+04    0.595564810137421E+01    0.649407217247906E+00
    0.125664000000000E+04    0.149854715293122E+01    0.649910663986815E+00
    0.125666000000000E+04    0.154454369533596E+01    0.649913203357282E+00
    0.126294000000000E+04    0.342249900953448E+01    0.650024867233934E+00
    0.126296000000000E+04    0.346849990961573E+01    0.650026362477015E+00
    0.126922000000000E+04    0.529936101326166E+01    0.649695462761910E+00
    0.126924000000000E+04    0.534534886223537E+01    0.649690139160229E+00
