    0.000000000000000E+00    0.190000000000000E+01    0.660000000000000E+00
    0.200000000000000E-01    0.194639998826287E+01    0.659999391707121E+00
    0.630000000000000E+01    0.395008904997307E+01    0.660024424940995E+00
    0.632000000000000E+01    0.399648971881826E+01    0.660027019037691E+00
    0.125800000000000E+02    0.595040406079701E+01    0.659418686545108E+00
    0.126000000000000E+02    0.599678074752947E+01    0.659415444091531E+00
    0.188600000000000E+02    0.166526854402596E+01    0.659951061529567E+00
    0.188800000000000E+02    0.171166668435283E+01    0.659952304979643E+00
    0.251400000000000E+02    0.366853719237059E+01    0.660037733927566E+00
    0.251600000000000E+02    0.371493615859899E+01    0.660040098237298E+00
    0.314200000000000E+02    0.566906747298449E+01    0.659461059315551E+00
    0.314400000000000E+02    0.571544565821968E+01    0.659456123019797E+00
    0.377000000000000E+02    0.138277855201542E+01    0.659812422728741E+00
    0.377200000000000E+02    0.142917128827263E+01    0.659815801066210E+00
    0.440000000000000E+02    0.343175277528889E+01    0.659950708145873E+00
    0.440200000000000E+02    0.347815070681803E+01    0.659952273190932E+00
    0.502800000000000E+02    0.543305602021735E+01    0.659575364056798E+00
    0.503000000000000E+02    0.547943895439234E+01    0.659569878945753E+00
    0.565600000000000E+02    0.114648826829725E+01    0.659695464373769E+00
    0.565800000000000E+02    0.119287608603591E+01    0.659700303995988E+00
    0.628400000000000E+02    0.314838430201189E+01    0.659936025575700E+00
    0.628600000000000E+02    0.319478162129684E+01    0.659936052687109E+00
    0.691200000000000E+02    0.515038584981190E+01    0.659703885932938E+00
    0.691400000000000E+02    0.519677418477349E+01    0.659698988227353E+00
    0.754000000000000E+02    0.863771863754152E+00    0.659562395642063E+00
    0.754200000000000E+02    0.910154289170038E+00    0.659567839413328E+00
    0.817000000000000E+02    0.291133997002441E+01    0.659943396298865E+00
    0.817200000000000E+02    0.295773770094982E+01    0.659942026500246E+00
    0.879800000000000E+02    0.491384424836986E+01    0.659811059976819E+00
    0.880000000000000E+02    0.496023666133226E+01    0.659807442221014E+00
    0.942600000000000E+02    0.627368296128680E+00    0.659440008585105E+00
    0.942800000000000E+02    0.673745548785689E+00    0.659445017767515E+00
    0.100540000000000E+03    0.262774544188636E+01    0.659949715753737E+00
    0.100560000000000E+03    0.267414333159337E+01    0.659947284413301E+00
    0.106820000000000E+03    0.463048488577707E+01    0.659889485727544E+00
    0.106840000000000E+03    0.467688052226123E+01    0.659888134061035E+00
    0.113100000000000E+03    0.344610132531386E+00    0.659355273469417E+00
    0.113120000000000E+03    0.390984151792850E+00    0.659358661663068E+00
    0.119400000000000E+03    0.239040049868845E+01    0.659950598426999E+00
    0.119420000000000E+03    0.243679810082773E+01    0.659947984063735E+00
    0.125680000000000E+03    0.439320944390170E+01    0.659937324227201E+00
    0.125700000000000E+03    0.443960706542441E+01    0.659937928131917E+00
    0.131960000000000E+03    0.107978380842951E+00    0.659294291730121E+00
    0.131980000000000E+03    0.154350026490306E+00    0.659295264037362E+00
    0.138240000000000E+03    0.210615866039859E+01    0.659929549104117E+00
    0.138260000000000E+03    0.215255577215197E+01    0.659927741571785E+00
    0.144520000000000E+03    0.410855514966289E+01    0.659918038749828E+00
    0.144540000000000E+03    0.415495160360126E+01    0.659920107830019E+00
    0.150800000000000E+03    0.610688548346934E+01    0.659274575793919E+00
    0.150820000000000E+03    0.615325622595657E+01    0.659272911193943E+00
    0.157080000000000E+03    0.182082322048990E+01    0.659879257710802E+00
    0.157100000000000E+03    0.186721846655297E+01    0.659879210638196E+00
    0.163380000000000E+03    0.386969104167605E+01    0.659918225155886E+00
    0.163400000000000E+03    0.391608795849316E+01    0.659920925398154E+00
    0.169660000000000E+03    0.586896602805888E+01    0.659331819805434E+00
    0.169680000000000E+03    0.591533899929777E+01    0.659327975970105E+00
    0.175940000000000E+03    0.158217711900727E+01    0.659817088218422E+00
    0.175960000000000E+03    0.162856988983287E+01    0.659819043783374E+00
    0.182220000000000E+03    0.358431425376688E+01    0.659904242346326E+00
    0.182240000000000E+03    0.363071040037590E+01    0.659906570771816E+00
    0.188500000000000E+03    0.558441649434917E+01    0.659433413868208E+00
    0.188520000000000E+03    0.563079352353941E+01    0.659428144020655E+00
    0.194780000000000E+03    0.129720025737862E+01    0.659716663112180E+00
    0.194800000000000E+03    0.134358907127910E+01    0.659720626454300E+00
    0.201080000000000E+03    0.334520103121150E+01    0.659883523328953E+00
    0.201100000000000E+03    0.339159623632338E+01    0.659884623734323E+00
    0.207360000000000E+03    0.534596857811579E+01    0.659556523880421E+00
    0.207380000000000E+03    0.539235078537109E+01    0.659551102831691E+00
    0.213640000000000E+03    0.105870523305782E+01    0.659594650795837E+00
    0.213660000000000E+03    0.110508921156242E+01    0.659599840602800E+00
    0.219920000000000E+03    0.305970104127573E+01    0.659882198969876E+00
    0.219940000000000E+03    0.310609600100031E+01    0.659881721503118E+00
    0.226200000000000E+03    0.506098102072758E+01    0.659680748503356E+00
    0.226220000000000E+03    0.510736820439251E+01    0.659676278369282E+00
    0.232480000000000E+03    0.773700551366005E+00    0.659462432197417E+00
    0.232500000000000E+03    0.820080729819324E+00    0.659467577178405E+00
    0.238780000000000E+03    0.282081608044018E+01    0.659917353648668E+00
    0.238800000000000E+03    0.286721304302546E+01    0.659915633371447E+00
    0.245060000000000E+03    0.482310809117632E+01    0.659811437094266E+00
    0.245080000000000E+03    0.486950075290736E+01    0.659808646794355E+00
    0.251340000000000E+03    0.536809109368050E+00    0.659402677007753E+00
    0.251360000000000E+03    0.583185272428068E+00    0.659407136440578E+00
    0.257620000000000E+03    0.253687941107671E+01    0.659950710144013E+00
    0.257640000000000E+03    0.258327739498282E+01    0.659948114100332E+00
    0.263900000000000E+03    0.453968380016886E+01    0.659911640925261E+00
    0.263920000000000E+03    0.458608025711635E+01    0.659911035896433E+00
    0.270180000000000E+03    0.254035443167027E+00    0.659331186055961E+00
    0.270200000000000E+03    0.300408737769772E+00    0.659333923552372E+00
    0.276480000000000E+03    0.229971286109765E+01    0.659968343356125E+00
    0.276500000000000E+03    0.234611192468606E+01    0.659965819126028E+00
    0.282760000000000E+03    0.430281330958337E+01    0.659964094556214E+00
    0.282780000000000E+03    0.434921189922011E+01    0.659965296953339E+00
    0.289040000000000E+03    0.180969771562332E-01    0.659311386045679E+00
    0.289060000000000E+03    0.644695452705264E-01    0.659311542850749E+00
    0.295320000000000E+03    0.201666827903910E+01    0.659970266799169E+00
    0.295340000000000E+03    0.206306764449982E+01    0.659969042169486E+00
    0.301600000000000E+03    0.401996187576856E+01    0.659984336380034E+00
    0.301620000000000E+03    0.406636113177160E+01    0.659986724674114E+00
    0.307880000000000E+03    0.601943921406610E+01    0.659353917333423E+00
    0.307900000000000E+03    0.606581338973353E+01    0.659351447531177E+00
    0.314160000000000E+03    0.173404336680869E+01    0.659927567977474E+00
    0.314180000000000E+03    0.178044059683953E+01    0.659928138559521E+00
    0.320460000000000E+03    0.378342779396621E+01    0.659971056064598E+00
    0.320480000000000E+03    0.382982613287970E+01    0.659973787252288E+00
    0.326740000000000E+03    0.578377802895795E+01    0.659425038760265E+00
    0.326760000000000E+03    0.583015511980636E+01    0.659420554020936E+00
    0.333020000000000E+03    0.149761344312037E+01    0.659842780994113E+00
    0.333040000000000E+03    0.154400720992248E+01    0.659845426185394E+00
    0.339300000000000E+03    0.350026353230101E+01    0.659952831849976E+00
    0.339320000000000E+03    0.354666149816615E+01    0.659954782674135E+00
    0.345580000000000E+03    0.550143550782514E+01    0.659537570811821E+00
    0.345600000000000E+03    0.554781735448967E+01    0.659532187551387E+00
    0.351860000000000E+03    0.121502804691772E+01    0.659741308830176E+00
    0.351880000000000E+03    0.126141777811665E+01    0.659745747717588E+00
    0.358160000000000E+03    0.326372009174077E+01    0.659954972979515E+00
    0.358180000000000E+03    0.331011829078045E+01    0.659955614815848E+00
    0.364440000000000E+03    0.526564701726534E+01    0.659664124433965E+00
    0.364460000000000E+03    0.531203350123224E+01    0.659658873187395E+00
    0.370720000000000E+03    0.979139828882012E+00    0.659625175076781E+00
    0.370740000000000E+03    0.102552551275915E+01    0.659630466974535E+00
    0.377000000000000E+03    0.298102953293005E+01    0.659963340415434E+00
    0.377020000000000E+03    0.302742828933549E+01    0.659962435299094E+00
    0.383280000000000E+03    0.498360709316273E+01    0.659792322034133E+00
    0.383300000000000E+03    0.502999715719500E+01    0.659788421330367E+00
    0.389560000000000E+03    0.696364271616517E+00    0.659437712969541E+00
    0.389580000000000E+03    0.742741614939860E+00    0.659442939835824E+00
    0.395860000000000E+03    0.274281477632519E+01    0.659891198383317E+00
    0.395880000000000E+03    0.278921071367881E+01    0.659889109797320E+00
    0.402140000000000E+03    0.474498881491536E+01    0.659824850252032E+00
    0.402160000000000E+03    0.479138186259524E+01    0.659822721014818E+00
    0.408420000000000E+03    0.458387465754072E+00    0.659339516846125E+00
    0.408440000000000E+03    0.504761088837654E+00    0.659343473991524E+00
    0.414700000000000E+03    0.245764916524229E+01    0.659918132934376E+00
    0.414720000000000E+03    0.250404469753039E+01    0.659915675659548E+00
    0.420980000000000E+03    0.445972519699637E+01    0.659870294355785E+00
    0.421000000000000E+03    0.450611986687863E+01    0.659870252545824E+00
    0.427260000000000E+03    0.173590011838542E+00    0.659261618186907E+00
    0.427280000000000E+03    0.219960370600120E+00    0.659263429491922E+00
    0.433540000000000E+03    0.217174051532641E+01    0.659900340668728E+00
    0.433560000000000E+03    0.221813684253834E+01    0.659898256022716E+00
    0.439840000000000E+03    0.422093149882596E+01    0.659946781993266E+00
    0.439860000000000E+03    0.426732967555461E+01    0.659948485799711E+00
    0.446120000000000E+03    0.621947639696168E+01    0.659307031420969E+00
    0.446140000000000E+03    0.626584848443986E+01    0.659306299741264E+00
    0.452400000000000E+03    0.193424163834493E+01    0.659935569116925E+00
    0.452420000000000E+03    0.198063915430271E+01    0.659934826131917E+00
    0.458680000000000E+03    0.393727666086738E+01    0.659963671563394E+00
    0.458700000000000E+03    0.398367555386926E+01    0.659966283550469E+00
    0.464960000000000E+03    0.593683380746734E+01    0.659350798293216E+00
    0.464980000000000E+03    0.598320762883827E+01    0.659347589061331E+00
    0.471240000000000E+03    0.165078160747794E+01    0.659886522340093E+00
    0.471260000000000E+03    0.169717710484474E+01    0.659887823245198E+00
    0.477540000000000E+03    0.369992010581950E+01    0.659949790130200E+00
    0.477560000000000E+03    0.374631802839622E+01    0.659952312308356E+00
    0.483820000000000E+03    0.570007108166419E+01    0.659430834720377E+00
    0.483840000000000E+03    0.574644727041141E+01    0.659426127613774E+00
    0.490100000000000E+03    0.141321933196264E+01    0.659775419529032E+00
    0.490120000000000E+03    0.145961043940451E+01    0.659778710966817E+00
    0.496380000000000E+03    0.341530866415565E+01    0.659916574070884E+00
    0.496400000000000E+03    0.346170520485066E+01    0.659918153499463E+00
    0.502660000000000E+03    0.541619522772544E+01    0.659535600072045E+00
    0.502680000000000E+03    0.546257672513389E+01    0.659530110980006E+00
    0.508940000000000E+03    0.112935844261210E+01    0.659639137519539E+00
    0.508960000000000E+03    0.117574835849064E+01    0.659643137023212E+00
    0.515240000000000E+03    0.317817831996740E+01    0.659974703454827E+00
    0.515260000000000E+03    0.322457729875646E+01    0.659974832540866E+00
    0.521520000000000E+03    0.518061579568553E+01    0.659730832661048E+00
    0.521540000000000E+03    0.522700509150332E+01    0.659725835111046E+00
    0.527800000000000E+03    0.894190364845826E+00    0.659628375513972E+00
    0.527820000000000E+03    0.940572801088820E+00    0.659633613446412E+00
    0.534080000000000E+03    0.289533920884719E+01    0.659940634632902E+00
    0.534100000000000E+03    0.294173675833690E+01    0.659939220808410E+00
    0.540360000000000E+03    0.489779814348458E+01    0.659810572983696E+00
    0.540380000000000E+03    0.494419067392437E+01    0.659807119583736E+00
    0.546640000000000E+03    0.611293582830967E+00    0.659444963345157E+00
    0.546660000000000E+03    0.657670212352286E+00    0.659449805408411E+00
    0.552940000000000E+03    0.265790112143441E+01    0.659943297501321E+00
    0.552960000000000E+03    0.270429889104639E+01    0.659940900819587E+00
    0.559220000000000E+03    0.466077477518570E+01    0.659871570738908E+00
    0.559240000000000E+03    0.470717186466186E+01    0.659869842605374E+00
    0.565500000000000E+03    0.375361370678775E+00    0.659386489892080E+00
    0.565520000000000E+03    0.421736863349224E+00    0.659389868130813E+00
    0.571780000000000E+03    0.237527855652843E+01    0.659990527539199E+00
    0.571800000000000E+03    0.242167842533104E+01    0.659987961424140E+00
    0.578060000000000E+03    0.437868680129213E+01    0.659968713678775E+00
    0.578080000000000E+03    0.442508554499955E+01    0.659969310126242E+00
    0.584340000000000E+03    0.938520880886244E-01    0.659332415165910E+00
    0.584360000000000E+03    0.140225406832997E+00    0.659333502070312E+00
    0.590620000000000E+03    0.209290119423599E+01    0.659994173339973E+00
    0.590640000000000E+03    0.213930134241650E+01    0.659992363385145E+00
    0.596920000000000E+03    0.414268502788559E+01    0.659997984123480E+00
    0.596940000000000E+03    0.418908444968292E+01    0.660000171232239E+00
    0.603200000000000E+03    0.614204636707882E+01    0.659355918047837E+00
    0.603220000000000E+03    0.618842057184520E+01    0.659354371086417E+00
    0.609480000000000E+03    0.185713741873747E+01    0.659967316377290E+00
    0.609500000000000E+03    0.190353626508818E+01    0.659967121008534E+00
    0.615760000000000E+03    0.386046339072300E+01    0.659995997953308E+00
    0.615780000000000E+03    0.390686285053289E+01    0.659998630941884E+00
    0.622040000000000E+03    0.586060574999738E+01    0.659409852825970E+00
    0.622060000000000E+03    0.590698209969378E+01    0.659406058909030E+00
    0.628320000000000E+03    0.157489139639097E+01    0.659893021461774E+00
    0.628340000000000E+03    0.162128716754205E+01    0.659894936751680E+00
    0.634620000000000E+03    0.362430645949689E+01    0.659978525337746E+00
    0.634640000000000E+03    0.367070544192393E+01    0.659981040393298E+00
    0.640900000000000E+03    0.562543916312120E+01    0.659508734642110E+00
    0.640920000000000E+03    0.567182040744251E+01    0.659503519740799E+00
    0.647180000000000E+03    0.133929761414333E+01    0.659801502989027E+00
    0.647200000000000E+03    0.138568989415580E+01    0.659805346251265E+00
    0.653460000000000E+03    0.334196876427450E+01    0.659973534279048E+00
    0.653480000000000E+03    0.338836756328737E+01    0.659974711972116E+00
    0.659740000000000E+03    0.534388883277438E+01    0.659630695060922E+00
    0.659760000000000E+03    0.539027389094122E+01    0.659625246822264E+00
    0.666020000000000E+03    0.105750469358941E+01    0.659688164540371E+00
    0.666040000000000E+03    0.110389236500782E+01    0.659693302835925E+00
    0.672320000000000E+03    0.310614646734939E+01    0.659970775413737E+00
    0.672340000000000E+03    0.315254526566332E+01    0.659970465760742E+00
    0.678600000000000E+03    0.510864599830597E+01    0.659755470145362E+00
    0.678620000000000E+03    0.515503630943135E+01    0.659750723600282E+00
    0.684880000000000E+03    0.822508210248543E+00    0.659574537575208E+00
    0.684900000000000E+03    0.868891477558464E+00    0.659580006847345E+00
    0.691160000000000E+03    0.282406209100486E+01    0.659982330384502E+00
    0.691180000000000E+03    0.287046118675926E+01    0.659980574529344E+00
    0.697440000000000E+03    0.482712665028612E+01    0.659878212678769E+00
    0.697460000000000E+03    0.487352186673343E+01    0.659875319942842E+00
    0.703720000000000E+03    0.541492491449844E+00    0.659459723149257E+00
    0.703740000000000E+03    0.587870941863457E+00    0.659464296346608E+00
    0.710000000000000E+03    0.254218842257774E+01    0.660001171118121E+00
    0.710020000000000E+03    0.258858854396431E+01    0.659998601333182E+00
    0.716300000000000E+03    0.459226630059106E+01    0.659923178707888E+00
    0.716320000000000E+03    0.463866705464966E+01    0.659921688716545E+00
    0.722580000000000E+03    0.307969046655671E+00    0.659446093685499E+00
    0.722600000000000E+03    0.354347007237493E+00    0.659449308159369E+00
    0.728860000000000E+03    0.230868536831849E+01    0.660076411856413E+00
    0.728880000000000E+03    0.235508829511514E+01    0.660073912638758E+00
    0.735140000000000E+03    0.431313616005946E+01    0.660065259135067E+00
    0.735160000000000E+03    0.435953959730455E+01    0.660066234435791E+00
    0.741420000000000E+03    0.298204771422661E-01    0.659424583968717E+00
    0.741440000000000E+03    0.761973661610682E-01    0.659424898352322E+00
    0.747700000000000E+03    0.202966151143005E+01    0.660067967861877E+00
    0.747720000000000E+03    0.207606402740112E+01    0.660066457766313E+00
    0.754000000000000E+03    0.408045981251144E+01    0.660088092085406E+00
    0.754020000000000E+03    0.412686332858448E+01    0.660090395966136E+00
    0.760280000000000E+03    0.608097985900849E+01    0.659443395699080E+00
    0.760300000000000E+03    0.612735668040523E+01    0.659441363665014E+00
    0.766560000000000E+03    0.179654088844700E+01    0.660015062976763E+00
    0.766580000000000E+03    0.184294125145061E+01    0.660015122889544E+00
    0.772840000000000E+03    0.380057881760035E+01    0.660057450309998E+00
    0.772860000000000E+03    0.384698100286278E+01    0.660060249278338E+00
    0.779120000000000E+03    0.580219695783694E+01    0.659464870999335E+00
    0.779140000000000E+03    0.584857973819294E+01    0.659461030933484E+00
    0.785400000000000E+03    0.151801887426814E+01    0.660000770464455E+00
    0.785420000000000E+03    0.156441900511186E+01    0.660003146315056E+00
    0.791700000000000E+03    0.356886177006891E+01    0.660102511545496E+00
    0.791720000000000E+03    0.361526502243760E+01    0.660104593173682E+00
    0.797980000000000E+03    0.557140059047651E+01    0.659644257646008E+00
    0.798000000000000E+03    0.561778617693108E+01    0.659638893919940E+00
    0.804260000000000E+03    0.128666030769364E+01    0.659898931908999E+00
    0.804280000000000E+03    0.133305679404248E+01    0.659903026827968E+00
    0.810540000000000E+03    0.329082019007205E+01    0.660084481959646E+00
    0.810560000000000E+03    0.333722350638254E+01    0.660085391125437E+00
    0.816820000000000E+03    0.529421544021898E+01    0.659769152022448E+00
    0.816840000000000E+03    0.534060608393747E+01    0.659763712139887E+00
    0.823100000000000E+03    0.100932661695833E+01    0.659781102253871E+00
    0.823120000000000E+03    0.105571819882880E+01    0.659786403627525E+00
    0.829400000000000E+03    0.305920628889862E+01    0.660080269492657E+00
    0.829420000000000E+03    0.310560937394735E+01    0.660079685626618E+00
    0.835680000000000E+03    0.506319033035629E+01    0.659895157595715E+00
    0.835700000000000E+03    0.510958617050937E+01    0.659890761513712E+00
    0.841960000000000E+03    0.778651023986640E+00    0.659667965908416E+00
    0.841980000000000E+03    0.825038338756258E+00    0.659673296005568E+00
    0.848240000000000E+03    0.278171659942473E+01    0.660107961976031E+00
    0.848260000000000E+03    0.282812170397642E+01    0.660106082802357E+00
    0.854520000000000E+03    0.478639914415817E+01    0.660007112785650E+00
    0.854540000000000E+03    0.483279935102564E+01    0.660004443423848E+00
    0.860800000000000E+03    0.502141119243106E+00    0.659560047741316E+00
    0.860820000000000E+03    0.548523047098570E+00    0.659564475948471E+00
    0.867080000000000E+03    0.250426118980749E+01    0.660126483208284E+00
    0.867100000000000E+03    0.255066654155394E+01    0.660123883324474E+00
    0.873380000000000E+03    0.455563981969044E+01    0.660080686715452E+00
    0.873400000000000E+03    0.460204303671094E+01    0.660080090488444E+00
    0.879660000000000E+03    0.272107989488404E+00    0.659495787426166E+00
    0.879680000000000E+03    0.318487748890448E+00    0.659498429168365E+00
    0.885940000000000E+03    0.227344821718589E+01    0.660135066799775E+00
    0.885960000000000E+03    0.231985414342216E+01    0.660132566061271E+00
    0.892220000000000E+03    0.427854087405967E+01    0.660126704762539E+00
    0.892240000000000E+03    0.432494583719244E+01    0.660128033682039E+00
    0.898500000000000E+03    0.627912404104791E+01    0.659482418160092E+00
    0.898520000000000E+03    0.423176486974626E-01    0.659482334480426E+00
    0.904780000000000E+03    0.199642250852230E+01    0.660121614765883E+00
    0.904800000000000E+03    0.204282728288717E+01    0.660120378810488E+00
    0.911080000000000E+03    0.404785875420203E+01    0.660139913273283E+00
    0.911100000000000E+03    0.409426430515941E+01    0.660142367064187E+00
    0.917360000000000E+03    0.604938134725307E+01    0.659509555804859E+00
    0.917380000000000E+03    0.609576270958996E+01    0.659507315813682E+00
    0.923640000000000E+03    0.176618799689550E+01    0.660089617211748E+00
    0.923660000000000E+03    0.181259232804177E+01    0.660090118797395E+00
    0.929920000000000E+03    0.377172918988435E+01    0.660175772619897E+00
    0.929940000000000E+03    0.381813634773425E+01    0.660178659081821E+00
    0.936200000000000E+03    0.577462427128648E+01    0.659626737250820E+00
    0.936220000000000E+03    0.582100925331815E+01    0.659622349090625E+00
    0.942480000000000E+03    0.149116620880068E+01    0.660065368487298E+00
    0.942500000000000E+03    0.153756895773222E+01    0.660067949746067E+00
    0.948780000000000E+03    0.354299822467829E+01    0.660175681214679E+00
    0.948800000000000E+03    0.358940521414206E+01    0.660177854844320E+00
    0.955060000000000E+03    0.554671012108292E+01    0.659736269663803E+00
    0.955080000000000E+03    0.559309771494054E+01    0.659731111268634E+00
    0.961340000000000E+03    0.126239813261554E+01    0.659948303312456E+00
    0.961360000000000E+03    0.130879518202210E+01    0.659952409752968E+00
    0.967620000000000E+03    0.326671717709951E+01    0.660115785560365E+00
    0.967640000000000E+03    0.331312120209031E+01    0.660116596460728E+00
    0.973900000000000E+03    0.527040905983949E+01    0.659802893474105E+00
    0.973920000000000E+03    0.531680111948617E+01    0.659797556657790E+00
    0.980180000000000E+03    0.985775107018071E+00    0.659787558503164E+00
    0.980200000000000E+03    0.103216657375060E+01    0.659792884577722E+00
    0.986480000000000E+03    0.303578143994127E+01    0.660100383236565E+00
    0.986500000000000E+03    0.308218552482958E+01    0.660099748227664E+00
    0.992760000000000E+03    0.504010930267805E+01    0.659922818383251E+00
    0.992780000000000E+03    0.508650629528074E+01    0.659918354330653E+00
    0.999040000000000E+03    0.755320604530425E+00    0.659686844011390E+00
    0.999060000000000E+03    0.801705460746689E+00    0.659691983817590E+00
    0.100532000000000E+04    0.275753464338504E+01    0.660063656808228E+00
    0.100534000000000E+04    0.280393719565018E+01    0.660061644227063E+00
    0.101160000000000E+04    0.476165281467956E+01    0.659972012258422E+00
    0.101162000000000E+04    0.480805192525168E+01    0.659969508598165E+00
    0.101788000000000E+04    0.477084937574546E+00    0.659520585097658E+00
    0.101790000000000E+04    0.523465861970180E+00    0.659524799283917E+00
    0.102416000000000E+04    0.247866797717597E+01    0.660081934274716E+00
    0.102418000000000E+04    0.252507150428710E+01    0.660079316496098E+00
    0.103046000000000E+04    0.452960584443645E+01    0.660054815016722E+00
    0.103048000000000E+04    0.457600775098263E+01    0.660054275576829E+00
    0.103674000000000E+04    0.245376565146671E+00    0.659429969330199E+00
    0.103676000000000E+04    0.291753758083360E+00    0.659432193089650E+00
    0.104302000000000E+04    0.224574795239414E+01    0.660065470975186E+00
    0.104304000000000E+04    0.229215063942866E+01    0.660063080944646E+00
    0.104930000000000E+04    0.424996791919602E+01    0.660060516016809E+00
    0.104932000000000E+04    0.429636974355981E+01    0.660062077991676E+00
    0.105558000000000E+04    0.624976134250164E+01    0.659411904629985E+00
    0.105560000000000E+04    0.129521475855654E-01    0.659411633704389E+00
    0.106186000000000E+04    0.196600063522419E+01    0.660045271285120E+00
    0.106188000000000E+04    0.201240243655820E+01    0.660044205925385E+00
    0.106816000000000E+04    0.401658691762623E+01    0.660070366855642E+00
    0.106818000000000E+04    0.406298949061829E+01    0.660072818531781E+00
    0.107444000000000E+04    0.601713007222952E+01    0.659435958980781E+00
    0.107446000000000E+04    0.606350759452516E+01    0.659433320437683E+00
    0.108072000000000E+04    0.173259203130237E+01    0.659993221163309E+00
    0.108074000000000E+04    0.177899188035281E+01    0.659993946754468E+00
    0.108700000000000E+04    0.373658066359667E+01    0.660051686573119E+00
    0.108702000000000E+04    0.378298265008516E+01    0.660054293525583E+00
    0.109328000000000E+04    0.573795560113103E+01    0.659510947554578E+00
    0.109330000000000E+04    0.578433613852576E+01    0.659506360678536E+00
    0.109956000000000E+04    0.145285181972349E+01    0.659923087099483E+00
    0.109958000000000E+04    0.149924883966514E+01    0.659925974591991E+00
    0.110586000000000E+04    0.350296712278214E+01    0.660039746981510E+00
    0.110588000000000E+04    0.354936874371742E+01    0.660041709027064E+00
    0.111214000000000E+04    0.550518956754877E+01    0.659621059434401E+00
    0.111216000000000E+04    0.555157429635210E+01    0.659615615985932E+00
    0.111842000000000E+04    0.121956432938032E+01    0.659807646635798E+00
    0.111844000000000E+04    0.126595672462463E+01    0.659812160815496E+00
    0.112470000000000E+04    0.322268939767264E+01    0.660021394230847E+00
    0.112472000000000E+04    0.326909021502661E+01    0.660021863732792E+00
    0.113098000000000E+04    0.522557439347656E+01    0.659748933448405E+00
    0.113100000000000E+04    0.527196469346427E+01    0.659743694835073E+00
    0.113726000000000E+04    0.939929745494283E+00    0.659681554432035E+00
    0.113728000000000E+04    0.986317169113136E+00    0.659686966622409E+00
    0.114354000000000E+04    0.294241914046233E+01    0.660023248921297E+00
    0.114356000000000E+04    0.298881996315731E+01    0.660022148978349E+00
    0.114984000000000E+04    0.499221231026513E+01    0.659867963597958E+00
    0.114986000000000E+04    0.503860707225067E+01    0.659864003698851E+00
    0.115612000000000E+04    0.707125334391549E+00    0.659586578117908E+00
    0.115614000000000E+04    0.753509205359933E+00    0.659591812623593E+00
    0.116240000000000E+04    0.270941416115602E+01    0.660077472166202E+00
    0.116242000000000E+04    0.275581754583891E+01    0.660075339492109E+00
    0.116868000000000E+04    0.471378500586434E+01    0.660000083458887E+00
    0.116870000000000E+04    0.476018508464949E+01    0.659998049663736E+00
    0.117496000000000E+04    0.429394788775426E+00    0.659511944336633E+00
    0.117498000000000E+04    0.475775126013559E+00    0.659515803450413E+00
    0.118124000000000E+04    0.243076294349930E+01    0.660092166185320E+00
    0.118126000000000E+04    0.247716662884977E+01    0.660089521251833E+00
    0.118754000000000E+04    0.448177186793191E+01    0.660065823790721E+00
    0.118756000000000E+04    0.452817442186688E+01    0.660065767523259E+00
    0.119382000000000E+04    0.198020939033086E+00    0.659451368061689E+00
    0.119384000000000E+04    0.244399032294496E+00    0.659453292523681E+00
    0.120010000000000E+04    0.219860288021755E+01    0.660092940458522E+00
    0.120012000000000E+04    0.224500658671968E+01    0.660090806297676E+00
    0.120638000000000E+04    0.420326479240066E+01    0.660094303646802E+00
    0.120640000000000E+04    0.424966873134099E+01    0.660095991006917E+00
    0.121266000000000E+04    0.620356685585557E+01    0.659441683470740E+00
    0.121268000000000E+04    0.624994441754916E+01    0.659440881373308E+00
    0.121894000000000E+04    0.192008308148024E+01    0.660075735019416E+00
    0.121896000000000E+04    0.196648623648343E+01    0.660075015450139E+00
    0.122524000000000E+04    0.397110944863380E+01    0.660097139420232E+00
    0.122526000000000E+04    0.401751316677382E+01    0.660099710422956E+00
    0.123152000000000E+04    0.597228843322637E+01    0.659485504944503E+00
    0.123154000000000E+04    0.601866776329371E+01    0.659482392586991E+00
    0.123780000000000E+04    0.168806542506354E+01    0.660021999926977E+00
    0.123782000000000E+04    0.173446643551824E+01    0.660023089833508E+00
    0.124408000000000E+04    0.369252006485749E+01    0.660088979924606E+00
    0.124410000000000E+04    0.373892356144188E+01    0.660091532317391E+00
    0.125036000000000E+04    0.569453934609101E+01    0.659569297676622E+00
    0.125038000000000E+04    0.574092212769347E+01    0.659564484353737E+00
    0.125664000000000E+04    0.140980589538322E+01    0.659940864152917E+00
    0.125666000000000E+04    0.145620353172126E+01    0.659944014610627E+00
    0.126294000000000E+04    0.346026993542455E+01    0.660074340549747E+00
    0.126296000000000E+04    0.350667293525703E+01    0.660076135380091E+00
    0.126922000000000E+04    0.546311384402952E+01    0.659682747295222E+00
    0.126924000000000E+04    0.550950102427714E+01    0.659677266034175E+00
