    0.000000000000000E+00    0.190000000000000E+01    0.700000000000000E+00
    0.200000000000000E-01    0.194799998825529E+01    0.699999386259147E+00
    0.630000000000000E+01    0.445371476866826E+01    0.699995151978401E+00
    0.632000000000000E+01    0.450171432598370E+01    0.699995203282684E+00
    0.125800000000000E+02    0.671710152015656E+00    0.699584198185133E+00
    0.126000000000000E+02    0.719693314596917E+00    0.699589260404408E+00
    0.188600000000000E+02    0.317583720879386E+01    0.699952465824310E+00
    0.188800000000000E+02    0.322383509071005E+01    0.699952633415763E+00
    0.251400000000000E+02    0.567992985992021E+01    0.699566083507178E+00
    0.251600000000000E+02    0.572791183837260E+01    0.699561199424593E+00
    0.314200000000000E+02    0.189791811174378E+01    0.699977120929790E+00
    0.314400000000000E+02    0.194591731848880E+01    0.699976505635531E+00
    0.377000000000000E+02    0.440348365631502E+01    0.699983478226452E+00
    0.377200000000000E+02    0.445148320183995E+01    0.699983832196817E+00
    0.440000000000000E+02    0.669618473719439E+00    0.699579742371049E+00
    0.440200000000000E+02    0.717601474518133E+00    0.699584804100426E+00
    0.502800000000000E+02    0.317377938127289E+01    0.699960583524859E+00
    0.503000000000000E+02    0.322177785105954E+01    0.699960848806955E+00
    0.565600000000000E+02    0.567824115767840E+01    0.699572883731886E+00
    0.565800000000000E+02    0.572622613208645E+01    0.699568145407349E+00
    0.628400000000000E+02    0.189689277977479E+01    0.700016408129169E+00
    0.628600000000000E+02    0.194489362357035E+01    0.700015863811751E+00
    0.691200000000000E+02    0.440288670758147E+01    0.700021324667102E+00
    0.691400000000000E+02    0.445088764178999E+01    0.700021731550981E+00
    0.754000000000000E+02    0.621489631985838E+00    0.699606877756762E+00
    0.754200000000000E+02    0.669473857523485E+00    0.699611834086502E+00
    0.817000000000000E+02    0.317397218212719E+01    0.699986651030404E+00
    0.817200000000000E+02    0.322197164660270E+01    0.699986761226463E+00
    0.879800000000000E+02    0.567856672518585E+01    0.699605717925204E+00
    0.880000000000000E+02    0.572655082123913E+01    0.699600760478155E+00
    0.942600000000000E+02    0.189697854190004E+01    0.700006843769767E+00
    0.942800000000000E+02    0.194497883897012E+01    0.700006374820623E+00
    0.100540000000000E+03    0.440288532972690E+01    0.700009746056307E+00
    0.100560000000000E+03    0.445088566974474E+01    0.700010189594436E+00
    0.106820000000000E+03    0.621283091711746E+00    0.699590976673368E+00
    0.106840000000000E+03    0.669266384717162E+00    0.699596004144500E+00
    0.113100000000000E+03    0.312563079407738E+01    0.699969952305952E+00
    0.113120000000000E+03    0.317362952861953E+01    0.699969903072856E+00
    0.119400000000000E+03    0.567803138083292E+01    0.699605023789313E+00
    0.119420000000000E+03    0.572601554687037E+01    0.699600047586068E+00
    0.125680000000000E+03    0.189675029629285E+01    0.700009761417992E+00
    0.125700000000000E+03    0.194475109150358E+01    0.700009347456095E+00
    0.131960000000000E+03    0.440285612356081E+01    0.700026032410069E+00
    0.131980000000000E+03    0.445085716924308E+01    0.700026524986853E+00
    0.138240000000000E+03    0.621565464108301E+00    0.699616620147571E+00
    0.138260000000000E+03    0.669550187808852E+00    0.699621544598474E+00
    0.144520000000000E+03    0.312636023775042E+01    0.700005198225953E+00
    0.144540000000000E+03    0.317436042363994E+01    0.700005109964419E+00
    0.150800000000000E+03    0.563122001483322E+01    0.699634721116761E+00
    0.150820000000000E+03    0.567920559281555E+01    0.699629655787854E+00
    0.157080000000000E+03    0.185008230459783E+01    0.700037603326653E+00
    0.157100000000000E+03    0.189808420347941E+01    0.700037374017146E+00
    0.163380000000000E+03    0.440445383793696E+01    0.700047889638140E+00
    0.163400000000000E+03    0.445245567846803E+01    0.700048385975859E+00
    0.169660000000000E+03    0.623268672071617E+00    0.699629570190012E+00
    0.169680000000000E+03    0.671252751623115E+00    0.699634373233006E+00
    0.175940000000000E+03    0.312786396422115E+01    0.700004973740688E+00
    0.175960000000000E+03    0.317586386856607E+01    0.700004863485493E+00
    0.182220000000000E+03    0.563271276695968E+01    0.699645050809182E+00
    0.182240000000000E+03    0.568069864252385E+01    0.699639985658013E+00
    0.188500000000000E+03    0.185161818937752E+01    0.700036704008263E+00
    0.188520000000000E+03    0.189961986109500E+01    0.700036480206910E+00
    0.194780000000000E+03    0.435784634203696E+01    0.700040864250259E+00
    0.194800000000000E+03    0.440584773586613E+01    0.700041474042327E+00
    0.201080000000000E+03    0.624065079672107E+00    0.699564030031973E+00
    0.201100000000000E+03    0.672047703377814E+00    0.699568888208238E+00
    0.207360000000000E+03    0.312811069657903E+01    0.699950643028449E+00
    0.207380000000000E+03    0.317610869659899E+01    0.699950540616495E+00
    0.213640000000000E+03    0.563242594186602E+01    0.699595105810843E+00
    0.213660000000000E+03    0.568041043312257E+01    0.699589827127569E+00
    0.219920000000000E+03    0.185048581035278E+01    0.699977546004985E+00
    0.219940000000000E+03    0.189848505661075E+01    0.699977335448123E+00
    0.226200000000000E+03    0.435618445263208E+01    0.699996437174359E+00
    0.226220000000000E+03    0.440418480297706E+01    0.699997131605293E+00
    0.232480000000000E+03    0.574615139448383E+00    0.699568253961385E+00
    0.232500000000000E+03    0.622597866718593E+00    0.699573008034023E+00
    0.238780000000000E+03    0.312659611025163E+01    0.699964204095206E+00
    0.238800000000000E+03    0.317459377713362E+01    0.699964117514339E+00
    0.245060000000000E+03    0.563069109183061E+01    0.699589084765646E+00
    0.245080000000000E+03    0.567867420833591E+01    0.699583928192690E+00
    0.251340000000000E+03    0.184862471663314E+01    0.699968606385499E+00
    0.251360000000000E+03    0.189662357185887E+01    0.699968503716448E+00
    0.257620000000000E+03    0.435475785542383E+01    0.700043762066247E+00
    0.257640000000000E+03    0.440275973635357E+01    0.700044552739865E+00
    0.263900000000000E+03    0.573746341366814E+00    0.699618620304433E+00
    0.263920000000000E+03    0.621730888966454E+00    0.699623366133069E+00
    0.270180000000000E+03    0.307838143991853E+01    0.700004021147567E+00
    0.270200000000000E+03    0.312638147283474E+01    0.700003680211749E+00
    0.276480000000000E+03    0.563127405037471E+01    0.699645286952875E+00
    0.276500000000000E+03    0.567925974298362E+01    0.699640122539915E+00
    0.282760000000000E+03    0.184929452399729E+01    0.700036254203287E+00
    0.282780000000000E+03    0.189729110019539E+01    0.700034346314613E+00
    0.289040000000000E+03    0.435549569836871E+01    0.700079611456288E+00
    0.289060000000000E+03    0.440349942390947E+01    0.700082479723498E+00
    0.295320000000000E+03    0.575001830267524E+00    0.699659121498145E+00
    0.295340000000000E+03    0.622988175237765E+00    0.699663851720513E+00
    0.301600000000000E+03    0.308026904531152E+01    0.700053343057776E+00
    0.301620000000000E+03    0.312827123816101E+01    0.700053080990859E+00
    0.307880000000000E+03    0.558589393088550E+01    0.699705973290809E+00
    0.307900000000000E+03    0.563388208073889E+01    0.699700748498928E+00
    0.314160000000000E+03    0.180516101960336E+01    0.700071506134134E+00
    0.314180000000000E+03    0.185316395119037E+01    0.700071541093028E+00
    0.320460000000000E+03    0.436002134752732E+01    0.700087310043351E+00
    0.320480000000000E+03    0.440802653779804E+01    0.700087781927871E+00
    0.326740000000000E+03    0.579928078553507E+00    0.699678954668230E+00
    0.326760000000000E+03    0.627915303059353E+00    0.699683633811887E+00
    0.333020000000000E+03    0.308554526056821E+01    0.700081825125105E+00
    0.333040000000000E+03    0.313354842334661E+01    0.700081497491219E+00
    0.339300000000000E+03    0.559133214622727E+01    0.699741181048424E+00
    0.339320000000000E+03    0.563931815719104E+01    0.699736712657483E+00
    0.345580000000000E+03    0.181011598980569E+01    0.700034440485996E+00
    0.345600000000000E+03    0.185811738010000E+01    0.700034531464328E+00
    0.351860000000000E+03    0.431641354032763E+01    0.700050469244076E+00
    0.351880000000000E+03    0.436441570120849E+01    0.700051426777800E+00
    0.358160000000000E+03    0.583448172346493E+00    0.699609676451624E+00
    0.358180000000000E+03    0.631432501270297E+00    0.699614331462774E+00
    0.364440000000000E+03    0.308813687651366E+01    0.700009580504319E+00
    0.364460000000000E+03    0.313613722641105E+01    0.700009211319735E+00
    0.370720000000000E+03    0.559331145814201E+01    0.699662759938877E+00
    0.370740000000000E+03    0.564129912181045E+01    0.699657627343331E+00
    0.377000000000000E+03    0.181235225452565E+01    0.700048521830404E+00
    0.377020000000000E+03    0.186035439850639E+01    0.700048637837879E+00
    0.383280000000000E+03    0.431878398900392E+01    0.700066569505987E+00
    0.383300000000000E+03    0.436678617033681E+01    0.700067637473126E+00
    0.389560000000000E+03    0.538087254980610E+00    0.699628747449890E+00
    0.389580000000000E+03    0.586073189100034E+00    0.699633263008629E+00
    0.395860000000000E+03    0.309148384845867E+01    0.700065867982465E+00
    0.395880000000000E+03    0.313948643549895E+01    0.700065489268190E+00
    0.402140000000000E+03    0.559719527180414E+01    0.699726770892855E+00
    0.402160000000000E+03    0.564518428435508E+01    0.699721520594512E+00
    0.408420000000000E+03    0.181672896627254E+01    0.700091727906040E+00
    0.408440000000000E+03    0.186473293339031E+01    0.700091857172019E+00
    0.414700000000000E+03    0.432368381758749E+01    0.700100865961242E+00
    0.414720000000000E+03    0.437168761640021E+01    0.700101786059234E+00
    0.420980000000000E+03    0.543351725377875E+00    0.699658724092884E+00
    0.421000000000000E+03    0.591338122865636E+00    0.699663350155837E+00
    0.427260000000000E+03    0.304862404682444E+01    0.700064963970351E+00
    0.427280000000000E+03    0.309662595549048E+01    0.700064474520617E+00
    0.433540000000000E+03    0.555422836326875E+01    0.699722886288561E+00
    0.433560000000000E+03    0.560221737863048E+01    0.699717612722923E+00
    0.439840000000000E+03    0.182234548692418E+01    0.700137018943608E+00
    0.439860000000000E+03    0.187035120122800E+01    0.700137070328628E+00
    0.446120000000000E+03    0.433004389945722E+01    0.700169812065614E+00
    0.446140000000000E+03    0.437805043507569E+01    0.700170769738493E+00
    0.452400000000000E+03    0.550416490120597E+00    0.699710022571318E+00
    0.452420000000000E+03    0.598404597188392E+00    0.699714603946388E+00
    0.458680000000000E+03    0.305642667219740E+01    0.700112834248119E+00
    0.458700000000000E+03    0.310443108586196E+01    0.700112361408904E+00
    0.464960000000000E+03    0.556261441228457E+01    0.699767100711010E+00
    0.464980000000000E+03    0.561060438148979E+01    0.699761907046388E+00
    0.471240000000000E+03    0.178231417391407E+01    0.700110925840803E+00
    0.471260000000000E+03    0.183031867133150E+01    0.700111149862342E+00
    0.477540000000000E+03    0.433765962823600E+01    0.700136733468509E+00
    0.477560000000000E+03    0.438566510124770E+01    0.700137706947663E+00
    0.483820000000000E+03    0.557793595652811E+00    0.699689910699299E+00
    0.483840000000000E+03    0.605781128898116E+00    0.699694469143462E+00
    0.490100000000000E+03    0.306327552349694E+01    0.700077663136766E+00
    0.490120000000000E+03    0.311127858106852E+01    0.700077169104906E+00
    0.496380000000000E+03    0.556919916838683E+01    0.699735191513563E+00
    0.496400000000000E+03    0.561718865209150E+01    0.699729716630302E+00
    0.502660000000000E+03    0.178841259230353E+01    0.700077720844651E+00
    0.502680000000000E+03    0.183641421988341E+01    0.700077310609624E+00
    0.508940000000000E+03    0.429505352909064E+01    0.700083248574099E+00
    0.508960000000000E+03    0.434305647492101E+01    0.700084258255788E+00
    0.515240000000000E+03    0.562495268907924E+00    0.699638127195146E+00
    0.515260000000000E+03    0.610480903469352E+00    0.699642758034228E+00
    0.521520000000000E+03    0.306749424668942E+01    0.700052304258940E+00
    0.521540000000000E+03    0.311549492728818E+01    0.700051959105894E+00
    0.527800000000000E+03    0.557265949420548E+01    0.699687042160707E+00
    0.527820000000000E+03    0.562064665186540E+01    0.699681713702227E+00
    0.534080000000000E+03    0.179152016975854E+01    0.700041006273422E+00
    0.534100000000000E+03    0.183952202340697E+01    0.700041287187156E+00
    0.540360000000000E+03    0.429790204760525E+01    0.700058613556842E+00
    0.540380000000000E+03    0.434590409915154E+01    0.700059654260039E+00
    0.546640000000000E+03    0.517051008174121E+00    0.699608092594845E+00
    0.546660000000000E+03    0.565035331258287E+00    0.699612594902316E+00
    0.552940000000000E+03    0.306976276639648E+01    0.700018544773741E+00
    0.552960000000000E+03    0.311776349345769E+01    0.700018023352261E+00
    0.559220000000000E+03    0.557495832102063E+01    0.699684136200492E+00
    0.559240000000000E+03    0.562294573628651E+01    0.699678838389596E+00
    0.565500000000000E+03    0.179403761093045E+01    0.700052820290407E+00
    0.565520000000000E+03    0.184203976308572E+01    0.700053131933122E+00
    0.571780000000000E+03    0.430066755306916E+01    0.700082927545042E+00
    0.571800000000000E+03    0.434867094297738E+01    0.700084076427543E+00
    0.578060000000000E+03    0.520104205201278E+00    0.699623268041047E+00
    0.578080000000000E+03    0.568088967661197E+00    0.699627673580593E+00
    0.584340000000000E+03    0.302497124069669E+01    0.700037068647942E+00
    0.584360000000000E+03    0.307297259135044E+01    0.700036371576893E+00
    0.590620000000000E+03    0.553039390152230E+01    0.699700482962279E+00
    0.590640000000000E+03    0.557838166604483E+01    0.699695150024257E+00
    0.596920000000000E+03    0.179688886633426E+01    0.700044122933376E+00
    0.596940000000000E+03    0.184488768196979E+01    0.700043106375741E+00
    0.603200000000000E+03    0.430266419181680E+01    0.700015972949586E+00
    0.603220000000000E+03    0.435066486065034E+01    0.700017148318842E+00
    0.609480000000000E+03    0.521267175228104E+00    0.699555264192758E+00
    0.609500000000000E+03    0.569249100352408E+00    0.699559698446039E+00
    0.615760000000000E+03    0.302537355828917E+01    0.699972036626617E+00
    0.615780000000000E+03    0.307337236093235E+01    0.699971353218482E+00
    0.622040000000000E+03    0.553002999045452E+01    0.699648242146780E+00
    0.622060000000000E+03    0.557801598104538E+01    0.699642885416367E+00
    0.628320000000000E+03    0.174818490043799E+01    0.699978289142691E+00
    0.628340000000000E+03    0.179618406038412E+01    0.699978811064064E+00
    0.634620000000000E+03    0.430189482181595E+01    0.700013226258767E+00
    0.634640000000000E+03    0.434989542493781E+01    0.700014441925752E+00
    0.640900000000000E+03    0.520729882750175E+00    0.699570872207384E+00
    0.640920000000000E+03    0.568712803187282E+00    0.699575224933762E+00
    0.647180000000000E+03    0.302517780821927E+01    0.699998489182209E+00
    0.647200000000000E+03    0.307317786580302E+01    0.699997815421407E+00
    0.653460000000000E+03    0.553016398476825E+01    0.699668187184075E+00
    0.653480000000000E+03    0.557815094811008E+01    0.699662800927165E+00
    0.659740000000000E+03    0.174876513086861E+01    0.700014538860125E+00
    0.659760000000000E+03    0.179676600574885E+01    0.700015124947360E+00
    0.666020000000000E+03    0.425499244075013E+01    0.700046318539391E+00
    0.666040000000000E+03    0.430299418266600E+01    0.700047620439763E+00
    0.672320000000000E+03    0.521540937811096E+00    0.699541020220250E+00
    0.672340000000000E+03    0.569522611293223E+00    0.699545326334013E+00
    0.678600000000000E+03    0.302549525990798E+01    0.699965347823887E+00
    0.678620000000000E+03    0.307349386635497E+01    0.699964616464992E+00
    0.684880000000000E+03    0.553018521071908E+01    0.699641881879513E+00
    0.684900000000000E+03    0.557817103627485E+01    0.699636390035426E+00
    0.691160000000000E+03    0.174812353223388E+01    0.699961904611178E+00
    0.691180000000000E+03    0.179612223240815E+01    0.699962566971998E+00
    0.697440000000000E+03    0.425362245523502E+01    0.699999060301795E+00
    0.697460000000000E+03    0.430162259358849E+01    0.700000443224095E+00
    0.703720000000000E+03    0.472124357494977E+00    0.699526000077568E+00
    0.703740000000000E+03    0.520105410235601E+00    0.699530160687184E+00
    0.710000000000000E+03    0.297526235957798E+01    0.699889068906067E+00
    0.710020000000000E+03    0.302325758561665E+01    0.699888229634352E+00
    0.716300000000000E+03    0.552683391388450E+01    0.699552258815204E+00
    0.716320000000000E+03    0.557481638674813E+01    0.699546845761707E+00
    0.722580000000000E+03    0.174387963325512E+01    0.699890978027315E+00
    0.722600000000000E+03    0.179187530099762E+01    0.699891679575619E+00
    0.728860000000000E+03    0.424854601972379E+01    0.699926466848462E+00
    0.728880000000000E+03    0.429654295112755E+01    0.699927887942370E+00
    0.735140000000000E+03    0.465902998679667E+00    0.699438646956991E+00
    0.735160000000000E+03    0.513880386186656E+00    0.699442712313044E+00
    0.741420000000000E+03    0.296860509079647E+01    0.699876169460841E+00
    0.741440000000000E+03    0.301660005675399E+01    0.699875189395776E+00
    0.747700000000000E+03    0.547274392116924E+01    0.699608782851674E+00
    0.747720000000000E+03    0.552072835327249E+01    0.699603355893315E+00
    0.754000000000000E+03    0.173817212611470E+01    0.699916753168286E+00
    0.754020000000000E+03    0.178616879787432E+01    0.699917457340111E+00
    0.760280000000000E+03    0.424308742871563E+01    0.699958276153409E+00
    0.760300000000000E+03    0.429108470415827E+01    0.699959927382932E+00
    0.766560000000000E+03    0.461127170438658E+00    0.699486733989133E+00
    0.766580000000000E+03    0.509106862853059E+00    0.699490753254639E+00
    0.772840000000000E+03    0.296476193768967E+01    0.699943830446417E+00
    0.772860000000000E+03    0.301275963544322E+01    0.699942803645808E+00
    0.779120000000000E+03    0.546911898872031E+01    0.699638213372024E+00
    0.779140000000000E+03    0.551710455537386E+01    0.699632760672945E+00
    0.785400000000000E+03    0.168691848825711E+01    0.699944339152337E+00
    0.785420000000000E+03    0.173491652341204E+01    0.699945371551580E+00
    0.791700000000000E+03    0.424032886155169E+01    0.699987114707308E+00
    0.791720000000000E+03    0.428832823273228E+01    0.699988670034901E+00
    0.797980000000000E+03    0.458777900108998E+00    0.699510737984265E+00
    0.798000000000000E+03    0.506760791638499E+00    0.699514384881524E+00
    0.804260000000000E+03    0.296333334396149E+01    0.700015653249858E+00
    0.804280000000000E+03    0.301133414469814E+01    0.700014642386719E+00
    0.810540000000000E+03    0.546870189697415E+01    0.699711724694633E+00
    0.810560000000000E+03    0.551669025870888E+01    0.699706245757369E+00
    0.816820000000000E+03    0.168705858250337E+01    0.699999727743810E+00
    0.816840000000000E+03    0.173505741511235E+01    0.700000064324778E+00
    0.823100000000000E+03    0.419295279832795E+01    0.700031025861299E+00
    0.823120000000000E+03    0.424095392333243E+01    0.700032700185779E+00
    0.829400000000000E+03    0.459883584280988E+00    0.699548808306253E+00
    0.829420000000000E+03    0.507865546485391E+00    0.699552745588010E+00
    0.835680000000000E+03    0.296419404470453E+01    0.700003231282746E+00
    0.835700000000000E+03    0.301219413989884E+01    0.700002134267721E+00
    0.841960000000000E+03    0.546933364689062E+01    0.699704458587887E+00
    0.841980000000000E+03    0.551732185437027E+01    0.699698994213942E+00
    0.848240000000000E+03    0.168790260058199E+01    0.700000417374516E+00
    0.848260000000000E+03    0.173590298138106E+01    0.700001532958988E+00
    0.854520000000000E+03    0.419412259134242E+01    0.700050048901073E+00
    0.854540000000000E+03    0.424212449670858E+01    0.700051737185218E+00
    0.860800000000000E+03    0.413076883492522E+00    0.699547531033769E+00
    0.860820000000000E+03    0.461058626525755E+00    0.699551273541016E+00
    0.867080000000000E+03    0.291717497240097E+01    0.699997529235513E+00
    0.867100000000000E+03    0.296517484553533E+01    0.699996293498590E+00
    0.873380000000000E+03    0.547023964056189E+01    0.699693598125529E+00
    0.873400000000000E+03    0.551822705873519E+01    0.699688108112683E+00
    0.879660000000000E+03    0.168842482025502E+01    0.699984012405276E+00
    0.879680000000000E+03    0.173642430609380E+01    0.699985110913129E+00
    0.885940000000000E+03    0.419454014256326E+01    0.700024793892837E+00
    0.885960000000000E+03    0.424254440230243E+01    0.700025778407317E+00
    0.892220000000000E+03    0.414298599148424E+00    0.699599871692941E+00
    0.892240000000000E+03    0.462282661581412E+00    0.699603591232440E+00
    0.898500000000000E+03    0.291913335051140E+01    0.700051667987043E+00
    0.898520000000000E+03    0.296713517095304E+01    0.700050345630464E+00
    0.904780000000000E+03    0.542486407980778E+01    0.699752446486205E+00
    0.904800000000000E+03    0.547285381405709E+01    0.699746993812525E+00
    0.911080000000000E+03    0.169145642574085E+01    0.700023296413380E+00
    0.911100000000000E+03    0.173945579127849E+01    0.700023715574574E+00
    0.917360000000000E+03    0.419761524524392E+01    0.700056011093943E+00
    0.917380000000000E+03    0.424561728544086E+01    0.700057829419998E+00
    0.923640000000000E+03    0.416933217135465E+00    0.699556675809961E+00
    0.923660000000000E+03    0.464915477972681E+00    0.699560380267639E+00
    0.929920000000000E+03    0.292109607935799E+01    0.700006129949262E+00
    0.929940000000000E+03    0.296909600284198E+01    0.700004871227206E+00
    0.936200000000000E+03    0.542628482928012E+01    0.699721262704885E+00
    0.936220000000000E+03    0.547427370883997E+01    0.699715792980959E+00
    0.942480000000000E+03    0.164500621129082E+01    0.700009753079165E+00
    0.942500000000000E+03    0.169300698084135E+01    0.700011071454327E+00
    0.948780000000000E+03    0.419945889822338E+01    0.700070380886929E+00
    0.948800000000000E+03    0.424746174554821E+01    0.700072166889916E+00
    0.955060000000000E+03    0.419018992102792E+00    0.699583960167933E+00
    0.955080000000000E+03    0.467002462605706E+00    0.699587664096617E+00
    0.961340000000000E+03    0.292365401531697E+01    0.700033043797342E+00
    0.961360000000000E+03    0.297165527531342E+01    0.700031757286035E+00
    0.967620000000000E+03    0.542928406598230E+01    0.699752587994125E+00
    0.967640000000000E+03    0.547727441610277E+01    0.699747132645699E+00
    0.973900000000000E+03    0.164817569498155E+01    0.700023833115152E+00
    0.973920000000000E+03    0.169617693039709E+01    0.700025255765885E+00
    0.980180000000000E+03    0.415467178092376E+01    0.700085575902638E+00
    0.980200000000000E+03    0.420267536202891E+01    0.700087436084205E+00
    0.986480000000000E+03    0.422456428029818E+00    0.699592016548963E+00
    0.986500000000000E+03    0.470440175333351E+00    0.699595648918098E+00
    0.992760000000000E+03    0.292722155942147E+01    0.700053171703192E+00
    0.992780000000000E+03    0.297522339665920E+01    0.700051796759041E+00
    0.999040000000000E+03    0.543300894740560E+01    0.699759411042084E+00
    0.999060000000000E+03    0.548099853273743E+01    0.699753884502116E+00
    0.100532000000000E+04    0.165177735570387E+01    0.700029069336792E+00
    0.100534000000000E+04    0.169977869658487E+01    0.700030396750743E+00
    0.101160000000000E+04    0.415845888339345E+01    0.700092796233356E+00
    0.101162000000000E+04    0.420646283372935E+01    0.700094704218377E+00
    0.101788000000000E+04    0.378281614113803E+00    0.699591654871584E+00
    0.101790000000000E+04    0.426265061466893E+00    0.699595154846535E+00
    0.102416000000000E+04    0.288305810932025E+01    0.700058777994605E+00
    0.102418000000000E+04    0.293106061449680E+01    0.700057474043771E+00
    0.103046000000000E+04    0.543701393914580E+01    0.699773207631853E+00
    0.103048000000000E+04    0.548500479203403E+01    0.699767717412486E+00
    0.103674000000000E+04    0.165594206849846E+01    0.700041660559430E+00
    0.103676000000000E+04    0.170394378077481E+01    0.700043083245557E+00
    0.104302000000000E+04    0.416271496904074E+01    0.700105356175502E+00
    0.104304000000000E+04    0.421071903012444E+01    0.700107272002623E+00
    0.104930000000000E+04    0.382541052341821E+00    0.699593346634823E+00
    0.104932000000000E+04    0.430524450249777E+00    0.699596797599603E+00
    0.105558000000000E+04    0.288689150081245E+01    0.700022241452531E+00
    0.105560000000000E+04    0.293489233768423E+01    0.700020819048903E+00
    0.106186000000000E+04    0.539232538483247E+01    0.699740916308273E+00
    0.106188000000000E+04    0.544031491466012E+01    0.699735439369146E+00
    0.106816000000000E+04    0.165888421855470E+01    0.700000179756978E+00
    0.106818000000000E+04    0.170688437193303E+01    0.700001627649443E+00
    0.107444000000000E+04    0.416511482305896E+01    0.700059622248865E+00
    0.107446000000000E+04    0.421311728212868E+01    0.700061540808959E+00
    0.108072000000000E+04    0.385104982064604E+00    0.699565209396360E+00
    0.108074000000000E+04    0.433091361281186E+00    0.699570608118436E+00
    0.108700000000000E+04    0.289031035443759E+01    0.700088988002686E+00
    0.108702000000000E+04    0.293831372245813E+01    0.700087604547717E+00
    0.109328000000000E+04    0.539639903076340E+01    0.699794557227470E+00
    0.109330000000000E+04    0.544439073274225E+01    0.699789082065300E+00
    0.109956000000000E+04    0.161556154459777E+01    0.700048127463768E+00
    0.109958000000000E+04    0.166356354259415E+01    0.700049727769435E+00
    0.110586000000000E+04    0.417038190072117E+01    0.700100852240621E+00
    0.110588000000000E+04    0.421838580418034E+01    0.700102755623189E+00
    0.111214000000000E+04    0.390098296734777E+00    0.699586890758923E+00
    0.111216000000000E+04    0.438081626541589E+00    0.699590310228026E+00
    0.111842000000000E+04    0.289474265909712E+01    0.700051038430622E+00
    0.111844000000000E+04    0.294274470897517E+01    0.700049640337481E+00
    0.112470000000000E+04    0.540126920805915E+01    0.699823049630475E+00
    0.112472000000000E+04    0.544926240484529E+01    0.699817543938559E+00
    0.113098000000000E+04    0.162094217716367E+01    0.700087236520011E+00
    0.113100000000000E+04    0.166894561858680E+01    0.700088676919007E+00
    0.113726000000000E+04    0.412829522860557E+01    0.700153025092200E+00
    0.113728000000000E+04    0.417630142030157E+01    0.700155024088588E+00
    0.114354000000000E+04    0.348996154157703E+00    0.699650085647883E+00
    0.114356000000000E+04    0.396982191457937E+00    0.699653407180633E+00
    0.114984000000000E+04    0.290245362725818E+01    0.700115663897386E+00
    0.114986000000000E+04    0.295045828700904E+01    0.700114255620180E+00
    0.115612000000000E+04    0.540919715169957E+01    0.699847121760139E+00
    0.115614000000000E+04    0.545719136827893E+01    0.699841544090793E+00
    0.116240000000000E+04    0.162901808116931E+01    0.700103735159074E+00
    0.116242000000000E+04    0.167702234396620E+01    0.700105306606088E+00
    0.116868000000000E+04    0.413712954300399E+01    0.700219523683101E+00
    0.116870000000000E+04    0.418513835435760E+01    0.700221520090566E+00
    0.117496000000000E+04    0.358610649841921E+00    0.699717539348532E+00
    0.117498000000000E+04    0.406599369214746E+00    0.699720899838054E+00
    0.118124000000000E+04    0.286500589451953E+01    0.700184365988449E+00
    0.118126000000000E+04    0.291301323884272E+01    0.700182854757444E+00
    0.118754000000000E+04    0.542047221504799E+01    0.699908512515175E+00
    0.118756000000000E+04    0.546846854064643E+01    0.699903009342173E+00
    0.119382000000000E+04    0.164117936952380E+01    0.700169233197432E+00
    0.119384000000000E+04    0.168918628757910E+01    0.700170778864992E+00
    0.120010000000000E+04    0.414950102889316E+01    0.700226830050937E+00
    0.120012000000000E+04    0.419750951116384E+01    0.700228919989870E+00
    0.120638000000000E+04    0.371100448076504E+00    0.699732431671347E+00
    0.120640000000000E+04    0.419089723137404E+00    0.699735809698087E+00
    0.121266000000000E+04    0.287763519908640E+01    0.700194077259856E+00
    0.121268000000000E+04    0.292564278293685E+01    0.700192616946674E+00
    0.121894000000000E+04    0.538524698676065E+01    0.699922355422518E+00
    0.121896000000000E+04    0.543324387677785E+01    0.699916891101713E+00
    0.122524000000000E+04    0.165469191437887E+01    0.700241843644161E+00
    0.122526000000000E+04    0.170269704823068E+01    0.700243555230251E+00
    0.123152000000000E+04    0.416206643349187E+01    0.700112926089917E+00
    0.123154000000000E+04    0.421007171735528E+01    0.700114834717588E+00
