    0.000000000000000E+00    0.190000000000000E+01    0.760000000000000E+00
    0.200000000000000E-01    0.195039998832402E+01    0.759999378147780E+00
    0.630000000000000E+01    0.520925195170650E+01    0.759828678646170E+00
    0.632000000000000E+01    0.525964514349954E+01    0.759823259169683E+00
    0.125800000000000E+02    0.218201192137823E+01    0.759974376075723E+00
    0.126000000000000E+02    0.223241079998449E+01    0.759972078153082E+00
    0.188600000000000E+02    0.544022264921386E+01    0.759715118518524E+00
    0.188800000000000E+02    0.549061117195585E+01    0.759709600176775E+00
    0.251400000000000E+02    0.241309168502306E+01    0.759963280083208E+00
    0.251600000000000E+02    0.246349081035525E+01    0.759960550458812E+00
    0.314200000000000E+02    0.567108336074511E+01    0.759635664308894E+00
    0.314400000000000E+02    0.572146875795201E+01    0.759630731589022E+00
    0.377000000000000E+02    0.264426345034246E+01    0.759952303213473E+00
    0.377200000000000E+02    0.269466197478033E+01    0.759950027757437E+00
    0.440000000000000E+02    0.595254890254738E+01    0.759587994892879E+00
    0.440200000000000E+02    0.600293227478713E+01    0.759584732113648E+00
    0.502800000000000E+02    0.292617321928091E+01    0.759950291456327E+00
    0.503000000000000E+02    0.297657129308908E+01    0.759949063739538E+00
    0.565600000000000E+02    0.618392870278828E+01    0.759572959723511E+00
    0.565800000000000E+02    0.623431172927434E+01    0.759571927634082E+00
    0.628400000000000E+02    0.315809593437433E+01    0.759949350908778E+00
    0.628600000000000E+02    0.320849400136402E+01    0.759949562151887E+00
    0.691200000000000E+02    0.132464331859666E+00    0.759589673217759E+00
    0.691400000000000E+02    0.182848523409859E+00    0.759591548529877E+00
    0.754000000000000E+02    0.339047827196043E+01    0.759981430927611E+00
    0.754200000000000E+02    0.344087750434753E+01    0.759982894265271E+00
    0.817000000000000E+02    0.414980758199249E+00    0.759640102829487E+00
    0.817200000000000E+02    0.465366618627570E+00    0.759643683386707E+00
    0.879800000000000E+02    0.367371324842324E+01    0.760022053862701E+00
    0.880000000000000E+02    0.372411422204726E+01    0.760024558648485E+00
    0.942600000000000E+02    0.647745451746601E+00    0.759715587186754E+00
    0.942800000000000E+02    0.698133510668299E+00    0.759720663612260E+00
    0.100540000000000E+03    0.390673157132392E+01    0.760047196097240E+00
    0.100560000000000E+03    0.395713389634287E+01    0.760049762265672E+00
    0.106820000000000E+03    0.880782054451970E+00    0.759816583231191E+00
    0.106840000000000E+03    0.931174788413159E+00    0.759822032674612E+00
    0.113100000000000E+03    0.414028601210532E+01    0.760071452358695E+00
    0.113120000000000E+03    0.419069002193112E+01    0.760073222551972E+00
    0.119400000000000E+03    0.116487447564054E+01    0.759934766088851E+00
    0.119420000000000E+03    0.121527217205141E+01    0.759939523577477E+00
    0.125680000000000E+03    0.442498275543386E+01    0.760097283323308E+00
    0.125700000000000E+03    0.447538662176976E+01    0.760097626077024E+00
    0.131960000000000E+03    0.139900482049393E+01    0.760015429835099E+00
    0.131980000000000E+03    0.144940554493115E+01    0.760018833152194E+00
    0.138240000000000E+03    0.465930021266979E+01    0.760078283255799E+00
    0.138260000000000E+03    0.470970350552722E+01    0.760076744217125E+00
    0.144520000000000E+03    0.163348343711232E+01    0.760070937151640E+00
    0.144540000000000E+03    0.168388642918865E+01    0.760072465658288E+00
    0.150800000000000E+03    0.489373877130703E+01    0.760025027633117E+00
    0.150820000000000E+03    0.494413984244835E+01    0.760021612851347E+00
    0.157080000000000E+03    0.186800671228423E+01    0.760099253327573E+00
    0.157100000000000E+03    0.191841083192497E+01    0.760098798104778E+00
    0.163380000000000E+03    0.517840025214053E+01    0.759926914982637E+00
    0.163400000000000E+03    0.522879723031849E+01    0.759921959744346E+00
    0.169660000000000E+03    0.215245514186415E+01    0.760089435127613E+00
    0.169680000000000E+03    0.220285881991134E+01    0.760087482322879E+00
    0.175940000000000E+03    0.541214069841669E+01    0.759831671785721E+00
    0.175960000000000E+03    0.546253374405643E+01    0.759826200683521E+00
    0.182220000000000E+03    0.238603126299819E+01    0.760048594436140E+00
    0.182240000000000E+03    0.243643280784386E+01    0.760045996678332E+00
    0.188500000000000E+03    0.564497020648707E+01    0.759715809906944E+00
    0.188520000000000E+03    0.569535900938712E+01    0.759710825668897E+00
    0.194780000000000E+03    0.261912025867900E+01    0.760031420294961E+00
    0.194800000000000E+03    0.266952171210630E+01    0.760029029977017E+00
    0.201080000000000E+03    0.592830171011337E+01    0.759662802349359E+00
    0.201100000000000E+03    0.597868829085070E+01    0.759659376399188E+00
    0.207360000000000E+03    0.290310185357259E+01    0.759983526820192E+00
    0.207380000000000E+03    0.295350497716947E+01    0.759982676167958E+00
    0.213640000000000E+03    0.616233403156866E+01    0.759689708028385E+00
    0.213660000000000E+03    0.621272167078666E+01    0.759688491614725E+00
    0.219920000000000E+03    0.313794729975291E+01    0.760071071176344E+00
    0.219940000000000E+03    0.318834998395289E+01    0.760071061032549E+00
    0.226200000000000E+03    0.113402745352914E+00    0.759685043930686E+00
    0.226220000000000E+03    0.163789931664951E+00    0.759686178588997E+00
    0.232480000000000E+03    0.337224293165627E+01    0.760066201292715E+00
    0.232500000000000E+03    0.342264495845120E+01    0.760067623570481E+00
    0.238780000000000E+03    0.397604392156154E+00    0.759700188825743E+00
    0.238800000000000E+03    0.447992434567823E+00    0.759703777890276E+00
    0.245060000000000E+03    0.365667069874462E+01    0.760079477688990E+00
    0.245080000000000E+03    0.370707213904416E+01    0.760081771123769E+00
    0.251340000000000E+03    0.630854727822680E+00    0.759729567652662E+00
    0.251360000000000E+03    0.681243664899625E+00    0.759734524638676E+00
    0.257620000000000E+03    0.389003015622529E+01    0.760058583609856E+00
    0.257640000000000E+03    0.394043269887584E+01    0.760061322126846E+00
    0.263900000000000E+03    0.864005216445889E+00    0.759802140901512E+00
    0.263920000000000E+03    0.914397120919716E+00    0.759807567815690E+00
    0.270180000000000E+03    0.412325954011806E+01    0.760056846809184E+00
    0.270200000000000E+03    0.417366199496632E+01    0.760058861160310E+00
    0.276480000000000E+03    0.114732438546071E+01    0.759883340587025E+00
    0.276500000000000E+03    0.119771964055201E+01    0.759888170623508E+00
    0.282760000000000E+03    0.440674567266740E+01    0.760051011448737E+00
    0.282780000000000E+03    0.445714790750355E+01    0.760051499214582E+00
    0.289040000000000E+03    0.138033753646380E+01    0.759954122887340E+00
    0.289060000000000E+03    0.143073578878864E+01    0.759957638644064E+00
    0.295320000000000E+03    0.463977081757196E+01    0.760012856895769E+00
    0.295340000000000E+03    0.469017083868061E+01    0.760011184330394E+00
    0.301600000000000E+03    0.161284269603914E+01    0.759986811658892E+00
    0.301620000000000E+03    0.166324171759732E+01    0.759988112578069E+00
    0.307880000000000E+03    0.487202814910074E+01    0.759944882170637E+00
    0.307900000000000E+03    0.492242595210553E+01    0.759941616707104E+00
    0.314160000000000E+03    0.184582700845317E+01    0.760084565795922E+00
    0.314180000000000E+03    0.189623039922560E+01    0.760084335777730E+00
    0.320460000000000E+03    0.515623482340914E+01    0.759944147184811E+00
    0.320480000000000E+03    0.520663255969578E+01    0.759939293222403E+00
    0.326740000000000E+03    0.213064732818975E+01    0.760111227077741E+00
    0.326760000000000E+03    0.218105202501488E+01    0.760109411104308E+00
    0.333020000000000E+03    0.539077834330442E+01    0.759876380339188E+00
    0.333040000000000E+03    0.544117307337535E+01    0.759870849672333E+00
    0.339300000000000E+03    0.236533307838579E+01    0.760109676043346E+00
    0.339320000000000E+03    0.241573758950892E+01    0.760107108586496E+00
    0.345580000000000E+03    0.562448768253864E+01    0.760007153072483E+00
    0.345600000000000E+03    0.567486839666253E+01    0.760007425920543E+00
    0.351860000000000E+03    0.259625559334052E+01    0.759713238108859E+00
    0.351880000000000E+03    0.264664406885720E+01    0.759710753315336E+00
    0.358160000000000E+03    0.590153123043854E+01    0.759356490021290E+00
    0.358180000000000E+03    0.595190586290983E+01    0.759352918226975E+00
    0.364440000000000E+03    0.287203109815562E+01    0.759700958818784E+00
    0.364460000000000E+03    0.292241882284634E+01    0.759699431035126E+00
    0.370720000000000E+03    0.612632617344889E+01    0.759311376920265E+00
    0.370740000000000E+03    0.617669800184638E+01    0.759309848778912E+00
    0.377000000000000E+03    0.309678388971236E+01    0.759676343908149E+00
    0.377020000000000E+03    0.314717002335976E+01    0.759676301302857E+00
    0.383280000000000E+03    0.671982876081074E-01    0.759262885017241E+00
    0.383300000000000E+03    0.117568442522384E+00    0.759263631398669E+00
    0.389560000000000E+03    0.332081988946629E+01    0.759641119523633E+00
    0.389580000000000E+03    0.337120542647085E+01    0.759642240554652E+00
    0.395860000000000E+03    0.341303482186845E+00    0.759294033485786E+00
    0.395880000000000E+03    0.391675437697131E+00    0.759297213782841E+00
    0.402140000000000E+03    0.359553851645853E+01    0.759669338531468E+00
    0.402160000000000E+03    0.364592526841852E+01    0.759671607740304E+00
    0.408420000000000E+03    0.565208586359631E+00    0.759346881534107E+00
    0.408440000000000E+03    0.615581750354750E+00    0.759351438554098E+00
    0.414700000000000E+03    0.381944720082083E+01    0.759684980928526E+00
    0.414720000000000E+03    0.386983357735835E+01    0.759687551690658E+00
    0.420980000000000E+03    0.788604232674061E+00    0.759396660201680E+00
    0.421000000000000E+03    0.838979845781523E+00    0.759402175406067E+00
    0.427260000000000E+03    0.404316880404531E+01    0.759680930019163E+00
    0.427280000000000E+03    0.409355633947894E+01    0.759683278855457E+00
    0.433540000000000E+03    0.101219103370681E+01    0.759473838002939E+00
    0.433560000000000E+03    0.106256987417532E+01    0.759479060237716E+00
    0.439840000000000E+03    0.431707513858623E+01    0.759671450188974E+00
    0.439860000000000E+03    0.436746124629258E+01    0.759672484062992E+00
    0.446120000000000E+03    0.128573712148727E+01    0.759549150464599E+00
    0.446140000000000E+03    0.133611930411735E+01    0.759553242290982E+00
    0.452400000000000E+03    0.454080114988483E+01    0.759697282926565E+00
    0.452420000000000E+03    0.459118921944014E+01    0.759696630371651E+00
    0.458680000000000E+03    0.151004086694434E+01    0.759658356652155E+00
    0.458700000000000E+03    0.156042722131724E+01    0.759660789073832E+00
    0.464960000000000E+03    0.476528933222698E+01    0.759660468818338E+00
    0.464980000000000E+03    0.481567570537322E+01    0.759658021203196E+00
    0.471240000000000E+03    0.173448933606755E+01    0.759694407752568E+00
    0.471260000000000E+03    0.178487708658167E+01    0.759694776854428E+00
    0.477540000000000E+03    0.504001081264937E+01    0.759584807805999E+00
    0.477560000000000E+03    0.509039417299823E+01    0.759580536732024E+00
    0.483820000000000E+03    0.200917205941619E+01    0.759703901003002E+00
    0.483840000000000E+03    0.205956055722640E+01    0.759702748596767E+00
    0.490100000000000E+03    0.526436253783959E+01    0.759590383259011E+00
    0.490120000000000E+03    0.531473520037980E+01    0.759587681957136E+00
    0.496380000000000E+03    0.223026539557372E+01    0.759774255569787E+00
    0.496400000000000E+03    0.228062824187987E+01    0.759780110806770E+00
    0.502660000000000E+03    0.547893052718473E+01    0.758625453043110E+00
    0.502680000000000E+03    0.552927578585945E+01    0.758619946964304E+00
    0.508940000000000E+03    0.243847053242325E+01    0.758894195552982E+00
    0.508960000000000E+03    0.248882649761458E+01    0.758891074976935E+00
    0.515240000000000E+03    0.573340250481397E+01    0.758570560030009E+00
    0.515260000000000E+03    0.578374526709240E+01    0.758565849082037E+00
    0.521520000000000E+03    0.269321167699786E+01    0.758880066136759E+00
    0.521540000000000E+03    0.274356626257145E+01    0.758877865174609E+00
    0.527800000000000E+03    0.593725810901674E+01    0.758492151982382E+00
    0.527820000000000E+03    0.598759723445846E+01    0.758488994660545E+00
    0.534080000000000E+03    0.289689824018228E+01    0.758834746818029E+00
    0.534100000000000E+03    0.294725143615756E+01    0.758833357422427E+00
    0.540360000000000E+03    0.614052515808703E+01    0.758449336392875E+00
    0.540380000000000E+03    0.619086291428380E+01    0.758447881275530E+00
    0.546640000000000E+03    0.310042534129934E+01    0.758826016778023E+00
    0.546660000000000E+03    0.315077766190575E+01    0.758825945134336E+00
    0.552940000000000E+03    0.110638121552029E+00    0.758429837910198E+00
    0.552960000000000E+03    0.160975096582888E+00    0.758430743988885E+00
    0.559220000000000E+03    0.335386770411969E+01    0.758816633877981E+00
    0.559240000000000E+03    0.340422026380634E+01    0.758817934039049E+00
    0.565500000000000E+03    0.313269683246290E+00    0.758470728100814E+00
    0.565520000000000E+03    0.363606348685607E+00    0.758473739772504E+00
    0.571780000000000E+03    0.355747564853732E+01    0.758689210420327E+00
    0.571800000000000E+03    0.360783333240079E+01    0.758694643525607E+00
    0.578060000000000E+03    0.518812150860413E+00    0.758671689392806E+00
    0.578080000000000E+03    0.569159151279564E+00    0.758676150950165E+00
    0.584340000000000E+03    0.376488317522308E+01    0.759013711912655E+00
    0.584360000000000E+03    0.381524353293275E+01    0.759016333470040E+00
    0.590620000000000E+03    0.725916044234509E+00    0.758727831958756E+00
    0.590640000000000E+03    0.776265122007771E+00    0.758733292094536E+00
    0.596920000000000E+03    0.402275848841032E+01    0.759048862701458E+00
    0.596940000000000E+03    0.407312049313850E+01    0.759051306587327E+00
    0.603200000000000E+03    0.983920389336390E+00    0.758834265885466E+00
    0.603220000000000E+03    0.103427386947305E+01    0.758839627732926E+00
    0.609480000000000E+03    0.423068361831156E+01    0.759057160295679E+00
    0.609500000000000E+03    0.428104556714288E+01    0.759058787966297E+00
    0.615760000000000E+03    0.119173806640629E+01    0.758909753767800E+00
    0.615780000000000E+03    0.124209443179461E+01    0.758914359048713E+00
    0.622040000000000E+03    0.443858968577797E+01    0.759039895317454E+00
    0.622060000000000E+03    0.448895061734038E+01    0.759039821952141E+00
    0.628320000000000E+03    0.139913468277314E+01    0.758949358240509E+00
    0.628340000000000E+03    0.144949181513948E+01    0.758952280590467E+00
    0.634620000000000E+03    0.469604174220513E+01    0.758984180977986E+00
    0.634640000000000E+03    0.474640109460506E+01    0.758982445389564E+00
    0.640900000000000E+03    0.165652004948106E+01    0.758985473138044E+00
    0.640920000000000E+03    0.170687954535401E+01    0.758986827878558E+00
    0.647180000000000E+03    0.490294120346312E+01    0.758922744890912E+00
    0.647200000000000E+03    0.495329731124548E+01    0.758918648590976E+00
    0.653460000000000E+03    0.186312850471563E+01    0.758986208352182E+00
    0.653480000000000E+03    0.191348793101247E+01    0.758985797169334E+00
    0.659740000000000E+03    0.510929160884075E+01    0.758854271910052E+00
    0.659760000000000E+03    0.515964572310168E+01    0.758849505799026E+00
    0.666020000000000E+03    0.206970696470785E+01    0.759007406430743E+00
    0.666040000000000E+03    0.212006759972087E+01    0.759005767897181E+00
    0.672320000000000E+03    0.536625821624602E+01    0.758777786728846E+00
    0.672340000000000E+03    0.541660933916569E+01    0.758772260296045E+00
    0.678600000000000E+03    0.232696821884815E+01    0.758996903619976E+00
    0.678620000000000E+03    0.237732911504668E+01    0.758994499246307E+00
    0.684880000000000E+03    0.557327676947671E+01    0.758730330283188E+00
    0.684900000000000E+03    0.562362569307948E+01    0.758724999832620E+00
    0.691160000000000E+03    0.253439508545011E+01    0.759013749561532E+00
    0.691180000000000E+03    0.258475585491487E+01    0.759011195753415E+00
    0.697440000000000E+03    0.578054129505790E+01    0.758672091431041E+00
    0.697460000000000E+03    0.583088793680986E+01    0.758667755233095E+00
    0.703720000000000E+03    0.274166169926730E+01    0.758984062643321E+00
    0.703740000000000E+03    0.279202053878589E+01    0.758982161144943E+00
    0.710000000000000E+03    0.598700846426141E+01    0.758579574512772E+00
    0.710020000000000E+03    0.603735124728451E+01    0.758576962096277E+00
    0.716300000000000E+03    0.299839336809305E+01    0.758931513603411E+00
    0.716320000000000E+03    0.304875038238265E+01    0.758930626711919E+00
    0.722580000000000E+03    0.624312240810559E+01    0.758545573467115E+00
    0.722600000000000E+03    0.102785689689426E-01    0.758545001440635E+00
    0.728860000000000E+03    0.320453847386648E+01    0.758926807277293E+00
    0.728880000000000E+03    0.325489547637721E+01    0.758927179922205E+00
    0.735140000000000E+03    0.165858632033405E+00    0.758559621549142E+00
    0.735160000000000E+03    0.216201203002356E+00    0.758561473464159E+00
    0.741420000000000E+03    0.341105659570417E+01    0.758960381277991E+00
    0.741440000000000E+03    0.346141510996745E+01    0.758962042448556E+00
    0.747700000000000E+03    0.372322378790841E+00    0.758606137746334E+00
    0.747720000000000E+03    0.422666620468362E+00    0.758609631634430E+00
    0.754000000000000E+03    0.366802283711490E+01    0.758972410937221E+00
    0.754020000000000E+03    0.371838164591804E+01    0.758974901308822E+00
    0.760280000000000E+03    0.629021509108497E+00    0.758673788664784E+00
    0.760300000000000E+03    0.679369034576666E+00    0.758678777602445E+00
    0.766560000000000E+03    0.387525416055223E+01    0.759029269622610E+00
    0.766580000000000E+03    0.392561583651582E+01    0.759031904920053E+00
    0.772840000000000E+03    0.836535754972601E+00    0.758776377942079E+00
    0.772860000000000E+03    0.886886997801412E+00    0.758781874172718E+00
    0.779120000000000E+03    0.408302628972865E+01    0.759038982996485E+00
    0.779140000000000E+03    0.413338737102094E+01    0.759041110308311E+00
    0.785400000000000E+03    0.104382983225946E+01    0.758840295407841E+00
    0.785420000000000E+03    0.109418364270050E+01    0.758845460510503E+00
    0.791700000000000E+03    0.434149561050117E+01    0.759129931939034E+00
    0.791720000000000E+03    0.439186089266423E+01    0.759131553929559E+00
    0.797980000000000E+03    0.130225527454809E+01    0.758899308201888E+00
    0.798000000000000E+03    0.135261130811296E+01    0.758903328448785E+00
    0.804260000000000E+03    0.454879442227320E+01    0.759001694005638E+00
    0.804280000000000E+03    0.459915431745981E+01    0.759000972671380E+00
    0.810540000000000E+03    0.150901964623131E+01    0.758940870526167E+00
    0.810560000000000E+03    0.155937684117362E+01    0.758943094517002E+00
    0.816820000000000E+03    0.475529263628641E+01    0.758945976641650E+00
    0.816840000000000E+03    0.480565049982988E+01    0.758943588458798E+00
    0.823100000000000E+03    0.171554703526454E+01    0.758977653428423E+00
    0.823120000000000E+03    0.176590653877793E+01    0.758978471847752E+00
    0.829400000000000E+03    0.501228790838377E+01    0.758887103051733E+00
    0.829420000000000E+03    0.506264337474477E+01    0.758882984431528E+00
    0.835680000000000E+03    0.197222454941539E+01    0.758971396263320E+00
    0.835700000000000E+03    0.202258340922117E+01    0.758970462839566E+00
    0.841960000000000E+03    0.521810774964752E+01    0.758787908400994E+00
    0.841980000000000E+03    0.526845948929349E+01    0.758782664815263E+00
    0.848240000000000E+03    0.217831810033704E+01    0.758969236359988E+00
    0.848260000000000E+03    0.222867799259484E+01    0.758967223242595E+00
    0.854520000000000E+03    0.542440810355720E+01    0.758746329792169E+00
    0.854540000000000E+03    0.547475783774280E+01    0.758740761143831E+00
    0.860800000000000E+03    0.238512146841322E+01    0.758995162768840E+00
    0.860820000000000E+03    0.243548269263238E+01    0.758992621403773E+00
    0.867080000000000E+03    0.563135565387665E+01    0.758664103326556E+00
    0.867100000000000E+03    0.568170446208705E+01    0.758659274625490E+00
    0.873380000000000E+03    0.264320750098932E+01    0.759025037326169E+00
    0.873400000000000E+03    0.269356845729544E+01    0.759022622912565E+00
    0.879660000000000E+03    0.588933628327413E+01    0.758660546208596E+00
    0.879680000000000E+03    0.593968209085097E+01    0.758656916715825E+00
    0.885940000000000E+03    0.285090350971404E+01    0.759000654047024E+00
    0.885960000000000E+03    0.290126342429357E+01    0.758999022249196E+00
    0.892220000000000E+03    0.609669763037709E+01    0.758624186547984E+00
    0.892240000000000E+03    0.614704280459819E+01    0.758622485487905E+00
    0.898500000000000E+03    0.305878582303467E+01    0.758996843390220E+00
    0.898520000000000E+03    0.310914573376522E+01    0.758996416935028E+00
    0.904780000000000E+03    0.213026127303237E-01    0.758619496431275E+00
    0.904800000000000E+03    0.716487612403398E-01    0.758620449271092E+00
    0.911080000000000E+03    0.331757964537019E+01    0.759029423396062E+00
    0.911100000000000E+03    0.336794069581401E+01    0.759030351809561E+00
    0.917360000000000E+03    0.279913144201146E+00    0.758654657466933E+00
    0.917380000000000E+03    0.330259129952083E+00    0.758657251417958E+00
    0.923640000000000E+03    0.352623524041337E+01    0.759049544606242E+00
    0.923660000000000E+03    0.357659716973103E+01    0.759051555622682E+00
    0.929920000000000E+03    0.488400994801395E+00    0.758712260148410E+00
    0.929940000000000E+03    0.538749319002818E+00    0.758716727748253E+00
    0.936200000000000E+03    0.373525215363634E+01    0.759081439109369E+00
    0.936220000000000E+03    0.378561543524984E+01    0.759084041262338E+00
    0.942480000000000E+03    0.697277860429494E+00    0.758789865399084E+00
    0.942500000000000E+03    0.747628487999009E+00    0.758795155034203E+00
    0.948780000000000E+03    0.399481003065921E+01    0.759107400357588E+00
    0.948800000000000E+03    0.404517458057535E+01    0.759109882374386E+00
    0.955060000000000E+03    0.956937829093476E+00    0.758893397550066E+00
    0.955080000000000E+03    0.100729423782241E+01    0.758898668535010E+00
    0.961340000000000E+03    0.420480595543950E+01    0.759140991423099E+00
    0.961360000000000E+03    0.425517179418694E+01    0.759142706599173E+00
    0.967620000000000E+03    0.116686936246197E+01    0.758978991570219E+00
    0.967640000000000E+03    0.121722830303497E+01    0.758983763143450E+00
    0.973900000000000E+03    0.441487592483645E+01    0.759138228267331E+00
    0.973920000000000E+03    0.446524182857684E+01    0.759138469443291E+00
    0.980180000000000E+03    0.137703681996663E+01    0.759056209030066E+00
    0.980200000000000E+03    0.142739915854236E+01    0.759059653063725E+00
    0.986480000000000E+03    0.467566758140447E+01    0.759119849936109E+00
    0.986500000000000E+03    0.472603266408669E+01    0.759118284970461E+00
    0.992760000000000E+03    0.163786479505734E+01    0.759113965523114E+00
    0.992780000000000E+03    0.168822941544704E+01    0.759115480163701E+00
    0.999040000000000E+03    0.488605450867453E+01    0.759070404320738E+00
    0.999060000000000E+03    0.493641729169849E+01    0.759067122358609E+00
    0.100532000000000E+04    0.184818926217395E+01    0.759142919404221E+00
    0.100534000000000E+04    0.189855521546588E+01    0.759142707241064E+00
    0.101160000000000E+04    0.509624351574303E+01    0.758995150702291E+00
    0.101162000000000E+04    0.514660332122685E+01    0.758990526932409E+00
    0.101788000000000E+04    0.205825850285783E+01    0.759137656550463E+00
    0.101790000000000E+04    0.210862418384204E+01    0.759135864130391E+00
    0.102416000000000E+04    0.530591940192380E+01    0.758899834627971E+00
    0.102418000000000E+04    0.535627529615840E+01    0.758894447397872E+00
    0.103046000000000E+04    0.231817286289015E+01    0.759103923161930E+00
    0.103048000000000E+04    0.236853687430903E+01    0.759101466601918E+00
    0.103674000000000E+04    0.556541002637550E+01    0.758813790736334E+00
    0.103676000000000E+04    0.561576253237945E+01    0.758808469145318E+00
    0.104302000000000E+04    0.252766083844972E+01    0.759085998417848E+00
    0.104304000000000E+04    0.257802608899692E+01    0.759083546902094E+00
    0.104930000000000E+04    0.577509777308705E+01    0.758775224983666E+00
    0.104932000000000E+04    0.582544905340137E+01    0.758770897048802E+00
    0.105558000000000E+04    0.273786912391142E+01    0.759104807355856E+00
    0.105560000000000E+04    0.278823313053272E+01    0.759102728166901E+00
    0.106186000000000E+04    0.598500273911304E+01    0.758735325338671E+00
    0.106188000000000E+04    0.603535225290170E+01    0.758732620245261E+00
    0.106816000000000E+04    0.299867219380349E+01    0.759111543412566E+00
    0.106818000000000E+04    0.304903663669847E+01    0.759110629430475E+00
    0.107444000000000E+04    0.624572363717152E+01    0.758730280398362E+00
    0.107446000000000E+04    0.128873635676428E-01    0.758729767938414E+00
    0.108072000000000E+04    0.320943497120470E+01    0.759112312601856E+00
    0.108074000000000E+04    0.325979936149179E+01    0.759112686621438E+00
    0.108700000000000E+04    0.173012593817930E+00    0.758742958899218E+00
    0.108702000000000E+04    0.223362390514922E+00    0.758744774603934E+00
    0.109328000000000E+04    0.342051261798952E+01    0.759143891408217E+00
    0.109330000000000E+04    0.347087837127538E+01    0.759145481675259E+00
    0.109956000000000E+04    0.384031140600655E+00    0.758796834140720E+00
    0.109958000000000E+04    0.434383250954397E+00    0.758800447816002E+00
    0.110586000000000E+04    0.368236859610261E+01    0.759164374447802E+00
    0.110588000000000E+04    0.373273510970421E+01    0.759166935368942E+00
    0.111214000000000E+04    0.645524612853478E+00    0.758848147801754E+00
    0.111216000000000E+04    0.695878201970572E+00    0.758853110580257E+00
    0.111842000000000E+04    0.389359704037724E+01    0.759175072476926E+00
    0.111844000000000E+04    0.394396528972584E+01    0.759177477285993E+00
    0.112470000000000E+04    0.856922734756608E+00    0.758950463193290E+00
    0.112472000000000E+04    0.907280820177675E+00    0.758955911226170E+00
    0.113098000000000E+04    0.410560031704699E+01    0.759219612928765E+00
    0.113100000000000E+04    0.415596929482672E+01    0.759221700758316E+00
    0.113726000000000E+04    0.106882978229032E+01    0.759032187109927E+00
    0.113728000000000E+04    0.111919113858767E+01    0.759037281155552E+00
    0.114354000000000E+04    0.431771737855661E+01    0.759222195701796E+00
    0.114356000000000E+04    0.436808620515831E+01    0.759223188992474E+00
    0.114984000000000E+04    0.133123166199493E+01    0.759116962596048E+00
    0.114986000000000E+04    0.138159665187095E+01    0.759120828022968E+00
