    0.000000000000000E+00    0.190000000000000E+01    0.820000000000000E+00
    0.200000000000000E-01    0.195279998853660E+01    0.819999370130467E+00
    0.630000000000000E+01    0.596484815565179E+01    0.819664920510908E+00
    0.632000000000000E+01    0.601763601462764E+01    0.819661749171677E+00
    0.125800000000000E+02    0.369308370373834E+01    0.819975773776875E+00
    0.126000000000000E+02    0.374588284073532E+01    0.819978287542944E+00
    0.188600000000000E+02    0.142078724003790E+01    0.819952269136470E+00
    0.188800000000000E+02    0.147358574388276E+01    0.819955376054588E+00
    0.251400000000000E+02    0.543335704742839E+01    0.819811296562452E+00
    0.251600000000000E+02    0.548614936109304E+01    0.819805819935734E+00
    0.314200000000000E+02    0.316106801880387E+01    0.819963675377830E+00
    0.314400000000000E+02    0.321386599179020E+01    0.819963973414656E+00
    0.377000000000000E+02    0.888700429293465E+00    0.819799036155082E+00
    0.377200000000000E+02    0.941491926572851E+00    0.819804458451463E+00
    0.440000000000000E+02    0.495378331509460E+01    0.819926879611586E+00
    0.440200000000000E+02    0.500658075151094E+01    0.819923222857000E+00
    0.502800000000000E+02    0.268122800621069E+01    0.819969799902199E+00
    0.503000000000000E+02    0.273402541376797E+01    0.819967685696704E+00
    0.565600000000000E+02    0.408973268093348E+00    0.819669765351234E+00
    0.565800000000000E+02    0.461759213768488E+00    0.819673433689761E+00
    0.628400000000000E+02    0.442045384948079E+01    0.819952160215874E+00
    0.628600000000000E+02    0.447325188110344E+01    0.819952401308705E+00
    0.691200000000000E+02    0.214656327568352E+01    0.819892303619462E+00
    0.691400000000000E+02    0.219935943675495E+01    0.819889952385810E+00
    0.754000000000000E+02    0.615674916709031E+01    0.819520716426799E+00
    0.754200000000000E+02    0.620952991031700E+01    0.819519534873150E+00
    0.817000000000000E+02    0.393641937511649E+01    0.819883596834278E+00
    0.817200000000000E+02    0.398921516524163E+01    0.819886193345332E+00
    0.879800000000000E+02    0.166270856310314E+01    0.819888526605290E+00
    0.880000000000000E+02    0.171550431326315E+01    0.819889881731519E+00
    0.942600000000000E+02    0.567383854741681E+01    0.819635936315124E+00
    0.942800000000000E+02    0.572662387885023E+01    0.819630970894715E+00
    0.100540000000000E+03    0.340040652250866E+01    0.819852515596081E+00
    0.100560000000000E+03    0.345320029441115E+01    0.819854025046103E+00
    0.106820000000000E+03    0.112649869830170E+01    0.819753805739462E+00
    0.106840000000000E+03    0.117928845022874E+01    0.819758733515226E+00
    0.113100000000000E+03    0.513749605244260E+01    0.819756007657526E+00
    0.113120000000000E+03    0.519028719782045E+01    0.819751124282122E+00
    0.119400000000000E+03    0.291679476257514E+01    0.819873605849250E+00
    0.119420000000000E+03    0.296958989360485E+01    0.819872384378167E+00
    0.125680000000000E+03    0.643689495119816E+00    0.819643488001848E+00
    0.125700000000000E+03    0.696475014066493E+00    0.819648704120335E+00
    0.131960000000000E+03    0.465497195084561E+01    0.819911497220779E+00
    0.131980000000000E+03    0.470776871080704E+01    0.819909978538996E+00
    0.138240000000000E+03    0.238159966240056E+01    0.819923043372447E+00
    0.138260000000000E+03    0.243439652118076E+01    0.819920447213269E+00
    0.144520000000000E+03    0.109055424890471E+00    0.819572656727528E+00
    0.144540000000000E+03    0.161838301364412E+00    0.819573720476441E+00
    0.150800000000000E+03    0.411994520080913E+01    0.819930105824652E+00
    0.150820000000000E+03    0.417274230585889E+01    0.819932123687084E+00
    0.157080000000000E+03    0.184627734250017E+01    0.819913933274930E+00
    0.157100000000000E+03    0.189907400398374E+01    0.819913704867296E+00
    0.163380000000000E+03    0.591003126044922E+01    0.819594467600691E+00
    0.163400000000000E+03    0.596281526346934E+01    0.819590989030198E+00
    0.169660000000000E+03    0.363709869547893E+01    0.819887830257819E+00
    0.169680000000000E+03    0.368989403122248E+01    0.819890211270609E+00
    0.175940000000000E+03    0.136344192867932E+01    0.819845433367862E+00
    0.175960000000000E+03    0.141623583526734E+01    0.819849038267732E+00
    0.182220000000000E+03    0.537478226335173E+01    0.819735904333376E+00
    0.182240000000000E+03    0.542757182502817E+01    0.819730451398266E+00
    0.188500000000000E+03    0.310170155863756E+01    0.819887201980893E+00
    0.188520000000000E+03    0.315449712395935E+01    0.819887049060777E+00
    0.194780000000000E+03    0.828601071788967E+00    0.819719283859100E+00
    0.194800000000000E+03    0.881389389605943E+00    0.819724678437966E+00
    0.201080000000000E+03    0.489253367848426E+01    0.819862182055898E+00
    0.201100000000000E+03    0.494532760805521E+01    0.819858370817025E+00
    0.207360000000000E+03    0.261835703781469E+01    0.819831230812030E+00
    0.207380000000000E+03    0.267115000826936E+01    0.819828693842600E+00
    0.213640000000000E+03    0.344486414353355E+00    0.819532187685494E+00
    0.213660000000000E+03    0.397265727361628E+00    0.819535254216522E+00
    0.219920000000000E+03    0.435399272892903E+01    0.819823269942482E+00
    0.219940000000000E+03    0.440678472141485E+01    0.819823835833222E+00
    0.226200000000000E+03    0.208131916842001E+01    0.820214220741133E+00
    0.226220000000000E+03    0.213412657778076E+01    0.820219015962635E+00
    0.232480000000000E+03    0.609614948619912E+01    0.819883126136912E+00
    0.232500000000000E+03    0.614894470096510E+01    0.819881352656633E+00
    0.238780000000000E+03    0.388010299542452E+01    0.820220386482635E+00
    0.238800000000000E+03    0.393291128049725E+01    0.820223002503273E+00
    0.245060000000000E+03    0.161032772186411E+01    0.820199299739433E+00
    0.245080000000000E+03    0.166313585541991E+01    0.820201008214746E+00
    0.251340000000000E+03    0.562552424301953E+01    0.819979724907769E+00
    0.251360000000000E+03    0.567832332917953E+01    0.819974588399564E+00
    0.257620000000000E+03    0.335648794716997E+01    0.820196025526128E+00
    0.257640000000000E+03    0.340929638571583E+01    0.820197999319089E+00
    0.263900000000000E+03    0.108753489865035E+01    0.820130789791379E+00
    0.263920000000000E+03    0.114034157611991E+01    0.820135332251568E+00
    0.270180000000000E+03    0.510372425149103E+01    0.820195034225094E+00
    0.270200000000000E+03    0.515653213956909E+01    0.820190341276238E+00
    0.276480000000000E+03    0.288804452389547E+01    0.820266608863152E+00
    0.276500000000000E+03    0.294085497974834E+01    0.820265163729791E+00
    0.282760000000000E+03    0.619775112403772E+00    0.820027188611120E+00
    0.282780000000000E+03    0.672576199368223E+00    0.820032178351656E+00
    0.289040000000000E+03    0.463589914951262E+01    0.820295626209623E+00
    0.289060000000000E+03    0.468871124844236E+01    0.820294298225566E+00
    0.295320000000000E+03    0.236730646842977E+01    0.820300766945384E+00
    0.295340000000000E+03    0.242011859257445E+01    0.820297994287029E+00
    0.301600000000000E+03    0.994218635149764E-01    0.819938741047975E+00
    0.301620000000000E+03    0.152218984475780E+00    0.819939800238795E+00
    0.307880000000000E+03    0.411467458104801E+01    0.820292853722773E+00
    0.307900000000000E+03    0.416748529528581E+01    0.820294789009568E+00
    0.314160000000000E+03    0.184528632883814E+01    0.820247926732401E+00
    0.314180000000000E+03    0.189809621098198E+01    0.820247312944878E+00
    0.320460000000000E+03    0.591311242279369E+01    0.819917863181461E+00
    0.320480000000000E+03    0.596590908879568E+01    0.819914306561927E+00
    0.326740000000000E+03    0.364428609425613E+01    0.820213249109682E+00
    0.326760000000000E+03    0.369709465656933E+01    0.820215664484958E+00
    0.333020000000000E+03    0.137480534725557E+01    0.820177340693581E+00
    0.333040000000000E+03    0.142761262844499E+01    0.820180841870950E+00
    0.339300000000000E+03    0.539035721798757E+01    0.820064015986603E+00
    0.339320000000000E+03    0.544316001961693E+01    0.820058573182544E+00
    0.345580000000000E+03    0.312134844158822E+01    0.820210592095453E+00
    0.345600000000000E+03    0.317415668026945E+01    0.820210527928522E+00
    0.351860000000000E+03    0.852203109370748E+00    0.820046787289364E+00
    0.351880000000000E+03    0.905004753170829E+00    0.820052282630658E+00
    0.358160000000000E+03    0.492058173888086E+01    0.820198394616297E+00
    0.358180000000000E+03    0.497339004141861E+01    0.820194868309615E+00
    0.364440000000000E+03    0.265161260516265E+01    0.820244958574835E+00
    0.364460000000000E+03    0.270442312748241E+01    0.820242682328552E+00
    0.370720000000000E+03    0.383450753303691E+00    0.819962145724555E+00
    0.370740000000000E+03    0.436249293723677E+00    0.819965605033402E+00
    0.377000000000000E+03    0.439909221572600E+01    0.820301177979449E+00
    0.377020000000000E+03    0.445190440588328E+01    0.820301606694349E+00
    0.383280000000000E+03    0.213039432687083E+01    0.820314290991264E+00
    0.383300000000000E+03    0.218320713583478E+01    0.820312403686394E+00
    0.389560000000000E+03    0.614619496261776E+01    0.819960022842398E+00
    0.389580000000000E+03    0.619899318991338E+01    0.819958758768040E+00
    0.395860000000000E+03    0.393125514414646E+01    0.820310012072397E+00
    0.395880000000000E+03    0.398406773892111E+01    0.820312660793093E+00
    0.402140000000000E+03    0.166267614500862E+01    0.820290218191440E+00
    0.402160000000000E+03    0.171548778536862E+01    0.820291464918748E+00
    0.408420000000000E+03    0.567863062299762E+01    0.820028391143113E+00
    0.408440000000000E+03    0.573143140436196E+01    0.820023451625674E+00
    0.414700000000000E+03    0.341029755729801E+01    0.820261937475790E+00
    0.414720000000000E+03    0.346310792530130E+01    0.820263430745076E+00
    0.420980000000000E+03    0.114172349398609E+01    0.820175175713468E+00
    0.421000000000000E+03    0.119453040395206E+01    0.820179956658293E+00
    0.427260000000000E+03    0.515729487675003E+01    0.820126215460388E+00
    0.427280000000000E+03    0.521009985249520E+01    0.820121255302816E+00
    0.433540000000000E+03    0.288803045820714E+01    0.820210357593114E+00
    0.433560000000000E+03    0.294083792905280E+01    0.820209356025681E+00
    0.439840000000000E+03    0.671610732227919E+00    0.819962148880121E+00
    0.439860000000000E+03    0.724408997903311E+00    0.819967201130211E+00
    0.446120000000000E+03    0.468660018015953E+01    0.820209370897656E+00
    0.446140000000000E+03    0.473940864859583E+01    0.820207597916935E+00
    0.452400000000000E+03    0.241702962590762E+01    0.820227203540458E+00
    0.452420000000000E+03    0.246983914051179E+01    0.820224621824894E+00
    0.458680000000000E+03    0.148427108526448E+00    0.819883443479409E+00
    0.458700000000000E+03    0.201222290020723E+00    0.819884929799825E+00
    0.464960000000000E+03    0.416314557371106E+01    0.820243047727086E+00
    0.464980000000000E+03    0.421595535159827E+01    0.820244900568082E+00
    0.471240000000000E+03    0.189380767769308E+01    0.820268301890632E+00
    0.471260000000000E+03    0.194661873373775E+01    0.820267595607310E+00
    0.477540000000000E+03    0.596216558373999E+01    0.819946182922002E+00
    0.477560000000000E+03    0.601496478495551E+01    0.819942992592448E+00
    0.483820000000000E+03    0.369377248540536E+01    0.820251315929179E+00
    0.483840000000000E+03    0.374658217743604E+01    0.820253835643204E+00
    0.490100000000000E+03    0.142484314659282E+01    0.820192105009358E+00
    0.490120000000000E+03    0.147765372876574E+01    0.820194696582193E+00
    0.496380000000000E+03    0.544122791950053E+01    0.820119836174726E+00
    0.496400000000000E+03    0.549403267219554E+01    0.820114366298842E+00
    0.502660000000000E+03    0.317354890453066E+01    0.820305476856065E+00
    0.502680000000000E+03    0.322636140296413E+01    0.820305925607508E+00
    0.508940000000000E+03    0.906136550752763E+00    0.820203864303007E+00
    0.508960000000000E+03    0.958944815746463E+00    0.820209307472366E+00
    0.515240000000000E+03    0.497615654578453E+01    0.820323806173674E+00
    0.515260000000000E+03    0.502896946436636E+01    0.820319974764413E+00
    0.521520000000000E+03    0.270866932179865E+01    0.820371053219332E+00
    0.521540000000000E+03    0.276148426589134E+01    0.820368858354398E+00
    0.527800000000000E+03    0.442005426441710E+00    0.820104626749878E+00
    0.527820000000000E+03    0.494809650385832E+00    0.820108521478676E+00
    0.534080000000000E+03    0.445956057884473E+01    0.820440736334823E+00
    0.534100000000000E+03    0.451237869858414E+01    0.820440573518395E+00
    0.540360000000000E+03    0.219271058005666E+01    0.820456762645417E+00
    0.540380000000000E+03    0.224552914436254E+01    0.820454633809590E+00
    0.546640000000000E+03    0.621023851423274E+01    0.820098852096916E+00
    0.546660000000000E+03    0.626304227403284E+01    0.820098205843384E+00
    0.552940000000000E+03    0.399714444041979E+01    0.820457039073344E+00
    0.552960000000000E+03    0.404996277790929E+01    0.820459556077758E+00
    0.559220000000000E+03    0.173041739962855E+01    0.820448552522244E+00
    0.559240000000000E+03    0.178323537248139E+01    0.820449320529517E+00
    0.565500000000000E+03    0.574816910289564E+01    0.820167053704735E+00
    0.565520000000000E+03    0.580097530520766E+01    0.820162557245351E+00
    0.571780000000000E+03    0.348161285258675E+01    0.820410637063660E+00
    0.571800000000000E+03    0.353442849717476E+01    0.820412587884798E+00
    0.578060000000000E+03    0.121452459148372E+01    0.820321780960103E+00
    0.578080000000000E+03    0.126733761613127E+01    0.820326241043637E+00
    0.584340000000000E+03    0.523276171668044E+01    0.820360139499328E+00
    0.584360000000000E+03    0.528557141619558E+01    0.820355946311101E+00
    0.590620000000000E+03    0.296572390913798E+01    0.820334646610178E+00
    0.590640000000000E+03    0.301854111770558E+01    0.820334344366603E+00
    0.596920000000000E+03    0.752040619937134E+00    0.820204640152608E+00
    0.596940000000000E+03    0.804849420866503E+00    0.820209972898408E+00
    0.603200000000000E+03    0.476998219678717E+01    0.820415627950407E+00
    0.603220000000000E+03    0.482279903264953E+01    0.820413232658595E+00
    0.609480000000000E+03    0.250307902907639E+01    0.820439014089809E+00
    0.609500000000000E+03    0.255589673267332E+01    0.820436406895401E+00
    0.615760000000000E+03    0.237251716432183E+00    0.820124828100926E+00
    0.615780000000000E+03    0.290056641539195E+00    0.820127080076574E+00
    0.622040000000000E+03    0.425506526923459E+01    0.820478911864743E+00
    0.622060000000000E+03    0.430788431102656E+01    0.820480309191531E+00
    0.628320000000000E+03    0.198848617028762E+01    0.820483105655676E+00
    0.628340000000000E+03    0.204130587253235E+01    0.820481906779670E+00
    0.634620000000000E+03    0.605942158396351E+01    0.820145565983761E+00
    0.634640000000000E+03    0.611222738236575E+01    0.820143216866641E+00
    0.640900000000000E+03    0.379374896889794E+01    0.820469875117954E+00
    0.640920000000000E+03    0.384656730182655E+01    0.820472590892887E+00
    0.647180000000000E+03    0.152748598570338E+01    0.820422442376964E+00
    0.647200000000000E+03    0.158030574699546E+01    0.820424285253888E+00
    0.653460000000000E+03    0.554647252697578E+01    0.820295217394749E+00
    0.653480000000000E+03    0.559928430967443E+01    0.820289875112775E+00
    0.659740000000000E+03    0.328099014840404E+01    0.820485221794760E+00
    0.659760000000000E+03    0.333380941782139E+01    0.820486106642960E+00
    0.666020000000000E+03    0.101525485995103E+01    0.820369939870995E+00
    0.666040000000000E+03    0.106806984290279E+01    0.820375177270449E+00
    0.672320000000000E+03    0.508715230499661E+01    0.820430674466599E+00
    0.672340000000000E+03    0.513996948752811E+01    0.820426176396185E+00
    0.678600000000000E+03    0.282125563983050E+01    0.820495040058358E+00
    0.678620000000000E+03    0.287407514487745E+01    0.820493271578937E+00
    0.684880000000000E+03    0.555847504226904E+00    0.820240626895782E+00
    0.684900000000000E+03    0.608656897416495E+00    0.820245277319008E+00
    0.691160000000000E+03    0.457480128722705E+01    0.820527347492525E+00
    0.691180000000000E+03    0.462762368860172E+01    0.820525949688960E+00
    0.697440000000000E+03    0.230939609675033E+01    0.820569319386006E+00
    0.697460000000000E+03    0.236221913029181E+01    0.820566850690820E+00
    0.703720000000000E+03    0.451429972206370E-01    0.820214889395294E+00
    0.703740000000000E+03    0.979514733649012E-01    0.820215480413882E+00
    0.710000000000000E+03    0.406396341854975E+01    0.820568984127211E+00
    0.710020000000000E+03    0.411678571439779E+01    0.820571164675573E+00
    0.716300000000000E+03    0.185130191425060E+01    0.820565354292300E+00
    0.716320000000000E+03    0.190412473806646E+01    0.820565237098064E+00
    0.722580000000000E+03    0.587059820631089E+01    0.820256043832983E+00
    0.722600000000000E+03    0.592340833266462E+01    0.820252210287189E+00
    0.728860000000000E+03    0.360566659891151E+01    0.820524751684236E+00
    0.728880000000000E+03    0.365848759581286E+01    0.820527068932492E+00
    0.735140000000000E+03    0.134009517347931E+01    0.820464731977958E+00
    0.735160000000000E+03    0.139291376207120E+01    0.820468379910087E+00
    0.741420000000000E+03    0.535908470676509E+01    0.820348617539426E+00
    0.741440000000000E+03    0.541189837466550E+01    0.820343113843988E+00
    0.747700000000000E+03    0.309349525900029E+01    0.820490753709708E+00
    0.747720000000000E+03    0.314631503578676E+01    0.820490735191518E+00
    0.754000000000000E+03    0.880898596600446E+00    0.820332308036157E+00
    0.754020000000000E+03    0.933711899402851E+00    0.820337761331539E+00
    0.760280000000000E+03    0.489985769724376E+01    0.820472010218703E+00
    0.760300000000000E+03    0.495267659098818E+01    0.820468673777317E+00
    0.766560000000000E+03    0.263403671967149E+01    0.820506917936234E+00
    0.766580000000000E+03    0.268685733916573E+01    0.820504577013200E+00
    0.772840000000000E+03    0.368964831464609E+00    0.820207938723695E+00
    0.772860000000000E+03    0.421773085549603E+00    0.820211419355578E+00
    0.779120000000000E+03    0.438788389924957E+01    0.820565214728524E+00
    0.779140000000000E+03    0.444070671921509E+01    0.820565637998673E+00
    0.785400000000000E+03    0.212246474891117E+01    0.820570486771675E+00
    0.785420000000000E+03    0.217528824664123E+01    0.820568627923709E+00
    0.791700000000000E+03    0.619424181052500E+01    0.820204044906439E+00
    0.791720000000000E+03    0.624704981690002E+01    0.820203034048130E+00
    0.797980000000000E+03    0.392950991388307E+01    0.820547101002104E+00
    0.798000000000000E+03    0.398233134368820E+01    0.820549663341942E+00
    0.804260000000000E+03    0.166372298148872E+01    0.820522115994482E+00
    0.804280000000000E+03    0.171654392480650E+01    0.820523409430773E+00
    0.810540000000000E+03    0.568261491296244E+01    0.820261737159026E+00
    0.810560000000000E+03    0.573542518093609E+01    0.820256834081471E+00
    0.816820000000000E+03    0.341730451259446E+01    0.820501171442815E+00
    0.816840000000000E+03    0.347012446393910E+01    0.820502741258549E+00
    0.823100000000000E+03    0.115178255399542E+01    0.820422862036195E+00
    0.823120000000000E+03    0.120459945221364E+01    0.820427579653428E+00
    0.829400000000000E+03    0.522355656379386E+01    0.820385180204530E+00
    0.829420000000000E+03    0.527637158151492E+01    0.820379039893462E+00
    0.835680000000000E+03    0.295748184823105E+01    0.820457486098902E+00
    0.835700000000000E+03    0.301030001061872E+01    0.820456378156955E+00
    0.841960000000000E+03    0.691665060521245E+00    0.820246310010075E+00
    0.841980000000000E+03    0.744475058086664E+00    0.820251576648328E+00
    0.848240000000000E+03    0.471012414531651E+01    0.820467433097619E+00
    0.848260000000000E+03    0.476294255286257E+01    0.820465250467032E+00
    0.854520000000000E+03    0.244364997189041E+01    0.820474659760842E+00
    0.854540000000000E+03    0.249646893595673E+01    0.820471991209503E+00
    0.860800000000000E+03    0.178231596450132E+00    0.820143643122246E+00
    0.860820000000000E+03    0.231038203930893E+00    0.820146251438419E+00
    0.867080000000000E+03    0.419642937166236E+01    0.820515668759854E+00
    0.867100000000000E+03    0.424924920660305E+01    0.820517433998574E+00
    0.873380000000000E+03    0.198312543272141E+01    0.820516599164960E+00
    0.873400000000000E+03    0.203594650322475E+01    0.820515580367074E+00
    0.879660000000000E+03    0.600173829156029E+01    0.820188786803098E+00
    0.879680000000000E+03    0.605454596138270E+01    0.820185989677989E+00
    0.885940000000000E+03    0.373648012229023E+01    0.820502098829621E+00
    0.885960000000000E+03    0.378929975333085E+01    0.820504749587722E+00
    0.892220000000000E+03    0.147064460564525E+01    0.820464511592487E+00
    0.892240000000000E+03    0.152346491607750E+01    0.820467047516748E+00
    0.898500000000000E+03    0.548991559590240E+01    0.820326575507724E+00
    0.898520000000000E+03    0.554272895369741E+01    0.820321153998145E+00
    0.904780000000000E+03    0.322451795020015E+01    0.820517280363851E+00
    0.904800000000000E+03    0.327733685059866E+01    0.820518193073848E+00
    0.911080000000000E+03    0.101149772126746E+01    0.820346336948750E+00
    0.911100000000000E+03    0.106431166576431E+01    0.820351648780160E+00
    0.917360000000000E+03    0.503027461918191E+01    0.820435792546409E+00
    0.917380000000000E+03    0.508309200526401E+01    0.820431536064432E+00
    0.923640000000000E+03    0.276446060315766E+01    0.820490691089693E+00
    0.923660000000000E+03    0.281728082309382E+01    0.820488822549969E+00
    0.929920000000000E+03    0.499331266353693E+00    0.820237924179074E+00
    0.929940000000000E+03    0.552140865224374E+00    0.820242219678366E+00
    0.936200000000000E+03    0.451832900812997E+01    0.820533311660597E+00
    0.936220000000000E+03    0.457115201100669E+01    0.820532255421397E+00
    0.942480000000000E+03    0.225303110124150E+01    0.820581859391927E+00
    0.942500000000000E+03    0.230585452768355E+01    0.820579498611455E+00
    0.948780000000000E+03    0.416986063232798E-01    0.820221202053814E+00
    0.948800000000000E+03    0.945072496770081E-01    0.820221469139658E+00
    0.955060000000000E+03    0.406059317283871E+01    0.820580879038823E+00
    0.955080000000000E+03    0.411341646753635E+01    0.820583203401519E+00
    0.961340000000000E+03    0.179535779514981E+01    0.820574293955918E+00
    0.961360000000000E+03    0.184818077938280E+01    0.820574522335015E+00
    0.967620000000000E+03    0.581459171488359E+01    0.820274036647321E+00
    0.967640000000000E+03    0.586740220916226E+01    0.820269935797626E+00
    0.973900000000000E+03    0.354953707793493E+01    0.820509965174404E+00
    0.973920000000000E+03    0.360235748483456E+01    0.820512104428118E+00
    0.980180000000000E+03    0.128389884911076E+01    0.820458074936888E+00
    0.980200000000000E+03    0.133671739700367E+01    0.820462098853263E+00
    0.986480000000000E+03    0.535604852670758E+01    0.820380721461402E+00
    0.986500000000000E+03    0.540886394985682E+01    0.820375316202228E+00
    0.992760000000000E+03    0.309081251962198E+01    0.820510722694385E+00
    0.992780000000000E+03    0.314363296187048E+01    0.820510385482530E+00
    0.999040000000000E+03    0.825786834537666E+00    0.820356253400764E+00
    0.999060000000000E+03    0.878601207494739E+00    0.820361691060056E+00
    0.100532000000000E+04    0.484531906205120E+01    0.820535208138796E+00
    0.100534000000000E+04    0.489814042461921E+01    0.820532196609452E+00
    0.101160000000000E+04    0.258017299121320E+01    0.820554852648306E+00
    0.101162000000000E+04    0.263299513747688E+01    0.820552321882744E+00
    0.101788000000000E+04    0.315493706623784E+00    0.820231725983359E+00
    0.101790000000000E+04    0.368302776843848E+00    0.820234728313144E+00
    0.102416000000000E+04    0.433450890746781E+01    0.820570421534538E+00
    0.102418000000000E+04    0.438733196534895E+01    0.820571210373272E+00
    0.103046000000000E+04    0.212226494074548E+01    0.820608647058973E+00
    0.103048000000000E+04    0.217508931673092E+01    0.820606870829806E+00
    0.103674000000000E+04    0.614170166442818E+01    0.820248583357673E+00
    0.103676000000000E+04    0.619451168693558E+01    0.820247119248202E+00
    0.104302000000000E+04    0.387772379823491E+01    0.820601642264199E+00
    0.104304000000000E+04    0.393054789616417E+01    0.820604323787520E+00
    0.104930000000000E+04    0.161278692714768E+01    0.820584251646638E+00
    0.104932000000000E+04    0.166561033972403E+01    0.820585918407016E+00
    0.105558000000000E+04    0.563266920636761E+01    0.820340396623793E+00
    0.105560000000000E+04    0.568548271760847E+01    0.820335326395845E+00
    0.106186000000000E+04    0.336797964242351E+01    0.820547216479766E+00
    0.106188000000000E+04    0.342080127592772E+01    0.820548596576841E+00
    0.106816000000000E+04    0.115572092437515E+01    0.820456183037465E+00
    0.106818000000000E+04    0.120853939517474E+01    0.820461023993075E+00
    0.107444000000000E+04    0.517543291285256E+01    0.820449931324343E+00
    0.107446000000000E+04    0.522825090675224E+01    0.820444769240191E+00
