    0.000000000000000E+00    0.190000000000000E+01    0.860000000000000E+00
    0.200000000000000E-01    0.195439998878894E+01    0.859999364848994E+00
    0.630000000000000E+01    0.185444958047878E+00    0.859681858443817E+00
    0.632000000000000E+01    0.239833149865916E+00    0.859684146977963E+00
    0.125800000000000E+02    0.469999687781048E+01    0.859994928887894E+00
    0.126000000000000E+02    0.475439668821946E+01    0.859993096470484E+00
    0.188600000000000E+02    0.293033065585902E+01    0.859960578602026E+00
    0.188800000000000E+02    0.298472843937660E+01    0.859959524934137E+00
    0.251400000000000E+02    0.116052690882304E+01    0.859880901751518E+00
    0.251600000000000E+02    0.121492174634649E+01    0.859885527364225E+00
    0.314200000000000E+02    0.567491411137959E+01    0.859739679133406E+00
    0.314400000000000E+02    0.572930377367852E+01    0.859734832908085E+00
    0.377000000000000E+02    0.390552051851286E+01    0.859984793270357E+00
    0.377200000000000E+02    0.395992035643279E+01    0.859987377616732E+00
    0.440000000000000E+02    0.219024744402273E+01    0.859995072874598E+00
    0.440200000000000E+02    0.224464789776876E+01    0.859993066013351E+00
    0.502800000000000E+02    0.421205886545494E+00    0.859719457470372E+00
    0.503000000000000E+02    0.475594673087471E+00    0.859723161359853E+00
    0.565600000000000E+02    0.493605622664685E+01    0.859970491605630E+00
    0.565800000000000E+02    0.499045499799180E+01    0.859966839631061E+00
    0.628400000000000E+02    0.316675444224350E+01    0.859983913392792E+00
    0.628600000000000E+02    0.322115358852383E+01    0.859984150717621E+00
    0.691200000000000E+02    0.139740538482906E+01    0.859969131741643E+00
    0.691400000000000E+02    0.145180383117832E+01    0.859972236159221E+00
    0.754000000000000E+02    0.591212432850574E+01    0.859725957849309E+00
    0.754200000000000E+02    0.596651339268510E+01    0.859722609244590E+00
    0.817000000000000E+02    0.419773230414964E+01    0.860038671106969E+00
    0.817200000000000E+02    0.425213417843312E+01    0.860040436275905E+00
    0.879800000000000E+02    0.242839242187998E+01    0.860016824166541E+00
    0.880000000000000E+02    0.248279182751634E+01    0.860014530435859E+00
    0.942600000000000E+02    0.658952934358183E+00    0.859748448051171E+00
    0.942800000000000E+02    0.713342835512265E+00    0.859753490013634E+00
    0.100540000000000E+03    0.517336585115862E+01    0.859874933515398E+00
    0.100560000000000E+03    0.522776095722969E+01    0.859869957584813E+00
    0.106820000000000E+03    0.340364674057452E+01    0.859939563061940E+00
    0.106840000000000E+03    0.345804428195544E+01    0.859941207905820E+00
    0.113100000000000E+03    0.163359685520896E+01    0.859956452373135E+00
    0.113120000000000E+03    0.168799475960896E+01    0.859957431879818E+00
    0.119400000000000E+03    0.620179717481057E+01    0.859634649381128E+00
    0.119420000000000E+03    0.625618251506194E+01    0.859633641776571E+00
    0.125680000000000E+03    0.443217543501447E+01    0.859973563926854E+00
    0.125700000000000E+03    0.448656270142777E+01    0.859974640048932E+00
    0.131960000000000E+03    0.265881238365040E+01    0.859538932387257E+00
    0.131980000000000E+03    0.271319389402123E+01    0.859536571611043E+00
    0.138240000000000E+03    0.883931850231647E+00    0.859389194054468E+00
    0.138260000000000E+03    0.938309052548107E+00    0.859394458037584E+00
    0.144520000000000E+03    0.539341799371346E+01    0.859401173189457E+00
    0.144540000000000E+03    0.544779395112101E+01    0.859395531734177E+00
    0.150800000000000E+03    0.361833397221142E+01    0.859522436926923E+00
    0.150820000000000E+03    0.367271457630926E+01    0.859525011591143E+00
    0.157080000000000E+03    0.184271800065420E+01    0.859527371482366E+00
    0.157100000000000E+03    0.189709898202204E+01    0.859526881695217E+00
    0.163380000000000E+03    0.122119425641699E+00    0.859195138348985E+00
    0.163400000000000E+03    0.176487156972485E+00    0.859196208861417E+00
    0.169660000000000E+03    0.463033184103796E+01    0.859509205681302E+00
    0.169680000000000E+03    0.468471234770885E+01    0.859507849659002E+00
    0.175940000000000E+03    0.285473088777991E+01    0.859492043343758E+00
    0.175960000000000E+03    0.290911095029992E+01    0.859490602119697E+00
    0.182220000000000E+03    0.107944373225268E+01    0.859415664659613E+00
    0.182240000000000E+03    0.113382047925393E+01    0.859420751843862E+00
    0.188500000000000E+03    0.558821556624287E+01    0.859302754904976E+00
    0.188520000000000E+03    0.564258756039555E+01    0.859297544181313E+00
    0.194780000000000E+03    0.381301305713362E+01    0.859516053302586E+00
    0.194800000000000E+03    0.386739375171976E+01    0.859518716362758E+00
    0.201080000000000E+03    0.209171730316700E+01    0.859524276593463E+00
    0.201100000000000E+03    0.214609825354876E+01    0.859522633902800E+00
    0.207360000000000E+03    0.316384285401796E+00    0.859202252605406E+00
    0.207380000000000E+03    0.370752146901737E+00    0.859205111415344E+00
    0.213640000000000E+03    0.482463332600582E+01    0.859469405127909E+00
    0.213660000000000E+03    0.487901233126388E+01    0.859466581075406E+00
    0.219920000000000E+03    0.304876001839727E+01    0.859456303434282E+00
    0.219940000000000E+03    0.310313794111596E+01    0.859455897620988E+00
    0.226200000000000E+03    0.127271412921789E+01    0.859413800920546E+00
    0.226220000000000E+03    0.132709040707005E+01    0.859417869686154E+00
    0.232480000000000E+03    0.578097325437432E+01    0.859225072374071E+00
    0.232500000000000E+03    0.583534296392565E+01    0.859220882961013E+00
    0.238780000000000E+03    0.406000620480881E+01    0.859526788367184E+00
    0.238800000000000E+03    0.411438751906928E+01    0.859529235152565E+00
    0.245060000000000E+03    0.228459427584050E+01    0.859498619476620E+00
    0.245080000000000E+03    0.233897715580599E+01    0.859496462274263E+00
    0.251340000000000E+03    0.511824838981056E+00    0.858596289951503E+00
    0.251360000000000E+03    0.566193096965435E+00    0.858603409610246E+00
    0.257620000000000E+03    0.502448982391286E+01    0.859974306997959E+00
    0.257640000000000E+03    0.507888878129086E+01    0.859970051597427E+00
    0.263900000000000E+03    0.325531315492890E+01    0.859986429743334E+00
    0.263920000000000E+03    0.330971213085104E+01    0.859987550492905E+00
    0.270180000000000E+03    0.148578583198491E+01    0.859971244114385E+00
    0.270200000000000E+03    0.154018441064761E+01    0.859973571375768E+00
    0.276480000000000E+03    0.605456080831436E+01    0.859688256237081E+00
    0.276500000000000E+03    0.610894810112734E+01    0.859685861509488E+00
    0.282760000000000E+03    0.428543507758764E+01    0.860012507665464E+00
    0.282780000000000E+03    0.433983602796661E+01    0.860013635329932E+00
    0.289040000000000E+03    0.251593002606717E+01    0.859999188201454E+00
    0.289060000000000E+03    0.257033043717377E+01    0.859996600887985E+00
    0.295320000000000E+03    0.746749787889144E+00    0.859806905954216E+00
    0.295340000000000E+03    0.801142287283142E+00    0.859812304023347E+00
    0.301600000000000E+03    0.526185818639181E+01    0.859901609931819E+00
    0.301620000000000E+03    0.531625443353664E+01    0.859896355850793E+00
    0.307880000000000E+03    0.349301394852228E+01    0.860018958125809E+00
    0.307900000000000E+03    0.354741510451186E+01    0.860021688280975E+00
    0.314160000000000E+03    0.172418098063622E+01    0.860059107616274E+00
    0.314180000000000E+03    0.177858384052558E+01    0.860059809427983E+00
    0.320460000000000E+03    0.107271969318390E-01    0.859748296774239E+00
    0.320480000000000E+03    0.651180868831034E-01    0.859748676132802E+00
    0.326740000000000E+03    0.452628263682857E+01    0.860116924765220E+00
    0.326760000000000E+03    0.458068742371540E+01    0.860116436998948E+00
    0.333020000000000E+03    0.275820005305150E+01    0.860100023007766E+00
    0.333040000000000E+03    0.281260401261807E+01    0.860097991166050E+00
    0.339300000000000E+03    0.990320918513476E+00    0.859987664045710E+00
    0.339320000000000E+03    0.104472056548889E+01    0.859993032748555E+00
    0.345580000000000E+03    0.550686545937936E+01    0.859951272283719E+00
    0.345600000000000E+03    0.556126367488184E+01    0.859945899835653E+00
    0.351860000000000E+03    0.373960771529175E+01    0.860157398629994E+00
    0.351880000000000E+03    0.379401403807299E+01    0.860160031732586E+00
    0.358160000000000E+03    0.202659882528781E+01    0.860188027215181E+00
    0.358180000000000E+03    0.208100651768768E+01    0.860186678697236E+00
    0.364440000000000E+03    0.259664883193295E+00    0.859856334318227E+00
    0.364460000000000E+03    0.314059091459853E+00    0.859858706565597E+00
    0.370720000000000E+03    0.477619582615819E+01    0.860139257839976E+00
    0.370740000000000E+03    0.483060127847955E+01    0.860136605555801E+00
    0.377000000000000E+03    0.300841401931825E+01    0.860106786187636E+00
    0.377020000000000E+03    0.306281804935156E+01    0.860106031570725E+00
    0.383280000000000E+03    0.124068632241710E+01    0.860066158177569E+00
    0.383300000000000E+03    0.129508944849704E+01    0.860070442931095E+00
    0.389560000000000E+03    0.575723312399805E+01    0.859879595226389E+00
    0.389580000000000E+03    0.581162873864241E+01    0.859874888859731E+00
    0.395860000000000E+03    0.404405669424978E+01    0.860140258892291E+00
    0.395880000000000E+03    0.409846183110494E+01    0.860142593759519E+00
    0.402140000000000E+03    0.227582111460197E+01    0.860118800234911E+00
    0.402160000000000E+03    0.233022570575963E+01    0.860116366622380E+00
    0.408420000000000E+03    0.508111197713106E+00    0.859855316074726E+00
    0.408440000000000E+03    0.562505481967264E+00    0.859859633904899E+00
    0.414700000000000E+03    0.502447497635399E+01    0.860066124775475E+00
    0.414720000000000E+03    0.507887764753946E+01    0.860061901544572E+00
    0.420980000000000E+03    0.325663085527117E+01    0.860095328430330E+00
    0.421000000000000E+03    0.331103469835466E+01    0.860096211635202E+00
    0.427260000000000E+03    0.148896591594757E+01    0.860132711738101E+00
    0.427280000000000E+03    0.154337183124949E+01    0.860134900196126E+00
    0.433540000000000E+03    0.600575926137708E+01    0.859883059711334E+00
    0.433560000000000E+03    0.606015490210984E+01    0.859880674026016E+00
    0.439840000000000E+03    0.429360135175875E+01    0.860208434360591E+00
    0.439860000000000E+03    0.434800974384802E+01    0.860209676675427E+00
    0.446120000000000E+03    0.252629602627735E+01    0.860171132880059E+00
    0.446140000000000E+03    0.258070250550827E+01    0.860168605584383E+00
    0.452400000000000E+03    0.759107598520359E+00    0.859967871866731E+00
    0.452420000000000E+03    0.813506262730243E+00    0.859973297082642E+00
    0.458680000000000E+03    0.527613795590855E+01    0.860051550333165E+00
    0.458700000000000E+03    0.533054005168333E+01    0.860046230559848E+00
    0.464960000000000E+03    0.350891771768056E+01    0.860155286907896E+00
    0.464980000000000E+03    0.356332350696607E+01    0.860157239368299E+00
    0.471240000000000E+03    0.174147659601704E+01    0.860187220528208E+00
    0.471260000000000E+03    0.179588425995598E+01    0.860187808203633E+00
    0.477540000000000E+03    0.293313754018527E-01    0.859867426850359E+00
    0.477560000000000E+03    0.837260459377376E-01    0.859867572730447E+00
    0.483820000000000E+03    0.454618333135045E+01    0.860209888303910E+00
    0.483840000000000E+03    0.460059204738559E+01    0.860209190403992E+00
    0.490100000000000E+03    0.277923323113373E+01    0.860179944463902E+00
    0.490120000000000E+03    0.283364043094866E+01    0.860177977718983E+00
    0.496380000000000E+03    0.101229902975820E+01    0.860064294907472E+00
    0.496400000000000E+03    0.106670113156451E+01    0.860069505566870E+00
    0.502660000000000E+03    0.552948639917258E+01    0.859998138186708E+00
    0.502680000000000E+03    0.558388634227413E+01    0.859992771036986E+00
    0.508940000000000E+03    0.376278812051828E+01    0.860201637229193E+00
    0.508960000000000E+03    0.381719636762409E+01    0.860204288002740E+00
    0.515240000000000E+03    0.205023954333592E+01    0.860222027100424E+00
    0.515260000000000E+03    0.210464842557644E+01    0.860220638592450E+00
    0.521520000000000E+03    0.283783105722250E+00    0.859905047690548E+00
    0.521540000000000E+03    0.338179203425170E+00    0.859907705860960E+00
    0.527800000000000E+03    0.480107242842473E+01    0.860196826998267E+00
    0.527820000000000E+03    0.485548057048663E+01    0.860194118385357E+00
    0.534080000000000E+03    0.303436202050443E+01    0.860188979819370E+00
    0.534100000000000E+03    0.308876945125735E+01    0.860188367340555E+00
    0.540360000000000E+03    0.126749913693425E+01    0.860149098024091E+00
    0.540380000000000E+03    0.132190489095706E+01    0.860153158924265E+00
    0.546640000000000E+03    0.578454313942370E+01    0.859926314006659E+00
    0.546660000000000E+03    0.583894013178246E+01    0.859922044857700E+00
    0.552940000000000E+03    0.407209735849801E+01    0.860198618062292E+00
    0.552960000000000E+03    0.412650442968379E+01    0.860201193266374E+00
    0.559220000000000E+03    0.230492085856508E+01    0.860204187665081E+00
    0.559240000000000E+03    0.235932922697066E+01    0.860201744852516E+00
    0.565500000000000E+03    0.538474277543855E+00    0.859965754091514E+00
    0.565520000000000E+03    0.592872936438653E+00    0.859970237199471E+00
    0.571780000000000E+03    0.505628201268951E+01    0.860185697592459E+00
    0.571800000000000E+03    0.511068937573737E+01    0.860181286759524E+00
    0.578060000000000E+03    0.329003469639497E+01    0.860222832689856E+00
    0.578080000000000E+03    0.334444349432874E+01    0.860223772447697E+00
    0.584340000000000E+03    0.152375892043437E+01    0.860235322296492E+00
    0.584360000000000E+03    0.157816836265283E+01    0.860237619696698E+00
    0.590620000000000E+03    0.604135602717156E+01    0.859935309737597E+00
    0.590640000000000E+03    0.609575304384703E+01    0.859933169601451E+00
    0.596920000000000E+03    0.432967512750542E+01    0.860250245072360E+00
    0.596940000000000E+03    0.438408527091246E+01    0.860251232303893E+00
    0.603200000000000E+03    0.256304550206755E+01    0.860220976048288E+00
    0.603220000000000E+03    0.261745418815804E+01    0.860218395816596E+00
    0.609480000000000E+03    0.796677921792025E+00    0.860049986518025E+00
    0.609500000000000E+03    0.851080091998710E+00    0.860055447256141E+00
    0.615760000000000E+03    0.531465331565187E+01    0.860114762776980E+00
    0.615780000000000E+03    0.536905814494526E+01    0.860109394536711E+00
    0.622040000000000E+03    0.354840673578815E+01    0.860241050407177E+00
    0.622060000000000E+03    0.360281545994076E+01    0.860243196557513E+00
    0.628320000000000E+03    0.178179047886420E+01    0.860248746745507E+00
    0.628340000000000E+03    0.183620045479506E+01    0.860248750550083E+00
    0.634620000000000E+03    0.703470801338426E-01    0.859925991914161E+00
    0.634640000000000E+03    0.124744074574210E+00    0.859926599374387E+00
    0.640900000000000E+03    0.458828761384825E+01    0.860284089147691E+00
    0.640920000000000E+03    0.464269904622529E+01    0.860283193021941E+00
    0.647180000000000E+03    0.282246473539294E+01    0.860215303449319E+00
    0.647200000000000E+03    0.287687724433954E+01    0.860214109931879E+00
    0.653460000000000E+03    0.105738001367922E+01    0.860230371286325E+00
    0.653480000000000E+03    0.111178968740114E+01    0.860235525348688E+00
    0.659740000000000E+03    0.557659923213578E+01    0.860133663711564E+00
    0.659760000000000E+03    0.563100463636329E+01    0.860128167626758E+00
    0.666020000000000E+03    0.381151152649386E+01    0.860329829658533E+00
    0.666040000000000E+03    0.386592444892744E+01    0.860332458425439E+00
    0.672320000000000E+03    0.210040638861847E+01    0.860342532625583E+00
    0.672340000000000E+03    0.215482016437250E+01    0.860340878358627E+00
    0.678600000000000E+03    0.335558323929035E+00    0.860033620718818E+00
    0.678620000000000E+03    0.389959550187314E+00    0.860036657678240E+00
    0.684880000000000E+03    0.485434432914667E+01    0.860305190348062E+00
    0.684900000000000E+03    0.490875691972315E+01    0.860301990900115E+00
    0.691160000000000E+03    0.308921628841972E+01    0.860315096955087E+00
    0.691180000000000E+03    0.314362893914904E+01    0.860314826084916E+00
    0.697440000000000E+03    0.132397397489967E+01    0.860310959689985E+00
    0.697460000000000E+03    0.137838449011542E+01    0.860314384194087E+00
    0.703720000000000E+03    0.584250106931927E+01    0.860034332864585E+00
    0.703740000000000E+03    0.589690137465459E+01    0.860030633687664E+00
    0.710000000000000E+03    0.407696155005465E+01    0.860303206828646E+00
    0.710020000000000E+03    0.413137317342444E+01    0.860305350588411E+00
    0.716300000000000E+03    0.236544731767481E+01    0.860293441461844E+00
    0.716320000000000E+03    0.241985973106398E+01    0.860290950815510E+00
    0.722580000000000E+03    0.600125388321885E+00    0.860061989222082E+00
    0.722600000000000E+03    0.654528070971764E+00    0.860066798894022E+00
    0.728860000000000E+03    0.511870021264485E+01    0.860212853066407E+00
    0.728880000000000E+03    0.517310859693748E+01    0.860208018350888E+00
    0.735140000000000E+03    0.335269116437235E+01    0.860240927295304E+00
    0.735160000000000E+03    0.340710066052384E+01    0.860242179478876E+00
    0.741420000000000E+03    0.158649653622933E+01    0.860262012940448E+00
    0.741440000000000E+03    0.164090712259417E+01    0.860263842489131E+00
    0.747700000000000E+03    0.610436492319332E+01    0.859955175410947E+00
    0.747720000000000E+03    0.615876250606129E+01    0.859953775912490E+00
    0.754000000000000E+03    0.439293610610775E+01    0.860262608463561E+00
    0.754020000000000E+03    0.444734627199205E+01    0.860263109380126E+00
    0.760280000000000E+03    0.262634314077513E+01    0.860228700049704E+00
    0.760300000000000E+03    0.268075232692490E+01    0.860226249859188E+00
    0.766560000000000E+03    0.860199635742902E+00    0.860086032052715E+00
    0.766580000000000E+03    0.914603261474440E+00    0.860091481465369E+00
    0.772840000000000E+03    0.537837376644984E+01    0.860111265044705E+00
    0.772860000000000E+03    0.543277835316894E+01    0.860105665971499E+00
    0.779120000000000E+03    0.361224096987553E+01    0.860239043099516E+00
    0.779140000000000E+03    0.366665053140559E+01    0.860241417135712E+00
    0.785400000000000E+03    0.184581782931400E+01    0.860267674449188E+00
    0.785420000000000E+03    0.190022854400377E+01    0.860267438119769E+00
    0.791700000000000E+03    0.134643833262999E+00    0.859935482458472E+00
    0.791720000000000E+03    0.189041201241707E+00    0.859936609612241E+00
    0.797980000000000E+03    0.465221513840879E+01    0.860242317491934E+00
    0.798000000000000E+03    0.470662472235972E+01    0.860240790775443E+00
    0.804260000000000E+03    0.288549782138352E+01    0.860196902286037E+00
    0.804280000000000E+03    0.293990539763581E+01    0.860195471195003E+00
    0.810540000000000E+03    0.111886031323820E+01    0.860123292059498E+00
    0.810560000000000E+03    0.117326518662867E+01    0.860128236188059E+00
    0.816820000000000E+03    0.563632506054682E+01    0.859982532427682E+00
    0.816840000000000E+03    0.569072354901573E+01    0.859977617032428E+00
    0.823100000000000E+03    0.386940134083306E+01    0.860174569459688E+00
    0.823120000000000E+03    0.392380825338114E+01    0.860177219713364E+00
    0.829400000000000E+03    0.215619066009867E+01    0.860164222044362E+00
    0.829420000000000E+03    0.221059695487793E+01    0.860161301432551E+00
    0.835680000000000E+03    0.388837139758834E+00    0.859849668911134E+00
    0.835700000000000E+03    0.443230893544751E+00    0.859853086463575E+00
    0.841960000000000E+03    0.490513317586147E+01    0.860095005310942E+00
    0.841980000000000E+03    0.495953721595333E+01    0.860091524323577E+00
    0.848240000000000E+03    0.313744005109675E+01    0.860106488201463E+00
    0.848260000000000E+03    0.319184423219895E+01    0.860106435514839E+00
    0.854520000000000E+03    0.136960924536652E+01    0.860099139802903E+00
    0.854540000000000E+03    0.142401217756924E+01    0.860102323228411E+00
    0.860800000000000E+03    0.588567397491397E+01    0.859834783505454E+00
    0.860820000000000E+03    0.594006675377204E+01    0.859831289024795E+00
    0.867080000000000E+03    0.411792874805860E+01    0.860126731650075E+00
    0.867100000000000E+03    0.417233371513021E+01    0.860128753331860E+00
    0.873380000000000E+03    0.240395058524018E+01    0.860092167742349E+00
    0.873400000000000E+03    0.245835420821049E+01    0.860089561472696E+00
    0.879660000000000E+03    0.635961454227072E+00    0.859860064985527E+00
    0.879680000000000E+03    0.690356073240309E+00    0.859865008964154E+00
    0.885940000000000E+03    0.515201586429021E+01    0.860005634986929E+00
    0.885960000000000E+03    0.520641605883475E+01    0.860000764537886E+00
    0.892220000000000E+03    0.338373394452583E+01    0.860072738874849E+00
    0.892240000000000E+03    0.343813670624422E+01    0.860074131903281E+00
    0.898500000000000E+03    0.161551199330597E+01    0.860105619625028E+00
    0.898520000000000E+03    0.166991658199322E+01    0.860107075975926E+00
    0.904780000000000E+03    0.613161166097871E+01    0.859816270367672E+00
    0.904800000000000E+03    0.618600455236765E+01    0.859814993947514E+00
    0.911080000000000E+03    0.441847604789064E+01    0.860165715092256E+00
    0.911100000000000E+03    0.447287895380259E+01    0.860165597295673E+00
    0.917360000000000E+03    0.264978158118265E+01    0.860059127602069E+00
    0.917380000000000E+03    0.270418338775517E+01    0.860056771274004E+00
    0.923640000000000E+03    0.881327218999559E+00    0.859907550737339E+00
    0.923660000000000E+03    0.935723594719548E+00    0.859913068374572E+00
    0.929920000000000E+03    0.539695722629358E+01    0.859896900037606E+00
    0.929940000000000E+03    0.545135276981682E+01    0.859891305311454E+00
    0.936200000000000E+03    0.362806222708286E+01    0.860007748226150E+00
    0.936220000000000E+03    0.368246247363686E+01    0.860010197536156E+00
    0.942480000000000E+03    0.185863680594866E+01    0.860024726296943E+00
    0.942500000000000E+03    0.191303776486711E+01    0.860024356362278E+00
    0.948780000000000E+03    0.144159981111898E+00    0.859690747184586E+00
    0.948800000000000E+03    0.198547398017126E+00    0.859691976120849E+00
    0.955060000000000E+03    0.465865247787679E+01    0.860001729218567E+00
    0.955080000000000E+03    0.471305298430798E+01    0.860000115064833E+00
    0.961340000000000E+03    0.288933938983746E+01    0.859985313284940E+00
    0.961360000000000E+03    0.294373947301438E+01    0.859984112474946E+00
    0.967620000000000E+03    0.112030823734494E+01    0.859924708050730E+00
    0.967640000000000E+03    0.117470531700883E+01    0.859929642202273E+00
    0.973900000000000E+03    0.563513380178802E+01    0.859776393107834E+00
    0.973920000000000E+03    0.568952472952606E+01    0.859771297354420E+00
    0.980180000000000E+03    0.386579340644766E+01    0.859994699651206E+00
    0.980200000000000E+03    0.392019270112451E+01    0.859997356272753E+00
    0.986480000000000E+03    0.215055780778493E+01    0.860012180982260E+00
    0.986500000000000E+03    0.220495867340151E+01    0.860010306228486E+00
    0.992760000000000E+03    0.381481046592398E+00    0.859712522103816E+00
    0.992780000000000E+03    0.435869142941101E+00    0.859715926385576E+00
    0.999040000000000E+03    0.489580186199919E+01    0.859937542800598E+00
    0.999060000000000E+03    0.495019890629374E+01    0.859933621364343E+00
    0.100532000000000E+04    0.312565263299757E+01    0.859913319722041E+00
    0.100534000000000E+04    0.318004869379274E+01    0.859913349041212E+00
    0.101160000000000E+04    0.135523006091444E+01    0.859885649410500E+00
    0.101162000000000E+04    0.140962485996488E+01    0.859889031226934E+00
    0.101788000000000E+04    0.586879794815604E+01    0.859638946203216E+00
    0.101790000000000E+04    0.592318338929954E+01    0.859635222092751E+00
