    0.000000000000000E+00    0.190000000000000E+01    0.900000000000000E+00
    0.200000000000000E-01    0.195599998915193E+01    0.899999359623845E+00
    0.630000000000000E+01    0.689309582090917E+00    0.899796138290998E+00
    0.632000000000000E+01    0.745301516746647E+00    0.899801301654138E+00
    0.125800000000000E+02    0.570648350994646E+01    0.899782635727536E+00
    0.126000000000000E+02    0.576247590492176E+01    0.899777986834434E+00
    0.188600000000000E+02    0.444019473451178E+01    0.900036738084892E+00
    0.188800000000000E+02    0.449619634049212E+01    0.900036902035187E+00
    0.251400000000000E+02    0.317350991171602E+01    0.899986125086870E+00
    0.251600000000000E+02    0.322950829033813E+01    0.899986779638551E+00
    0.314200000000000E+02    0.190649786075784E+01    0.900000361621487E+00
    0.314400000000000E+02    0.196249795193322E+01    0.899999704883642E+00
    0.377000000000000E+02    0.639514556594818E+00    0.899762452804036E+00
    0.377200000000000E+02    0.695505021402951E+00    0.899767513082919E+00
    0.440000000000000E+02    0.571223025221967E+01    0.899754564769530E+00
    0.440200000000000E+02    0.576822117037224E+01    0.899749623809074E+00
    0.502800000000000E+02    0.444527140515947E+01    0.899981352401108E+00
    0.503000000000000E+02    0.450127058634581E+01    0.899981522722736E+00
    0.565600000000000E+02    0.317776808921002E+01    0.899910838690472E+00
    0.565800000000000E+02    0.323376392043056E+01    0.899911491067003E+00
    0.628400000000000E+02    0.190995155749931E+01    0.899932306042679E+00
    0.628600000000000E+02    0.196594878639362E+01    0.899931364722629E+00
    0.691200000000000E+02    0.642039923389717E+00    0.899676274080790E+00
    0.691400000000000E+02    0.698026937656664E+00    0.899681344690382E+00
    0.754000000000000E+02    0.565747775387061E+01    0.899660012514756E+00
    0.754200000000000E+02    0.571346374428529E+01    0.899655122880004E+00
    0.817000000000000E+02    0.444531604434462E+01    0.899850577272500E+00
    0.817200000000000E+02    0.450131403273710E+01    0.899849626432599E+00
    0.879800000000000E+02    0.317754774969765E+01    0.899894567534183E+00
    0.880000000000000E+02    0.323354346715922E+01    0.899894743516478E+00
    0.942600000000000E+02    0.190984908346036E+01    0.899955807416139E+00
    0.942800000000000E+02    0.196584758422824E+01    0.899955119212377E+00
    0.100540000000000E+03    0.642729303680255E+00    0.899757926496209E+00
    0.100560000000000E+03    0.698719551331806E+00    0.899763769825811E+00
    0.106820000000000E+03    0.565957777318681E+01    0.899776023639164E+00
    0.106840000000000E+03    0.571556911337177E+01    0.899771132564629E+00
    0.113100000000000E+03    0.439296301029970E+01    0.900011361928947E+00
    0.113120000000000E+03    0.444896368007505E+01    0.900011772728119E+00
    0.119400000000000E+03    0.318201961036453E+01    0.899951511379708E+00
    0.119420000000000E+03    0.323801745763956E+01    0.899951832344029E+00
    0.125680000000000E+03    0.191480290607996E+01    0.899993329896869E+00
    0.125700000000000E+03    0.197080252441782E+01    0.899992186636066E+00
    0.131960000000000E+03    0.647532753131031E+00    0.899735386859658E+00
    0.131980000000000E+03    0.703521888044691E+00    0.899740357133484E+00
    0.138240000000000E+03    0.566373635821736E+01    0.899726901968387E+00
    0.138260000000000E+03    0.571972540947752E+01    0.899721946787401E+00
    0.144520000000000E+03    0.439655555967670E+01    0.899991021689235E+00
    0.144540000000000E+03    0.445255531072638E+01    0.899991478172879E+00
    0.150800000000000E+03    0.312943939742445E+01    0.899943055922945E+00
    0.150820000000000E+03    0.318543711852902E+01    0.899943041818254E+00
    0.157080000000000E+03    0.186225866458233E+01    0.900001997925053E+00
    0.157100000000000E+03    0.191825877859736E+01    0.900001589496827E+00
    0.163380000000000E+03    0.651536301023327E+00    0.899788666514189E+00
    0.163400000000000E+03    0.707527945016750E+00    0.899793696680132E+00
    0.169660000000000E+03    0.566876693429572E+01    0.899816125309675E+00
    0.169680000000000E+03    0.572475967223602E+01    0.899811157842644E+00
    0.175940000000000E+03    0.440269121346978E+01    0.900078533134944E+00
    0.175960000000000E+03    0.445869465092341E+01    0.900079028832359E+00
    0.182220000000000E+03    0.313669319865846E+01    0.900036625413126E+00
    0.182240000000000E+03    0.319269504366127E+01    0.900037006517306E+00
    0.188500000000000E+03    0.187091489059867E+01    0.900102058902867E+00
    0.188520000000000E+03    0.192691909988719E+01    0.900101646644624E+00
    0.194780000000000E+03    0.605899904357670E+00    0.899746000183633E+00
    0.194800000000000E+03    0.661906324822780E+00    0.899745236301793E+00
    0.201080000000000E+03    0.568301690040653E+01    0.900217728936837E+00
    0.201100000000000E+03    0.573902541100620E+01    0.900212791026442E+00
    0.207360000000000E+03    0.442178459131446E+01    0.900450576870592E+00
    0.207380000000000E+03    0.447780293065159E+01    0.900450797005893E+00
    0.213640000000000E+03    0.316049541770792E+01    0.900407406875618E+00
    0.213660000000000E+03    0.321651171678161E+01    0.900407516376007E+00
    0.219920000000000E+03    0.189911507115448E+01    0.900451990013932E+00
    0.219940000000000E+03    0.195513320269833E+01    0.900451431430305E+00
    0.226200000000000E+03    0.637740371619316E+00    0.900194337367838E+00
    0.226220000000000E+03    0.693748148993109E+00    0.900199359112875E+00
    0.232480000000000E+03    0.565957856751663E+01    0.900147327543125E+00
    0.232500000000000E+03    0.571558424280374E+01    0.900140634614893E+00
    0.238780000000000E+03    0.445326215831233E+01    0.900367050297624E+00
    0.238800000000000E+03    0.450927539222857E+01    0.900366873582080E+00
    0.245060000000000E+03    0.319052802682370E+01    0.900282599370474E+00
    0.245080000000000E+03    0.324653963887044E+01    0.900282748825685E+00
    0.251340000000000E+03    0.192758099760681E+01    0.900333596527190E+00
    0.251360000000000E+03    0.198359439126500E+01    0.900332906137207E+00
    0.257620000000000E+03    0.664975320823373E+00    0.900122328117871E+00
    0.257640000000000E+03    0.720980318282841E+00    0.900127446504703E+00
    0.263900000000000E+03    0.568627589958032E+01    0.900124150501769E+00
    0.263920000000000E+03    0.574228122967668E+01    0.900119378225638E+00
    0.270180000000000E+03    0.442429908388181E+01    0.900386254911646E+00
    0.270200000000000E+03    0.448031453018234E+01    0.900386452362152E+00
    0.276480000000000E+03    0.321809633480052E+01    0.900340198272469E+00
    0.276500000000000E+03    0.327411000602854E+01    0.900340768275769E+00
    0.282760000000000E+03    0.195618615943317E+01    0.900420560970965E+00
    0.282780000000000E+03    0.201220311327563E+01    0.900419686386186E+00
    0.289040000000000E+03    0.694812229555964E+00    0.900218215390291E+00
    0.289060000000000E+03    0.750821043073302E+00    0.900223386875206E+00
    0.295320000000000E+03    0.571713203662921E+01    0.900205213843249E+00
    0.295340000000000E+03    0.577314045587491E+01    0.900200549676239E+00
    0.301600000000000E+03    0.445607315496522E+01    0.900448487811767E+00
    0.301620000000000E+03    0.451209163730380E+01    0.900448404877030E+00
    0.307880000000000E+03    0.319487424020963E+01    0.900415381198871E+00
    0.307900000000000E+03    0.325089085161517E+01    0.900415757191671E+00
    0.314160000000000E+03    0.193375991876417E+01    0.900478195345964E+00
    0.314180000000000E+03    0.198977949512096E+01    0.900477381796420E+00
    0.320460000000000E+03    0.729328946752162E+00    0.900310562646786E+00
    0.320480000000000E+03    0.785341429715686E+00    0.900316086928926E+00
    0.326740000000000E+03    0.575277445392908E+01    0.900279570876092E+00
    0.326760000000000E+03    0.580878566772094E+01    0.900274934245412E+00
    0.333020000000000E+03    0.449243449990945E+01    0.900520814608665E+00
    0.333040000000000E+03    0.454845447242121E+01    0.900520399893221E+00
    0.339300000000000E+03    0.323144355678630E+01    0.900426194867757E+00
    0.339320000000000E+03    0.328746025175803E+01    0.900426878288731E+00
    0.345580000000000E+03    0.197018842883699E+01    0.900466185879041E+00
    0.345600000000000E+03    0.202620706625805E+01    0.900465115188832E+00
    0.351860000000000E+03    0.709292040272885E+00    0.900258765904436E+00
    0.351880000000000E+03    0.765302569689652E+00    0.900264051324206E+00
    0.358160000000000E+03    0.578799894611143E+01    0.900209987624014E+00
    0.358180000000000E+03    0.584400715076117E+01    0.900205559158283E+00
    0.364440000000000E+03    0.452680534463877E+01    0.900438698252580E+00
    0.364460000000000E+03    0.458282254399762E+01    0.900438212269700E+00
    0.370720000000000E+03    0.326496902108465E+01    0.900363254741052E+00
    0.370740000000000E+03    0.332098321714534E+01    0.900364039494123E+00
    0.377000000000000E+03    0.200295968704472E+01    0.900407286230143E+00
    0.377020000000000E+03    0.205897604977713E+01    0.900406021931291E+00
    0.383280000000000E+03    0.741407546912342E+00    0.900233307592296E+00
    0.383300000000000E+03    0.797417061187389E+00    0.900239467666269E+00
    0.389560000000000E+03    0.576385183324965E+01    0.900194131985835E+00
    0.389580000000000E+03    0.581986034703573E+01    0.900189853264814E+00
    0.395860000000000E+03    0.455888809295107E+01    0.900449547010590E+00
    0.395880000000000E+03    0.461490635891278E+01    0.900448877439315E+00
    0.402140000000000E+03    0.329758080899501E+01    0.900401607523984E+00
    0.402160000000000E+03    0.335359676438861E+01    0.900402608415011E+00
    0.408420000000000E+03    0.203605633304778E+01    0.900437496174011E+00
    0.408440000000000E+03    0.209207387676906E+01    0.900436118701681E+00
    0.414700000000000E+03    0.774373411359420E+00    0.900203802154894E+00
    0.414720000000000E+03    0.830381460453054E+00    0.900209202143358E+00
    0.420980000000000E+03    0.579602051996790E+01    0.900133468417992E+00
    0.421000000000000E+03    0.585202568850605E+01    0.900129226648789E+00
    0.427260000000000E+03    0.453418517537330E+01    0.900386844108051E+00
    0.427280000000000E+03    0.459020124742165E+01    0.900385928852217E+00
    0.433540000000000E+03    0.327226857387905E+01    0.900361817857943E+00
    0.433560000000000E+03    0.332828298209051E+01    0.900362663754166E+00
    0.439840000000000E+03    0.206654766971155E+01    0.900409571377555E+00
    0.439860000000000E+03    0.212256491416974E+01    0.900408135822177E+00
    0.446120000000000E+03    0.805207825228990E+00    0.900250103453963E+00
    0.446140000000000E+03    0.861218543385121E+00    0.900255360825018E+00
    0.452400000000000E+03    0.582786190895513E+01    0.900217630623553E+00
    0.452420000000000E+03    0.588387058667740E+01    0.900213581780783E+00
    0.458680000000000E+03    0.456735946216577E+01    0.900505209943483E+00
    0.458700000000000E+03    0.462337998487942E+01    0.900504299287271E+00
    0.464960000000000E+03    0.330681976627898E+01    0.900477916672496E+00
    0.464980000000000E+03    0.336283905380151E+01    0.900479264123759E+00
    0.471240000000000E+03    0.204652094505514E+01    0.900537679407043E+00
    0.471260000000000E+03    0.210254274630961E+01    0.900536171563386E+00
    0.477540000000000E+03    0.842427014865734E+00    0.900353430377595E+00
    0.477560000000000E+03    0.898441044830633E+00    0.900358854194698E+00
    0.483820000000000E+03    0.586574124856338E+01    0.900247697438393E+00
    0.483840000000000E+03    0.592175078586774E+01    0.900243919496078E+00
    0.490100000000000E+03    0.460531747818982E+01    0.900493455845471E+00
    0.490120000000000E+03    0.466133729069952E+01    0.900492301279681E+00
    0.496380000000000E+03    0.334467204255952E+01    0.900463482651640E+00
    0.496400000000000E+03    0.340069057439996E+01    0.900464704551866E+00
    0.502660000000000E+03    0.208399072077623E+01    0.900518076151497E+00
    0.502680000000000E+03    0.214001136558454E+01    0.900516290727524E+00
    0.508940000000000E+03    0.823678944805124E+00    0.900352585428463E+00
    0.508960000000000E+03    0.879693374279213E+00    0.900358131796111E+00
    0.515240000000000E+03    0.590341226351461E+01    0.900288035238052E+00
    0.515260000000000E+03    0.595942388970184E+01    0.900284430851280E+00
    0.521520000000000E+03    0.464390222163524E+01    0.900559896592777E+00
    0.521540000000000E+03    0.469992490268396E+01    0.900558485985057E+00
    0.527800000000000E+03    0.338419857718691E+01    0.900536478718805E+00
    0.527820000000000E+03    0.344022010452136E+01    0.900537919130858E+00
    0.534080000000000E+03    0.212457738902799E+01    0.900588171266040E+00
    0.534100000000000E+03    0.218060130636081E+01    0.900586332781232E+00
    0.540360000000000E+03    0.865125083108524E+00    0.900415636021262E+00
    0.540380000000000E+03    0.921141725420057E+00    0.900421123316862E+00
    0.546640000000000E+03    0.588915968365109E+01    0.900293715789783E+00
    0.546660000000000E+03    0.594517080274022E+01    0.900290314141593E+00
    0.552940000000000E+03    0.468537739097451E+01    0.900525540530357E+00
    0.552960000000000E+03    0.474139816497018E+01    0.900523640213104E+00
    0.559220000000000E+03    0.342477037628578E+01    0.900454096821708E+00
    0.559240000000000E+03    0.348078845404052E+01    0.900455746350820E+00
    0.565500000000000E+03    0.216384114569064E+01    0.900484140135786E+00
    0.565520000000000E+03    0.221986044956407E+01    0.900482141763173E+00
    0.571780000000000E+03    0.903004946190777E+00    0.900321242996014E+00
    0.571800000000000E+03    0.959018501465152E+00    0.900326592850921E+00
    0.578060000000000E+03    0.592611014281692E+01    0.900223955903147E+00
    0.578080000000000E+03    0.598211900364595E+01    0.900220649650215E+00
    0.584340000000000E+03    0.466553146971910E+01    0.900475949491965E+00
    0.584360000000000E+03    0.472155075198953E+01    0.900474077576745E+00
    0.590620000000000E+03    0.340483597617276E+01    0.900457642096351E+00
    0.590640000000000E+03    0.346085465664692E+01    0.900459922334547E+00
    0.596920000000000E+03    0.220049639201579E+01    0.900525679467741E+00
    0.596940000000000E+03    0.225651808380576E+01    0.900523556200886E+00
    0.603200000000000E+03    0.940573930395885E+00    0.900401515854946E+00
    0.603220000000000E+03    0.996590608917131E+00    0.900406853417958E+00
    0.609480000000000E+03    0.596449145734755E+01    0.900279245621130E+00
    0.609500000000000E+03    0.602050247678494E+01    0.900276190050966E+00
    0.615760000000000E+03    0.470470650088919E+01    0.900522951321061E+00
    0.615780000000000E+03    0.476072711239999E+01    0.900520682859934E+00
    0.622040000000000E+03    0.344427524581124E+01    0.900494558738472E+00
    0.622060000000000E+03    0.350029443240714E+01    0.900496298759974E+00
    0.628320000000000E+03    0.218376886054375E+01    0.900521883505907E+00
    0.628340000000000E+03    0.223978999551900E+01    0.900519636446522E+00
    0.634620000000000E+03    0.979343440751109E+00    0.900371345447323E+00
    0.634640000000000E+03    0.103535784857718E+01    0.900376658367745E+00
    0.640900000000000E+03    0.600231290869101E+01    0.900195461898227E+00
    0.640920000000000E+03    0.605832044842555E+01    0.900192772635603E+00
    0.647180000000000E+03    0.474144827878149E+01    0.900427733303887E+00
    0.647200000000000E+03    0.479746526643066E+01    0.900425467593789E+00
    0.653460000000000E+03    0.347981212779860E+01    0.900387885437593E+00
    0.653480000000000E+03    0.353582736426461E+01    0.900389748718754E+00
    0.659740000000000E+03    0.221801395382568E+01    0.900417988919311E+00
    0.659760000000000E+03    0.227403072498669E+01    0.900415734028225E+00
    0.666020000000000E+03    0.956576263384932E+00    0.900291281134670E+00
    0.666040000000000E+03    0.101258799640459E+01    0.900296647178488E+00
    0.672320000000000E+03    0.603490114775423E+01    0.900161879261825E+00
    0.672340000000000E+03    0.609090778106906E+01    0.900159411125777E+00
    0.678600000000000E+03    0.477400648249454E+01    0.900422626474527E+00
    0.678620000000000E+03    0.483002351650066E+01    0.900420240456230E+00
    0.684880000000000E+03    0.351257445151759E+01    0.900400634635111E+00
    0.684900000000000E+03    0.356859031535191E+01    0.900402720955390E+00
    0.691160000000000E+03    0.225085972092916E+01    0.900413796808758E+00
    0.691180000000000E+03    0.230687635731556E+01    0.900410246141952E+00
    0.697440000000000E+03    0.988895756396460E+00    0.900268438466193E+00
    0.697460000000000E+03    0.104490559892133E+01    0.900273674150363E+00
    0.703720000000000E+03    0.601033441937943E+01    0.900073195505802E+00
    0.703740000000000E+03    0.606633696572021E+01    0.900070786093876E+00
    0.710000000000000E+03    0.474807301166152E+01    0.900319951255432E+00
    0.710020000000000E+03    0.480408577360822E+01    0.900317572145067E+00
    0.716300000000000E+03    0.354147449185825E+01    0.900308258044641E+00
    0.716320000000000E+03    0.359748681964561E+01    0.900310321022700E+00
    0.722580000000000E+03    0.227872698962551E+01    0.900329517595096E+00
    0.722600000000000E+03    0.233473996316570E+01    0.900326997701446E+00
    0.728860000000000E+03    0.101577964196508E+01    0.900173131714113E+00
    0.728880000000000E+03    0.107178652213975E+01    0.900178395342768E+00
    0.735140000000000E+03    0.603628252687940E+01    0.900006493479128E+00
    0.735160000000000E+03    0.609228240033008E+01    0.900004168804712E+00
    0.741420000000000E+03    0.477334391633622E+01    0.900261461030966E+00
    0.741440000000000E+03    0.482935464847924E+01    0.900258937261498E+00
    0.747700000000000E+03    0.350996233211345E+01    0.900250820114601E+00
    0.747720000000000E+03    0.356597207080949E+01    0.900252809760206E+00
    0.754000000000000E+03    0.230257746462439E+01    0.900282986291120E+00
    0.754020000000000E+03    0.235858964618865E+01    0.900280581394794E+00
    0.760280000000000E+03    0.103936038000165E+01    0.900156981297934E+00
    0.760300000000000E+03    0.109536675286608E+01    0.900162225153312E+00
    0.766560000000000E+03    0.605965650242251E+01    0.899984167271905E+00
    0.766580000000000E+03    0.611565510872106E+01    0.899982362040533E+00
    0.772840000000000E+03    0.479623321100144E+01    0.900212765561222E+00
    0.772860000000000E+03    0.485224155706646E+01    0.900209827768765E+00
    0.779120000000000E+03    0.353202027031557E+01    0.900185872579207E+00
    0.779140000000000E+03    0.358802749315055E+01    0.900187944494807E+00
    0.785400000000000E+03    0.226763487537755E+01    0.900210210882554E+00
    0.785420000000000E+03    0.232364321804607E+01    0.900207710429058E+00
    0.791700000000000E+03    0.105952167244914E+01    0.900103678274042E+00
    0.791720000000000E+03    0.111552617338020E+01    0.900108785971160E+00
    0.797980000000000E+03    0.607936154375057E+01    0.899947952116407E+00
    0.798000000000000E+03    0.613535972582713E+01    0.899945880879866E+00
    0.804260000000000E+03    0.481574121633639E+01    0.900198693501183E+00
    0.804280000000000E+03    0.487174896487431E+01    0.900195606340865E+00
    0.810540000000000E+03    0.355132972388947E+01    0.900158577384390E+00
    0.810560000000000E+03    0.360733599540936E+01    0.900160802539386E+00
    0.816820000000000E+03    0.228659730267691E+01    0.900176121931946E+00
    0.816840000000000E+03    0.234260413955099E+01    0.900173686056571E+00
    0.823100000000000E+03    0.102189329833845E+01    0.900052179364962E+00
    0.823120000000000E+03    0.107789522777875E+01    0.900057376197042E+00
    0.829400000000000E+03    0.609669449626426E+01    0.899851401124436E+00
    0.829420000000000E+03    0.615268840922636E+01    0.899849402205211E+00
    0.835680000000000E+03    0.483179341319374E+01    0.900095413480174E+00
    0.835700000000000E+03    0.488779701765043E+01    0.900092313556109E+00
    0.841960000000000E+03    0.356633216467299E+01    0.900091735592514E+00
    0.841980000000000E+03    0.362233592673829E+01    0.900093921339725E+00
    0.848240000000000E+03    0.230092449584026E+01    0.900117023792427E+00
    0.848260000000000E+03    0.235692882684134E+01    0.900114530523545E+00
    0.854520000000000E+03    0.103530195057465E+01    0.899976191961402E+00
    0.854540000000000E+03    0.109130069714820E+01    0.899981324149647E+00
    0.860800000000000E+03    0.605317724280667E+01    0.899795532483057E+00
    0.860820000000000E+03    0.610916863644752E+01    0.899793488774938E+00
    0.867080000000000E+03    0.478749566508304E+01    0.900042579984538E+00
    0.867100000000000E+03    0.484349727501467E+01    0.900039861410498E+00
    0.873380000000000E+03    0.357731361194237E+01    0.900038049113735E+00
    0.873400000000000E+03    0.363331485290246E+01    0.900040242238273E+00
    0.879660000000000E+03    0.231121593043235E+01    0.900073456516315E+00
    0.879680000000000E+03    0.236721903277157E+01    0.900070967537598E+00
    0.885940000000000E+03    0.104550518271299E+01    0.899988212930017E+00
    0.885960000000000E+03    0.110150485186205E+01    0.899993446478026E+00
    0.892220000000000E+03    0.606389937081985E+01    0.899827323079499E+00
    0.892240000000000E+03    0.611989321975898E+01    0.899825398089170E+00
    0.898500000000000E+03    0.479923758396762E+01    0.900126672656797E+00
    0.898520000000000E+03    0.485524295434925E+01    0.900123814645419E+00
    0.904780000000000E+03    0.353437616609563E+01    0.900134819454764E+00
    0.904800000000000E+03    0.359038159081592E+01    0.900136949147402E+00
    0.911080000000000E+03    0.232514764986763E+01    0.900131376107760E+00
    0.911100000000000E+03    0.238115133577458E+01    0.900126017019470E+00
    0.917360000000000E+03    0.105952154376610E+01    0.899976191785578E+00
    0.917380000000000E+03    0.111551988255133E+01    0.899981427887590E+00
    0.923640000000000E+03    0.607746614217695E+01    0.899816546462233E+00
    0.923660000000000E+03    0.613345750212875E+01    0.899814918691200E+00
    0.929920000000000E+03    0.481190121242571E+01    0.900047583511370E+00
    0.929940000000000E+03    0.486790328489769E+01    0.900044827821464E+00
    0.936200000000000E+03    0.354582770591878E+01    0.900037234684127E+00
    0.936220000000000E+03    0.360182885658969E+01    0.900039442406471E+00
    0.942480000000000E+03    0.227941099473946E+01    0.900030108806024E+00
    0.942500000000000E+03    0.233541227804335E+01    0.900027250237485E+00
    0.948780000000000E+03    0.106875319490382E+01    0.899895005896646E+00
    0.948800000000000E+03    0.112474878118292E+01    0.899900107515580E+00
    0.955060000000000E+03    0.608563961991240E+01    0.899718706814454E+00
    0.955080000000000E+03    0.614162829657880E+01    0.899716650073031E+00
    0.961340000000000E+03    0.481927364496732E+01    0.899984141341959E+00
    0.961360000000000E+03    0.487527331392766E+01    0.899981286488989E+00
    0.967620000000000E+03    0.355258262679945E+01    0.899988870171375E+00
    0.967640000000000E+03    0.360858214513564E+01    0.899991007344911E+00
    0.973900000000000E+03    0.228570647974811E+01    0.900011455964748E+00
    0.973920000000000E+03    0.234170691752615E+01    0.900008896865044E+00
    0.980180000000000E+03    0.101913118446237E+01    0.899905133926219E+00
    0.980200000000000E+03    0.107512778155160E+01    0.899910290178699E+00
    0.986480000000000E+03    0.609249791656021E+01    0.899751442407745E+00
    0.986500000000000E+03    0.614848787239498E+01    0.899749408731034E+00
    0.992760000000000E+03    0.482727882992367E+01    0.899675385190572E+00
    0.992780000000000E+03    0.488328385327122E+01    0.899670023652180E+00
    0.999040000000000E+03    0.356400005700243E+01    0.900346907709708E+00
    0.999060000000000E+03    0.362001386217071E+01    0.900349066879760E+00
    0.100532000000000E+04    0.230178649178652E+01    0.900381266399512E+00
    0.100534000000000E+04    0.235780196335782E+01    0.900378820467072E+00
    0.101160000000000E+04    0.103990818475222E+01    0.900274477438439E+00
    0.101162000000000E+04    0.109591926635494E+01    0.900279678077142E+00
