    0.000000000000000E+00    0.190000000000000E+01    0.920000000000000E+00
    0.200000000000000E-01    0.195679998938081E+01    0.919999357032992E+00
    0.630000000000000E+01    0.941301693830017E+00    0.919865745549179E+00
    0.632000000000000E+01    0.998096556648999E+00    0.919871149820033E+00
    0.125800000000000E+02    0.620957661685750E+01    0.919737121894871E+00
    0.126000000000000E+02    0.626636642786120E+01    0.919736483077784E+00
    0.188600000000000E+02    0.519472743475668E+01    0.919918891425835E+00
    0.188800000000000E+02    0.525152475338619E+01    0.919913894844081E+00
    0.251400000000000E+02    0.417964300432463E+01    0.920044359993680E+00
    0.251600000000000E+02    0.423644515237008E+01    0.920046096359495E+00
    0.314200000000000E+02    0.316449321139444E+01    0.919988811038906E+00
    0.314400000000000E+02    0.322129262930369E+01    0.919989116925345E+00
    0.377000000000000E+02    0.214910661367381E+01    0.920024475582737E+00
    0.377200000000000E+02    0.220590756581740E+01    0.920021246911892E+00
    0.440000000000000E+02    0.119022615690847E+01    0.919911570153138E+00
    0.440200000000000E+02    0.124702209136944E+01    0.919916127460245E+00
    0.502800000000000E+02    0.174618685475565E+00    0.919696676957664E+00
    0.503000000000000E+02    0.231406041692395E+00    0.919698319976775E+00
    0.565600000000000E+02    0.544203926356852E+01    0.919791403068261E+00
    0.565800000000000E+02    0.549883074321869E+01    0.919785842109675E+00
    0.628400000000000E+02    0.442570242164575E+01    0.919943312126423E+00
    0.628600000000000E+02    0.448249963027686E+01    0.919943459160358E+00
    0.691200000000000E+02    0.340921672030072E+01    0.919901855143580E+00
    0.691400000000000E+02    0.346601287229734E+01    0.919903752536666E+00
    0.754000000000000E+02    0.239304284431472E+01    0.919965376797708E+00
    0.754200000000000E+02    0.244984151069806E+01    0.919962731248061E+00
    0.817000000000000E+02    0.143405266786294E+01    0.919968259266903E+00
    0.817200000000000E+02    0.149085172283054E+01    0.919971365011603E+00
    0.879800000000000E+02    0.418928271834830E+00    0.919772968301165E+00
    0.880000000000000E+02    0.475719321256236E+00    0.919777005316104E+00
    0.942600000000000E+02    0.568749634933363E+01    0.919805356121137E+00
    0.942800000000000E+02    0.574429000023054E+01    0.919800675139558E+00
    0.100540000000000E+03    0.467280723065852E+01    0.920048202006609E+00
    0.100560000000000E+03    0.472960927513981E+01    0.920046511715518E+00
    0.106820000000000E+03    0.365818655592528E+01    0.920062801512598E+00
    0.106840000000000E+03    0.371498912868293E+01    0.920065856376343E+00
    0.113100000000000E+03    0.264375186531862E+01    0.920068237426156E+00
    0.113120000000000E+03    0.270055504387767E+01    0.920065866403705E+00
    0.119400000000000E+03    0.168608216318336E+01    0.920084120046833E+00
    0.119420000000000E+03    0.174288558597794E+01    0.920085240684147E+00
    0.125680000000000E+03    0.671592686013298E+00    0.919872864741239E+00
    0.125700000000000E+03    0.728387102765566E+00    0.919878040999532E+00
    0.131960000000000E+03    0.594028590995470E+01    0.919785889411772E+00
    0.131980000000000E+03    0.599707657225883E+01    0.919782974547499E+00
    0.138240000000000E+03    0.492523836705215E+01    0.919968801694045E+00
    0.138260000000000E+03    0.498203703666962E+01    0.919964944051554E+00
    0.144520000000000E+03    0.390957011803630E+01    0.919991606653384E+00
    0.144540000000000E+03    0.396636943543240E+01    0.919994178074157E+00
    0.150800000000000E+03    0.289349141516647E+01    0.919913824790972E+00
    0.150820000000000E+03    0.295028790269868E+01    0.919912482209325E+00
    0.157080000000000E+03    0.187686533994122E+01    0.919921769027800E+00
    0.157100000000000E+03    0.193366220494192E+01    0.919921288843884E+00
    0.163380000000000E+03    0.917037385643084E+00    0.919760338096766E+00
    0.163400000000000E+03    0.973827671068477E+00    0.919765773405641E+00
    0.169660000000000E+03    0.618369915491951E+01    0.919598494542669E+00
    0.169680000000000E+03    0.624048278139725E+01    0.919597602913321E+00
    0.175940000000000E+03    0.516678621767323E+01    0.919766030703169E+00
    0.175960000000000E+03    0.522357667292937E+01    0.919760456691832E+00
    0.182220000000000E+03    0.414916716834523E+01    0.919839655051887E+00
    0.182240000000000E+03    0.420596054593500E+01    0.919841539869439E+00
    0.188500000000000E+03    0.313112626093584E+01    0.919748806141512E+00
    0.188520000000000E+03    0.318791610979815E+01    0.919748860222185E+00
    0.194780000000000E+03    0.211275558115904E+01    0.919787415801321E+00
    0.194800000000000E+03    0.216954706493743E+01    0.919785549072511E+00
    0.201080000000000E+03    0.115104674557824E+01    0.919683220509928E+00
    0.201100000000000E+03    0.120783328207290E+01    0.919687896683777E+00
    0.207360000000000E+03    0.132890084493852E+00    0.919486345819334E+00
    0.207380000000000E+03    0.189669361221263E+00    0.919487536827503E+00
    0.213640000000000E+03    0.539824455447410E+01    0.919635712951758E+00
    0.213660000000000E+03    0.545503025092501E+01    0.919630275054684E+00
    0.219920000000000E+03    0.438024527490711E+01    0.919813018533153E+00
    0.219940000000000E+03    0.443703804712186E+01    0.919813623905456E+00
    0.226200000000000E+03    0.336223212117477E+01    0.919763619291931E+00
    0.226220000000000E+03    0.341902267878447E+01    0.919764931819154E+00
    0.232480000000000E+03    0.234404547811016E+01    0.919797599826832E+00
    0.232500000000000E+03    0.240083724108729E+01    0.919794985604063E+00
    0.238780000000000E+03    0.138279703886269E+01    0.919761481804111E+00
    0.238800000000000E+03    0.143958850281797E+01    0.919764431021428E+00
    0.245060000000000E+03    0.365425824477938E+00    0.919587080598817E+00
    0.245080000000000E+03    0.422209364442097E+00    0.919590649877919E+00
    0.251340000000000E+03    0.563174020023382E+01    0.919660738424628E+00
    0.251360000000000E+03    0.568852696437102E+01    0.919655690902341E+00
    0.257620000000000E+03    0.461470857331108E+01    0.919862955759729E+00
    0.257640000000000E+03    0.467150353124941E+01    0.919861698782473E+00
    0.263900000000000E+03    0.359758468218092E+01    0.919855903583843E+00
    0.263920000000000E+03    0.365437891711986E+01    0.919858237326922E+00
    0.270180000000000E+03    0.258057270972893E+01    0.919861721363099E+00
    0.270200000000000E+03    0.263736751526085E+01    0.919859212477138E+00
    0.276480000000000E+03    0.162051635449996E+01    0.919895600768412E+00
    0.276500000000000E+03    0.167731227833167E+01    0.919897335337870E+00
    0.282760000000000E+03    0.603927933312661E+00    0.919686954841904E+00
    0.282780000000000E+03    0.660715022484510E+00    0.919691735732739E+00
    0.289040000000000E+03    0.587085083449085E+01    0.919661540126792E+00
    0.289060000000000E+03    0.592763766674602E+01    0.919657826959426E+00
    0.295320000000000E+03    0.485459600945580E+01    0.919892961213021E+00
    0.295340000000000E+03    0.491139201684757E+01    0.919889871150802E+00
    0.301600000000000E+03    0.383814612277160E+01    0.919918100515957E+00
    0.301620000000000E+03    0.389494311930980E+01    0.919920811410502E+00
    0.307880000000000E+03    0.282162243951382E+01    0.919884654547552E+00
    0.307900000000000E+03    0.287841766777933E+01    0.919882901098016E+00
    0.314160000000000E+03    0.180482895550642E+01    0.919917470488066E+00
    0.314180000000000E+03    0.186162538926442E+01    0.919916922068201E+00
    0.320460000000000E+03    0.844685931682989E+00    0.919720400285423E+00
    0.320480000000000E+03    0.901474330343831E+00    0.919725802298319E+00
    0.326740000000000E+03    0.611095759893431E+01    0.919571211003673E+00
    0.326760000000000E+03    0.616774016741294E+01    0.919569551551611E+00
    0.333020000000000E+03    0.509356462408789E+01    0.919748952771622E+00
    0.333040000000000E+03    0.515035462177218E+01    0.919743938982880E+00
    0.339300000000000E+03    0.407548851078582E+01    0.919805921292194E+00
    0.339320000000000E+03    0.413228039710157E+01    0.919808082233756E+00
    0.345580000000000E+03    0.305706560874626E+01    0.919729953898965E+00
    0.345600000000000E+03    0.311385477913007E+01    0.919729502537937E+00
    0.351860000000000E+03    0.203864194657490E+01    0.919780928481604E+00
    0.351880000000000E+03    0.209543330130737E+01    0.919779424358180E+00
    0.358160000000000E+03    0.107692001986482E+01    0.919653622445906E+00
    0.358180000000000E+03    0.113370586115570E+01    0.919658695352018E+00
    0.364440000000000E+03    0.584434858512850E-01    0.919443497203933E+00
    0.364460000000000E+03    0.115221019943419E+00    0.919444101796035E+00
    0.370720000000000E+03    0.532282916452345E+01    0.919576049219403E+00
    0.370740000000000E+03    0.537961213515814E+01    0.919570631584186E+00
    0.377000000000000E+03    0.430341003174681E+01    0.919702988942256E+00
    0.377020000000000E+03    0.436019795561015E+01    0.919704024451737E+00
    0.383280000000000E+03    0.328392036654327E+01    0.919657404638467E+00
    0.383300000000000E+03    0.334070686216046E+01    0.919658658528410E+00
    0.389560000000000E+03    0.226463355778947E+01    0.919710048446088E+00
    0.389580000000000E+03    0.232142210197526E+01    0.919707569793726E+00
    0.395860000000000E+03    0.130206631244801E+01    0.919637850802278E+00
    0.395880000000000E+03    0.135885192066280E+01    0.919641914693073E+00
    0.402140000000000E+03    0.282927090504472E+00    0.919422174525731E+00
    0.402160000000000E+03    0.339703522322225E+00    0.919424821168683E+00
    0.408420000000000E+03    0.554680435307955E+01    0.919476097811431E+00
    0.408440000000000E+03    0.560358327057293E+01    0.919470701470501E+00
    0.414700000000000E+03    0.452684994937863E+01    0.919644841865879E+00
    0.414720000000000E+03    0.458363542283473E+01    0.919644143089313E+00
    0.420980000000000E+03    0.350644945480803E+01    0.919596386779631E+00
    0.421000000000000E+03    0.356323286475094E+01    0.919598365062942E+00
    0.427260000000000E+03    0.248597954894558E+01    0.919599770313926E+00
    0.427280000000000E+03    0.254276349465295E+01    0.919597131716331E+00
    0.433540000000000E+03    0.146539064756939E+01    0.919583515186335E+00
    0.433560000000000E+03    0.152217422046783E+01    0.919586299163101E+00
    0.439840000000000E+03    0.502004523071946E+00    0.919386969042471E+00
    0.439860000000000E+03    0.558780097610907E+00    0.919391472884441E+00
    0.446120000000000E+03    0.576560643351831E+01    0.919424757380991E+00
    0.446140000000000E+03    0.582238350031093E+01    0.919420285635626E+00
    0.452400000000000E+03    0.474603890908588E+01    0.919652336603466E+00
    0.452420000000000E+03    0.480282526710153E+01    0.919650044989162E+00
    0.458680000000000E+03    0.372635635103939E+01    0.919656177656038E+00
    0.458700000000000E+03    0.378314276515971E+01    0.919658860326980E+00
    0.464960000000000E+03    0.270657189321423E+01    0.919634233716965E+00
    0.464980000000000E+03    0.276335678618057E+01    0.919632227849273E+00
    0.471240000000000E+03    0.168646104365371E+01    0.919633926495757E+00
    0.471260000000000E+03    0.174324641723751E+01    0.919634733213182E+00
    0.477540000000000E+03    0.722997198211033E+00    0.919414772170611E+00
    0.477560000000000E+03    0.779773644174611E+00    0.919420105539890E+00
    0.483820000000000E+03    0.598593339056106E+01    0.919322637083736E+00
    0.483840000000000E+03    0.604270587961992E+01    0.919319847695067E+00
    0.490100000000000E+03    0.496522025055560E+01    0.919520793615628E+00
    0.490120000000000E+03    0.502200034235034E+01    0.919516180718626E+00
    0.496380000000000E+03    0.394396160564725E+01    0.919549563248378E+00
    0.496400000000000E+03    0.400074324374714E+01    0.919552082772425E+00
    0.502660000000000E+03    0.292256610182039E+01    0.919505530763291E+00
    0.502680000000000E+03    0.297934630258669E+01    0.919504371532640E+00
    0.508940000000000E+03    0.190194088099383E+01    0.919633118938841E+00
    0.508960000000000E+03    0.195872620142177E+01    0.919632480985281E+00
    0.515240000000000E+03    0.938588990714834E+00    0.919483667854734E+00
    0.515260000000000E+03    0.995368819932992E+00    0.919489019188142E+00
    0.521520000000000E+03    0.620212003590404E+01    0.919356073760489E+00
    0.521540000000000E+03    0.625889483770152E+01    0.919355467470800E+00
    0.527800000000000E+03    0.518250969775431E+01    0.919549339126671E+00
    0.527820000000000E+03    0.523929203469083E+01    0.919544389116143E+00
    0.534080000000000E+03    0.416267353118155E+01    0.919667051502802E+00
    0.534100000000000E+03    0.421946020289761E+01    0.919668897305238E+00
    0.540360000000000E+03    0.314240435394800E+01    0.919589193266464E+00
    0.540380000000000E+03    0.319918758527774E+01    0.919589432941542E+00
    0.546640000000000E+03    0.212192470983564E+01    0.919620458233802E+00
    0.546660000000000E+03    0.217870953139527E+01    0.919617508005422E+00
    0.552940000000000E+03    0.115793691797535E+01    0.919511414740371E+00
    0.552960000000000E+03    0.121471629627149E+01    0.919516135949119E+00
    0.559220000000000E+03    0.137161626170155E+00    0.919272358775953E+00
    0.559240000000000E+03    0.193932075422481E+00    0.919273744200710E+00
    0.565500000000000E+03    0.539934792463714E+01    0.919389087294484E+00
    0.565520000000000E+03    0.545612248232214E+01    0.919383812384303E+00
    0.571780000000000E+03    0.437853237635750E+01    0.919615559613097E+00
    0.571800000000000E+03    0.443531921457225E+01    0.919623564074484E+00
    0.578060000000000E+03    0.335892548888455E+01    0.919650947997097E+00
    0.578080000000000E+03    0.341571152093525E+01    0.919652231712490E+00
    0.584340000000000E+03    0.233954126971344E+01    0.919687303532812E+00
    0.584360000000000E+03    0.239632959359301E+01    0.919684851212252E+00
    0.590620000000000E+03    0.132039254712254E+01    0.919659827717938E+00
    0.590640000000000E+03    0.137718014408188E+01    0.919663055880944E+00
    0.596920000000000E+03    0.358660599069253E+00    0.919486462854579E+00
    0.596940000000000E+03    0.415440043435865E+00    0.919489668697806E+00
    0.603200000000000E+03    0.562368225717159E+01    0.919554804617422E+00
    0.603220000000000E+03    0.568046503402979E+01    0.919549699992555E+00
    0.609480000000000E+03    0.460539030941254E+01    0.919785067410542E+00
    0.609500000000000E+03    0.466218188424364E+01    0.919783834592015E+00
    0.615760000000000E+03    0.358715097877644E+01    0.919765094864257E+00
    0.615780000000000E+03    0.364394162379881E+01    0.919767391375589E+00
    0.622040000000000E+03    0.256884050106510E+01    0.919762248121263E+00
    0.622060000000000E+03    0.262563073077695E+01    0.919759777477661E+00
    0.628320000000000E+03    0.155023730201719E+01    0.919768105961968E+00
    0.628340000000000E+03    0.160702642637216E+01    0.919769450351389E+00
    0.634620000000000E+03    0.588325414454175E+00    0.919510509539225E+00
    0.634640000000000E+03    0.645105376194579E+00    0.919515160690167E+00
    0.640900000000000E+03    0.585267310742506E+01    0.919447751208503E+00
    0.640920000000000E+03    0.590945091790991E+01    0.919443794051818E+00
    0.647180000000000E+03    0.483315819652967E+01    0.919632556170635E+00
    0.647200000000000E+03    0.488994346626077E+01    0.919629632059924E+00
    0.653460000000000E+03    0.381324494168484E+01    0.919653215497678E+00
    0.653480000000000E+03    0.387003100984498E+01    0.919656236634788E+00
    0.659740000000000E+03    0.279356585988285E+01    0.919643023187201E+00
    0.659760000000000E+03    0.285035201660321E+01    0.919641234177552E+00
    0.666020000000000E+03    0.177418713297766E+01    0.919704427118356E+00
    0.666040000000000E+03    0.183097612309962E+01    0.919704361719888E+00
    0.672320000000000E+03    0.812115273030486E+00    0.919567584828845E+00
    0.672340000000000E+03    0.868898179528969E+00    0.919573051027828E+00
    0.678600000000000E+03    0.607709431132048E+01    0.919483679748631E+00
    0.678620000000000E+03    0.613387399107501E+01    0.919481743779437E+00
    0.684880000000000E+03    0.505884841414831E+01    0.919691722602115E+00
    0.684900000000000E+03    0.511563611535280E+01    0.919687126626285E+00
    0.691160000000000E+03    0.404000392820103E+01    0.919747349343770E+00
    0.691180000000000E+03    0.409679332331257E+01    0.919749734240589E+00
    0.697440000000000E+03    0.302077915788936E+01    0.919672581383652E+00
    0.697460000000000E+03    0.307756501560925E+01    0.919672528562964E+00
    0.703720000000000E+03    0.200116154609282E+01    0.919682447769179E+00
    0.703740000000000E+03    0.205794884941815E+01    0.919680923349467E+00
    0.710000000000000E+03    0.981357394774022E+00    0.919535168642918E+00
    0.710020000000000E+03    0.103813842503700E+01    0.919540420568061E+00
    0.716300000000000E+03    0.184160269216136E-01    0.919354479037945E+00
    0.716320000000000E+03    0.751898746268580E-01    0.919354443134862E+00
    0.722580000000000E+03    0.528201125326768E+01    0.919519868556504E+00
    0.722600000000000E+03    0.533879273467346E+01    0.919514642641342E+00
    0.728860000000000E+03    0.426215761166623E+01    0.919674400883338E+00
    0.728880000000000E+03    0.431894501076567E+01    0.919675715414744E+00
    0.735140000000000E+03    0.324247049714313E+01    0.919637855019098E+00
    0.735160000000000E+03    0.329925665484825E+01    0.919639107666678E+00
    0.741420000000000E+03    0.222283375753523E+01    0.919694359345931E+00
    0.741440000000000E+03    0.227962142746810E+01    0.919692063626990E+00
    0.747700000000000E+03    0.120334542987393E+01    0.919624136278889E+00
    0.747720000000000E+03    0.126013061914909E+01    0.919628638576701E+00
    0.754000000000000E+03    0.241259014084335E+00    0.919436411901489E+00
    0.754020000000000E+03    0.298036720113942E+00    0.919439092882299E+00
    0.760280000000000E+03    0.550601812436753E+01    0.919562463415256E+00
    0.760300000000000E+03    0.556280120184101E+01    0.919557057619232E+00
    0.766560000000000E+03    0.448755402962024E+01    0.919778847290800E+00
    0.766580000000000E+03    0.454434552144039E+01    0.919778490190766E+00
    0.772840000000000E+03    0.346919549490758E+01    0.919752268115142E+00
    0.772860000000000E+03    0.352598551140181E+01    0.919754072635171E+00
    0.779120000000000E+03    0.245095047873428E+01    0.919775992046834E+00
    0.779140000000000E+03    0.250774157995829E+01    0.919773182135839E+00
    0.785400000000000E+03    0.143250266422865E+01    0.919740355485034E+00
    0.785420000000000E+03    0.148929201691817E+01    0.919743093626599E+00
    0.791700000000000E+03    0.470956230637057E+00    0.919520049887954E+00
    0.791720000000000E+03    0.527736879629174E+00    0.919524083214251E+00
    0.797980000000000E+03    0.573616559813263E+01    0.919543852457071E+00
    0.798000000000000E+03    0.579294799230001E+01    0.919539270747608E+00
    0.804260000000000E+03    0.471819061275710E+01    0.919779084139460E+00
    0.804280000000000E+03    0.477498238340286E+01    0.919776957151633E+00
    0.810540000000000E+03    0.370020719962486E+01    0.919796993060603E+00
    0.810560000000000E+03    0.375699909183550E+01    0.919799550306030E+00
    0.816820000000000E+03    0.268238545885924E+01    0.919795979416779E+00
    0.816840000000000E+03    0.273917755339153E+01    0.919793687397543E+00
    0.823100000000000E+03    0.166443968697422E+01    0.919811196592885E+00
    0.823120000000000E+03    0.172123187989155E+01    0.919811931347624E+00
    0.829400000000000E+03    0.703278127033627E+00    0.919602760084874E+00
    0.829420000000000E+03    0.760061853850402E+00    0.919607889817842E+00
    0.835680000000000E+03    0.596881303399687E+01    0.919541821109498E+00
    0.835700000000000E+03    0.602559479339561E+01    0.919538778518483E+00
    0.841960000000000E+03    0.495122591111158E+01    0.919773021337765E+00
    0.841980000000000E+03    0.500801703337629E+01    0.919769267132294E+00
    0.848240000000000E+03    0.393353575847368E+01    0.919831392395286E+00
    0.848260000000000E+03    0.399032909173457E+01    0.919833993496152E+00
    0.854520000000000E+03    0.291569497108867E+01    0.919793582392067E+00
    0.854540000000000E+03    0.297248658273202E+01    0.919792329096712E+00
    0.860800000000000E+03    0.189786288192090E+01    0.919845462512859E+00
    0.860820000000000E+03    0.195465664521680E+01    0.919844784877523E+00
    0.867080000000000E+03    0.880295249537994E+00    0.919696930939346E+00
    0.867100000000000E+03    0.937083143996460E+00    0.919702583857949E+00
    0.873380000000000E+03    0.620334039409181E+01    0.919573496279436E+00
    0.873400000000000E+03    0.626012376790368E+01    0.919572729715725E+00
    0.879660000000000E+03    0.518666009998378E+01    0.919786967027435E+00
    0.879680000000000E+03    0.524345208720433E+01    0.919781855944532E+00
    0.885940000000000E+03    0.416992850895485E+01    0.919928707645603E+00
    0.885960000000000E+03    0.422672583579651E+01    0.919930555226574E+00
    0.892220000000000E+03    0.315347504146939E+01    0.919899517988925E+00
    0.892240000000000E+03    0.321027110723389E+01    0.919899707768943E+00
    0.898500000000000E+03    0.213734897982522E+01    0.919971844985960E+00
    0.898520000000000E+03    0.219414812354125E+01    0.919969905434052E+00
    0.904780000000000E+03    0.112152035561940E+01    0.919883638550452E+00
    0.904800000000000E+03    0.117831595051666E+01    0.919888514727267E+00
    0.911080000000000E+03    0.162769761795062E+00    0.919696911367678E+00
    0.911100000000000E+03    0.219557024435289E+00    0.919698592145715E+00
    0.917360000000000E+03    0.543021811983863E+01    0.919799165593188E+00
    0.917380000000000E+03    0.548700965134412E+01    0.919793740970480E+00
    0.923640000000000E+03    0.441389002075493E+01    0.919954688650345E+00
    0.923660000000000E+03    0.447068697076202E+01    0.919954801254222E+00
    0.929920000000000E+03    0.339712157923304E+01    0.919864122873505E+00
    0.929940000000000E+03    0.345391598309152E+01    0.919865658083883E+00
    0.936200000000000E+03    0.237997851863747E+01    0.919863170353561E+00
    0.936220000000000E+03    0.243677299482988E+01    0.919860544914423E+00
    0.942480000000000E+03    0.136258915298049E+01    0.919817781163323E+00
    0.942500000000000E+03    0.141938149213638E+01    0.919821150529623E+00
    0.948780000000000E+03    0.402166270467205E+00    0.919593424012593E+00
    0.948800000000000E+03    0.458950034936151E+00    0.919596950499930E+00
    0.955060000000000E+03    0.566849266870349E+01    0.919647649442540E+00
    0.955080000000000E+03    0.572527859807315E+01    0.919642672183100E+00
    0.961340000000000E+03    0.465123571850245E+01    0.919843929726537E+00
    0.961360000000000E+03    0.470802939265286E+01    0.919842434319599E+00
    0.967620000000000E+03    0.363346776890057E+01    0.919809738172459E+00
    0.967640000000000E+03    0.369025956924588E+01    0.919812309740471E+00
    0.973900000000000E+03    0.261539856546005E+01    0.919774779416331E+00
    0.973920000000000E+03    0.267218912890030E+01    0.919772436382300E+00
    0.980180000000000E+03    0.159698193037684E+01    0.919758998930133E+00
    0.980200000000000E+03    0.165377229362230E+01    0.919760600918416E+00
    0.986480000000000E+03    0.635242615274365E+00    0.919526610546365E+00
    0.986500000000000E+03    0.692023588142547E+00    0.919531666708236E+00
    0.992760000000000E+03    0.589986044289890E+01    0.919468089791345E+00
    0.992780000000000E+03    0.595663876740446E+01    0.919464575534322E+00
