    0.000000000000000E+00    0.190000000000000E+01    0.950000000000000E+00
    0.200000000000000E-02    0.190579999989404E+01    0.949999943579569E+00
    0.628400000000000E+01    0.127300302538981E+01    0.949952330436399E+00
    0.628600000000000E+01    0.127880286893851E+01    0.949952728533278E+00
    0.125680000000000E+02    0.646352725149598E+00    0.949833762948303E+00
    0.125700000000000E+02    0.652152069210061E+00    0.949834265770789E+00
    0.188500000000000E+02    0.142599155913814E-01    0.949776885719446E+00
    0.188520000000000E+02    0.200590201022095E-01    0.949776901499503E+00
    0.251340000000000E+02    0.567101331724481E+01    0.949841063313919E+00
    0.251360000000000E+02    0.567681259984785E+01    0.949840585589985E+00
    0.314160000000000E+02    0.503858443523468E+01    0.949965376180316E+00
    0.314180000000000E+02    0.504438429775657E+01    0.949964943231849E+00
    0.377000000000000E+02    0.441191129194547E+01    0.950032912748533E+00
    0.377020000000000E+02    0.441771139407882E+01    0.950032932858977E+00
    0.439840000000000E+02    0.378486464636779E+01    0.949992089075282E+00
    0.439860000000000E+02    0.379066458133943E+01    0.949992350639690E+00
    0.502660000000000E+02    0.315172867861301E+01    0.949924521517305E+00
    0.502680000000000E+02    0.315752836201509E+01    0.949924538623299E+00
    0.565500000000000E+02    0.252406642969174E+01    0.949933004567875E+00
    0.565520000000000E+02    0.252986613781786E+01    0.949932749986379E+00
    0.628320000000000E+02    0.189028033651630E+01    0.949932647913713E+00
    0.628340000000000E+02    0.189608005965198E+01    0.949932548824655E+00
    0.691160000000000E+02    0.126209879964338E+01    0.949855540936082E+00
    0.691180000000000E+02    0.126789816842160E+01    0.949855949721387E+00
    0.754000000000000E+02    0.633848013116420E+00    0.949706105669364E+00
    0.754020000000000E+02    0.639646791954050E+00    0.949706601936241E+00
    0.816820000000000E+02    0.628280116417636E+01    0.949593407296979E+00
    0.816840000000000E+02    0.541402840534033E-02    0.949593419020349E+00
    0.879660000000000E+02    0.565406551341698E+01    0.949652609634420E+00
    0.879680000000000E+02    0.565986409553744E+01    0.949652112756562E+00
    0.942480000000000E+02    0.501938478251907E+01    0.949791646797696E+00
    0.942500000000000E+02    0.502518396670160E+01    0.949791210909217E+00
    0.100532000000000E+03    0.439061658740144E+01    0.949891218359676E+00
    0.100534000000000E+03    0.439641616746093E+01    0.949891274551988E+00
    0.106816000000000E+03    0.376213837157087E+01    0.949885916452008E+00
    0.106818000000000E+03    0.376793791537750E+01    0.949886251165336E+00
    0.113098000000000E+03    0.312819513712486E+01    0.949877636793743E+00
    0.113100000000000E+03    0.313399466831436E+01    0.949877654160466E+00
    0.119382000000000E+03    0.250038397543187E+01    0.949936479368648E+00
    0.119384000000000E+03    0.250618374068745E+01    0.949936216783810E+00
    0.125664000000000E+03    0.186708331654978E+01    0.949990357810566E+00
    0.125666000000000E+03    0.187288329440338E+01    0.949990305556369E+00
    0.131948000000000E+03    0.123996454684163E+01    0.949943612083898E+00
    0.131950000000000E+03    0.124576436790738E+01    0.949944031331551E+00
    0.138232000000000E+03    0.613296920099287E+00    0.949833247837078E+00
    0.138234000000000E+03    0.619096253875114E+00    0.949833741775358E+00
    0.144514000000000E+03    0.626447425093357E+01    0.949789952094288E+00
    0.144516000000000E+03    0.627027341599535E+01    0.949789943302802E+00
    0.150798000000000E+03    0.563859266034098E+01    0.949889941054903E+00
    0.150800000000000E+03    0.564439224467088E+01    0.949889434872982E+00
    0.157080000000000E+03    0.500711849382509E+01    0.950042764170774E+00
    0.157082000000000E+03    0.501291872875959E+01    0.950042310993296E+00
    0.163364000000000E+03    0.438163733015534E+01    0.950145488291433E+00
    0.163366000000000E+03    0.438743795714794E+01    0.950145522113775E+00
    0.169648000000000E+03    0.375644617175476E+01    0.950148997282689E+00
    0.169650000000000E+03    0.376224675870685E+01    0.950149295989871E+00
    0.175930000000000E+03    0.312580467907480E+01    0.950137134038890E+00
    0.175932000000000E+03    0.313160524850628E+01    0.950137136596443E+00
    0.182214000000000E+03    0.250128213623634E+01    0.950183091961232E+00
    0.182216000000000E+03    0.250708294369497E+01    0.950182831935342E+00
    0.188496000000000E+03    0.187127476238106E+01    0.950242754770141E+00
    0.188498000000000E+03    0.187707577898789E+01    0.950242703484953E+00
    0.194780000000000E+03    0.124744969209212E+01    0.950210462994649E+00
    0.194782000000000E+03    0.125325054994369E+01    0.950210890666669E+00
    0.201062000000000E+03    0.618294671863509E+00    0.950094596756134E+00
    0.201064000000000E+03    0.624095029619298E+00    0.950095177886309E+00
    0.207346000000000E+03    0.627858357208208E+01    0.950040628663115E+00
    0.207348000000000E+03    0.119829972004482E-02    0.950040654142386E+00
    0.213630000000000E+03    0.565600459347331E+01    0.950143969001707E+00
    0.213632000000000E+03    0.566180520460830E+01    0.950143474747188E+00
    0.219912000000000E+03    0.502783152142251E+01    0.950313084920543E+00
    0.219914000000000E+03    0.503363279345126E+01    0.950312645121458E+00
    0.226196000000000E+03    0.440564845707797E+01    0.950416009063431E+00
    0.226198000000000E+03    0.441145013424159E+01    0.950416055381720E+00
    0.232478000000000E+03    0.377796570928308E+01    0.950412189928431E+00
    0.232480000000000E+03    0.378376735816744E+01    0.950412527197686E+00
    0.238762000000000E+03    0.315641952823580E+01    0.950402959075941E+00
    0.238764000000000E+03    0.316222115927008E+01    0.950402995226634E+00
    0.245046000000000E+03    0.253521129778858E+01    0.950459430056157E+00
    0.245048000000000E+03    0.254101315391449E+01    0.950459170793874E+00
    0.251328000000000E+03    0.190851182410086E+01    0.950516242448040E+00
    0.251330000000000E+03    0.191431390511718E+01    0.950516161735241E+00
    0.257612000000000E+03    0.128799061775180E+01    0.950477253491731E+00
    0.257614000000000E+03    0.129379257557844E+01    0.950477637664153E+00
    0.263894000000000E+03    0.662111693091674E+00    0.950369263335903E+00
    0.263896000000000E+03    0.667913174874116E+00    0.950369780179448E+00
    0.270178000000000E+03    0.424974342926134E-01    0.950316078550306E+00
    0.270180000000000E+03    0.482987015946037E-01    0.950316132865938E+00
    0.276462000000000E+03    0.570641111014515E+01    0.950401246399101E+00
    0.276464000000000E+03    0.571221274181858E+01    0.950400770894333E+00
    0.282744000000000E+03    0.508155250269863E+01    0.950552516620825E+00
    0.282746000000000E+03    0.508735477875086E+01    0.950552027801585E+00
    0.289028000000000E+03    0.446268686661529E+01    0.950667654423209E+00
    0.289030000000000E+03    0.446848958400903E+01    0.950667625716296E+00
    0.295310000000000E+03    0.383829535266750E+01    0.950680800414698E+00
    0.295312000000000E+03    0.384409806861891E+01    0.950681095885564E+00
    0.301594000000000E+03    0.322005359371497E+01    0.950662301694762E+00
    0.301596000000000E+03    0.322585625907823E+01    0.950662366943477E+00
    0.307878000000000E+03    0.260213516456542E+01    0.950701341853797E+00
    0.307880000000000E+03    0.260793804275625E+01    0.950701097726920E+00
    0.314160000000000E+03    0.197872630647839E+01    0.950768507381083E+00
    0.314162000000000E+03    0.198452942387473E+01    0.950768389227140E+00
    0.320444000000000E+03    0.136148635142263E+01    0.950755417995504E+00
    0.320446000000000E+03    0.136728939167142E+01    0.950755767983908E+00
    0.326726000000000E+03    0.738896012118062E+00    0.950648195278896E+00
    0.326728000000000E+03    0.744698581306807E+00    0.950648822598834E+00
    0.333010000000000E+03    0.122578971193320E+00    0.950570446134593E+00
    0.333012000000000E+03    0.128381290331731E+00    0.950570612859611E+00
    0.339294000000000E+03    0.578979256181196E+01    0.950644065310226E+00
    0.339296000000000E+03    0.579559517170139E+01    0.950643640898850E+00
    0.345576000000000E+03    0.516824461531132E+01    0.950808836526529E+00
    0.345578000000000E+03    0.517404787003079E+01    0.950808331175492E+00
    0.351860000000000E+03    0.455268296781185E+01    0.950934081957679E+00
    0.351862000000000E+03    0.455848672009756E+01    0.950934010160438E+00
    0.358142000000000E+03    0.393159576186918E+01    0.950949270338373E+00
    0.358144000000000E+03    0.393739955904653E+01    0.950949534220878E+00
    0.364426000000000E+03    0.331664099821182E+01    0.950931747574952E+00
    0.364428000000000E+03    0.332244473752780E+01    0.950931888971986E+00
    0.370708000000000E+03    0.269622721220708E+01    0.950972586875894E+00
    0.370710000000000E+03    0.270203111973728E+01    0.950972364885334E+00
    0.376992000000000E+03    0.208192588913221E+01    0.951037679893485E+00
    0.376994000000000E+03    0.208773005808121E+01    0.951037498720576E+00
    0.383276000000000E+03    0.146797618518713E+01    0.951027898473120E+00
    0.383278000000000E+03    0.147378034857115E+01    0.951028140384596E+00
    0.389558000000000E+03    0.848641759980410E+00    0.950934456415047E+00
    0.389560000000000E+03    0.854445518936700E+00    0.950935012392685E+00
    0.395842000000000E+03    0.235585312229887E+00    0.950851726762394E+00
    0.395844000000000E+03    0.241388715551466E+00    0.950851977791017E+00
    0.402124000000000E+03    0.590029803436710E+01    0.950891537388773E+00
    0.402126000000000E+03    0.590610162768553E+01    0.950891188524895E+00
    0.408408000000000E+03    0.528787350826997E+01    0.951030524290999E+00
    0.408410000000000E+03    0.529367769979353E+01    0.951029975228528E+00
    0.414692000000000E+03    0.467563696846105E+01    0.951174430107000E+00
    0.414694000000000E+03    0.468144171657764E+01    0.951174229432182E+00
    0.420974000000000E+03    0.405783863119836E+01    0.951218701905188E+00
    0.420976000000000E+03    0.406364351048410E+01    0.951218934862055E+00
    0.427258000000000E+03    0.344617553661237E+01    0.951194489968412E+00
    0.427260000000000E+03    0.345198031463792E+01    0.951194701322236E+00
    0.433540000000000E+03    0.282904400939992E+01    0.951211698334450E+00
    0.433542000000000E+03    0.283484892239289E+01    0.951211536499467E+00
    0.439824000000000E+03    0.221802926666624E+01    0.951285099962681E+00
    0.439826000000000E+03    0.222383444775778E+01    0.951284873938980E+00
    0.446108000000000E+03    0.160735433845662E+01    0.951310654667016E+00
    0.446110000000000E+03    0.161315960267075E+01    0.951310810239229E+00
    0.452390000000000E+03    0.991287224042708E+00    0.951234728339221E+00
    0.452392000000000E+03    0.997092152837695E+00    0.951235303977831E+00
    0.458674000000000E+03    0.381504113250230E+00    0.951124604688140E+00
    0.458676000000000E+03    0.387308627542552E+00    0.951125036954337E+00
    0.464956000000000E+03    0.604949983748133E+01    0.951133128287900E+00
    0.464958000000000E+03    0.605530439962786E+01    0.951132914775685E+00
    0.471240000000000E+03    0.544039088197269E+01    0.951271046694915E+00
    0.471242000000000E+03    0.544619598546319E+01    0.951270498084131E+00
    0.477524000000000E+03    0.483146984278778E+01    0.951426982500345E+00
    0.477526000000000E+03    0.483727556410076E+01    0.951426675065202E+00
    0.483806000000000E+03    0.421698114138053E+01    0.951485996729947E+00
    0.483808000000000E+03    0.422278712326101E+01    0.951486163339064E+00
    0.490090000000000E+03    0.360859815791196E+01    0.951473360534353E+00
    0.490092000000000E+03    0.361440405243707E+01    0.951473631026059E+00
    0.496372000000000E+03    0.299476340872866E+01    0.951481790969309E+00
    0.496374000000000E+03    0.300056934756776E+01    0.951481712283162E+00
    0.502656000000000E+03    0.238705098722039E+01    0.951543604587331E+00
    0.502658000000000E+03    0.239285718469478E+01    0.951543339240645E+00
    0.508940000000000E+03    0.177966118524887E+01    0.951574928560503E+00
    0.508942000000000E+03    0.178546754086210E+01    0.951574922395377E+00
    0.515222000000000E+03    0.116683963773016E+01    0.951526452517010E+00
    0.515224000000000E+03    0.117264578720096E+01    0.951526907270812E+00
    0.521506000000000E+03    0.560287329494713E+00    0.951424110682190E+00
    0.521508000000000E+03    0.566093017158664E+00    0.951424612563457E+00
    0.527788000000000E+03    0.623156276216582E+01    0.951386414074814E+00
    0.527790000000000E+03    0.623736832448617E+01    0.951386371343879E+00
    0.534072000000000E+03    0.562576958817976E+01    0.951477858245731E+00
    0.534074000000000E+03    0.563157557088221E+01    0.951477350751833E+00
    0.540354000000000E+03    0.501437771908195E+01    0.951643762952552E+00
    0.540356000000000E+03    0.502018434414663E+01    0.951643325395327E+00
    0.546638000000000E+03    0.440899459205480E+01    0.951746788923621E+00
    0.546640000000000E+03    0.441480159812704E+01    0.951746819260327E+00
    0.552922000000000E+03    0.380389403341610E+01    0.951746878517446E+00
    0.552924000000000E+03    0.380970099979186E+01    0.951747227794981E+00
    0.559204000000000E+03    0.319333226427375E+01    0.951728563912692E+00
    0.559206000000000E+03    0.319913922411502E+01    0.951728630960966E+00
    0.565488000000000E+03    0.258890153344964E+01    0.951783595643886E+00
    0.565490000000000E+03    0.259470870638711E+01    0.951783348377350E+00
    0.571770000000000E+03    0.197898406288527E+01    0.951848434247781E+00
    0.571772000000000E+03    0.198479147882654E+01    0.951848315528121E+00
    0.578054000000000E+03    0.137523140063445E+01    0.951833789842041E+00
    0.578056000000000E+03    0.138103875150136E+01    0.951834138012727E+00
    0.584338000000000E+03    0.771924579364168E+00    0.951730975982489E+00
    0.584340000000000E+03    0.777731500171512E+00    0.951731566045109E+00
    0.590620000000000E+03    0.163259981574811E+00    0.951653068864330E+00
    0.590622000000000E+03    0.169066609390029E+00    0.951653271555229E+00
    0.596904000000000E+03    0.584395144206997E+01    0.951712569550433E+00
    0.596906000000000E+03    0.584975830983012E+01    0.951712178577257E+00
    0.603186000000000E+03    0.523588414824962E+01    0.951869546174623E+00
    0.603188000000000E+03    0.524169163926422E+01    0.951869013332322E+00
    0.609470000000000E+03    0.463383337728919E+01    0.951992172934980E+00
    0.609472000000000E+03    0.463964139009136E+01    0.951991999944743E+00
    0.615754000000000E+03    0.403201976662126E+01    0.952024921976194E+00
    0.615756000000000E+03    0.403782789556067E+01    0.952025166912251E+00
    0.622036000000000E+03    0.342473698075673E+01    0.952010396323453E+00
    0.622038000000000E+03    0.343054502058658E+01    0.952010587568837E+00
    0.628320000000000E+03    0.282360047214479E+01    0.952035559330352E+00
    0.628322000000000E+03    0.282940863685985E+01    0.952035386905976E+00
    0.634602000000000E+03    0.221696759989959E+01    0.952089526746642E+00
    0.634604000000000E+03    0.222277602193299E+01    0.952089290401881E+00
    0.640886000000000E+03    0.161646856501670E+01    0.952113098838015E+00
    0.640888000000000E+03    0.162227707340230E+01    0.952113229991641E+00
    0.647170000000000E+03    0.101637536925568E+01    0.952045700122174E+00
    0.647172000000000E+03    0.102218356294907E+01    0.952046233084382E+00
    0.653452000000000E+03    0.410946656225406E+00    0.951942153417101E+00
    0.653454000000000E+03    0.416754412986393E+00    0.951942574024380E+00
    0.659736000000000E+03    0.609492216707872E+01    0.951930590846859E+00
    0.659738000000000E+03    0.610072994746656E+01    0.951930417566546E+00
    0.666018000000000E+03    0.549018648199126E+01    0.952061379841498E+00
    0.666020000000000E+03    0.549599477413381E+01    0.952060839361472E+00
    0.672302000000000E+03    0.489145689512748E+01    0.952220530493148E+00
    0.672304000000000E+03    0.489726580240631E+01    0.952220176923483E+00
    0.678586000000000E+03    0.429294081382182E+01    0.952299068023282E+00
    0.678588000000000E+03    0.429875001816049E+01    0.952299189954668E+00
    0.684868000000000E+03    0.368892290796657E+01    0.952283982795077E+00
    0.684870000000000E+03    0.369473204694418E+01    0.952284337289923E+00
    0.691152000000000E+03    0.309105484104111E+01    0.952283634196266E+00
    0.691154000000000E+03    0.309686400488681E+01    0.952283629204964E+00
    0.697434000000000E+03    0.248770744754620E+01    0.952344638180717E+00
    0.697436000000000E+03    0.249351684758858E+01    0.952344375418200E+00
    0.703718000000000E+03    0.189048423217105E+01    0.952399249001968E+00
    0.703720000000000E+03    0.189629384349792E+01    0.952399184214737E+00
    0.710000000000000E+03    0.128782454437851E+01    0.952363473775624E+00
    0.710002000000000E+03    0.129363403324760E+01    0.952363869980345E+00
    0.716284000000000E+03    0.691405212402969E+00    0.952258046244118E+00
    0.716286000000000E+03    0.697214253020320E+00    0.952258575011418E+00
    0.722568000000000E+03    0.954389023845579E-01    0.952199506196810E+00
    0.722570000000000E+03    0.101247705576043E+00    0.952199620471002E+00
    0.728850000000000E+03    0.577719411173439E+01    0.952273579175430E+00
    0.728852000000000E+03    0.578300322378118E+01    0.952273144235970E+00
    0.735134000000000E+03    0.518181499404727E+01    0.952417730857912E+00
    0.735136000000000E+03    0.518762471412037E+01    0.952417204980294E+00
    0.741416000000000E+03    0.458081393032217E+01    0.952540129714636E+00
    0.741418000000000E+03    0.458662414883884E+01    0.952539996119388E+00
    0.747700000000000E+03    0.398588380050023E+01    0.952570955353125E+00
    0.747702000000000E+03    0.399169408959051E+01    0.952571209625170E+00
    0.753984000000000E+03    0.339128777863971E+01    0.952553371429592E+00
    0.753986000000000E+03    0.339709798958256E+01    0.952553542046984E+00
    0.760266000000000E+03    0.279121645007626E+01    0.952571866404490E+00
    0.760268000000000E+03    0.279702679978709E+01    0.952571684222119E+00
    0.766550000000000E+03    0.219726459793810E+01    0.952640340537141E+00
    0.766552000000000E+03    0.220307521347149E+01    0.952640119889652E+00
    0.772832000000000E+03    0.159783502833307E+01    0.952664577719111E+00
    0.772834000000000E+03    0.160364571461923E+01    0.952664736518945E+00
    0.779116000000000E+03    0.100462675232984E+01    0.952593521630770E+00
    0.779118000000000E+03    0.101043712682986E+01    0.952594054721249E+00
    0.785400000000000E+03    0.411880263096464E+00    0.952483693952590E+00
    0.785402000000000E+03    0.417690207196756E+00    0.952484149424457E+00
    0.791682000000000E+03    0.609691719475950E+01    0.952484023563506E+00
    0.791684000000000E+03    0.610272716971122E+01    0.952483857607703E+00
    0.797966000000000E+03    0.550486072327794E+01    0.952611623119766E+00
    0.797968000000000E+03    0.551067119374648E+01    0.952611083048215E+00
    0.804248000000000E+03    0.490719243950662E+01    0.952768942476761E+00
    0.804250000000000E+03    0.491300352864664E+01    0.952768577575303E+00
    0.810532000000000E+03    0.431555867569341E+01    0.952845046307740E+00
    0.810534000000000E+03    0.432137008193104E+01    0.952845154421614E+00
    0.816816000000000E+03    0.372421868660740E+01    0.952837246973833E+00
    0.816818000000000E+03    0.373003003593749E+01    0.952837533998559E+00
    0.823098000000000E+03    0.312741747517566E+01    0.952834822450454E+00
    0.823100000000000E+03    0.313322882619605E+01    0.952834831677734E+00
    0.829382000000000E+03    0.253675230112640E+01    0.952889851471627E+00
    0.829384000000000E+03    0.254256387898931E+01    0.952889591407129E+00
    0.835664000000000E+03    0.194059286362517E+01    0.952938092647637E+00
    0.835666000000000E+03    0.194640465391240E+01    0.952937981637871E+00
    0.841948000000000E+03    0.135059150292682E+01    0.952913769212141E+00
    0.841950000000000E+03    0.135640321605297E+01    0.952914098831131E+00
    0.848232000000000E+03    0.761024164183709E+00    0.952820401441267E+00
    0.848234000000000E+03    0.766835448975144E+00    0.952820942729761E+00
    0.854514000000000E+03    0.166102325531028E+00    0.952751045779427E+00
    0.854516000000000E+03    0.171913327560105E+00    0.952751226540577E+00
    0.860798000000000E+03    0.586054601800743E+01    0.952794259946946E+00
    0.860800000000000E+03    0.586635724954294E+01    0.952793881934055E+00
    0.867080000000000E+03    0.526622988396139E+01    0.952942359903897E+00
    0.867082000000000E+03    0.527204171453286E+01    0.952941822466219E+00
    0.873364000000000E+03    0.467792131769693E+01    0.953080721049253E+00
    0.873366000000000E+03    0.468373367324466E+01    0.953080527477292E+00
    0.879646000000000E+03    0.408404572360496E+01    0.953124757813602E+00
    0.879648000000000E+03    0.408985822110117E+01    0.953124983091716E+00
    0.885930000000000E+03    0.349630666300754E+01    0.953096637523271E+00
    0.885932000000000E+03    0.350211906133518E+01    0.953096898683498E+00
    0.892214000000000E+03    0.290891039837061E+01    0.953116879409960E+00
    0.892216000000000E+03    0.291472291257287E+01    0.953116760204641E+00
    0.898496000000000E+03    0.231601473469345E+01    0.953186704208293E+00
    0.898498000000000E+03    0.232182750855009E+01    0.953186452815775E+00
    0.904780000000000E+03    0.172925991237980E+01    0.953224503850464E+00
    0.904782000000000E+03    0.173507282700939E+01    0.953224561093840E+00
    0.911062000000000E+03    0.113707510456834E+01    0.953168768453606E+00
    0.911064000000000E+03    0.114288779683329E+01    0.953169263236682E+00
    0.917346000000000E+03    0.551156185740638E+00    0.953062399181260E+00
    0.917348000000000E+03    0.556968437085288E+00    0.953062915461384E+00
    0.923630000000000E+03    0.624884558276290E+01    0.953028910377044E+00
    0.923632000000000E+03    0.625465771285280E+01    0.953028892658640E+00
    0.929912000000000E+03    0.565785257251082E+01    0.953128170599155E+00
    0.929914000000000E+03    0.566366510126500E+01    0.953127674076559E+00
    0.936196000000000E+03    0.507289713138152E+01    0.953279545460603E+00
    0.936198000000000E+03    0.507871027611964E+01    0.953279068904555E+00
    0.942478000000000E+03    0.448232927009076E+01    0.953379213329839E+00
    0.942480000000000E+03    0.448814284492073E+01    0.953379158462743E+00
    0.948762000000000E+03    0.389785024500725E+01    0.953396190418072E+00
    0.948764000000000E+03    0.390366383579703E+01    0.953396460249395E+00
    0.955046000000000E+03    0.331371189681295E+01    0.953384173727645E+00
    0.955048000000000E+03    0.331952543279795E+01    0.953384294282010E+00
    0.961328000000000E+03    0.272409439527428E+01    0.953412793415348E+00
    0.961330000000000E+03    0.272990809165913E+01    0.953412581972455E+00
    0.967612000000000E+03    0.214059271191081E+01    0.953471240002174E+00
    0.967614000000000E+03    0.214640666327614E+01    0.953471035299353E+00
    0.973894000000000E+03    0.155161099246334E+01    0.953488309370921E+00
    0.973896000000000E+03    0.155742498372592E+01    0.953488500548434E+00
    0.980178000000000E+03    0.968855796382286E+00    0.953415793525657E+00
    0.980180000000000E+03    0.974669463264945E+00    0.953416335216623E+00
    0.986462000000000E+03    0.386561672664357E+00    0.953311566535719E+00
    0.986464000000000E+03    0.392374919556460E+00    0.953311984043230E+00
    0.992744000000000E+03    0.608204078591189E+01    0.953313547809970E+00
    0.992746000000000E+03    0.608785409035227E+01    0.953313366638617E+00
    0.999028000000000E+03    0.550042453892274E+01    0.953441404172919E+00
    0.999030000000000E+03    0.550623833587633E+01    0.953440864273203E+00
    0.100531000000000E+04    0.491319925098242E+01    0.953596610996694E+00
    0.100531200000000E+04    0.491901365532385E+01    0.953596241687129E+00
    0.101159400000000E+04    0.433200294803646E+01    0.953677320928952E+00
    0.101159600000000E+04    0.433781767180744E+01    0.953677419075885E+00
    0.101787800000000E+04    0.375111551451619E+01    0.953670460297530E+00
    0.101788000000000E+04    0.375693019690152E+01    0.953670781309093E+00
    0.102416000000000E+04    0.316474928791513E+01    0.953664263258911E+00
    0.102416200000000E+04    0.317056396098633E+01    0.953664302565357E+00
    0.103044400000000E+04    0.258452938221490E+01    0.953716059473427E+00
    0.103044600000000E+04    0.259034426488324E+01    0.953715807694000E+00
    0.103672600000000E+04    0.199880387507937E+01    0.953773067576942E+00
    0.103672800000000E+04    0.200461898991080E+01    0.953772928036028E+00
    0.104301000000000E+04    0.141924151791636E+01    0.953756072019883E+00
    0.104301200000000E+04    0.142505659564904E+01    0.953756351659447E+00
    0.104929200000000E+04    0.834278665528018E+00    0.953667234368029E+00
    0.104929400000000E+04    0.840093349765539E+00    0.953667790028921E+00
    0.105557600000000E+04    0.255584686604834E+00    0.953589506385208E+00
    0.105557800000000E+04    0.261399039855860E+00    0.953589777387070E+00
    0.106186000000000E+04    0.596045982153601E+01    0.953616959630536E+00
    0.106186200000000E+04    0.596627432156038E+01    0.953616657832615E+00
    0.106814200000000E+04    0.537659062874991E+01    0.953745303225046E+00
    0.106814400000000E+04    0.538240567753201E+01    0.953744749623730E+00
    0.107442600000000E+04    0.479873742968084E+01    0.953892912435244E+00
    0.107442800000000E+04    0.480455304699990E+01    0.953892618251615E+00
    0.108070800000000E+04    0.421530154185893E+01    0.953957855913143E+00
    0.108071000000000E+04    0.422111738432022E+01    0.953958019391521E+00
    0.108699200000000E+04    0.363799133640259E+01    0.953940963537230E+00
    0.108699400000000E+04    0.364380708935414E+01    0.953941277382586E+00
    0.109327600000000E+04    0.306102319401907E+01    0.953939458573000E+00
    0.109327800000000E+04    0.306683900202142E+01    0.953939432742441E+00
