    0.000000000000000E+00    0.190000000000000E+01    0.980000000000000E+00
    0.200000000000000E-01    0.195919999028003E+01    0.979999349343407E+00
    0.630000000000000E+01    0.169743936155926E+01    0.980012596868608E+00
    0.632000000000000E+01    0.175664009834676E+01    0.980013374246237E+00
    0.125800000000000E+02    0.143600572253108E+01    0.980004470721891E+00
    0.126000000000000E+02    0.149520645967777E+01    0.980007192017358E+00
    0.188600000000000E+02    0.117490785488381E+01    0.979990380791721E+00
    0.188800000000000E+02    0.123410777742024E+01    0.979995033424021E+00
    0.251400000000000E+02    0.914147831214450E+00    0.979964333584154E+00
    0.251600000000000E+02    0.973346491486851E+00    0.979969861885893E+00
    0.314200000000000E+02    0.653725290948501E+00    0.979931827685138E+00
    0.314400000000000E+02    0.712922554011342E+00    0.979937694859785E+00
    0.377000000000000E+02    0.393633876350762E+00    0.979909612535296E+00
    0.377200000000000E+02    0.452830352965904E+00    0.979913926461221E+00
    0.440000000000000E+02    0.193060210383521E+00    0.979909956204891E+00
    0.440200000000000E+02    0.252256721422924E+00    0.979912041584380E+00
    0.502800000000000E+02    0.621678977065267E+01    0.979930362857865E+00
    0.503000000000000E+02    0.627598713152352E+01    0.979929714156363E+00
    0.565600000000000E+02    0.595763810108079E+01    0.979973563087839E+00
    0.565800000000000E+02    0.601683727938223E+01    0.979970503541130E+00
    0.628400000000000E+02    0.569878078439513E+01    0.980036869005055E+00
    0.628600000000000E+02    0.575798254305408E+01    0.980032106418444E+00
    0.691200000000000E+02    0.544021129653834E+01    0.980114285433120E+00
    0.691400000000000E+02    0.549941611191201E+01    0.980108784838762E+00
    0.754000000000000E+02    0.518192671678881E+01    0.980194816160511E+00
    0.754200000000000E+02    0.524113470915660E+01    0.980189620184790E+00
    0.817000000000000E+02    0.498313828855521E+01    0.980264101378325E+00
    0.817200000000000E+02    0.504234905536973E+01    0.980259955489931E+00
    0.879800000000000E+02    0.472542972654384E+01    0.980324601437598E+00
    0.880000000000000E+02    0.478464296629227E+01    0.980322302308471E+00
    0.942600000000000E+02    0.446801387473937E+01    0.980367598440746E+00
    0.942800000000000E+02    0.452722886188599E+01    0.980367434845727E+00
    0.100540000000000E+03    0.421089773122964E+01    0.980392997230300E+00
    0.100560000000000E+03    0.427011367086095E+01    0.980394687693096E+00
    0.106820000000000E+03    0.395408810537134E+01    0.980405653471828E+00
    0.106840000000000E+03    0.401330435704512E+01    0.980408365117159E+00
    0.113100000000000E+03    0.369758926749677E+01    0.980409187387040E+00
    0.113120000000000E+03    0.375680562479329E+01    0.980412396762949E+00
    0.119400000000000E+03    0.350061846614972E+01    0.980416724799008E+00
    0.119420000000000E+03    0.355983519719405E+01    0.980419145369462E+00
    0.125680000000000E+03    0.324474140380551E+01    0.980430392365594E+00
    0.125700000000000E+03    0.330395877208645E+01    0.980431237744243E+00
    0.131960000000000E+03    0.298917183580272E+01    0.980455996936893E+00
    0.131980000000000E+03    0.304839030082110E+01    0.980455190237728E+00
    0.138240000000000E+03    0.273390703082379E+01    0.980491718193063E+00
    0.138260000000000E+03    0.279312697338804E+01    0.980489657559449E+00
    0.144520000000000E+03    0.247894548984448E+01    0.980533062841055E+00
    0.144540000000000E+03    0.253816710423075E+01    0.980530442322107E+00
    0.150800000000000E+03    0.222428769431133E+01    0.980573802122852E+00
    0.150820000000000E+03    0.228351093627663E+01    0.980571452019261E+00
    0.157080000000000E+03    0.196993616115117E+01    0.980607056313433E+00
    0.157100000000000E+03    0.202916073402253E+01    0.980605783534321E+00
    0.163380000000000E+03    0.177512049613864E+01    0.980627382518085E+00
    0.163400000000000E+03    0.183434589662102E+01    0.980627597205766E+00
    0.169660000000000E+03    0.152139544314133E+01    0.980632540587040E+00
    0.169680000000000E+03    0.158062107533948E+01    0.980634751937619E+00
    0.175940000000000E+03    0.126799134330543E+01    0.980620972386319E+00
    0.175960000000000E+03    0.132721651255576E+01    0.980625090338799E+00
    0.182220000000000E+03    0.101491349613627E+01    0.980596699660003E+00
    0.182240000000000E+03    0.107413761205009E+01    0.980602054527901E+00
    0.188500000000000E+03    0.762165163527811E+00    0.980568156849968E+00
    0.188520000000000E+03    0.821387945709375E+00    0.980573872967035E+00
    0.194780000000000E+03    0.509745574945214E+00    0.980541439408691E+00
    0.194800000000000E+03    0.568967258427506E+00    0.980546510133787E+00
    0.201080000000000E+03    0.316870854197759E+00    0.980532228735338E+00
    0.201100000000000E+03    0.376092224127319E+00    0.980535550675178E+00
    0.207360000000000E+03    0.650909761009189E-01    0.980539675638572E+00
    0.207380000000000E+03    0.124312721795718E+00    0.980540443647915E+00
    0.213640000000000E+03    0.609680415400533E+01    0.980571216213649E+00
    0.213660000000000E+03    0.615602721769585E+01    0.980569420845982E+00
    0.219920000000000E+03    0.584563081884858E+01    0.980624420089314E+00
    0.219940000000000E+03    0.590485603453556E+01    0.980620535157709E+00
    0.226200000000000E+03    0.559474942416023E+01    0.980693494231458E+00
    0.226220000000000E+03    0.565397740011610E+01    0.980688314828748E+00
    0.232480000000000E+03    0.534415535880930E+01    0.980770588320452E+00
    0.232500000000000E+03    0.540338640600407E+01    0.980765072713923E+00
    0.238780000000000E+03    0.515308097183652E+01    0.980842218623662E+00
    0.238800000000000E+03    0.521231487985472E+01    0.980837201590275E+00
    0.245060000000000E+03    0.490306193444724E+01    0.980911630457741E+00
    0.245080000000000E+03    0.496229863158692E+01    0.980907979130723E+00
    0.251340000000000E+03    0.465333275030923E+01    0.980966993679639E+00
    0.251360000000000E+03    0.471257168710565E+01    0.980965271030710E+00
    0.257620000000000E+03    0.440389884255887E+01    0.981005054231916E+00
    0.257640000000000E+03    0.446313930901908E+01    0.981005395856292E+00
    0.263900000000000E+03    0.415476658408090E+01    0.981026809914859E+00
    0.263920000000000E+03    0.421400785048058E+01    0.981028781029428E+00
    0.270180000000000E+03    0.390594185682380E+01    0.981037866288307E+00
    0.270200000000000E+03    0.396518338137423E+01    0.981040779025458E+00
    0.276480000000000E+03    0.371666951740440E+01    0.981044781492514E+00
    0.276500000000000E+03    0.377591130040344E+01    0.981047976311413E+00
    0.282760000000000E+03    0.346846679175212E+01    0.981050487270954E+00
    0.282780000000000E+03    0.352770887728877E+01    0.981052743962097E+00
    0.289040000000000E+03    0.322057355271113E+01    0.981065386814443E+00
    0.289060000000000E+03    0.327981632884973E+01    0.981066092347636E+00
    0.295320000000000E+03    0.297298726605095E+01    0.981091647418056E+00
    0.295340000000000E+03    0.303223116551976E+01    0.981090767948871E+00
    0.301600000000000E+03    0.272570566335742E+01    0.981127488594858E+00
    0.301620000000000E+03    0.278495103589137E+01    0.981125410908178E+00
    0.307880000000000E+03    0.247872755722392E+01    0.981168485470348E+00
    0.307900000000000E+03    0.253797458215911E+01    0.981165864822110E+00
    0.314160000000000E+03    0.223205332398243E+01    0.981208792743840E+00
    0.314180000000000E+03    0.229130196214214E+01    0.981206407276251E+00
    0.320460000000000E+03    0.204493505008008E+01    0.981240918130747E+00
    0.320480000000000E+03    0.210418497681928E+01    0.981239380459062E+00
    0.326740000000000E+03    0.179887733610894E+01    0.981263996036593E+00
    0.326760000000000E+03    0.185812820069714E+01    0.981263999635149E+00
    0.333020000000000E+03    0.155313354013015E+01    0.981272018274445E+00
    0.333040000000000E+03    0.161238474727804E+01    0.981273935232743E+00
    0.339300000000000E+03    0.130770895414469E+01    0.981264145124888E+00
    0.339320000000000E+03    0.136695985186827E+01    0.981267959667463E+00
    0.345580000000000E+03    0.106260852129867E+01    0.981243280811051E+00
    0.345600000000000E+03    0.112185852715515E+01    0.981248468672495E+00
    0.351860000000000E+03    0.817835654137525E+00    0.981216840403758E+00
    0.351880000000000E+03    0.877084418980530E+00    0.981222406366028E+00
    0.358160000000000E+03    0.632638206938054E+00    0.981195679877718E+00
    0.358180000000000E+03    0.691886053919006E+00    0.981201201400012E+00
    0.364440000000000E+03    0.388516620983864E+00    0.981177797422142E+00
    0.364460000000000E+03    0.447763789010196E+00    0.981181806719724E+00
    0.370720000000000E+03    0.144713288752882E+00    0.981178436580167E+00
    0.370740000000000E+03    0.203960558366589E+00    0.981180104382561E+00
    0.377000000000000E+03    0.618440575420232E+01    0.981201438097659E+00
    0.377020000000000E+03    0.624365400937040E+01    0.981200567937265E+00
    0.383280000000000E+03    0.594121501214886E+01    0.981246015200143E+00
    0.383300000000000E+03    0.600046508542505E+01    0.981242899717517E+00
    0.389560000000000E+03    0.569831954162009E+01    0.981307941483287E+00
    0.389580000000000E+03    0.575757209755102E+01    0.981303220783310E+00
    0.395860000000000E+03    0.551496965536739E+01    0.981375240558509E+00
    0.395880000000000E+03    0.557422489420537E+01    0.981369792555697E+00
    0.402140000000000E+03    0.527265468993232E+01    0.981451408460911E+00
    0.402160000000000E+03    0.533191296517111E+01    0.981446012461762E+00
    0.408420000000000E+03    0.503062667955055E+01    0.981524047402005E+00
    0.408440000000000E+03    0.508988786318537E+01    0.981519571396670E+00
    0.414700000000000E+03    0.478888756407287E+01    0.981586465239421E+00
    0.414720000000000E+03    0.484815126391345E+01    0.981583594625885E+00
    0.420980000000000E+03    0.454744135212309E+01    0.981634039464286E+00
    0.421000000000000E+03    0.460670697716137E+01    0.981633146381531E+00
    0.427260000000000E+03    0.430629342600719E+01    0.981665270680733E+00
    0.427280000000000E+03    0.436556028788868E+01    0.981666286578562E+00
    0.433540000000000E+03    0.406544954963647E+01    0.981682800068026E+00
    0.433560000000000E+03    0.412471699972707E+01    0.981685092024513E+00
    0.439840000000000E+03    0.388418208594089E+01    0.981694800720346E+00
    0.439860000000000E+03    0.394344987321347E+01    0.981697891106751E+00
    0.446120000000000E+03    0.364395784274757E+01    0.981698888727864E+00
    0.446140000000000E+03    0.370322580260381E+01    0.981701930758903E+00
    0.452400000000000E+03    0.340404409341431E+01    0.981707002609899E+00
    0.452420000000000E+03    0.346331246028376E+01    0.981708929985862E+00
    0.458680000000000E+03    0.316443901991238E+01    0.981724575326653E+00
    0.458700000000000E+03    0.322370817915885E+01    0.981724954537864E+00
    0.464960000000000E+03    0.292514030034022E+01    0.981752693428263E+00
    0.464980000000000E+03    0.298441064938288E+01    0.981751581724092E+00
    0.471240000000000E+03    0.268614601569107E+01    0.981789233800614E+00
    0.471260000000000E+03    0.274541785995416E+01    0.981787042477881E+00
    0.477540000000000E+03    0.250672876072940E+01    0.981827308370473E+00
    0.477560000000000E+03    0.256600213764591E+01    0.981824703549502E+00
    0.483820000000000E+03    0.226834365750528E+01    0.981867123872551E+00
    0.483840000000000E+03    0.232761862788971E+01    0.981864708313291E+00
    0.490100000000000E+03    0.203026435261563E+01    0.981900985681930E+00
    0.490120000000000E+03    0.208954068110825E+01    0.981899474492439E+00
    0.496380000000000E+03    0.179249404286293E+01    0.981924072139226E+00
    0.496400000000000E+03    0.185177130910279E+01    0.981924054632844E+00
    0.502660000000000E+03    0.155503698591451E+01    0.981933127112436E+00
    0.502680000000000E+03    0.161431463551503E+01    0.981934954533688E+00
    0.508940000000000E+03    0.131789794549718E+01    0.981927303979351E+00
    0.508960000000000E+03    0.137717537003732E+01    0.981930981059739E+00
    0.515240000000000E+03    0.114035807004893E+01    0.981914055941349E+00
    0.515260000000000E+03    0.119963492897932E+01    0.981918992842308E+00
    0.521520000000000E+03    0.903866198348624E+00    0.981890002477629E+00
    0.521540000000000E+03    0.963141948979455E+00    0.981895497198985E+00
    0.527800000000000E+03    0.667700835211917E+00    0.981864850928717E+00
    0.527820000000000E+03    0.726975452417491E+00    0.981870507190888E+00
    0.534080000000000E+03    0.431859595518517E+00    0.981845715876422E+00
    0.534100000000000E+03    0.491133465674920E+00    0.981850156871007E+00
    0.540360000000000E+03    0.196337211279115E+00    0.981842379406339E+00
    0.540380000000000E+03    0.255611018004856E+00    0.981844688170622E+00
    0.546640000000000E+03    0.624431223579427E+01    0.981859411092924E+00
    0.546660000000000E+03    0.204013107659193E-01    0.981859269101773E+00
    0.552940000000000E+03    0.606868250815933E+01    0.981894675929072E+00
    0.552960000000000E+03    0.612795851517649E+01    0.981892489510271E+00
    0.559220000000000E+03    0.583407686551868E+01    0.981948291333991E+00
    0.559240000000000E+03    0.589335503465350E+01    0.981944237117860E+00
    0.565500000000000E+03    0.559976441817889E+01    0.982015086655400E+00
    0.565520000000000E+03    0.565904525461042E+01    0.982009877588101E+00
    0.571780000000000E+03    0.536574159290035E+01    0.982088589143353E+00
    0.571800000000000E+03    0.542502535760946E+01    0.982083062457762E+00
    0.578060000000000E+03    0.513200697493926E+01    0.982161833797805E+00
    0.578080000000000E+03    0.519129366508150E+01    0.982156832686132E+00
    0.584340000000000E+03    0.489856134163665E+01    0.982228298165469E+00
    0.584360000000000E+03    0.495785070184593E+01    0.982224555313176E+00
    0.590620000000000E+03    0.466540744802523E+01    0.982282817459275E+00
    0.590640000000000E+03    0.472469901228578E+01    0.982280840712076E+00
    0.596920000000000E+03    0.449184273212154E+01    0.982322437046776E+00
    0.596940000000000E+03    0.455113589465350E+01    0.982322158096053E+00
    0.603200000000000E+03    0.425928692031516E+01    0.982349097913619E+00
    0.603220000000000E+03    0.431858111794918E+01    0.982350549593082E+00
    0.609480000000000E+03    0.402703665627200E+01    0.982364418752145E+00
    0.609500000000000E+03    0.408633131977581E+01    0.982366851843481E+00
    0.615760000000000E+03    0.379509563985312E+01    0.982372059701248E+00
    0.615780000000000E+03    0.385439050558512E+01    0.982375290123855E+00
    0.622040000000000E+03    0.356346506525824E+01    0.982377264389131E+00
    0.622060000000000E+03    0.362276017861154E+01    0.982380060039334E+00
    0.628320000000000E+03    0.333214421264847E+01    0.982388160477593E+00
    0.628340000000000E+03    0.339143984787074E+01    0.982389714482695E+00
    0.634620000000000E+03    0.316042775539972E+01    0.982408484350262E+00
    0.634640000000000E+03    0.321972427698620E+01    0.982408737088243E+00
    0.640900000000000E+03    0.292972182168819E+01    0.982436986522571E+00
    0.640920000000000E+03    0.298901954409803E+01    0.982435819513112E+00
    0.647180000000000E+03    0.269932037155581E+01    0.982473161118104E+00
    0.647200000000000E+03    0.275861957244729E+01    0.982470969221525E+00
    0.653460000000000E+03    0.246922263806528E+01    0.982513164443594E+00
    0.653480000000000E+03    0.252852344860617E+01    0.982510537899001E+00
    0.659740000000000E+03    0.223942905466447E+01    0.982552218041803E+00
    0.659760000000000E+03    0.229873142773567E+01    0.982549834147715E+00
    0.666020000000000E+03    0.200994134539860E+01    0.982585415369651E+00
    0.666040000000000E+03    0.206924505007123E+01    0.982583934365110E+00
    0.672320000000000E+03    0.184006706408650E+01    0.982608453576256E+00
    0.672340000000000E+03    0.189937170169515E+01    0.982608210114544E+00
    0.678600000000000E+03    0.161120116526672E+01    0.982620279673462E+00
    0.678620000000000E+03    0.167050629625896E+01    0.982621779086349E+00
    0.684880000000000E+03    0.138265155883778E+01    0.982618275322391E+00
    0.684900000000000E+03    0.144195662248399E+01    0.982621584803147E+00
    0.691160000000000E+03    0.115442235415276E+01    0.982603952421433E+00
    0.691180000000000E+03    0.121372681734056E+01    0.982608753210690E+00
    0.697440000000000E+03    0.926516797727345E+00    0.982582124424802E+00
    0.697460000000000E+03    0.985820266171686E+00    0.982587622962830E+00
    0.703720000000000E+03    0.698936258212598E+00    0.982558775872714E+00
    0.703740000000000E+03    0.758238641069966E+00    0.982564511851975E+00
    0.710000000000000E+03    0.471679140780452E+00    0.982538978582458E+00
    0.710020000000000E+03    0.530980729217390E+00    0.982543815863419E+00
    0.716300000000000E+03    0.304042596118052E+00    0.982535133166734E+00
    0.716320000000000E+03    0.363344081921696E+00    0.982538346028099E+00
    0.722580000000000E+03    0.774184733791117E-01    0.982544170356415E+00
    0.722600000000000E+03    0.136720391808467E+00    0.982545088804313E+00
    0.728860000000000E+03    0.613428735409616E+01    0.982572642937519E+00
    0.728880000000000E+03    0.619359046599357E+01    0.982571235721292E+00
    0.735140000000000E+03    0.590827199608339E+01    0.982619102316320E+00
    0.735160000000000E+03    0.596757699333102E+01    0.982615699399488E+00
    0.741420000000000E+03    0.568255253806092E+01    0.982679749333824E+00
    0.741440000000000E+03    0.574185996374854E+01    0.982674937338804E+00
    0.747700000000000E+03    0.545712509060922E+01    0.982749235412536E+00
    0.747720000000000E+03    0.551643528531895E+01    0.982743754370551E+00
    0.754000000000000E+03    0.529130060858870E+01    0.982816092817036E+00
    0.754020000000000E+03    0.535061346885186E+01    0.982810662646068E+00
    0.760280000000000E+03    0.506645546864365E+01    0.982885809586441E+00
    0.760300000000000E+03    0.512577111827432E+01    0.982881155609730E+00
    0.766560000000000E+03    0.484190122980908E+01    0.982947438616626E+00
    0.766580000000000E+03    0.490121936050991E+01    0.982944180983128E+00
    0.772840000000000E+03    0.461764083621119E+01    0.982996936401149E+00
    0.772860000000000E+03    0.467696096987856E+01    0.982995463233659E+00
    0.779120000000000E+03    0.439367837182726E+01    0.983032407800057E+00
    0.779140000000000E+03    0.445299992968012E+01    0.983032780156644E+00
    0.785400000000000E+03    0.417001843407479E+01    0.983054808967505E+00
    0.785420000000000E+03    0.422934082997290E+01    0.983056668251919E+00
    0.791700000000000E+03    0.400598808179802E+01    0.983071078220015E+00
    0.791720000000000E+03    0.406531097659217E+01    0.983073581590092E+00
    0.797980000000000E+03    0.378294461722953E+01    0.983078392406806E+00
    0.798000000000000E+03    0.384226773522141E+01    0.983081640920885E+00
    0.804260000000000E+03    0.356021125763482E+01    0.983084475821813E+00
    0.804280000000000E+03    0.361953466342948E+01    0.983087215211040E+00
    0.810540000000000E+03    0.333778723026671E+01    0.983096176509662E+00
    0.810560000000000E+03    0.339711118747618E+01    0.983097699412449E+00
    0.816820000000000E+03    0.311567085585966E+01    0.983116599606713E+00
    0.816840000000000E+03    0.317499570938708E+01    0.983116663729829E+00
    0.823100000000000E+03    0.289386029805110E+01    0.983145903818857E+00
    0.823120000000000E+03    0.295318637950049E+01    0.983144629092575E+00
    0.829400000000000E+03    0.273168168723578E+01    0.983179832499069E+00
    0.829420000000000E+03    0.279100915236859E+01    0.983177719554860E+00
    0.835680000000000E+03    0.251048087716526E+01    0.983218957203104E+00
    0.835700000000000E+03    0.256980991812134E+01    0.983216355629099E+00
    0.841960000000000E+03    0.228958419845367E+01    0.983257828088347E+00
    0.841980000000000E+03    0.234891479488579E+01    0.983255357713601E+00
    0.848240000000000E+03    0.206899299544239E+01    0.983292073391591E+00
    0.848260000000000E+03    0.212832496365081E+01    0.983290352807274E+00
    0.854520000000000E+03    0.184870964684569E+01    0.983317754697531E+00
    0.854540000000000E+03    0.190804265309089E+01    0.983317315543153E+00
    0.860800000000000E+03    0.162873736063830E+01    0.983331967810851E+00
    0.860820000000000E+03    0.168807095462034E+01    0.983333172026626E+00
    0.867080000000000E+03    0.140907983126317E+01    0.983333417691692E+00
    0.867100000000000E+03    0.146841349915530E+01    0.983336377413736E+00
    0.873380000000000E+03    0.124907400177744E+01    0.983327470829328E+00
    0.873400000000000E+03    0.130840742297642E+01    0.983331780167207E+00
    0.879660000000000E+03    0.103005567998207E+01    0.983309611553859E+00
    0.879680000000000E+03    0.108938831332398E+01    0.983314949128730E+00
    0.885940000000000E+03    0.811360537312339E+00    0.983288674978762E+00
    0.885960000000000E+03    0.870692159205646E+00    0.983294315480418E+00
    0.892220000000000E+03    0.592988327392959E+00    0.983267804378390E+00
    0.892240000000000E+03    0.652319056602209E+00    0.983273244028612E+00
    0.898500000000000E+03    0.374936331151275E+00    0.983255058348243E+00
    0.898520000000000E+03    0.434266586083595E+00    0.983259096021055E+00
    0.904780000000000E+03    0.157199953526288E+00    0.983256995154205E+00
    0.904800000000000E+03    0.216530353234702E+00    0.983258972698711E+00
    0.911080000000000E+03    0.628229035331424E+01    0.983276226195295E+00
    0.911100000000000E+03    0.584360946349989E-01    0.983276228357953E+00
    0.917360000000000E+03    0.606516989131342E+01    0.983311137462264E+00
    0.917380000000000E+03    0.612450255429258E+01    0.983308989169917E+00
    0.923640000000000E+03    0.584834915909005E+01    0.983361582495828E+00
    0.923660000000000E+03    0.590768385736692E+01    0.983357679511272E+00
    0.929920000000000E+03    0.563182383112962E+01    0.983423688118425E+00
    0.929940000000000E+03    0.569116101115469E+01    0.983418622838693E+00
    0.936200000000000E+03    0.541559091142881E+01    0.983492477822831E+00
    0.936220000000000E+03    0.547493083186600E+01    0.983486952397905E+00
    0.942480000000000E+03    0.519964894157511E+01    0.983562507492503E+00
    0.942500000000000E+03    0.525899165557894E+01    0.983557248050626E+00
    0.948780000000000E+03    0.504334341251479E+01    0.983624162266616E+00
    0.948800000000000E+03    0.510268859593953E+01    0.983619663252660E+00
    0.955060000000000E+03    0.482798754924306E+01    0.983683033977574E+00
    0.955080000000000E+03    0.488733510436668E+01    0.983679930885934E+00
    0.961340000000000E+03    0.461292680164297E+01    0.983730488536584E+00
    0.961360000000000E+03    0.467227627725833E+01    0.983729113886092E+00
    0.967620000000000E+03    0.439816482174365E+01    0.983765021678360E+00
    0.967640000000000E+03    0.445751568327114E+01    0.983765413716354E+00
    0.973900000000000E+03    0.418370566185467E+01    0.983787565137888E+00
    0.973920000000000E+03    0.424305737086161E+01    0.983789389775815E+00
    0.980180000000000E+03    0.396955311496095E+01    0.983801936955822E+00
    0.980200000000000E+03    0.402890523246788E+01    0.983804506471401E+00
    0.986480000000000E+03    0.381506195741304E+01    0.983813048292397E+00
    0.986500000000000E+03    0.387441446114190E+01    0.983816289702328E+00
    0.992760000000000E+03    0.360152840417095E+01    0.983819530278095E+00
    0.992780000000000E+03    0.366088119998312E+01    0.983822414099146E+00
    0.999040000000000E+03    0.338830404956980E+01    0.983830444149526E+00
    0.999060000000000E+03    0.344765735892724E+01    0.983832247632207E+00
    0.100532000000000E+04    0.317538749996902E+01    0.983849035726829E+00
    0.100534000000000E+04    0.323474163226865E+01    0.983849459962623E+00
    0.101160000000000E+04    0.296277711987796E+01    0.983875950111605E+00
    0.101162000000000E+04    0.302213238908917E+01    0.983875033197897E+00
    0.101788000000000E+04    0.275047151843546E+01    0.983909849809827E+00
    0.101790000000000E+04    0.280982817886888E+01    0.983907882927070E+00
    0.102416000000000E+04    0.253846990018792E+01    0.983948005409558E+00
    0.102418000000000E+04    0.259782810079651E+01    0.983945451830206E+00
    0.103046000000000E+04    0.238613204308649E+01    0.983984276010595E+00
    0.103048000000000E+04    0.244549169659103E+01    0.983981675685048E+00
    0.103674000000000E+04    0.217474079839712E+01    0.984020524773999E+00
    0.103676000000000E+04    0.223410190174036E+01    0.984018387607585E+00
    0.104302000000000E+04    0.196365606122299E+01    0.984050515123017E+00
    0.104304000000000E+04    0.202301836975585E+01    0.984049374464384E+00
    0.104930000000000E+04    0.175288031284481E+01    0.984071202729037E+00
    0.104932000000000E+04    0.181224346367389E+01    0.984071477856681E+00
    0.105558000000000E+04    0.154241659913714E+01    0.984080651573996E+00
    0.105560000000000E+04    0.160178014733219E+01    0.984082579495872E+00
    0.106186000000000E+04    0.133226820617938E+01    0.984078484805767E+00
    0.106188000000000E+04    0.139163167630977E+01    0.984082054039804E+00
    0.106816000000000E+04    0.118180119079580E+01    0.984071205655052E+00
    0.106818000000000E+04    0.124116434689768E+01    0.984075928798284E+00
