    0.000000000000000E+00    0.190000000000000E+01    0.100000000000000E+01
    0.200000000000000E-01    0.195999999065557E+01    0.999999346804578E+00
    0.630000000000000E+01    0.194949588898974E+01    0.100002505955895E+01
    0.632000000000000E+01    0.200949694000535E+01    0.100002406071175E+01
    0.125800000000000E+02    0.193932484986662E+01    0.100003933596765E+01
    0.126000000000000E+02    0.199932679850093E+01    0.100003829972393E+01
    0.188600000000000E+02    0.192945289515622E+01    0.100006602226634E+01
    0.188800000000000E+02    0.198945582841957E+01    0.100006508386894E+01
    0.251400000000000E+02    0.191988682500717E+01    0.100009240533134E+01
    0.251600000000000E+02    0.197989074421163E+01    0.100009150123165E+01
    0.314200000000000E+02    0.191062555254834E+01    0.100011646012336E+01
    0.314400000000000E+02    0.197063044410713E+01    0.100011556647937E+01
    0.377000000000000E+02    0.190166733747600E+01    0.100013971498345E+01
    0.377200000000000E+02    0.196167319403027E+01    0.100013884021305E+01
    0.440000000000000E+02    0.195301842562486E+01    0.100016310370492E+01
    0.440200000000000E+02    0.201302521670945E+01    0.100016207694982E+01
    0.502800000000000E+02    0.194466680329185E+01    0.100018777887006E+01
    0.503000000000000E+02    0.200467456793396E+01    0.100018677636472E+01
    0.565600000000000E+02    0.193661852515476E+01    0.100021213416815E+01
    0.565800000000000E+02    0.199662726185574E+01    0.100021114868836E+01
    0.628400000000000E+02    0.192887336108146E+01    0.100023625765120E+01
    0.628600000000000E+02    0.198888306815212E+01    0.100023528790155E+01
    0.691200000000000E+02    0.192143116202496E+01    0.100026047630036E+01
    0.691400000000000E+02    0.198144183972974E+01    0.100025952292871E+01
    0.754000000000000E+02    0.191429199510009E+01    0.100028480356154E+01
    0.754200000000000E+02    0.197430364403240E+01    0.100028386489172E+01
    0.817000000000000E+02    0.196746854164255E+01    0.100030817949203E+01
    0.817200000000000E+02    0.202748112315896E+01    0.100030707305180E+01
    0.879800000000000E+02    0.196093650631292E+01    0.100033244180470E+01
    0.880000000000000E+02    0.202095005898826E+01    0.100033134447898E+01
    0.942600000000000E+02    0.195470750056472E+01    0.100035670378507E+01
    0.942800000000000E+02    0.201472202426174E+01    0.100035561413539E+01
    0.100540000000000E+03    0.194878152160715E+01    0.100038098435188E+01
    0.100560000000000E+03    0.200879701633869E+01    0.100037990068511E+01
    0.106820000000000E+03    0.194315857673337E+01    0.100040526509521E+01
    0.106840000000000E+03    0.200317504242878E+01    0.100040418543530E+01
    0.113100000000000E+03    0.193783866043026E+01    0.100042953555069E+01
    0.113120000000000E+03    0.199785609695067E+01    0.100042845796860E+01
    0.119400000000000E+03    0.199284016830518E+01    0.100045272449231E+01
    0.119420000000000E+03    0.205285853123365E+01    0.100045147525211E+01
    0.125680000000000E+03    0.198812724926688E+01    0.100047699030453E+01
    0.125700000000000E+03    0.204814658276922E+01    0.100047573945706E+01
    0.131960000000000E+03    0.198371733578915E+01    0.100050125360354E+01
    0.131980000000000E+03    0.204373763970818E+01    0.100049999936788E+01
    0.138240000000000E+03    0.197961042251217E+01    0.100052551180416E+01
    0.138260000000000E+03    0.203963169667065E+01    0.100052425239712E+01
    0.144520000000000E+03    0.197580650257635E+01    0.100054976505866E+01
    0.144540000000000E+03    0.203582874679023E+01    0.100054849872036E+01
    0.150800000000000E+03    0.197230556944453E+01    0.100057401418683E+01
    0.150820000000000E+03    0.203232878352634E+01    0.100057273916832E+01
    0.157080000000000E+03    0.196910761725621E+01    0.100059825890681E+01
    0.157100000000000E+03    0.202913180100751E+01    0.100059697346133E+01
    0.163380000000000E+03    0.202623779333476E+01    0.100062120081148E+01
    0.163400000000000E+03    0.208626289379498E+01    0.100061974350303E+01
    0.169660000000000E+03    0.202364675433449E+01    0.100064542074222E+01
    0.169680000000000E+03    0.208367282348274E+01    0.100064395023799E+01
    0.175940000000000E+03    0.202135867780657E+01    0.100066963296472E+01
    0.175960000000000E+03    0.208138571532811E+01    0.100066814767291E+01
    0.182220000000000E+03    0.201937355766177E+01    0.100069383702289E+01
    0.182240000000000E+03    0.207940156322275E+01    0.100069233537355E+01
    0.188500000000000E+03    0.201769138783925E+01    0.100071803229201E+01
    0.188520000000000E+03    0.207772036108361E+01    0.100071651274054E+01
    0.194780000000000E+03    0.201631216223620E+01    0.100074221812581E+01
    0.194800000000000E+03    0.207634210278366E+01    0.100074067915720E+01
    0.201080000000000E+03    0.207526678217391E+01    0.100076483401278E+01
    0.201100000000000E+03    0.213529762683640E+01    0.100076313125572E+01
    0.207360000000000E+03    0.207449439311370E+01    0.100078897664705E+01
    0.207380000000000E+03    0.213452620338205E+01    0.100078725293869E+01
    0.213640000000000E+03    0.207402492946289E+01    0.100081310633452E+01
    0.213660000000000E+03    0.213405770482063E+01    0.100081136038567E+01
    0.219920000000000E+03    0.207385838506843E+01    0.100083722230711E+01
    0.219940000000000E+03    0.213389212496975E+01    0.100083545287322E+01
    0.226200000000000E+03    0.207399475376087E+01    0.100086132376640E+01
    0.226220000000000E+03    0.213402945762880E+01    0.100085952965127E+01
    0.232480000000000E+03    0.207443402935917E+01    0.100088540987886E+01
    0.232500000000000E+03    0.213446969658446E+01    0.100088358993836E+01
    0.238780000000000E+03    0.213521283560863E+01    0.100090763291898E+01
    0.238800000000000E+03    0.219524939177722E+01    0.100090566503400E+01
    0.245060000000000E+03    0.213625886845443E+01    0.100093165774839E+01
    0.245080000000000E+03    0.219629638558479E+01    0.100092966409917E+01
    0.251340000000000E+03    0.213760778885364E+01    0.100095566355794E+01
    0.251360000000000E+03    0.219764626619428E+01    0.100095364330798E+01
    0.257620000000000E+03    0.213925959051585E+01    0.100097964945764E+01
    0.257640000000000E+03    0.219929902728040E+01    0.100097760183972E+01
    0.263900000000000E+03    0.214121426712620E+01    0.100100361453844E+01
    0.263920000000000E+03    0.220125466249340E+01    0.100100153885872E+01
    0.270180000000000E+03    0.214347181234302E+01    0.100102755787576E+01
    0.270200000000000E+03    0.220351316545464E+01    0.100102545351793E+01
    0.276480000000000E+03    0.220607452975707E+01    0.100104934496322E+01
    0.276500000000000E+03    0.226611675493518E+01    0.100104711768097E+01
    0.282760000000000E+03    0.220893874896103E+01    0.100107321233740E+01
    0.282780000000000E+03    0.226898192891190E+01    0.100107095841751E+01
    0.289040000000000E+03    0.221210581659375E+01    0.100109705478424E+01
    0.289060000000000E+03    0.227214995033387E+01    0.100109477400488E+01
    0.295320000000000E+03    0.221557572614620E+01    0.100112087145293E+01
    0.295340000000000E+03    0.227562081265887E+01    0.100111856368791E+01
    0.301600000000000E+03    0.221934847107104E+01    0.100114466150277E+01
    0.301620000000000E+03    0.227939450930580E+01    0.100114232672582E+01
    0.307880000000000E+03    0.222342404478161E+01    0.100116842410810E+01
    0.307900000000000E+03    0.228347103365570E+01    0.100116606239716E+01
    0.314160000000000E+03    0.222780244064825E+01    0.100119215846338E+01
    0.314180000000000E+03    0.228785037904584E+01    0.100118977000492E+01
    0.320460000000000E+03    0.229253253877175E+01    0.100121344888179E+01
    0.320480000000000E+03    0.235258132984677E+01    0.100121097712749E+01
    0.326740000000000E+03    0.229751750608364E+01    0.100123709839570E+01
    0.326760000000000E+03    0.235756724333396E+01    0.100123460464240E+01
    0.333020000000000E+03    0.230280527418438E+01    0.100126071795560E+01
    0.333040000000000E+03    0.236285595642198E+01    0.100125820287930E+01
    0.339300000000000E+03    0.230839583622890E+01    0.100128430701731E+01
    0.339320000000000E+03    0.236844746224210E+01    0.100128177141927E+01
    0.345580000000000E+03    0.231428918532242E+01    0.100130786508969E+01
    0.345600000000000E+03    0.237434175387898E+01    0.100130530990028E+01
    0.351860000000000E+03    0.232048531451915E+01    0.100133139174088E+01
    0.351880000000000E+03    0.238053882436679E+01    0.100132881802350E+01
    0.358160000000000E+03    0.238703866669084E+01    0.100135229555956E+01
    0.358180000000000E+03    0.244709301382318E+01    0.100134968693889E+01
    0.364440000000000E+03    0.239384127378457E+01    0.100137574235511E+01
    0.364460000000000E+03    0.245389655899157E+01    0.100137312260587E+01
    0.370720000000000E+03    0.240094663853120E+01    0.100139915833943E+01
    0.370740000000000E+03    0.246100286057140E+01    0.100139652907413E+01
    0.377000000000000E+03    0.240835475376093E+01    0.100142254353118E+01
    0.377020000000000E+03    0.246841191138947E+01    0.100141990650725E+01
    0.383280000000000E+03    0.241606561225240E+01    0.100144589804524E+01
    0.383300000000000E+03    0.247612370422530E+01    0.100144325516777E+01
    0.389560000000000E+03    0.242407920673190E+01    0.100146922209958E+01
    0.389580000000000E+03    0.248413823180886E+01    0.100146657542394E+01
    0.395860000000000E+03    0.249245548682279E+01    0.100148986775638E+01
    0.395880000000000E+03    0.255251533830824E+01    0.100148724580169E+01
    0.402140000000000E+03    0.250107546190293E+01    0.100151313276481E+01
    0.402160000000000E+03    0.256113624398040E+01    0.100151051712486E+01
    0.408420000000000E+03    0.250999814963779E+01    0.100153637117473E+01
    0.408440000000000E+03    0.257005986119498E+01    0.100153376447043E+01
    0.414700000000000E+03    0.251922354257158E+01    0.100155958384410E+01
    0.414720000000000E+03    0.257928618252322E+01    0.100155698884908E+01
    0.420980000000000E+03    0.252875163320618E+01    0.100158277176982E+01
    0.421000000000000E+03    0.258881520049954E+01    0.100158019141096E+01
    0.427260000000000E+03    0.253858241400053E+01    0.100160593609420E+01
    0.427280000000000E+03    0.259864690762060E+01    0.100160337345170E+01
    0.433540000000000E+03    0.254871587737603E+01    0.100162907811121E+01
    0.433560000000000E+03    0.260878129635012E+01    0.100162653641825E+01
    0.439840000000000E+03    0.261921835912199E+01    0.100164968191437E+01
    0.439860000000000E+03    0.267928460110261E+01    0.100164724373834E+01
    0.446120000000000E+03    0.262995808834262E+01    0.100167281170593E+01
    0.446140000000000E+03    0.269002525481278E+01    0.100167040741165E+01
    0.452400000000000E+03    0.264100047639386E+01    0.100169592772584E+01
    0.452420000000000E+03    0.270106856668076E+01    0.100169356104434E+01
    0.458680000000000E+03    0.265234551563799E+01    0.100171903207861E+01
    0.458700000000000E+03    0.271241452914251E+01    0.100171670687792E+01
    0.464960000000000E+03    0.266399319842276E+01    0.100174212704435E+01
    0.464980000000000E+03    0.272406313462511E+01    0.100173984732567E+01
    0.471240000000000E+03    0.267594351708431E+01    0.100176521508244E+01
    0.471260000000000E+03    0.273601437555112E+01    0.100176298497546E+01
    0.477540000000000E+03    0.274826824434513E+01    0.100178612259197E+01
    0.477560000000000E+03    0.280833993516467E+01    0.100178407288245E+01
    0.483820000000000E+03    0.276082473343854E+01    0.100180926311822E+01
    0.483840000000000E+03    0.282089734798933E+01    0.100180727755854E+01
    0.490100000000000E+03    0.277368383527551E+01    0.100183240967632E+01
    0.490120000000000E+03    0.283375737359120E+01    0.100183049271286E+01
    0.496380000000000E+03    0.278684554231972E+01    0.100185556556734E+01
    0.496400000000000E+03    0.284692000455311E+01    0.100185372173438E+01
    0.502660000000000E+03    0.280030984706127E+01    0.100187873427029E+01
    0.502680000000000E+03    0.286038523349021E+01    0.100187696818020E+01
    0.508940000000000E+03    0.281407674202387E+01    0.100190191944004E+01
    0.508960000000000E+03    0.287415305305944E+01    0.100190023577235E+01
    0.515240000000000E+03    0.288822345596327E+01    0.100192352839355E+01
    0.515260000000000E+03    0.294830062334199E+01    0.100192210179624E+01
    0.521520000000000E+03    0.290259643496165E+01    0.100194685008153E+01
    0.521540000000000E+03    0.296267453151131E+01    0.100194552056772E+01
    0.527800000000000E+03    0.291727198287685E+01    0.100197020502208E+01
    0.527820000000000E+03    0.297735100963109E+01    0.100196897724863E+01
    0.534080000000000E+03    0.293225009260323E+01    0.100199359754053E+01
    0.534100000000000E+03    0.299233005075553E+01    0.100199247615638E+01
    0.540360000000000E+03    0.294753075711333E+01    0.100201703209160E+01
    0.540380000000000E+03    0.300761164802543E+01    0.100201602171970E+01
    0.546640000000000E+03    0.296311396946953E+01    0.100204051324758E+01
    0.546660000000000E+03    0.302319579467462E+01    0.100203961846524E+01
    0.552940000000000E+03    0.303908248403900E+01    0.100206327100230E+01
    0.552960000000000E+03    0.309916520649244E+01    0.100206270013922E+01
    0.559220000000000E+03    0.305527170956384E+01    0.100208698400540E+01
    0.559240000000000E+03    0.311535537451164E+01    0.100208654112531E+01
    0.565500000000000E+03    0.307176346481356E+01    0.100211076219468E+01
    0.565520000000000E+03    0.313184807450921E+01    0.100211045130110E+01
    0.571780000000000E+03    0.308855774347739E+01    0.100213461031386E+01
    0.571800000000000E+03    0.314864330036085E+01    0.100213443524349E+01
    0.578060000000000E+03    0.310565453937875E+01    0.100215853310568E+01
    0.578080000000000E+03    0.316574104607707E+01    0.100215849749910E+01
    0.584340000000000E+03    0.312305384648084E+01    0.100218253528460E+01
    0.584360000000000E+03    0.318314130581143E+01    0.100218264255512E+01
    0.590620000000000E+03    0.314075565889425E+01    0.100220662150661E+01
    0.590640000000000E+03    0.320084407386366E+01    0.100220687480703E+01
    0.596920000000000E+03    0.321884934468790E+01    0.100223119852322E+01
    0.596940000000000E+03    0.327893872389723E+01    0.100223182223666E+01
    0.603200000000000E+03    0.323715711289447E+01    0.100225561780632E+01
    0.603220000000000E+03    0.329724746010697E+01    0.100225639297759E+01
    0.609480000000000E+03    0.325576737325491E+01    0.100228013655088E+01
    0.609500000000000E+03    0.331585869215087E+01    0.100228106478615E+01
    0.615760000000000E+03    0.327468012070381E+01    0.100230475839739E+01
    0.615780000000000E+03    0.333477241513037E+01    0.100230584085089E+01
    0.622040000000000E+03    0.329389535033988E+01    0.100232948668228E+01
    0.622060000000000E+03    0.335398862430384E+01    0.100233072401013E+01
    0.628320000000000E+03    0.331341305742535E+01    0.100235432438374E+01
    0.628340000000000E+03    0.337350731508332E+01    0.100235571669517E+01
    0.634620000000000E+03    0.339332848303366E+01    0.100238082086895E+01
    0.634640000000000E+03    0.345342377876591E+01    0.100238257579746E+01
    0.640900000000000E+03    0.341345212386341E+01    0.100240603796001E+01
    0.640920000000000E+03    0.347354841819242E+01    0.100240794156315E+01
    0.647180000000000E+03    0.343387823341891E+01    0.100243136879141E+01
    0.647200000000000E+03    0.349397553087192E+01    0.100243341840183E+01
    0.653460000000000E+03    0.345460680767133E+01    0.100245681350437E+01
    0.653480000000000E+03    0.351470511284651E+01    0.100245900563854E+01
    0.659740000000000E+03    0.347563784270551E+01    0.100248237147641E+01
    0.659760000000000E+03    0.353573716024857E+01    0.100248470176959E+01
    0.666020000000000E+03    0.349697133470295E+01    0.100250804123361E+01
    0.666040000000000E+03    0.355707166928346E+01    0.100251050437162E+01
    0.672320000000000E+03    0.357870863620451E+01    0.100253641000437E+01
    0.672340000000000E+03    0.363881008636736E+01    0.100253915466161E+01
    0.678600000000000E+03    0.360064805728575E+01    0.100256241410705E+01
    0.678620000000000E+03    0.366075053922805E+01    0.100256526642882E+01
    0.684880000000000E+03    0.362288992879257E+01    0.100258851088776E+01
    0.684900000000000E+03    0.368299344685420E+01    0.100259146111496E+01
    0.691160000000000E+03    0.364543424694375E+01    0.100261469320590E+01
    0.691180000000000E+03    0.370553880531725E+01    0.100261773026515E+01
    0.697440000000000E+03    0.366828100787188E+01    0.100264095244705E+01
    0.697460000000000E+03    0.372838661055448E+01    0.100264406386255E+01
    0.703720000000000E+03    0.369143020757474E+01    0.100266727839007E+01
    0.703740000000000E+03    0.375153685832265E+01    0.100267045019151E+01
    0.710000000000000E+03    0.371488184186501E+01    0.100269365906603E+01
    0.710020000000000E+03    0.377498954413795E+01    0.100269687569235E+01
    0.716300000000000E+03    0.379874466320871E+01    0.100272332480761E+01
    0.716320000000000E+03    0.385885354982020E+01    0.100272659586492E+01
    0.722580000000000E+03    0.382280221036717E+01    0.100274977981925E+01
    0.722600000000000E+03    0.388291215661820E+01    0.100275303723805E+01
    0.728860000000000E+03    0.384716217998812E+01    0.100277622067653E+01
    0.728880000000000E+03    0.390727318745621E+01    0.100277944187184E+01
    0.735140000000000E+03    0.387182456590017E+01    0.100280262481405E+01
    0.735160000000000E+03    0.393193663553166E+01    0.100280578511086E+01
    0.741420000000000E+03    0.389678936128485E+01    0.100282896695973E+01
    0.741440000000000E+03    0.395690249331074E+01    0.100283203947227E+01
    0.747700000000000E+03    0.392205655857288E+01    0.100285521893210E+01
    0.747720000000000E+03    0.398217075241473E+01    0.100285817443834E+01
    0.754000000000000E+03    0.400774140349267E+01    0.100288415623773E+01
    0.754020000000000E+03    0.406785678888127E+01    0.100288679812079E+01
    0.760280000000000E+03    0.403361443608219E+01    0.100290994761536E+01
    0.760300000000000E+03    0.409373087607446E+01    0.100291237757722E+01
    0.766560000000000E+03    0.405978983878049E+01    0.100293551452859E+01
    0.766580000000000E+03    0.411990733468201E+01    0.100293783578377E+01
    0.772840000000000E+03    0.408626760474590E+01    0.100296096051244E+01
    0.772860000000000E+03    0.414638615192780E+01    0.100296320187690E+01
    0.779120000000000E+03    0.411304772082076E+01    0.100298631227279E+01
    0.779140000000000E+03    0.417316731098708E+01    0.100298844815799E+01
    0.785400000000000E+03    0.414013016986746E+01    0.100301154146744E+01
    0.785420000000000E+03    0.420025079388051E+01    0.100301354754520E+01
    0.791700000000000E+03    0.422763658147369E+01    0.100303847368590E+01
    0.791720000000000E+03    0.428775831984876E+01    0.100304017683480E+01
    0.797980000000000E+03    0.425532465348806E+01    0.100306320106967E+01
    0.798000000000000E+03    0.431544739479523E+01    0.100306471194143E+01
    0.804260000000000E+03    0.428331498851094E+01    0.100308770514155E+01
    0.804280000000000E+03    0.434343872078171E+01    0.100308900514899E+01
    0.810540000000000E+03    0.431160756401505E+01    0.100311196241514E+01
    0.810560000000000E+03    0.437173227461790E+01    0.100311303444415E+01
    0.816820000000000E+03    0.434020235638491E+01    0.100313595058530E+01
    0.816840000000000E+03    0.440032803206714E+01    0.100313677903995E+01
    0.823100000000000E+03    0.436909934094365E+01    0.100315964864001E+01
    0.823120000000000E+03    0.442922596788094E+01    0.100316021948476E+01
    0.829400000000000E+03    0.445842605583903E+01    0.100318333776994E+01
    0.829420000000000E+03    0.451855363175855E+01    0.100318339822528E+01
    0.835680000000000E+03    0.448792826879844E+01    0.100320611743567E+01
    0.835700000000000E+03    0.454805675427951E+01    0.100320589036046E+01
    0.841960000000000E+03    0.451773257874584E+01    0.100322854367459E+01
    0.841980000000000E+03    0.457786195841800E+01    0.100322802148218E+01
    0.848240000000000E+03    0.454783895686160E+01    0.100325060343280E+01
    0.848260000000000E+03    0.460796921505334E+01    0.100324978021648E+01
    0.854520000000000E+03    0.457824737358624E+01    0.100327228550777E+01
    0.854540000000000E+03    0.463837849438960E+01    0.100327115706338E+01
    0.860800000000000E+03    0.460895779869452E+01    0.100329358064273E+01
    0.860820000000000E+03    0.466908976603281E+01    0.100329214448722E+01
    0.867080000000000E+03    0.463997020137913E+01    0.100331448161703E+01
    0.867100000000000E+03    0.470010299907653E+01    0.100331273700286E+01
    0.873380000000000E+03    0.473141816219322E+01    0.100333293125699E+01
    0.873400000000000E+03    0.479155168716579E+01    0.100333062630649E+01
    0.879660000000000E+03    0.476303522373473E+01    0.100335272610442E+01
    0.879680000000000E+03    0.482316953460031E+01    0.100335012121735E+01
    0.885940000000000E+03    0.479495415183555E+01    0.100337212267845E+01
    0.885960000000000E+03    0.485508923285124E+01    0.100336922367534E+01
    0.892220000000000E+03    0.482717491452468E+01    0.100339112445500E+01
    0.892240000000000E+03    0.488731075020769E+01    0.100338793886537E+01
    0.898500000000000E+03    0.485969747984927E+01    0.100340973730992E+01
    0.898520000000000E+03    0.491983405505698E+01    0.100340627435966E+01
    0.904780000000000E+03    0.489252181599295E+01    0.100342796956881E+01
    0.904800000000000E+03    0.495265911600791E+01    0.100342424016211E+01
    0.911080000000000E+03    0.498578590202533E+01    0.100344184874449E+01
    0.911100000000000E+03    0.504592375074435E+01    0.100343766923103E+01
    0.917360000000000E+03    0.501921438256704E+01    0.100345911507382E+01
    0.917380000000000E+03    0.507935291921376E+01    0.100345470866910E+01
    0.923640000000000E+03    0.505294452773114E+01    0.100347605663027E+01
    0.923660000000000E+03    0.511308374001328E+01    0.100347144010097E+01
    0.929920000000000E+03    0.508697630840015E+01    0.100349269341501E+01
    0.929940000000000E+03    0.514711618484171E+01    0.100348788501788E+01
    0.936200000000000E+03    0.512130969639838E+01    0.100350904794740E+01
    0.936220000000000E+03    0.518145022642511E+01    0.100350406737776E+01
    0.942480000000000E+03    0.515594466464609E+01    0.100352514525074E+01
    0.942500000000000E+03    0.521608583866964E+01    0.100352001358423E+01
    0.948780000000000E+03    0.525102299682749E+01    0.100353575245354E+01
    0.948800000000000E+03    0.531116459688656E+01    0.100353039952761E+01
    0.955060000000000E+03    0.528626167765606E+01    0.100355131516841E+01
    0.955080000000000E+03    0.534640390203958E+01    0.100354587539112E+01
    0.961340000000000E+03    0.532180185958077E+01    0.100356673521845E+01
    0.961360000000000E+03    0.538194470309827E+01    0.100356123392610E+01
    0.967620000000000E+03    0.535764352286742E+01    0.100358204832613E+01
    0.967640000000000E+03    0.541778698168127E+01    0.100357651185320E+01
    0.973900000000000E+03    0.539378664978221E+01    0.100359729235777E+01
    0.973920000000000E+03    0.545393072148045E+01    0.100359174793883E+01
    0.980180000000000E+03    0.543023122476188E+01    0.100361250721878E+01
    0.980200000000000E+03    0.549037590842954E+01    0.100360698288240E+01
    0.986480000000000E+03    0.552712253086247E+01    0.100362225918699E+01
    0.986500000000000E+03    0.558726761055277E+01    0.100361682114320E+01
    0.992760000000000E+03    0.556417057967474E+01    0.100363762101246E+01
    0.992780000000000E+03    0.562431627730030E+01    0.100363228117261E+01
    0.999040000000000E+03    0.560152004847077E+01    0.100365311401046E+01
    0.999060000000000E+03    0.566166636909793E+01    0.100364790201769E+01
    0.100532000000000E+04    0.563917093371720E+01    0.100366878514043E+01
    0.100534000000000E+04    0.569931788416307E+01    0.100366373082460E+01
    0.101160000000000E+04    0.567712323488468E+01    0.100368468246586E+01
    0.101162000000000E+04    0.573727082375899E+01    0.100367981569138E+01
    0.101788000000000E+04    0.571537695457891E+01    0.100370085493008E+01
    0.101790000000000E+04    0.577552519232086E+01    0.100369620543461E+01
    0.102416000000000E+04    0.575393209866843E+01    0.100371735211067E+01
    0.102418000000000E+04    0.581408099757118E+01    0.100371294933458E+01
    0.103046000000000E+04    0.585293825062718E+01    0.100373009685804E+01
    0.103048000000000E+04    0.591308765931217E+01    0.100372615561748E+01
    0.103674000000000E+04    0.589209696609169E+01    0.100374769735800E+01
    0.103676000000000E+04    0.595224707760599E+01    0.100374407707230E+01
