    0.000000000000000E+00    0.190000000000000E+01    0.105000000000000E+01
    0.200000000000000E-02    0.190619999990167E+01    0.104999994344615E+01
    0.628400000000000E+01    0.253009713082364E+01    0.104999461806824E+01
    0.628600000000000E+01    0.253629713608074E+01    0.104999435741283E+01
    0.125680000000000E+02    0.316051887973408E+01    0.104998510016964E+01
    0.125700000000000E+02    0.316671885607629E+01    0.104998511641779E+01
    0.188500000000000E+02    0.378503767121966E+01    0.105005105567004E+01
    0.188520000000000E+02    0.379123784654812E+01    0.105005136007209E+01
    0.251340000000000E+02    0.441603346689899E+01    0.105009853365685E+01
    0.251360000000000E+02    0.442223387940278E+01    0.105009857477831E+01
    0.314160000000000E+02    0.504106136292532E+01    0.105005737159031E+01
    0.314180000000000E+02    0.504726160139971E+01    0.105005691498400E+01
    0.377000000000000E+02    0.567245578506765E+01    0.104995879316717E+01
    0.377020000000000E+02    0.567865563662399E+01    0.104995830095308E+01
    0.439840000000000E+02    0.208427419071597E-01    0.104992130759797E+01
    0.439860000000000E+02    0.270424318433697E-01    0.104992133355762E+01
    0.502660000000000E+02    0.646482170076467E+00    0.105001016179220E+01
    0.502680000000000E+02    0.652682187884039E+00    0.105001071848783E+01
    0.565500000000000E+02    0.127868686480153E+01    0.105015126331092E+01
    0.565520000000000E+02    0.128488749013732E+01    0.105015168239834E+01
    0.628320000000000E+02    0.190505539741071E+01    0.105022209100604E+01
    0.628340000000000E+02    0.191125629777054E+01    0.105022200851940E+01
    0.691160000000000E+02    0.253791658457416E+01    0.105021362462385E+01
    0.691180000000000E+02    0.254411745775616E+01    0.105021336320070E+01
    0.754000000000000E+02    0.317103125642967E+01    0.105020990323623E+01
    0.754020000000000E+02    0.317723210140099E+01    0.105020992775885E+01
    0.816820000000000E+02    0.379821128402835E+01    0.105026326053113E+01
    0.816840000000000E+02    0.380441231405004E+01    0.105026357928808E+01
    0.879660000000000E+02    0.443188180552528E+01    0.105031121141054E+01
    0.879680000000000E+02    0.443808307024091E+01    0.105031123898102E+01
    0.942480000000000E+02    0.505959282523969E+01    0.105026779456762E+01
    0.942500000000000E+02    0.506579390675961E+01    0.105026732757305E+01
    0.100532000000000E+03    0.569367568263868E+01    0.105016937631917E+01
    0.100534000000000E+03    0.569987637742452E+01    0.105016889418948E+01
    0.106816000000000E+03    0.447549011078081E-01    0.105013598504529E+01
    0.106818000000000E+03    0.509554487197192E-01    0.105013603567380E+01
    0.113098000000000E+03    0.673090904311948E+00    0.105022972098847E+01
    0.113100000000000E+03    0.679291800382373E+00    0.105023028825229E+01
    0.119382000000000E+03    0.130799661395395E+01    0.105037022285299E+01
    0.119384000000000E+03    0.131419811560005E+01    0.105037062206785E+01
    0.125664000000000E+03    0.193706296674583E+01    0.105043643497259E+01
    0.125666000000000E+03    0.194326472431675E+01    0.105043633146311E+01
    0.131948000000000E+03    0.257261960062630E+01    0.105042576747216E+01
    0.131950000000000E+03    0.257882132254235E+01    0.105042551165141E+01
    0.138232000000000E+03    0.320842881306163E+01    0.105042463204795E+01
    0.138234000000000E+03    0.321463051495385E+01    0.105042468023354E+01
    0.144514000000000E+03    0.383830392399852E+01    0.105048084433440E+01
    0.144516000000000E+03    0.384450582425768E+01    0.105048116495447E+01
    0.150798000000000E+03    0.447466994103667E+01    0.105052449130350E+01
    0.150800000000000E+03    0.448087205931103E+01    0.105052448451914E+01
    0.157080000000000E+03    0.510506916064764E+01    0.105047414054058E+01
    0.157082000000000E+03    0.511127106733579E+01    0.105047365104313E+01
    0.163364000000000E+03    0.574183760620713E+01    0.105037589068161E+01
    0.163366000000000E+03    0.574803912727339E+01    0.105037543375881E+01
    0.169648000000000E+03    0.956060489503443E-01    0.105035153594979E+01
    0.169650000000000E+03    0.101807456053507E+00    0.105035163890095E+01
    0.175930000000000E+03    0.726638988052287E+00    0.105045445934215E+01
    0.175932000000000E+03    0.732840783473989E+00    0.105045504286018E+01
    0.182214000000000E+03    0.136424752598077E+01    0.105059253323060E+01
    0.182216000000000E+03    0.137044991708149E+01    0.105059289127619E+01
    0.188496000000000E+03    0.199601006110697E+01    0.105064982852825E+01
    0.188498000000000E+03    0.200221267217853E+01    0.105064968901615E+01
    0.194780000000000E+03    0.263425789325402E+01    0.105063591312798E+01
    0.194782000000000E+03    0.264046045588464E+01    0.105063567095989E+01
    0.201062000000000E+03    0.326655477696318E+01    0.105063973248900E+01
    0.201064000000000E+03    0.327275733585543E+01    0.105063981913061E+01
    0.207346000000000E+03    0.390532457593633E+01    0.105070019143181E+01
    0.207348000000000E+03    0.391152735448100E+01    0.105070050791235E+01
    0.213630000000000E+03    0.454438215129687E+01    0.105073574308902E+01
    0.213632000000000E+03    0.455058511428308E+01    0.105073567738894E+01
    0.219912000000000E+03    0.517746171593512E+01    0.105067485336451E+01
    0.219914000000000E+03    0.518366442553565E+01    0.105067433425802E+01
    0.226196000000000E+03    0.581690743487457E+01    0.105057861575652E+01
    0.226198000000000E+03    0.582310976689348E+01    0.105057820472287E+01
    0.232478000000000E+03    0.167158134209444E+00    0.105056896329737E+01
    0.232480000000000E+03    0.173360406865413E+00    0.105056914251221E+01
    0.238762000000000E+03    0.807090503358495E+00    0.105068463892023E+01
    0.238764000000000E+03    0.813293221756339E+00    0.105068523400013E+01
    0.245046000000000E+03    0.144740278567690E+01    0.105081705634509E+01
    0.245048000000000E+03    0.145360607398618E+01    0.105081734806789E+01
    0.251328000000000E+03    0.208185864908000E+01    0.105086136917936E+01
    0.251330000000000E+03    0.208806210670696E+01    0.105086118436502E+01
    0.257612000000000E+03    0.272279289877247E+01    0.105084437732263E+01
    0.257614000000000E+03    0.272899629493782E+01    0.105084416254910E+01
    0.263894000000000E+03    0.335777503417069E+01    0.105085617286905E+01
    0.263896000000000E+03    0.336397845354543E+01    0.105085631575184E+01
    0.270178000000000E+03    0.399923510354779E+01    0.105092083264743E+01
    0.270180000000000E+03    0.400543876838060E+01    0.105092112620730E+01
    0.276462000000000E+03    0.464097912641444E+01    0.105094340319841E+01
    0.276464000000000E+03    0.464718291826557E+01    0.105094325296298E+01
    0.282744000000000E+03    0.527673020982672E+01    0.105086948924240E+01
    0.282746000000000E+03    0.528293369870335E+01    0.105086894287186E+01
    0.289028000000000E+03    0.591884534493943E+01    0.105077907122792E+01
    0.289030000000000E+03    0.592504847806777E+01    0.105077873417791E+01
    0.295310000000000E+03    0.271776625815619E+00    0.105079062429727E+01
    0.295312000000000E+03    0.277979779173734E+00    0.105079090644917E+01
    0.301594000000000E+03    0.914408663757285E+00    0.105092017064829E+01
    0.301596000000000E+03    0.920612330813697E+00    0.105092075405456E+01
    0.307878000000000E+03    0.155742464687978E+01    0.105104199172579E+01
    0.307880000000000E+03    0.156362883255861E+01    0.105104219013187E+01
    0.314160000000000E+03    0.219456969238934E+01    0.105107008152692E+01
    0.314162000000000E+03    0.220077398606747E+01    0.105106985137831E+01
    0.320444000000000E+03    0.283818520818716E+01    0.105105192138050E+01
    0.320446000000000E+03    0.284438943299074E+01    0.105105175458496E+01
    0.326726000000000E+03    0.347584896805506E+01    0.105107501001913E+01
    0.326728000000000E+03    0.348205325601555E+01    0.105107521971577E+01
    0.333010000000000E+03    0.411999677745325E+01    0.105114135415202E+01
    0.333012000000000E+03    0.412620133406517E+01    0.105114158477808E+01
    0.339294000000000E+03    0.476442020213790E+01    0.105114533492969E+01
    0.339296000000000E+03    0.477062479850838E+01    0.105114507805657E+01
    0.345576000000000E+03    0.540283306359561E+01    0.105105805091922E+01
    0.345578000000000E+03    0.540903730839864E+01    0.105105749338356E+01
    0.351860000000000E+03    0.604761086481017E+01    0.105097976085304E+01
    0.351862000000000E+03    0.605381479828634E+01    0.105097953346179E+01
    0.358142000000000E+03    0.403222027730180E+00    0.105101896662688E+01
    0.358144000000000E+03    0.409426087530392E+00    0.105101936620384E+01
    0.364426000000000E+03    0.104855681441677E+01    0.105115965524825E+01
    0.364428000000000E+03    0.105476145410307E+01    0.105116017462658E+01
    0.370708000000000E+03    0.168806950197654E+01    0.105126478416371E+01
    0.370710000000000E+03    0.169427457560937E+01    0.105126486842480E+01
    0.376992000000000E+03    0.233410320279768E+01    0.105127528663717E+01
    0.376994000000000E+03    0.234030831935956E+01    0.105127502417434E+01
    0.383276000000000E+03    0.298039472830055E+01    0.105125995717672E+01
    0.383278000000000E+03    0.298659978142541E+01    0.105125986488968E+01
    0.389558000000000E+03    0.362073727886832E+01    0.105129727543596E+01
    0.389560000000000E+03    0.362694244879640E+01    0.105129755086645E+01
    0.395842000000000E+03    0.426757003240937E+01    0.105135886479223E+01
    0.395844000000000E+03    0.427377547805190E+01    0.105135900300516E+01
    0.402124000000000E+03    0.490845768930694E+01    0.105133955448584E+01
    0.402126000000000E+03    0.491466305911217E+01    0.105133918248032E+01
    0.408408000000000E+03    0.555572752666376E+01    0.105124159167068E+01
    0.408410000000000E+03    0.556193250803017E+01    0.105124105650679E+01
    0.414692000000000E+03    0.620316334811150E+01    0.105118436735695E+01
    0.414694000000000E+03    0.620936809476825E+01    0.105118428990982E+01
    0.420974000000000E+03    0.561456796629727E+00    0.105125638645698E+01
    0.420976000000000E+03    0.567661800177575E+00    0.105125689911359E+01
    0.427258000000000E+03    0.120949810964544E+01    0.105140131070159E+01
    0.427260000000000E+03    0.121570373248301E+01    0.105140177198744E+01
    0.433540000000000E+03    0.185170692111296E+01    0.105148292707384E+01
    0.433542000000000E+03    0.185791286459335E+01    0.105148288230674E+01
    0.439824000000000E+03    0.250041814730821E+01    0.105147713183249E+01
    0.439826000000000E+03    0.250662407351956E+01    0.105147686592188E+01
    0.446108000000000E+03    0.314938084251685E+01    0.105147063465339E+01
    0.446110000000000E+03    0.315558673116993E+01    0.105147064502407E+01
    0.452390000000000E+03    0.379240035913381E+01    0.105152321540508E+01
    0.452392000000000E+03    0.379860642837662E+01    0.105152353280216E+01
    0.458674000000000E+03    0.444191361532785E+01    0.105157130128417E+01
    0.458676000000000E+03    0.444811992042219E+01    0.105157132137963E+01
    0.464956000000000E+03    0.508545741776243E+01    0.105152361573770E+01
    0.464958000000000E+03    0.509166352180523E+01    0.105152313562281E+01
    0.471240000000000E+03    0.573537005309981E+01    0.105142290646869E+01
    0.471242000000000E+03    0.574157576169000E+01    0.105142244594638E+01
    0.477524000000000E+03    0.102277180281135E+00    0.105139765818209E+01
    0.477526000000000E+03    0.108482771228410E+00    0.105139776777923E+01
    0.483806000000000E+03    0.746444283919345E+00    0.105150393590575E+01
    0.483808000000000E+03    0.752650277069051E+00    0.105150452346925E+01
    0.490090000000000E+03    0.139719429845081E+01    0.105164220190831E+01
    0.490092000000000E+03    0.140340088796506E+01    0.105164253460311E+01
    0.496372000000000E+03    0.204209149369649E+01    0.105169379807186E+01
    0.496374000000000E+03    0.204829828022775E+01    0.105169363294792E+01
    0.502656000000000E+03    0.269347250827650E+01    0.105167715068290E+01
    0.502658000000000E+03    0.269967923533318E+01    0.105167692588241E+01
    0.508940000000000E+03    0.334510268157351E+01    0.105168657724324E+01
    0.508942000000000E+03    0.335130942320075E+01    0.105168671057525E+01
    0.515222000000000E+03    0.399079817621555E+01    0.105175093201843E+01
    0.515224000000000E+03    0.399700516044140E+01    0.105175122858176E+01
    0.521506000000000E+03    0.464298337084961E+01    0.105177385808225E+01
    0.521508000000000E+03    0.464919048438401E+01    0.105177370619053E+01
    0.527788000000000E+03    0.528916884723139E+01    0.105169765256164E+01
    0.527790000000000E+03    0.529537564838097E+01    0.105169710378192E+01
    0.534072000000000E+03    0.594171705021063E+01    0.105160709053978E+01
    0.534074000000000E+03    0.594792349481372E+01    0.105160677205140E+01
    0.540354000000000E+03    0.305078069940919E+00    0.105162446768787E+01
    0.540356000000000E+03    0.311284556553574E+00    0.105162478101063E+01
    0.546638000000000E+03    0.958148674071253E+00    0.105175923749000E+01
    0.546640000000000E+03    0.964355700816213E+00    0.105175980711769E+01
    0.552922000000000E+03    0.161160500836263E+01    0.105187645954334E+01
    0.552924000000000E+03    0.161781253040613E+01    0.105187661124637E+01
    0.559204000000000E+03    0.225918027846774E+01    0.105189645439150E+01
    0.559206000000000E+03    0.226538787808954E+01    0.105189620571211E+01
    0.565488000000000E+03    0.291322358365323E+01    0.105187860848372E+01
    0.565490000000000E+03    0.291943111320984E+01    0.105187847935157E+01
    0.571770000000000E+03    0.356131180781108E+01    0.105190968920875E+01
    0.571772000000000E+03    0.356751942975097E+01    0.105190994001669E+01
    0.578054000000000E+03    0.421588960658187E+01    0.105197411896453E+01
    0.578056000000000E+03    0.422209750611705E+01    0.105197428057896E+01
    0.584338000000000E+03    0.487073211084135E+01    0.105196157285792E+01
    0.584340000000000E+03    0.487693996930943E+01    0.105196123067291E+01
    0.590620000000000E+03    0.551954485654528E+01    0.105186463338529E+01
    0.590622000000000E+03    0.552575232912181E+01    0.105186408945732E+01
    0.596904000000000E+03    0.617472605504531E+01    0.105180157325067E+01
    0.596906000000000E+03    0.618093327145743E+01    0.105180146782362E+01
    0.603186000000000E+03    0.540755914803867E+00    0.105186903028814E+01
    0.603188000000000E+03    0.546963369179593E+00    0.105186953021910E+01
    0.609470000000000E+03    0.119653387267590E+01    0.105201509783496E+01
    0.609472000000000E+03    0.120274194977378E+01    0.105201556572181E+01
    0.615754000000000E+03    0.185268730571556E+01    0.105209860508613E+01
    0.615756000000000E+03    0.185889571161670E+01    0.105209856150943E+01
    0.622036000000000E+03    0.250292876847925E+01    0.105209259492106E+01
    0.622038000000000E+03    0.250913715623074E+01    0.105209232920107E+01
    0.628320000000000E+03    0.315962855427620E+01    0.105208622237098E+01
    0.628322000000000E+03    0.316583690456400E+01    0.105208623937165E+01
    0.634602000000000E+03    0.381038187650552E+01    0.105214006231435E+01
    0.634604000000000E+03    0.381659041270632E+01    0.105214038083907E+01
    0.640886000000000E+03    0.446763037088658E+01    0.105218591692101E+01
    0.640888000000000E+03    0.447383913468411E+01    0.105218591600509E+01
    0.647170000000000E+03    0.512510983688594E+01    0.105213231850316E+01
    0.647172000000000E+03    0.513131837532774E+01    0.105213182096691E+01
    0.653452000000000E+03    0.577653844254451E+01    0.105203171483649E+01
    0.653454000000000E+03    0.578274658625287E+01    0.105203127859399E+01
    0.659736000000000E+03    0.151171748446359E+00    0.105201505782159E+01
    0.659738000000000E+03    0.157379806089466E+00    0.105201521788820E+01
    0.666018000000000E+03    0.803070795316671E+00    0.105213052772702E+01
    0.666020000000000E+03    0.809279296251134E+00    0.105213112259047E+01
    0.672302000000000E+03    0.146155995115259E+01    0.105226499530243E+01
    0.672304000000000E+03    0.146776903084628E+01    0.105226527520625E+01
    0.678586000000000E+03    0.212039547175164E+01    0.105230588629928E+01
    0.678588000000000E+03    0.212660470686933E+01    0.105230568491017E+01
    0.684868000000000E+03    0.277329152729180E+01    0.105228727569520E+01
    0.684870000000000E+03    0.277950069399731E+01    0.105228708059710E+01
    0.691152000000000E+03    0.343264518572960E+01    0.105230468838680E+01
    0.691154000000000E+03    0.343885439449559E+01    0.105230487285738E+01
    0.697434000000000E+03    0.408606490901502E+01    0.105237126487046E+01
    0.697436000000000E+03    0.409227438104517E+01    0.105237151801378E+01
    0.703718000000000E+03    0.474596965289766E+01    0.105237875153313E+01
    0.703720000000000E+03    0.475217918315002E+01    0.105237850985710E+01
    0.710000000000000E+03    0.539985571721991E+01    0.105229002305277E+01
    0.710002000000000E+03    0.540606488906496E+01    0.105228946538400E+01
    0.716284000000000E+03    0.606010476993242E+01    0.105221029248563E+01
    0.716286000000000E+03    0.606631362477628E+01    0.105221007756920E+01
    0.722568000000000E+03    0.437389263798195E+00    0.105225467604863E+01
    0.722570000000000E+03    0.443598264486354E+00    0.105225510059943E+01
    0.728850000000000E+03    0.109198919866230E+01    0.105239872628521E+01
    0.728852000000000E+03    0.109819880015675E+01    0.105239923528802E+01
    0.735134000000000E+03    0.175318134364579E+01    0.105249813291272E+01
    0.735136000000000E+03    0.175939134894634E+01    0.105249816550301E+01
    0.741416000000000E+03    0.240847144615509E+01    0.105250075991644E+01
    0.741418000000000E+03    0.241468146503894E+01    0.105250049099251E+01
    0.747700000000000E+03    0.307022332858969E+01    0.105248839879805E+01
    0.747702000000000E+03    0.307643329160464E+01    0.105248836027530E+01
    0.753984000000000E+03    0.373223220412183E+01    0.105253536224028E+01
    0.753986000000000E+03    0.373844232233432E+01    0.105253566914329E+01
    0.760266000000000E+03    0.438831642100104E+01    0.105258895822797E+01
    0.760268000000000E+03    0.439452679515580E+01    0.105258901858135E+01
    0.766550000000000E+03    0.505085183741858E+01    0.105254691055317E+01
    0.766552000000000E+03    0.505706203424461E+01    0.105254644935218E+01
    0.772832000000000E+03    0.570733653399384E+01    0.105244414291545E+01
    0.772834000000000E+03    0.571354632678776E+01    0.105244366815931E+01
    0.779116000000000E+03    0.870182095059135E-01    0.105241400621543E+01
    0.779118000000000E+03    0.932278663099169E-01    0.105241410118079E+01
    0.785400000000000E+03    0.750161563532856E+00    0.105252069259464E+01
    0.785402000000000E+03    0.756371623147061E+00    0.105252128008488E+01
    0.791682000000000E+03    0.140747307274887E+01    0.105265984645250E+01
    0.791684000000000E+03    0.141368373266823E+01    0.105266017038639E+01
    0.797966000000000E+03    0.207134813941138E+01    0.105270885977782E+01
    0.797968000000000E+03    0.207755898570349E+01    0.105270868058909E+01
    0.804248000000000E+03    0.272928549517337E+01    0.105269077782272E+01
    0.804250000000000E+03    0.273549627609373E+01    0.105269056579935E+01
    0.810532000000000E+03    0.339368049523773E+01    0.105270402587009E+01
    0.810534000000000E+03    0.339989130341837E+01    0.105270418822827E+01
    0.816816000000000E+03    0.405834829656078E+01    0.105277051941819E+01
    0.816818000000000E+03    0.406455936274324E+01    0.105277078919943E+01
    0.823098000000000E+03    0.471708213118063E+01    0.105278247379720E+01
    0.823100000000000E+03    0.472329327704119E+01    0.105278225642661E+01
    0.829382000000000E+03    0.538221947953252E+01    0.105269491907059E+01
    0.829384000000000E+03    0.538843027035409E+01    0.105269436130288E+01
    0.835664000000000E+03    0.604129699857140E+01    0.105261259919236E+01
    0.835666000000000E+03    0.604750746295122E+01    0.105261236778902E+01
    0.841948000000000E+03    0.423616359995776E+00    0.105265365309289E+01
    0.841950000000000E+03    0.429826957018122E+00    0.105265406704371E+01
    0.848232000000000E+03    0.108945865027090E+01    0.105279845605743E+01
    0.848234000000000E+03    0.109566984967296E+01    0.105279896591134E+01
    0.854514000000000E+03    0.174947339602704E+01    0.105289860065353E+01
    0.854516000000000E+03    0.175568500309464E+01    0.105289863571222E+01
    0.860798000000000E+03    0.241600742287073E+01    0.105290084761755E+01
    0.860800000000000E+03    0.242221904192320E+01    0.105290057860697E+01
    0.867080000000000E+03    0.307658050060218E+01    0.105288873572537E+01
    0.867082000000000E+03    0.308279206453153E+01    0.105288870144592E+01
    0.873364000000000E+03    0.374362151650894E+01    0.105293658921475E+01
    0.873366000000000E+03    0.374983323915967E+01    0.105293689818681E+01
    0.879646000000000E+03    0.440473567638401E+01    0.105298896664326E+01
    0.879648000000000E+03    0.441094765109347E+01    0.105298901428388E+01
    0.885930000000000E+03    0.507229895035653E+01    0.105294326988818E+01
    0.885932000000000E+03    0.507851073224720E+01    0.105294279693609E+01
    0.892214000000000E+03    0.574001766328274E+01    0.105283947260858E+01
    0.892216000000000E+03    0.574622903740419E+01    0.105283901402287E+01
    0.898496000000000E+03    0.118513049167632E+00    0.105281533200908E+01
    0.898498000000000E+03    0.124724309400335E+00    0.105281546005663E+01
    0.904780000000000E+03    0.786686935789930E+00    0.105292823717924E+01
    0.904782000000000E+03    0.792898626366878E+00    0.105292883033325E+01
    0.911062000000000E+03    0.144903055288250E+01    0.105306493706522E+01
    0.911064000000000E+03    0.145524283249915E+01    0.105306522657421E+01
    0.917346000000000E+03    0.211793418378375E+01    0.105310698249096E+01
    0.917348000000000E+03    0.212414662270839E+01    0.105310678135408E+01
    0.923630000000000E+03    0.278710600851855E+01    0.105308751315767E+01
    0.923632000000000E+03    0.279331837568407E+01    0.105308732326192E+01
    0.929912000000000E+03    0.345031189998554E+01    0.105310631796601E+01
    0.929914000000000E+03    0.345652431388044E+01    0.105310651235648E+01
    0.936196000000000E+03    0.412000496947348E+01    0.105317344149982E+01
    0.936198000000000E+03    0.412621765269751E+01    0.105317367539665E+01
    0.942478000000000E+03    0.478375677193617E+01    0.105317483466986E+01
    0.942480000000000E+03    0.478996948523854E+01    0.105317456032118E+01
    0.948762000000000E+03    0.545390298295752E+01    0.105308019952082E+01
    0.948764000000000E+03    0.546011531583144E+01    0.105307964480972E+01
    0.955046000000000E+03    0.612419977397894E+01    0.105300663764415E+01
    0.955048000000000E+03    0.613041181208519E+01    0.105300648179290E+01
    0.961328000000000E+03    0.505327694058906E+00    0.105306537019936E+01
    0.961330000000000E+03    0.511539934389475E+00    0.105306584535608E+01
    0.967612000000000E+03    0.117620380785365E+01    0.105321332394773E+01
    0.967614000000000E+03    0.118241667592065E+01    0.105321380201935E+01
    0.973894000000000E+03    0.184124564954982E+01    0.105330015812028E+01
    0.973896000000000E+03    0.184745886114524E+01    0.105330012138626E+01
