    0.000000000000000E+00    0.190000000000000E+01    0.108000000000000E+01
    0.200000000000000E-01    0.196319999254655E+01    0.107999933671479E+01
    0.630000000000000E+01    0.295767739983222E+01    0.107996578035388E+01
    0.632000000000000E+01    0.302087614738535E+01    0.107996470962773E+01
    0.125800000000000E+02    0.395239091577629E+01    0.108002393859413E+01
    0.126000000000000E+02    0.401559161847719E+01    0.108002701248597E+01
    0.188600000000000E+02    0.494735165628842E+01    0.108001897756832E+01
    0.188800000000000E+02    0.501055237542938E+01    0.108001509711969E+01
    0.251400000000000E+02    0.594229361672943E+01    0.107986738951249E+01
    0.251600000000000E+02    0.600548786349961E+01    0.107986428894096E+01
    0.314200000000000E+02    0.653893856299490E+00    0.107989393194835E+01
    0.314400000000000E+02    0.717090349136328E+00    0.107989896600928E+01
    0.377000000000000E+02    0.164910788883228E+01    0.108007169652523E+01
    0.377200000000000E+02    0.171231097094442E+01    0.108007280366789E+01
    0.440000000000000E+02    0.270791995071801E+01    0.108007734997763E+01
    0.440200000000000E+02    0.277112299109166E+01    0.108007512559851E+01
    0.502800000000000E+02    0.370378568246898E+01    0.108009633629950E+01
    0.503000000000000E+02    0.376698925958567E+01    0.108009914905280E+01
    0.565600000000000E+02    0.469985646791733E+01    0.108013340588128E+01
    0.565800000000000E+02    0.476306195253221E+01    0.108013157940974E+01
    0.628400000000000E+02    0.569579785537061E+01    0.107994794017042E+01
    0.628600000000000E+02    0.575899570976958E+01    0.107994147864065E+01
    0.691200000000000E+02    0.408229303240518E+00    0.107991687051488E+01
    0.691400000000000E+02    0.471427056018115E+00    0.107992225413759E+01
    0.754000000000000E+02    0.140397153917255E+01    0.108010300735217E+01
    0.754200000000000E+02    0.146717310343377E+01    0.108010569659385E+01
    0.817000000000000E+02    0.246279665148262E+01    0.108006569308291E+01
    0.817200000000000E+02    0.252599941640364E+01    0.108006259729664E+01
    0.879800000000000E+02    0.345814633955200E+01    0.108002246261379E+01
    0.880000000000000E+02    0.352134724694434E+01    0.108002438923682E+01
    0.942600000000000E+02    0.445329574629250E+01    0.108005122917128E+01
    0.942800000000000E+02    0.451649778983676E+01    0.108005129565983E+01
    0.100540000000000E+03    0.544822586324136E+01    0.107991318330955E+01
    0.100560000000000E+03    0.551142292201359E+01    0.107990775223154E+01
    0.106820000000000E+03    0.159885313027871E+00    0.107984082141028E+01
    0.106840000000000E+03    0.223078970152642E+00    0.107984247482210E+01
    0.113100000000000E+03    0.115498504626407E+01    0.108002318699748E+01
    0.113120000000000E+03    0.121818581951914E+01    0.108002868064840E+01
    0.119400000000000E+03    0.221382766411534E+01    0.108009490164099E+01
    0.119420000000000E+03    0.227703137624695E+01    0.108009273359210E+01
    0.125680000000000E+03    0.320926952946746E+01    0.107996655336992E+01
    0.125700000000000E+03    0.327247195982522E+01    0.107996828115930E+01
    0.131960000000000E+03    0.420431255619201E+01    0.108002024395463E+01
    0.131980000000000E+03    0.426751361582279E+01    0.108002188106998E+01
    0.138240000000000E+03    0.519925752052256E+01    0.107997351197423E+01
    0.138260000000000E+03    0.526245636759035E+01    0.107996840289218E+01
    0.144520000000000E+03    0.619390456455307E+01    0.107981589743644E+01
    0.144540000000000E+03    0.625709658759882E+01    0.107981567298698E+01
    0.150800000000000E+03    0.905005217167798E+00    0.107990240395706E+01
    0.150820000000000E+03    0.968200675491858E+00    0.107990785613199E+01
    0.157080000000000E+03    0.189916075681907E+01    0.107997821973505E+01
    0.157100000000000E+03    0.196236007588158E+01    0.107997745518643E+01
    0.163380000000000E+03    0.295637980256640E+01    0.107991097410713E+01
    0.163400000000000E+03    0.301957625473858E+01    0.107990984085230E+01
    0.169660000000000E+03    0.395034976202123E+01    0.107996074735271E+01
    0.169680000000000E+03    0.401354824216378E+01    0.107996332484759E+01
    0.175940000000000E+03    0.494445689847828E+01    0.107993253051056E+01
    0.175960000000000E+03    0.500765463899734E+01    0.107992880236253E+01
    0.182220000000000E+03    0.593861646070582E+01    0.107979905266508E+01
    0.182240000000000E+03    0.600180851902917E+01    0.107979593179097E+01
    0.188500000000000E+03    0.649792679049142E+00    0.107987070573800E+01
    0.188520000000000E+03    0.712987649175602E+00    0.107987585020689E+01
    0.194780000000000E+03    0.164465658762981E+01    0.108005046575907E+01
    0.194800000000000E+03    0.170785875992624E+01    0.108005159178041E+01
    0.201080000000000E+03    0.270310366450542E+01    0.108004035544124E+01
    0.201100000000000E+03    0.276630533053685E+01    0.108003811633660E+01
    0.207360000000000E+03    0.369854172633177E+01    0.108006253611537E+01
    0.207380000000000E+03    0.376174390874860E+01    0.108006523660153E+01
    0.213640000000000E+03    0.469412036491519E+01    0.108009138493137E+01
    0.213660000000000E+03    0.475732345961410E+01    0.108008931151417E+01
    0.219920000000000E+03    0.568950501709014E+01    0.107990462098127E+01
    0.219940000000000E+03    0.575270143428054E+01    0.107989986537176E+01
    0.226200000000000E+03    0.401609349539399E+00    0.107991109273483E+01
    0.226220000000000E+03    0.464805802568321E+00    0.107991502210207E+01
    0.232480000000000E+03    0.139737516822265E+01    0.108010775208494E+01
    0.232500000000000E+03    0.146057971285893E+01    0.108011106596269E+01
    0.238780000000000E+03    0.245677326503267E+01    0.108013364381589E+01
    0.238800000000000E+03    0.251997831370636E+01    0.108013096907041E+01
    0.245060000000000E+03    0.345297599357605E+01    0.108010207342292E+01
    0.245080000000000E+03    0.351618008228400E+01    0.108010378370001E+01
    0.251340000000000E+03    0.444940453353240E+01    0.108016716591915E+01
    0.251360000000000E+03    0.451261153394194E+01    0.108016705987041E+01
    0.257620000000000E+03    0.544602727029837E+01    0.108006889023980E+01
    0.257640000000000E+03    0.550923004938545E+01    0.108006334802946E+01
    0.263900000000000E+03    0.159548942909623E+00    0.107999499191368E+01
    0.263920000000000E+03    0.222748722298206E+00    0.107999671133994E+01
    0.270180000000000E+03    0.115655232767756E+01    0.108016989750421E+01
    0.270200000000000E+03    0.121975917608484E+01    0.108017469439807E+01
    0.276480000000000E+03    0.221718611958636E+01    0.108024733609241E+01
    0.276500000000000E+03    0.228039577560651E+01    0.108024503840112E+01
    0.282760000000000E+03    0.321469506757842E+01    0.108020999810963E+01
    0.282780000000000E+03    0.327790296982107E+01    0.108021053595028E+01
    0.289040000000000E+03    0.421208083463159E+01    0.108023929371431E+01
    0.289060000000000E+03    0.427528955192747E+01    0.108024087220162E+01
    0.295320000000000E+03    0.520940459284736E+01    0.108016393794526E+01
    0.295340000000000E+03    0.527261093942866E+01    0.108015866085798E+01
    0.301600000000000E+03    0.620662765401676E+01    0.108003668149586E+01
    0.301620000000000E+03    0.626982866403648E+01    0.108003601546531E+01
    0.307880000000000E+03    0.920507447254408E+00    0.108010270787464E+01
    0.307900000000000E+03    0.983711900143703E+00    0.108010808270055E+01
    0.314160000000000E+03    0.191748037860953E+01    0.108026627006505E+01
    0.314180000000000E+03    0.198068059645402E+01    0.108026931034710E+01
    0.320460000000000E+03    0.297551093196319E+01    0.107994785302716E+01
    0.320480000000000E+03    0.303870747431688E+01    0.107994721227713E+01
    0.326740000000000E+03    0.396934950970399E+01    0.107995179213371E+01
    0.326760000000000E+03    0.403254697260513E+01    0.107995429460560E+01
    0.333020000000000E+03    0.496292057009873E+01    0.107988604678812E+01
    0.333040000000000E+03    0.502611602966999E+01    0.107988203000971E+01
    0.339300000000000E+03    0.595605239205929E+01    0.107969648489495E+01
    0.339320000000000E+03    0.601924007241109E+01    0.107969335314022E+01
    0.345580000000000E+03    0.665660790681159E+00    0.107972735480274E+01
    0.345600000000000E+03    0.728850140309532E+00    0.107973261249702E+01
    0.351860000000000E+03    0.165853020878740E+01    0.107986171590709E+01
    0.351880000000000E+03    0.172172545187732E+01    0.107986279563488E+01
    0.358160000000000E+03    0.271491166512942E+01    0.107987409695583E+01
    0.358180000000000E+03    0.277810687902934E+01    0.107987197816579E+01
    0.364440000000000E+03    0.370840958703184E+01    0.107989885429664E+01
    0.364460000000000E+03    0.377160561414189E+01    0.107990267256386E+01
    0.370720000000000E+03    0.470229710306808E+01    0.107996070780838E+01
    0.370740000000000E+03    0.476549570124416E+01    0.107995859486292E+01
    0.377000000000000E+03    0.569633237496259E+01    0.107982106650132E+01
    0.377020000000000E+03    0.575952522231182E+01    0.107981624696715E+01
    0.383280000000000E+03    0.407237012683709E+00    0.107981032495308E+01
    0.383300000000000E+03    0.470429236582049E+00    0.107981418815150E+01
    0.389560000000000E+03    0.140161675134618E+01    0.107999051690772E+01
    0.389580000000000E+03    0.146481620806208E+01    0.107999377623583E+01
    0.395860000000000E+03    0.245931981640888E+01    0.107997552165206E+01
    0.395880000000000E+03    0.252252048652099E+01    0.107997294234744E+01
    0.402140000000000E+03    0.345384202512764E+01    0.107996316530456E+01
    0.402160000000000E+03    0.351704073007841E+01    0.107996549796918E+01
    0.408420000000000E+03    0.444864742555637E+01    0.108004122542803E+01
    0.408440000000000E+03    0.451184940768985E+01    0.108004111819774E+01
    0.414700000000000E+03    0.544369638545254E+01    0.107994403905839E+01
    0.414720000000000E+03    0.550689417781837E+01    0.107993849797615E+01
    0.420980000000000E+03    0.155647464376898E+00    0.107986982693817E+01
    0.421000000000000E+03    0.218842237289664E+00    0.107987149954275E+01
    0.427260000000000E+03    0.115107963190940E+01    0.108004384792173E+01
    0.427280000000000E+03    0.121428143336561E+01    0.108004868390461E+01
    0.433540000000000E+03    0.214693381842449E+01    0.108012490801516E+01
    0.433560000000000E+03    0.221013859621394E+01    0.108012274703333E+01
    0.439840000000000E+03    0.320605760672925E+01    0.108010022627723E+01
    0.439860000000000E+03    0.326925998869478E+01    0.108010152580239E+01
    0.446120000000000E+03    0.420171602119785E+01    0.108008509604812E+01
    0.446140000000000E+03    0.426491992970864E+01    0.108008673825896E+01
    0.452400000000000E+03    0.519732379122547E+01    0.108001915269283E+01
    0.452420000000000E+03    0.526052397854846E+01    0.108001416204950E+01
    0.458680000000000E+03    0.619241960158752E+01    0.107985261062625E+01
    0.458700000000000E+03    0.625561317446272E+01    0.107985220311216E+01
    0.464960000000000E+03    0.904028099916104E+00    0.107993380392366E+01
    0.464980000000000E+03    0.967225240367497E+00    0.107993925169648E+01
    0.471240000000000E+03    0.189874315933275E+01    0.108002357129709E+01
    0.471260000000000E+03    0.196194424747046E+01    0.108002272396659E+01
    0.477540000000000E+03    0.295647849338411E+01    0.107995075319632E+01
    0.477560000000000E+03    0.301967631944808E+01    0.107994955658432E+01
    0.483820000000000E+03    0.395079173077374E+01    0.107997060470284E+01
    0.483840000000000E+03    0.401399083237106E+01    0.107997324320647E+01
    0.490100000000000E+03    0.494507296482811E+01    0.107994206927605E+01
    0.490120000000000E+03    0.500827117358540E+01    0.107993815794837E+01
    0.496380000000000E+03    0.593937500858738E+01    0.107980699065216E+01
    0.496400000000000E+03    0.600256757212401E+01    0.107980387264760E+01
    0.502660000000000E+03    0.650677255064920E+00    0.107988073886490E+01
    0.502680000000000E+03    0.713872356956927E+00    0.107988627589883E+01
    0.508940000000000E+03    0.164561738021735E+01    0.108005647118358E+01
    0.508960000000000E+03    0.170881978417651E+01    0.108005764784462E+01
    0.515240000000000E+03    0.270410394166811E+01    0.108004438103938E+01
    0.515260000000000E+03    0.276730565754474E+01    0.108004213787016E+01
    0.521520000000000E+03    0.369950939582804E+01    0.108006345875460E+01
    0.521540000000000E+03    0.376271145924898E+01    0.108006593339155E+01
    0.527800000000000E+03    0.469479354048281E+01    0.108005666431797E+01
    0.527820000000000E+03    0.475799579480781E+01    0.108005482172160E+01
    0.534080000000000E+03    0.568980781713026E+01    0.107987773818022E+01
    0.534100000000000E+03    0.575300296282057E+01    0.107987256624217E+01
    0.540360000000000E+03    0.401188047623918E+00    0.107982898127971E+01
    0.540380000000000E+03    0.464381269546720E+00    0.107983288207482E+01
    0.546640000000000E+03    0.139566020630082E+01    0.107997746016323E+01
    0.546660000000000E+03    0.145885935940805E+01    0.107998071371899E+01
    0.552940000000000E+03    0.245335604635488E+01    0.107997892923310E+01
    0.552960000000000E+03    0.251655586380184E+01    0.107997629828564E+01
    0.559220000000000E+03    0.344785571956254E+01    0.107997653059869E+01
    0.559240000000000E+03    0.351105390070779E+01    0.107997815452818E+01
    0.565500000000000E+03    0.444204007331041E+01    0.107997509282453E+01
    0.565520000000000E+03    0.450523895279571E+01    0.107997523095337E+01
    0.571780000000000E+03    0.543585992838302E+01    0.107982663678589E+01
    0.571800000000000E+03    0.549905316411900E+01    0.107982068136966E+01
    0.578060000000000E+03    0.146026043423262E+00    0.107970716757907E+01
    0.578080000000000E+03    0.209214272168538E+00    0.107970878063164E+01
    0.584340000000000E+03    0.113921846684366E+01    0.107984018861228E+01
    0.584360000000000E+03    0.120241225434597E+01    0.107984499306085E+01
    0.590620000000000E+03    0.213254200385882E+01    0.107988849185339E+01
    0.590640000000000E+03    0.219573865393454E+01    0.107988656208497E+01
    0.596920000000000E+03    0.318919505669214E+01    0.107987997860663E+01
    0.596940000000000E+03    0.325238980911922E+01    0.107988027711739E+01
    0.603200000000000E+03    0.418249675326661E+01    0.107991177100185E+01
    0.603220000000000E+03    0.424569352531307E+01    0.107991353145784E+01
    0.609480000000000E+03    0.517603727052528E+01    0.107986196684757E+01
    0.609500000000000E+03    0.523923166028385E+01    0.107985697338552E+01
    0.615760000000000E+03    0.616951495518424E+01    0.107973762095039E+01
    0.615780000000000E+03    0.623270445905518E+01    0.107973652551718E+01
    0.622040000000000E+03    0.880014905371354E+00    0.107985639763562E+01
    0.622060000000000E+03    0.943208928349577E+00    0.107986229006012E+01
    0.628320000000000E+03    0.187411076112903E+01    0.107999343650806E+01
    0.628340000000000E+03    0.193731046708217E+01    0.107999290217084E+01
    0.634620000000000E+03    0.293149653759951E+01    0.107993516798124E+01
    0.634640000000000E+03    0.299469389211458E+01    0.107993392835257E+01
    0.640900000000000E+03    0.392569927310092E+01    0.107996568511463E+01
    0.640920000000000E+03    0.398889883365950E+01    0.107996797713902E+01
    0.647180000000000E+03    0.492018155062920E+01    0.107998254590083E+01
    0.647200000000000E+03    0.498338109472252E+01    0.107997893072440E+01
    0.653460000000000E+03    0.591499011175711E+01    0.107985807383248E+01
    0.653480000000000E+03    0.597818467667821E+01    0.107985481771419E+01
    0.659740000000000E+03    0.626898890698158E+00    0.107992586635235E+01
    0.659760000000000E+03    0.690096185494440E+00    0.107993083267303E+01
    0.666020000000000E+03    0.162241432589599E+01    0.108008433628079E+01
    0.666040000000000E+03    0.168561771821078E+01    0.108008578017672E+01
    0.672320000000000E+03    0.268106860622856E+01    0.108005086208651E+01
    0.672340000000000E+03    0.274427060041398E+01    0.108004856644739E+01
    0.678600000000000E+03    0.367645585279024E+01    0.108004197480649E+01
    0.678620000000000E+03    0.373965747579177E+01    0.108004465155848E+01
    0.684880000000000E+03    0.467162911568357E+01    0.108004431619620E+01
    0.684900000000000E+03    0.473483082613348E+01    0.108004265570356E+01
    0.691160000000000E+03    0.566646661627328E+01    0.107987044146791E+01
    0.691180000000000E+03    0.572966174980866E+01    0.107986514638288E+01
    0.697440000000000E+03    0.377804778921472E+00    0.107982572230274E+01
    0.697460000000000E+03    0.440997982834688E+00    0.107982934153811E+01
    0.703720000000000E+03    0.137257900961913E+01    0.108000631588153E+01
    0.703740000000000E+03    0.143577959033519E+01    0.108000960604793E+01
    0.710000000000000E+03    0.236774985474040E+01    0.108006165794332E+01
    0.710020000000000E+03    0.243095233864415E+01    0.108005903423517E+01
    0.716300000000000E+03    0.342646599011550E+01    0.108005177138013E+01
    0.716320000000000E+03    0.348966826192100E+01    0.108005394940852E+01
    0.722580000000000E+03    0.442232636162407E+01    0.108013089853886E+01
    0.722600000000000E+03    0.448553184096863E+01    0.108013118918184E+01
    0.728860000000000E+03    0.541841125032124E+01    0.108003047320631E+01
    0.728880000000000E+03    0.548161241881598E+01    0.108002487795789E+01
    0.735140000000000E+03    0.131345283528390E+00    0.107994702574865E+01
    0.735160000000000E+03    0.194543117257126E+00    0.107994839052271E+01
    0.741420000000000E+03    0.112769252756425E+01    0.108011044926786E+01
    0.741440000000000E+03    0.119089663492878E+01    0.108011555483829E+01
    0.747700000000000E+03    0.212426557200070E+01    0.108018048487493E+01
    0.747720000000000E+03    0.218747223324863E+01    0.108017658057529E+01
    0.754000000000000E+03    0.318390590074614E+01    0.108009636789279E+01
    0.754020000000000E+03    0.324711124108853E+01    0.108009741538804E+01
    0.760280000000000E+03    0.417893933648838E+01    0.108000868894357E+01
    0.760300000000000E+03    0.424214021265698E+01    0.108001029699502E+01
    0.766560000000000E+03    0.517355254823860E+01    0.107994411166017E+01
    0.766580000000000E+03    0.523675006882286E+01    0.107993913258321E+01
    0.772840000000000E+03    0.616769818822104E+01    0.107974664348745E+01
    0.772860000000000E+03    0.623088772176698E+01    0.107974541290366E+01
    0.779120000000000E+03    0.878400421920105E+00    0.107987309222864E+01
    0.779140000000000E+03    0.941595714423784E+00    0.107988106356964E+01
    0.785400000000000E+03    0.187245772206643E+01    0.107997478251109E+01
    0.785420000000000E+03    0.193565677241622E+01    0.107997408575327E+01
    0.791700000000000E+03    0.292955709666012E+01    0.107989861101777E+01
    0.791720000000000E+03    0.299275286276134E+01    0.107989727411270E+01
    0.797980000000000E+03    0.392316852166459E+01    0.107991444451837E+01
    0.798000000000000E+03    0.398636514827513E+01    0.107991715321279E+01
    0.804260000000000E+03    0.491658520660349E+01    0.107987970163442E+01
    0.804280000000000E+03    0.497978047077504E+01    0.107987616319642E+01
    0.810540000000000E+03    0.590973343221685E+01    0.107970316665409E+01
    0.810560000000000E+03    0.597292249270913E+01    0.107969995570846E+01
    0.816820000000000E+03    0.619732726011989E+00    0.107977172037328E+01
    0.816840000000000E+03    0.682923680398744E+00    0.107977685465229E+01
    0.823100000000000E+03    0.161340341318146E+01    0.107995604898191E+01
    0.823120000000000E+03    0.167660181299470E+01    0.107995751004955E+01
    0.829400000000000E+03    0.267067351465585E+01    0.107994891912336E+01
    0.829420000000000E+03    0.273387150756662E+01    0.107994657273662E+01
    0.835680000000000E+03    0.366493101504329E+01    0.107996634462887E+01
    0.835700000000000E+03    0.372812936097216E+01    0.107996892737239E+01
    0.841960000000000E+03    0.465930578899224E+01    0.107999919427064E+01
    0.841980000000000E+03    0.472250486924941E+01    0.107999719956636E+01
    0.848240000000000E+03    0.565342526202858E+01    0.107981508068926E+01
    0.848260000000000E+03    0.571661763442535E+01    0.107980998247670E+01
    0.854520000000000E+03    0.363874917807607E+00    0.107975307613382E+01
    0.854540000000000E+03    0.427064903028167E+00    0.107975674807624E+01
    0.860800000000000E+03    0.135734066432497E+01    0.107989473224273E+01
    0.860820000000000E+03    0.142053638839116E+01    0.107989824735844E+01
    0.867080000000000E+03    0.235073675698277E+01    0.107989630640650E+01
    0.867100000000000E+03    0.241393291459872E+01    0.107989326089738E+01
    0.873380000000000E+03    0.340710049522841E+01    0.107984607140252E+01
    0.873400000000000E+03    0.347029434112892E+01    0.107984762362809E+01
