    0.000000000000000E+00    0.190000000000000E+01    0.110000000000000E+01
    0.200000000000000E-01    0.196399999311188E+01    0.109999933419129E+01
    0.630000000000000E+01    0.320970076826066E+01    0.109996252674289E+01
    0.632000000000000E+01    0.327369928543612E+01    0.109996295820417E+01
    0.125800000000000E+02    0.445561858584505E+01    0.110003645320546E+01
    0.126000000000000E+02    0.451961999435376E+01    0.110003657801532E+01
    0.188600000000000E+02    0.570150964797782E+01    0.109986716089524E+01
    0.188800000000000E+02    0.576550421191254E+01    0.109986237941656E+01
    0.251400000000000E+02    0.664151449692667E+00    0.109989616633733E+01
    0.251600000000000E+02    0.728147407477167E+00    0.109990162274059E+01
    0.314200000000000E+02    0.191049435818240E+01    0.110007532124780E+01
    0.314400000000000E+02    0.197449748678241E+01    0.110007439239996E+01
    0.377000000000000E+02    0.315721911534845E+01    0.110004488250057E+01
    0.377200000000000E+02    0.322122092918811E+01    0.110004510614045E+01
    0.440000000000000E+02    0.446815574295414E+01    0.110011652347385E+01
    0.440200000000000E+02    0.453216019781885E+01    0.110011668880966E+01
    0.502800000000000E+02    0.571500664217814E+01    0.109993936425472E+01
    0.503000000000000E+02    0.577900382722393E+01    0.109993472028245E+01
    0.565600000000000E+02    0.678216574263104E+00    0.109993005775383E+01
    0.565800000000000E+02    0.742213567760530E+00    0.109993531424526E+01
    0.628400000000000E+02    0.192456161167530E+01    0.110005842563386E+01
    0.628600000000000E+02    0.198856407277745E+01    0.110005739425012E+01
    0.691200000000000E+02    0.317075684904856E+01    0.109998201452956E+01
    0.691400000000000E+02    0.323475596631670E+01    0.109998223827917E+01
    0.754000000000000E+02    0.441683896218657E+01    0.110001914616335E+01
    0.754200000000000E+02    0.448084102109885E+01    0.110001864901062E+01
    0.817000000000000E+02    0.572702405247026E+01    0.109989425899012E+01
    0.817200000000000E+02    0.579101998338649E+01    0.109988955351875E+01
    0.879800000000000E+02    0.690098302034869E+00    0.109993429916032E+01
    0.880000000000000E+02    0.754095430607492E+00    0.109993981199260E+01
    0.942600000000000E+02    0.193680419081039E+01    0.110010487402121E+01
    0.942800000000000E+02    0.200080831490146E+01    0.110010407430352E+01
    0.100540000000000E+03    0.318356899892484E+01    0.110004069869768E+01
    0.100560000000000E+03    0.324757056226326E+01    0.110004095788627E+01
    0.106820000000000E+03    0.443032645347262E+01    0.110008249639775E+01
    0.106840000000000E+03    0.449432979601642E+01    0.110008265651191E+01
    0.113100000000000E+03    0.567693642567724E+01    0.109989590425299E+01
    0.113120000000000E+03    0.574093354778563E+01    0.109989124085006E+01
    0.119400000000000E+03    0.704139704939280E+00    0.109994858718926E+01
    0.119420000000000E+03    0.768137335043320E+00    0.109995373427891E+01
    0.125680000000000E+03    0.195062915206393E+01    0.110006665021953E+01
    0.125700000000000E+03    0.201463191232199E+01    0.110006547809562E+01
    0.131960000000000E+03    0.319690834689891E+01    0.109998751715607E+01
    0.131980000000000E+03    0.326090772494013E+01    0.109998794346198E+01
    0.138240000000000E+03    0.444294318826115E+01    0.110002286823920E+01
    0.138260000000000E+03    0.450694413146027E+01    0.110002298186608E+01
    0.144520000000000E+03    0.568878861651541E+01    0.109983772037849E+01
    0.144540000000000E+03    0.575278328558960E+01    0.109983309371079E+01
    0.150800000000000E+03    0.650770211111762E+00    0.109982113194929E+01
    0.150820000000000E+03    0.714763190038468E+00    0.109982622289822E+01
    0.157080000000000E+03    0.189622561028722E+01    0.110001192659427E+01
    0.157100000000000E+03    0.196022610583856E+01    0.110001126006775E+01
    0.163380000000000E+03    0.320511703773423E+01    0.109984208450052E+01
    0.163400000000000E+03    0.326910917249904E+01    0.109982943644027E+01
    0.169660000000000E+03    0.444739892016605E+01    0.109973709532520E+01
    0.169680000000000E+03    0.451138754864473E+01    0.109973692269885E+01
    0.175940000000000E+03    0.568951923552754E+01    0.109956500940315E+01
    0.175960000000000E+03    0.575350249818416E+01    0.109956027800525E+01
    0.182220000000000E+03    0.648461631676241E+00    0.109959725706960E+01
    0.182240000000000E+03    0.712445632428285E+00    0.109960276195073E+01
    0.188500000000000E+03    0.189108389825901E+01    0.109978288736828E+01
    0.188520000000000E+03    0.195507525622463E+01    0.109978214882270E+01
    0.194780000000000E+03    0.313409896201165E+01    0.109974945961247E+01
    0.194800000000000E+03    0.319808896347774E+01    0.109974953409271E+01
    0.201080000000000E+03    0.444130471608651E+01    0.109982055728231E+01
    0.201100000000000E+03    0.450529724345620E+01    0.109982095495612E+01
    0.207360000000000E+03    0.568494033675506E+01    0.109947353024345E+01
    0.207380000000000E+03    0.574893004189516E+01    0.109947021162401E+01
    0.213640000000000E+03    0.646906467562417E+00    0.109984255903165E+01
    0.213660000000000E+03    0.710900014041158E+00    0.109984758466616E+01
    0.219920000000000E+03    0.189215419744528E+01    0.109996536763705E+01
    0.219940000000000E+03    0.195615298164660E+01    0.109996476666896E+01
    0.226200000000000E+03    0.313727246411679E+01    0.109989720974900E+01
    0.226220000000000E+03    0.320126816186746E+01    0.109989718336815E+01
    0.232480000000000E+03    0.438235255829329E+01    0.109995427564384E+01
    0.232500000000000E+03    0.444635123514490E+01    0.109995445007712E+01
    0.238780000000000E+03    0.569149798359445E+01    0.109980920515514E+01
    0.238800000000000E+03    0.575549052362578E+01    0.109980433786520E+01
    0.245060000000000E+03    0.653429824456225E+00    0.109982634806681E+01
    0.245080000000000E+03    0.717422335120432E+00    0.109983181219682E+01
    0.251340000000000E+03    0.189897196048310E+01    0.110001192155905E+01
    0.251360000000000E+03    0.196297242116304E+01    0.110001139892651E+01
    0.257620000000000E+03    0.314451360946032E+01    0.109993311599410E+01
    0.257640000000000E+03    0.320851078046758E+01    0.109993332892012E+01
    0.263900000000000E+03    0.438977140429404E+01    0.109996003788276E+01
    0.263920000000000E+03    0.445376972571569E+01    0.109996049300518E+01
    0.270180000000000E+03    0.563467469252294E+01    0.109978385261329E+01
    0.270200000000000E+03    0.569866634544292E+01    0.109977843427717E+01
    0.276480000000000E+03    0.660014924493453E+00    0.109977510272686E+01
    0.276500000000000E+03    0.724006763600869E+00    0.109978016180836E+01
    0.282760000000000E+03    0.190497134890848E+01    0.109996533803445E+01
    0.282780000000000E+03    0.196897003747063E+01    0.109996481131536E+01
    0.289040000000000E+03    0.315001698015328E+01    0.109990362187873E+01
    0.289060000000000E+03    0.321401311874172E+01    0.109990373684141E+01
    0.295320000000000E+03    0.439518060703961E+01    0.109995793463496E+01
    0.295340000000000E+03    0.445917949417185E+01    0.109995824185172E+01
    0.301600000000000E+03    0.564036577294360E+01    0.109981662990225E+01
    0.301620000000000E+03    0.570435820164471E+01    0.109981163561340E+01
    0.307880000000000E+03    0.602388501344194E+00    0.109970082689504E+01
    0.307900000000000E+03    0.666390553575070E+00    0.109969926768627E+01
    0.314160000000000E+03    0.185022352860415E+01    0.110025405670347E+01
    0.314180000000000E+03    0.191423363725426E+01    0.110025374942457E+01
    0.320460000000000E+03    0.316285433050075E+01    0.110016866223861E+01
    0.320480000000000E+03    0.322686103382421E+01    0.110016873583187E+01
    0.326740000000000E+03    0.441111645885826E+01    0.110019729839579E+01
    0.326760000000000E+03    0.447512431284190E+01    0.110019769424272E+01
    0.333020000000000E+03    0.565903382260490E+01    0.110002343164097E+01
    0.333040000000000E+03    0.572303520565447E+01    0.110001820771935E+01
    0.339300000000000E+03    0.623523509382039E+00    0.110002598069499E+01
    0.339320000000000E+03    0.687524703511826E+00    0.110003248819977E+01
    0.345580000000000E+03    0.187175149967493E+01    0.110023864494511E+01
    0.345600000000000E+03    0.193576103044984E+01    0.110023811541330E+01
    0.351860000000000E+03    0.312039277376266E+01    0.110020064559224E+01
    0.351880000000000E+03    0.318440059523709E+01    0.110020060913605E+01
    0.358160000000000E+03    0.443299672312196E+01    0.110024208813298E+01
    0.358180000000000E+03    0.449700594420892E+01    0.110024220738395E+01
    0.364440000000000E+03    0.568123939567522E+01    0.110004294838390E+01
    0.364460000000000E+03    0.574524096906021E+01    0.110003798968744E+01
    0.370720000000000E+03    0.645765504699057E+00    0.110002417390579E+01
    0.370740000000000E+03    0.709766530477964E+00    0.110002934591052E+01
    0.377000000000000E+03    0.189348207109902E+01    0.110016584540592E+01
    0.377020000000000E+03    0.195748892762413E+01    0.110016530050977E+01
    0.383280000000000E+03    0.314126841227062E+01    0.110009370820989E+01
    0.383300000000000E+03    0.320527345407004E+01    0.110009434280735E+01
    0.389560000000000E+03    0.438922058519734E+01    0.110019726323001E+01
    0.389580000000000E+03    0.445322764782509E+01    0.110019744686487E+01
    0.395860000000000E+03    0.570093281962863E+01    0.110000385091310E+01
    0.395880000000000E+03    0.576493234979762E+01    0.109999909428441E+01
    0.402140000000000E+03    0.664896482368022E+00    0.109998186260173E+01
    0.402160000000000E+03    0.728895766628966E+00    0.109998706560017E+01
    0.408420000000000E+03    0.191203516768110E+01    0.110012002935255E+01
    0.408440000000000E+03    0.197604017732374E+01    0.110011935715212E+01
    0.414700000000000E+03    0.315916033275221E+01    0.110006083152110E+01
    0.414720000000000E+03    0.322316343483612E+01    0.110006138978957E+01
    0.420980000000000E+03    0.440639996086634E+01    0.110013693280267E+01
    0.421000000000000E+03    0.447040576281302E+01    0.110013708221240E+01
    0.427260000000000E+03    0.565382394877906E+01    0.109999860266232E+01
    0.427280000000000E+03    0.571782404355145E+01    0.109999364617078E+01
    0.433540000000000E+03    0.618099686947289E+00    0.110002119288370E+01
    0.433560000000000E+03    0.682100307255496E+00    0.110002657273517E+01
    0.439840000000000E+03    0.193001211373848E+01    0.110020126975647E+01
    0.439860000000000E+03    0.199402010131848E+01    0.110020054421227E+01
    0.446120000000000E+03    0.317799991277934E+01    0.110013434146086E+01
    0.446140000000000E+03    0.324200498226787E+01    0.110013487854662E+01
    0.452400000000000E+03    0.442573368917397E+01    0.110016455013118E+01
    0.452420000000000E+03    0.448973997858798E+01    0.110016477273674E+01
    0.458680000000000E+03    0.567308672185118E+01    0.109997280869166E+01
    0.458700000000000E+03    0.573708582073368E+01    0.109996747400380E+01
    0.464960000000000E+03    0.636820137371615E+00    0.109995967109224E+01
    0.464980000000000E+03    0.700818995093641E+00    0.109996470949876E+01
    0.471240000000000E+03    0.188405865180721E+01    0.110013930155573E+01
    0.471260000000000E+03    0.194806425807360E+01    0.110013867457554E+01
    0.477540000000000E+03    0.319494641222536E+01    0.110001807310002E+01
    0.477560000000000E+03    0.325894715363665E+01    0.110001835962290E+01
    0.483820000000000E+03    0.444136779994869E+01    0.110005754905314E+01
    0.483840000000000E+03    0.450536997403765E+01    0.110005772027500E+01
    0.490100000000000E+03    0.568746826127995E+01    0.109987344708572E+01
    0.490120000000000E+03    0.575146353923560E+01    0.109986823875633E+01
    0.496380000000000E+03    0.650072509615711E+00    0.109988310122848E+01
    0.496400000000000E+03    0.714067927145607E+00    0.109988816594269E+01
    0.502660000000000E+03    0.189597902447963E+01    0.110004031662189E+01
    0.502680000000000E+03    0.195998013078747E+01    0.110003867468554E+01
    0.508940000000000E+03    0.314170129777608E+01    0.109994477665471E+01
    0.508960000000000E+03    0.320569893489414E+01    0.109994500027796E+01
    0.515240000000000E+03    0.445118222815290E+01    0.109997922174266E+01
    0.515260000000000E+03    0.451518141573911E+01    0.109997937556704E+01
    0.521520000000000E+03    0.569645801653542E+01    0.109979810454762E+01
    0.521540000000000E+03    0.576045093712355E+01    0.109979344526976E+01
    0.527800000000000E+03    0.658391570380445E+00    0.109983007772331E+01
    0.527820000000000E+03    0.722384604498302E+00    0.109983550886799E+01
    0.534080000000000E+03    0.190388086764051E+01    0.110000893426999E+01
    0.534100000000000E+03    0.196788119871462E+01    0.110000816292612E+01
    0.540360000000000E+03    0.314964583445999E+01    0.109997424560538E+01
    0.540380000000000E+03    0.321364444499318E+01    0.109997437054063E+01
    0.546640000000000E+03    0.439567534675007E+01    0.110006303865794E+01
    0.546660000000000E+03    0.445967792809029E+01    0.110006344228208E+01
    0.552940000000000E+03    0.570582559328113E+01    0.109989184054062E+01
    0.552960000000000E+03    0.576982121962078E+01    0.109988702694678E+01
    0.559220000000000E+03    0.668993855771305E+00    0.109994296543681E+01
    0.559240000000000E+03    0.732991665484633E+00    0.109994806820321E+01
    0.565500000000000E+03    0.191594943694508E+01    0.110013166057347E+01
    0.565520000000000E+03    0.197995464037558E+01    0.110013092684864E+01
    0.571780000000000E+03    0.316313806973199E+01    0.110008539447584E+01
    0.571800000000000E+03    0.322714072606777E+01    0.110008602415617E+01
    0.578060000000000E+03    0.441010941630270E+01    0.110010881501975E+01
    0.578080000000000E+03    0.447411329428451E+01    0.110010905399255E+01
    0.584340000000000E+03    0.565668266332136E+01    0.109991199105987E+01
    0.584360000000000E+03    0.572067930508683E+01    0.109990661990011E+01
    0.590620000000000E+03    0.619620832560713E+00    0.109989446601286E+01
    0.590640000000000E+03    0.683617021658165E+00    0.109989951433471E+01
    0.596920000000000E+03    0.193001653770398E+01    0.110006963759731E+01
    0.596940000000000E+03    0.199401964522008E+01    0.110006868578685E+01
    0.603200000000000E+03    0.317677529518710E+01    0.110004156876774E+01
    0.603220000000000E+03    0.324077716498732E+01    0.110004188752772E+01
    0.609480000000000E+03    0.442380531792742E+01    0.110012594783891E+01
    0.609500000000000E+03    0.448781042773521E+01    0.110012625691093E+01
    0.615760000000000E+03    0.567089988403313E+01    0.109997709081008E+01
    0.615780000000000E+03    0.573489817153336E+01    0.109997238066378E+01
    0.622040000000000E+03    0.634473545093442E+00    0.109996077631377E+01
    0.622060000000000E+03    0.698471612941830E+00    0.109996583394228E+01
    0.628320000000000E+03    0.188119730436915E+01    0.110009020320355E+01
    0.628340000000000E+03    0.194520094481140E+01    0.110008928620567E+01
    0.634620000000000E+03    0.319174590203852E+01    0.110000963038782E+01
    0.634640000000000E+03    0.325574615271648E+01    0.110000996712615E+01
    0.640900000000000E+03    0.443807640276418E+01    0.110004574137890E+01
    0.640920000000000E+03    0.450207837645030E+01    0.110004594006249E+01
    0.647180000000000E+03    0.568406613235311E+01    0.109997804295356E+01
    0.647200000000000E+03    0.574805614544675E+01    0.109997746161486E+01
    0.653460000000000E+03    0.644971274458385E+00    0.109972845443197E+01
    0.653480000000000E+03    0.708959175204654E+00    0.109973329933154E+01
    0.659740000000000E+03    0.188852804834460E+01    0.109983940617004E+01
    0.659760000000000E+03    0.195252133568238E+01    0.109983802504367E+01
    0.666020000000000E+03    0.313188788598472E+01    0.109975651114176E+01
    0.666040000000000E+03    0.319587795560756E+01    0.109975675741283E+01
    0.672320000000000E+03    0.443894922968047E+01    0.109978935146405E+01
    0.672340000000000E+03    0.450294068866333E+01    0.109978959299671E+01
    0.678600000000000E+03    0.568169214613908E+01    0.109960845308651E+01
    0.678620000000000E+03    0.574567687204444E+01    0.109960322531834E+01
    0.684880000000000E+03    0.640979566949227E+00    0.109961249798501E+01
    0.684900000000000E+03    0.704964570002176E+00    0.109961958130360E+01
    0.691160000000000E+03    0.188378165841868E+01    0.109979416304867E+01
    0.691180000000000E+03    0.194777265342555E+01    0.109979242710211E+01
    0.697440000000000E+03    0.312646122208707E+01    0.109970435011340E+01
    0.697460000000000E+03    0.319044904095335E+01    0.109970473981330E+01
    0.703720000000000E+03    0.436882463648226E+01    0.109973095103839E+01
    0.703740000000000E+03    0.443281385684531E+01    0.109973152537869E+01
    0.710000000000000E+03    0.561093231477025E+01    0.109956398551101E+01
    0.710020000000000E+03    0.567491554586331E+01    0.109955894877949E+01
    0.716300000000000E+03    0.633689598766978E+00    0.109958935545085E+01
    0.716320000000000E+03    0.697672954246627E+00    0.109959426440691E+01
    0.722580000000000E+03    0.187616516689832E+01    0.109977449044199E+01
    0.722600000000000E+03    0.194015577947812E+01    0.109977379089498E+01
    0.728860000000000E+03    0.311903631156565E+01    0.109973858452887E+01
    0.728880000000000E+03    0.318302603911752E+01    0.109973856363317E+01
    0.735140000000000E+03    0.436223413275866E+01    0.109982140053441E+01
    0.735160000000000E+03    0.442622701482696E+01    0.109982208058933E+01
    0.741420000000000E+03    0.560553295916179E+01    0.109968315648387E+01
    0.741440000000000E+03    0.566951967544219E+01    0.109967808524657E+01
    0.747700000000000E+03    0.565317652106842E+00    0.109962485954275E+01
    0.747720000000000E+03    0.629302763445139E+00    0.109962963794433E+01
    0.754000000000000E+03    0.187220848649122E+01    0.109978375200532E+01
    0.754020000000000E+03    0.193620005048842E+01    0.109978347345107E+01
    0.760280000000000E+03    0.311519341744315E+01    0.109973365945868E+01
    0.760300000000000E+03    0.317918326006429E+01    0.109973395772855E+01
    0.766560000000000E+03    0.435836301024710E+01    0.109982404488515E+01
    0.766580000000000E+03    0.442235612690774E+01    0.109982486939593E+01
    0.772840000000000E+03    0.560178829476490E+01    0.109968859482270E+01
    0.772860000000000E+03    0.566577596112165E+01    0.109968338049838E+01
    0.779120000000000E+03    0.562030639975092E+00    0.109968942080560E+01
    0.779140000000000E+03    0.626017951145968E+00    0.109969434240144E+01
    0.785400000000000E+03    0.180581171967970E+01    0.109986925583222E+01
    0.785420000000000E+03    0.186980646254960E+01    0.109986920181913E+01
    0.791700000000000E+03    0.311373081310421E+01    0.109980235636180E+01
    0.791720000000000E+03    0.317772316125092E+01    0.109980239131047E+01
    0.797980000000000E+03    0.435776410657627E+01    0.109988831122232E+01
    0.798000000000000E+03    0.442175983893048E+01    0.109988919157958E+01
    0.804260000000000E+03    0.560198171853563E+01    0.109975673547675E+01
    0.804280000000000E+03    0.566597187634488E+01    0.109975148287806E+01
    0.810540000000000E+03    0.562945823075552E+00    0.109974763883400E+01
    0.810560000000000E+03    0.626935347471317E+00    0.109975228988090E+01
    0.816820000000000E+03    0.180730833201187E+01    0.109990704594740E+01
    0.816840000000000E+03    0.187130489545370E+01    0.109990713005711E+01
    0.823100000000000E+03    0.305216917613825E+01    0.109991099354194E+01
    0.823120000000000E+03    0.311616520187408E+01    0.109991066211197E+01
    0.829400000000000E+03    0.436136718501939E+01    0.110000033710016E+01
    0.829420000000000E+03    0.442536710043350E+01    0.110000101377872E+01
    0.835680000000000E+03    0.560583404932868E+01    0.109974509344746E+01
    0.835700000000000E+03    0.566982411096296E+01    0.109973993555622E+01
    0.841960000000000E+03    0.566684533230273E+00    0.109972170605736E+01
    0.841980000000000E+03    0.630673815545833E+00    0.109972662501562E+01
    0.848240000000000E+03    0.181079615248336E+01    0.109987314380401E+01
    0.848260000000000E+03    0.187479131115242E+01    0.109987326220756E+01
    0.854520000000000E+03    0.305505259206893E+01    0.109983771882384E+01
    0.854540000000000E+03    0.311904650926226E+01    0.109983758185389E+01
    0.860800000000000E+03    0.429955336188505E+01    0.109992439025418E+01
    0.860820000000000E+03    0.436355057446144E+01    0.109992551764186E+01
    0.867080000000000E+03    0.554426516955255E+01    0.109980138849066E+01
    0.867100000000000E+03    0.560825718421665E+01    0.109979602461929E+01
    0.873380000000000E+03    0.569748257290030E+00    0.109978709776255E+01
    0.873400000000000E+03    0.633739432431412E+00    0.109979183906015E+01
    0.879660000000000E+03    0.181468556925438E+01    0.109995507989762E+01
    0.879680000000000E+03    0.187868352468013E+01    0.109995463892396E+01
    0.885940000000000E+03    0.305956468040313E+01    0.109987558382410E+01
    0.885960000000000E+03    0.312355952378221E+01    0.109987522849014E+01
    0.892220000000000E+03    0.430411273569189E+01    0.109990853857925E+01
    0.892240000000000E+03    0.436810887423235E+01    0.109990957924033E+01
