    0.000000000000000E+00    0.190000000000000E+01    0.120000000000000E+00
    0.200000000000000E-01    0.192479998918745E+01    0.119999466505467E+00
    0.630000000000000E+01    0.343195097737237E+01    0.120552965116039E+00
    0.632000000000000E+01    0.345677310452083E+01    0.120554477282720E+00
    0.125800000000000E+02    0.494194145435760E+01    0.120021553789983E+00
    0.126000000000000E+02    0.496674227574558E+01    0.120017988767136E+00
    0.188600000000000E+02    0.165708753016265E+00    0.120846065270674E+00
    0.188800000000000E+02    0.190542737727537E+00    0.120847486854834E+00
    0.251400000000000E+02    0.167453702427128E+01    0.119958122460937E+00
    0.251600000000000E+02    0.169933535853321E+01    0.119959398875130E+00
    0.314200000000000E+02    0.318290896108191E+01    0.120601566328214E+00
    0.314400000000000E+02    0.320773302416620E+01    0.120601781560439E+00
    0.377000000000000E+02    0.469168821184563E+01    0.119959868766573E+00
    0.377200000000000E+02    0.471648659254276E+01    0.119958065310280E+00
    0.440000000000000E+02    0.622487362827879E+01    0.120858434414316E+00
    0.440200000000000E+02    0.624970796620499E+01    0.120857533959996E+00
    0.502800000000000E+02    0.144902329847089E+01    0.119997233976343E+00
    0.503000000000000E+02    0.147382322568296E+01    0.120000359230356E+00
    0.565600000000000E+02    0.295868104474597E+01    0.120573928584752E+00
    0.565800000000000E+02    0.298350396458696E+01    0.120572778509263E+00
    0.628400000000000E+02    0.446615362394373E+01    0.119977790457449E+00
    0.628600000000000E+02    0.449095273726988E+01    0.119977858175492E+00
    0.691200000000000E+02    0.597591797950039E+01    0.120783570948967E+00
    0.691400000000000E+02    0.600074929732699E+01    0.120780556326483E+00
    0.754000000000000E+02    0.119879460016409E+01    0.120113108784262E+00
    0.754200000000000E+02    0.122359918995768E+01    0.120117701862359E+00
    0.817000000000000E+02    0.273430985341338E+01    0.120476889236030E+00
    0.817200000000000E+02    0.275912888488774E+01    0.120474691652273E+00
    0.879800000000000E+02    0.424076624950396E+01    0.120071707938367E+00
    0.880000000000000E+02    0.426556907736914E+01    0.120073320713003E+00
    0.942600000000000E+02    0.575157295135449E+01    0.120632810936058E+00
    0.942800000000000E+02    0.577639817355134E+01    0.120628168514944E+00
    0.100540000000000E+03    0.973569696302235E+00    0.120289946095922E+00
    0.100560000000000E+03    0.998381397429668E+00    0.120295335742025E+00
    0.106820000000000E+03    0.248485648508822E+01    0.120334907428722E+00
    0.106840000000000E+03    0.250966978971391E+01    0.120332270959431E+00
    0.113100000000000E+03    0.399077594249914E+01    0.120212195660507E+00
    0.113120000000000E+03    0.401558448262361E+01    0.120214686877278E+00
    0.119400000000000E+03    0.552691463192002E+01    0.120438095845848E+00
    0.119420000000000E+03    0.555173205685242E+01    0.120432654215168E+00
    0.125680000000000E+03    0.748664646405331E+00    0.120492654239747E+00
    0.125700000000000E+03    0.773484450664313E+00    0.120497918958352E+00
    0.131960000000000E+03    0.225991969785122E+01    0.120177150743507E+00
    0.131980000000000E+03    0.228472672086153E+01    0.120174854253809E+00
    0.138240000000000E+03    0.376591978871787E+01    0.120370787552360E+00
    0.138260000000000E+03    0.379073464551999E+01    0.120373411311803E+00
    0.144520000000000E+03    0.527711323020162E+01    0.120243161266174E+00
    0.144540000000000E+03    0.530192288536927E+01    0.120237878351962E+00
    0.150800000000000E+03    0.499264218373838E+00    0.120674340116004E+00
    0.150820000000000E+03    0.524091313159687E+00    0.120678597443205E+00
    0.157080000000000E+03    0.200987635556515E+01    0.120044200628610E+00
    0.157100000000000E+03    0.203467807121592E+01    0.120042955062508E+00
    0.163380000000000E+03    0.354134595575806E+01    0.120505494093719E+00
    0.163400000000000E+03    0.356616623722056E+01    0.120507512296924E+00
    0.169660000000000E+03    0.505183248749606E+01    0.120077699843241E+00
    0.169680000000000E+03    0.507663550638156E+01    0.120073425623335E+00
    0.175940000000000E+03    0.274997243198612E+00    0.120810538970409E+00
    0.175960000000000E+03    0.299829722487402E+00    0.120812984037729E+00
    0.182220000000000E+03    0.178445707420727E+01    0.119967784525861E+00
    0.182240000000000E+03    0.180925578438115E+01    0.119968196082056E+00
    0.188500000000000E+03    0.329222709559349E+01    0.120587244176664E+00
    0.188520000000000E+03    0.331705058965298E+01    0.120588093575576E+00
    0.194780000000000E+03    0.480160829755314E+01    0.119979647211405E+00
    0.194800000000000E+03    0.482640756852928E+01    0.119976986253444E+00
    0.201080000000000E+03    0.509514041317232E-01    0.120864725257198E+00
    0.201100000000000E+03    0.757859970427148E-01    0.120864909892203E+00
    0.207360000000000E+03    0.155896312869032E+01    0.119968799523734E+00
    0.207380000000000E+03    0.158376185300159E+01    0.119971087827947E+00
    0.213640000000000E+03    0.306803408065764E+01    0.120596171083638E+00
    0.213660000000000E+03    0.309285793688792E+01    0.120595662054148E+00
    0.219920000000000E+03    0.457610013609889E+01    0.119959525954132E+00
    0.219940000000000E+03    0.460089851046973E+01    0.119958747006641E+00
    0.226200000000000E+03    0.608526145327636E+01    0.120830791763789E+00
    0.226220000000000E+03    0.611009464462495E+01    0.120828742217207E+00
    0.232480000000000E+03    0.130872141582910E+01    0.120050750650335E+00
    0.232500000000000E+03    0.133352351676433E+01    0.120054717822756E+00
    0.238780000000000E+03    0.284380972204013E+01    0.120530932222838E+00
    0.238800000000000E+03    0.286863092066653E+01    0.120529171496243E+00
    0.245060000000000E+03    0.435071405533648E+01    0.120021474739097E+00
    0.245080000000000E+03    0.437551492256904E+01    0.120022435292082E+00
    0.251340000000000E+03    0.586112292715228E+01    0.120711775416219E+00
    0.251360000000000E+03    0.588595135195567E+01    0.120707795778096E+00
    0.257620000000000E+03    0.108347992247610E+01    0.120204431146015E+00
    0.257640000000000E+03    0.110828816691765E+01    0.120209548763929E+00
    0.263900000000000E+03    0.259459842059994E+01    0.120408603300615E+00
    0.263920000000000E+03    0.261941471764715E+01    0.120406090557741E+00
    0.270180000000000E+03    0.410074141831399E+01    0.120145163223041E+00
    0.270200000000000E+03    0.412554722231118E+01    0.120147321889405E+00
    0.276480000000000E+03    0.563675274940505E+01    0.120534415325159E+00
    0.276500000000000E+03    0.566157404885854E+01    0.120529227693006E+00
    0.282760000000000E+03    0.858568664483869E+00    0.120401165054969E+00
    0.282780000000000E+03    0.883384821039897E+00    0.120406607582670E+00
    0.289040000000000E+03    0.236995337098404E+01    0.120252587845245E+00
    0.289060000000000E+03    0.239476341611964E+01    0.120250031283885E+00
    0.295320000000000E+03    0.387587644018510E+01    0.120300865337631E+00
    0.295340000000000E+03    0.390068848618813E+01    0.120303529746803E+00
    0.301600000000000E+03    0.538724390510799E+01    0.120337190215900E+00
    0.301620000000000E+03    0.541205731337834E+01    0.120331724483625E+00
    0.307880000000000E+03    0.609163006828624E+00    0.120594978641944E+00
    0.307900000000000E+03    0.633986925161196E+00    0.120599826344863E+00
    0.314160000000000E+03    0.212019122026931E+01    0.120104936004737E+00
    0.314180000000000E+03    0.214499535885176E+01    0.120103101377310E+00
    0.320460000000000E+03    0.365132470013009E+01    0.120451554131291E+00
    0.320480000000000E+03    0.367614282475608E+01    0.120453946550010E+00
    0.326740000000000E+03    0.516224495602842E+01    0.120150255630402E+00
    0.326760000000000E+03    0.518705087014865E+01    0.120145413733865E+00
    0.333020000000000E+03    0.384906088350590E+00    0.120758117746809E+00
    0.333040000000000E+03    0.409736481107018E+00    0.120761478098121E+00
    0.339300000000000E+03    0.189497782320257E+01    0.119996992182638E+00
    0.339320000000000E+03    0.191977767467279E+01    0.119996584589699E+00
    0.345580000000000E+03    0.340220867255016E+01    0.120558715984645E+00
    0.345600000000000E+03    0.342703103872884E+01    0.120560157865042E+00
    0.351860000000000E+03    0.491217544953503E+01    0.120018975381928E+00
    0.351880000000000E+03    0.493697627265402E+01    0.120015497933788E+00
    0.358160000000000E+03    0.160874071906505E+00    0.120852401162002E+00
    0.358180000000000E+03    0.185708198588372E+00    0.120853666284693E+00
    0.364440000000000E+03    0.166959545492341E+01    0.119959787780323E+00
    0.364460000000000E+03    0.169439379694154E+01    0.119961197054729E+00
    0.370720000000000E+03    0.317807600677492E+01    0.120603795709093E+00
    0.370740000000000E+03    0.320290016418807E+01    0.120603917661862E+00
    0.377000000000000E+03    0.468677501780400E+01    0.119959116471755E+00
    0.377020000000000E+03    0.471157333950083E+01    0.119957450196832E+00
    0.383280000000000E+03    0.619527180438558E+01    0.120858665416157E+00
    0.383300000000000E+03    0.622010617887889E+01    0.120857665474500E+00
    0.389560000000000E+03    0.141937614807404E+01    0.120002656320500E+00
    0.389580000000000E+03    0.144417621031221E+01    0.120005865637213E+00
    0.395860000000000E+03    0.295392564099535E+01    0.120570356677877E+00
    0.395880000000000E+03    0.297874842906015E+01    0.120569122016009E+00
    0.402140000000000E+03    0.446133144551771E+01    0.119983120680289E+00
    0.402160000000000E+03    0.448613071168171E+01    0.119983314144006E+00
    0.408420000000000E+03    0.597119988419109E+01    0.120775797200444E+00
    0.408440000000000E+03    0.599603096852348E+01    0.120772636836016E+00
    0.414700000000000E+03    0.119403202498495E+01    0.120126430321027E+00
    0.414720000000000E+03    0.121883715560011E+01    0.120131103074391E+00
    0.420980000000000E+03    0.270481346806355E+01    0.120472335304396E+00
    0.421000000000000E+03    0.272963229830202E+01    0.120470093936886E+00
    0.427260000000000E+03    0.421124877931254E+01    0.120080173645266E+00
    0.427280000000000E+03    0.423605201613282E+01    0.120081837009995E+00
    0.433540000000000E+03    0.572213648550405E+01    0.120627144240839E+00
    0.433560000000000E+03    0.574696151803539E+01    0.120622447808525E+00
    0.439840000000000E+03    0.968945695479874E+00    0.120306866702120E+00
    0.439860000000000E+03    0.993758092268763E+00    0.120312275691265E+00
    0.446120000000000E+03    0.248027834243919E+01    0.120326349440920E+00
    0.446140000000000E+03    0.250509131492879E+01    0.120323713273555E+00
    0.452400000000000E+03    0.398622624283576E+01    0.120226039451678E+00
    0.452420000000000E+03    0.401103538996813E+01    0.120228588311433E+00
    0.458680000000000E+03    0.549760400220919E+01    0.120431851424321E+00
    0.458700000000000E+03    0.552242117216531E+01    0.120426405800045E+00
    0.464960000000000E+03    0.719393848643222E+00    0.120504396147889E+00
    0.464980000000000E+03    0.744214120040965E+00    0.120509638521710E+00
    0.471240000000000E+03    0.223067341841852E+01    0.120172294422342E+00
    0.471260000000000E+03    0.225548024641057E+01    0.120170027013936E+00
    0.477540000000000E+03    0.376154664691626E+01    0.120383977872900E+00
    0.477560000000000E+03    0.378636203579219E+01    0.120386587799265E+00
    0.483820000000000E+03    0.527274751816537E+01    0.120232544508751E+00
    0.483840000000000E+03    0.529755674884552E+01    0.120227301506994E+00
    0.490100000000000E+03    0.494986481030878E+00    0.120688815369380E+00
    0.490120000000000E+03    0.519814152041818E+00    0.120692963349409E+00
    0.496380000000000E+03    0.200556376982991E+01    0.120040029866771E+00
    0.496400000000000E+03    0.203036530376880E+01    0.120038885888831E+00
    0.502660000000000E+03    0.351230384112773E+01    0.120514276296847E+00
    0.502680000000000E+03    0.353712444901907E+01    0.120516225124960E+00
    0.508940000000000E+03    0.502278375694539E+01    0.120072633441038E+00
    0.508960000000000E+03    0.504758678792393E+01    0.120068439571136E+00
    0.515240000000000E+03    0.270881270250356E+00    0.120819330234583E+00
    0.515260000000000E+03    0.295714091147261E+00    0.120821625498122E+00
    0.521520000000000E+03    0.178027090659759E+01    0.119967923577407E+00
    0.521540000000000E+03    0.180506957877026E+01    0.119968457887123E+00
    0.527800000000000E+03    0.328815266019183E+01    0.120592848917144E+00
    0.527820000000000E+03    0.331297639668321E+01    0.120593623705657E+00
    0.534080000000000E+03    0.479746360104741E+01    0.119977065738868E+00
    0.534100000000000E+03    0.482226262812173E+01    0.119974520194041E+00
    0.540360000000000E+03    0.220972220407702E-01    0.120867488727864E+00
    0.540380000000000E+03    0.469319373471535E-01    0.120867571779038E+00
    0.546640000000000E+03    0.153007827461352E+01    0.119972459015336E+00
    0.546660000000000E+03    0.155487721311215E+01    0.119974837718169E+00
    0.552940000000000E+03    0.306406467540512E+01    0.120596234704061E+00
    0.552960000000000E+03    0.308888849872994E+01    0.120595618164011E+00
    0.559220000000000E+03    0.457208017594292E+01    0.119962910465213E+00
    0.559240000000000E+03    0.459687870744392E+01    0.119962260227608E+00
    0.565500000000000E+03    0.608135679551447E+01    0.120826666173117E+00
    0.565520000000000E+03    0.610618983420807E+01    0.120824462921364E+00
    0.571780000000000E+03    0.130474584161061E+01    0.120060956884178E+00
    0.571800000000000E+03    0.132954834180430E+01    0.120065019475915E+00
    0.578060000000000E+03    0.281510049319581E+01    0.120527452644054E+00
    0.578080000000000E+03    0.283992154033535E+01    0.120525622390022E+00
    0.584340000000000E+03    0.432197488812744E+01    0.120028215889394E+00
    0.584360000000000E+03    0.434677610948893E+01    0.120029253873977E+00
    0.590620000000000E+03    0.583246187047564E+01    0.120707591736681E+00
    0.590640000000000E+03    0.585729010279340E+01    0.120703549779816E+00
    0.596920000000000E+03    0.107961357513511E+01    0.120219377142054E+00
    0.596940000000000E+03    0.110442240191333E+01    0.120224539587533E+00
    0.603200000000000E+03    0.259077958598562E+01    0.120399892184587E+00
    0.603220000000000E+03    0.261559551821188E+01    0.120397352625142E+00
    0.609480000000000E+03    0.409689746094011E+01    0.120155099734881E+00
    0.609500000000000E+03    0.412170370911542E+01    0.120157321500111E+00
    0.615760000000000E+03    0.560814192809823E+01    0.120527416826471E+00
    0.615780000000000E+03    0.563296296809642E+01    0.120522200614511E+00
    0.622040000000000E+03    0.829956214053709E+00    0.120411021412088E+00
    0.622060000000000E+03    0.854772774811181E+00    0.120416463348218E+00
    0.628320000000000E+03    0.234136316952993E+01    0.120246473352635E+00
    0.628340000000000E+03    0.236617294229427E+01    0.120243927461942E+00
    0.634620000000000E+03    0.387211741574060E+01    0.120312156108492E+00
    0.634640000000000E+03    0.389692995658083E+01    0.120314834318569E+00
    0.640900000000000E+03    0.538350098007606E+01    0.120324794036450E+00
    0.640920000000000E+03    0.540831387166327E+01    0.120319333812900E+00
    0.647180000000000E+03    0.605471764602498E+00    0.120609316891208E+00
    0.647200000000000E+03    0.630296227526856E+00    0.120614080526773E+00
    0.653460000000000E+03    0.211646899691266E+01    0.120098195885503E+00
    0.653480000000000E+03    0.214127286815392E+01    0.120096447963602E+00
    0.659740000000000E+03    0.362284499801797E+01    0.120458822492919E+00
    0.659760000000000E+03    0.364766338355992E+01    0.120461161903129E+00
    0.666020000000000E+03    0.513374106302501E+01    0.120145213492452E+00
    0.666040000000000E+03    0.515854682817053E+01    0.120140427024945E+00
    0.672320000000000E+03    0.381291780234619E+00    0.120768269753207E+00
    0.672340000000000E+03    0.406122606582812E+00    0.120771501256196E+00
    0.678600000000000E+03    0.189130517667365E+01    0.119994302559491E+00
    0.678620000000000E+03    0.191610490175538E+01    0.119994007345834E+00
    0.684880000000000E+03    0.339862548247356E+01    0.120565117788114E+00
    0.684900000000000E+03    0.342344810678856E+01    0.120566490126334E+00
    0.691160000000000E+03    0.490852796477031E+01    0.120013128032751E+00
    0.691180000000000E+03    0.493332842755115E+01    0.120009753748000E+00
    0.697440000000000E+03    0.132463854071034E+00    0.120854358611169E+00
    0.697460000000000E+03    0.157298063346275E+00    0.120855533665585E+00
    0.703720000000000E+03    0.164112867951962E+01    0.119959037299536E+00
    0.703740000000000E+03    0.166592705515632E+01    0.119960531527433E+00
    0.710000000000000E+03    0.314967552459507E+01    0.120603984956998E+00
    0.710020000000000E+03    0.317449967211246E+01    0.120604026702611E+00
    0.716300000000000E+03    0.468310607709623E+01    0.119957920080803E+00
    0.716320000000000E+03    0.470790436339689E+01    0.119956381537537E+00
    0.722580000000000E+03    0.619170296193727E+01    0.120856077296264E+00
    0.722600000000000E+03    0.621653721542964E+01    0.120854911571530E+00
    0.728860000000000E+03    0.141571814704128E+01    0.120009562571795E+00
    0.728880000000000E+03    0.144051856765861E+01    0.120012887666512E+00
    0.735140000000000E+03    0.292553497304891E+01    0.120567702340135E+00
    0.735160000000000E+03    0.295035765008390E+01    0.120566412794066E+00
    0.741420000000000E+03    0.443290448774837E+01    0.119987435555786E+00
    0.741440000000000E+03    0.445770396164198E+01    0.119987703708562E+00
    0.747700000000000E+03    0.594280451580926E+01    0.120770535335228E+00
    0.747720000000000E+03    0.596763528710210E+01    0.120767305302017E+00
    0.754000000000000E+03    0.119036721904024E+01    0.120135893626439E+00
    0.754020000000000E+03    0.121517274004225E+01    0.120140636977831E+00
    0.760280000000000E+03    0.270119010237329E+01    0.120462849348569E+00
    0.760300000000000E+03    0.272600855052372E+01    0.120460566863060E+00
    0.766560000000000E+03    0.420756145633459E+01    0.120087306750943E+00
    0.766580000000000E+03    0.423236498308165E+01    0.120089054652150E+00
    0.772840000000000E+03    0.571848536610764E+01    0.120613223216567E+00
    0.772860000000000E+03    0.574330981218361E+01    0.120608443919456E+00
    0.779120000000000E+03    0.940434210626790E+00    0.120313740457956E+00
    0.779140000000000E+03    0.965246856597787E+00    0.120319165585114E+00
    0.785400000000000E+03    0.245176313745822E+01    0.120317551955212E+00
    0.785420000000000E+03    0.247657576909990E+01    0.120314907580616E+00
    0.791700000000000E+03    0.398248948311470E+01    0.120234565277061E+00
    0.791720000000000E+03    0.400729886170870E+01    0.120237132778995E+00
    0.797980000000000E+03    0.549384019165677E+01    0.120415232760138E+00
    0.798000000000000E+03    0.551865673099985E+01    0.120409768029750E+00
    0.804260000000000E+03    0.715616606844378E+00    0.120516011526887E+00
    0.804280000000000E+03    0.740437353890343E+00    0.120521210080652E+00
    0.810540000000000E+03    0.222685210498412E+01    0.120160883549914E+00
    0.810560000000000E+03    0.225165847733831E+01    0.120158671942403E+00
    0.816820000000000E+03    0.373291634982900E+01    0.120389614896051E+00
    0.816840000000000E+03    0.375773198178729E+01    0.120392199927688E+00
    0.823100000000000E+03    0.524408325699096E+01    0.120223171709717E+00
    0.823120000000000E+03    0.526889211885475E+01    0.120217956917237E+00
    0.829400000000000E+03    0.491157496099959E+00    0.120697996733182E+00
    0.829420000000000E+03    0.515985593839787E+00    0.120702026987890E+00
    0.835680000000000E+03    0.200166461968297E+01    0.120031906229970E+00
    0.835700000000000E+03    0.202646587243453E+01    0.120030865172845E+00
    0.841960000000000E+03    0.350846030869388E+01    0.120520351191075E+00
    0.841980000000000E+03    0.353328115847512E+01    0.120522241150533E+00
    0.848240000000000E+03    0.501884474148142E+01    0.120062701532556E+00
    0.848260000000000E+03    0.504364718468469E+01    0.120058595120903E+00
    0.854520000000000E+03    0.242146139590659E+00    0.120820547197140E+00
    0.854540000000000E+03    0.266979076635380E+00    0.120822753933990E+00
    0.860800000000000E+03    0.175145566875881E+01    0.119963131738407E+00
    0.860820000000000E+03    0.177625416669684E+01    0.119963748986787E+00
    0.867080000000000E+03    0.325936628111481E+01    0.120592281318046E+00
    0.867100000000000E+03    0.328418998974962E+01    0.120592977629981E+00
    0.873380000000000E+03    0.479338302598262E+01    0.119970455964960E+00
    0.873400000000000E+03    0.481818180457708E+01    0.119968038223711E+00
    0.879660000000000E+03    0.180897895570524E-01    0.120865200814273E+00
    0.879680000000000E+03    0.429243999690243E-01    0.120865122097094E+00
    0.885940000000000E+03    0.152594099361863E+01    0.119974252658489E+00
    0.885960000000000E+03    0.155073999433171E+01    0.119976755292712E+00
    0.892220000000000E+03    0.303515989866696E+01    0.120592019382399E+00
    0.892240000000000E+03    0.305998355680413E+01    0.120591333426652E+00
    0.898500000000000E+03    0.454308257550656E+01    0.119962744685883E+00
    0.898520000000000E+03    0.456788108062983E+01    0.119962177924874E+00
    0.904780000000000E+03    0.605239071687242E+01    0.120820429764744E+00
    0.904800000000000E+03    0.607722350755193E+01    0.120818138627287E+00
    0.911080000000000E+03    0.130049542240545E+01    0.120067972298716E+00
    0.911100000000000E+03    0.132529820705645E+01    0.120072131187925E+00
    0.917360000000000E+03    0.281088940628297E+01    0.120518465846647E+00
    0.917380000000000E+03    0.283571004599276E+01    0.120516580155224E+00
    0.923640000000000E+03    0.431764915817666E+01    0.120031979638179E+00
    0.923660000000000E+03    0.434245046068077E+01    0.120033110630604E+00
    0.929920000000000E+03    0.582817897278596E+01    0.120691447777845E+00
    0.929940000000000E+03    0.585300672969106E+01    0.120687290075951E+00
    0.936200000000000E+03    0.105046072954542E+01    0.120225152201958E+00
    0.936220000000000E+03    0.107526982424861E+01    0.120230359705449E+00
    0.942480000000000E+03    0.256162492817612E+01    0.120390302979371E+00
    0.942500000000000E+03    0.258644045648680E+01    0.120387737866446E+00
    0.948780000000000E+03    0.409249590341483E+01    0.120162729556884E+00
    0.948800000000000E+03    0.411730245949548E+01    0.120165013482323E+00
    0.955060000000000E+03    0.560374159722869E+01    0.120510627470478E+00
    0.955080000000000E+03    0.562856192759432E+01    0.120505362383194E+00
    0.961340000000000E+03    0.825521787881371E+00    0.120423337694412E+00
    0.961360000000000E+03    0.850338829429575E+00    0.120428759063496E+00
    0.967620000000000E+03    0.233688323237789E+01    0.120233075555738E+00
    0.967640000000000E+03    0.236169249298746E+01    0.120230562847623E+00
    0.973900000000000E+03    0.384280909484960E+01    0.120318251356356E+00
    0.973920000000000E+03    0.386762181814493E+01    0.120320920272943E+00
    0.980180000000000E+03    0.535413809884540E+01    0.120312809053173E+00
    0.980200000000000E+03    0.537895053862735E+01    0.120307372546119E+00
    0.986480000000000E+03    0.600925808075090E+00    0.120619715159046E+00
    0.986500000000000E+03    0.625750727361492E+00    0.120624392473289E+00
    0.992760000000000E+03    0.211185135756750E+01    0.120087224074549E+00
    0.992780000000000E+03    0.213665478948656E+01    0.120085559726574E+00
    0.999040000000000E+03    0.361825124869165E+01    0.120465807252973E+00
    0.999060000000000E+03    0.364306992363231E+01    0.120468106383225E+00
    0.100532000000000E+04    0.512907174064935E+01    0.120130783927246E+00
    0.100534000000000E+04    0.515387689375439E+01    0.120126072578095E+00
    0.101160000000000E+04    0.351836157263051E+00    0.120771835717530E+00
    0.101162000000000E+04    0.376667119448484E+00    0.120774989485530E+00
    0.101788000000000E+04    0.186175607054224E+01    0.119987080678216E+00
    0.101790000000000E+04    0.188655548586871E+01    0.119986863569686E+00
    0.102416000000000E+04    0.336911548023681E+01    0.120567462373398E+00
    0.102418000000000E+04    0.339393822673082E+01    0.120568777405858E+00
    0.103046000000000E+04    0.490372983046541E+01    0.120004581498482E+00
    0.103048000000000E+04    0.492852995362864E+01    0.120001328212499E+00
    0.103674000000000E+04    0.127768670367004E+00    0.120856698056453E+00
    0.103676000000000E+04    0.152602979334233E+00    0.120857700943412E+00
    0.104302000000000E+04    0.163631693171101E+01    0.119959470751311E+00
    0.104304000000000E+04    0.166111531677097E+01    0.119961100067916E+00
    0.104930000000000E+04    0.314494351767712E+01    0.120603149451786E+00
    0.104932000000000E+04    0.316976763290108E+01    0.120603097623808E+00
    0.105558000000000E+04    0.465347394321134E+01    0.119957367977989E+00
    0.105560000000000E+04    0.467827220575987E+01    0.119955921442099E+00
    0.106186000000000E+04    0.616213142077913E+01    0.120853232875084E+00
    0.106188000000000E+04    0.618696553686959E+01    0.120851964764689E+00
    0.106816000000000E+04    0.141086674443818E+01    0.120015679105723E+00
    0.106818000000000E+04    0.143566743330098E+01    0.120019123200665E+00
    0.107444000000000E+04    0.292075952722303E+01    0.120561833410121E+00
    0.107446000000000E+04    0.294558196430648E+01    0.120560462908956E+00
    0.108072000000000E+04    0.442804293033078E+01    0.119991478193779E+00
    0.108074000000000E+04    0.445284260121321E+01    0.119991869479300E+00
    0.108700000000000E+04    0.593805558863619E+01    0.120761941159995E+00
    0.108702000000000E+04    0.596288601935703E+01    0.120758573003535E+00
    0.109328000000000E+04    0.116074383875662E+01    0.120143752292044E+00
    0.109330000000000E+04    0.118554967134583E+01    0.120148553489153E+00
    0.109956000000000E+04    0.267160894718972E+01    0.120456997381695E+00
    0.109958000000000E+04    0.269642708931110E+01    0.120454682742833E+00
    0.110586000000000E+04    0.420273899694507E+01    0.120095381804274E+00
    0.110588000000000E+04    0.422754282231494E+01    0.120097214966626E+00
    0.111214000000000E+04    0.571370530804688E+01    0.120599302642187E+00
    0.111216000000000E+04    0.573852923441518E+01    0.120594441079221E+00
    0.111842000000000E+04    0.935609984029725E+00    0.120327527141129E+00
    0.111844000000000E+04    0.960423185843865E+00    0.120332965877846E+00
    0.112470000000000E+04    0.244694446935682E+01    0.120306053404655E+00
    0.112472000000000E+04    0.247175662300856E+01    0.120303420403915E+00
    0.113098000000000E+04    0.395283682903687E+01    0.120242049178899E+00
    0.113100000000000E+04    0.397764656401932E+01    0.120244628468000E+00
    0.113726000000000E+04    0.546419157702712E+01    0.120405843655385E+00
    0.113728000000000E+04    0.548900770969453E+01    0.120400373768200E+00
    0.114354000000000E+04    0.685970826757966E+00    0.120525136021118E+00
    0.114356000000000E+04    0.710791930883943E+00    0.120530303186351E+00
    0.114984000000000E+04    0.222197380588364E+01    0.120149919798742E+00
    0.114986000000000E+04    0.224677974293854E+01    0.120147774799987E+00
    0.115612000000000E+04    0.372806114960599E+01    0.120399116861897E+00
    0.115614000000000E+04    0.375287714253568E+01    0.120401680728028E+00
    0.116240000000000E+04    0.523916943905533E+01    0.120208907623222E+00
    0.116242000000000E+04    0.526397773018653E+01    0.120203750744470E+00
    0.116868000000000E+04    0.461471976858093E+00    0.120704939167478E+00
    0.116870000000000E+04    0.486300279434545E+00    0.120708908800027E+00
    0.117496000000000E+04    0.197190412655823E+01    0.120025069652511E+00
    0.117498000000000E+04    0.199670508513827E+01    0.120024098182017E+00
    0.118124000000000E+04    0.347874258258321E+01    0.120525122167279E+00
    0.118126000000000E+04    0.350356364306685E+01    0.120526964160148E+00
    0.118754000000000E+04    0.501386453705686E+01    0.120052135336443E+00
    0.118756000000000E+04    0.503866654204785E+01    0.120048131024713E+00
    0.119382000000000E+04    0.237251561249650E+00    0.120826047185151E+00
    0.119384000000000E+04    0.262084652905060E+00    0.120828088642939E+00
    0.120010000000000E+04    0.174643869627744E+01    0.119960499601900E+00
    0.120012000000000E+04    0.177123711911804E+01    0.119961255418906E+00
    0.120638000000000E+04    0.325442708485457E+01    0.120593322943656E+00
    0.120640000000000E+04    0.327925081622516E+01    0.120593924619869E+00
    0.121266000000000E+04    0.476355221401741E+01    0.119968040723275E+00
    0.121268000000000E+04    0.478835099901175E+01    0.119965721492718E+00
    0.121894000000000E+04    0.627150776263716E+01    0.120864185372922E+00
    0.121896000000000E+04    0.131568444862751E-01    0.120864000435348E+00
    0.122524000000000E+04    0.152088296137686E+01    0.119977651554796E+00
    0.122526000000000E+04    0.154568205027385E+01    0.119980282739463E+00
    0.123152000000000E+04    0.303018915442931E+01    0.120588746450866E+00
    0.123154000000000E+04    0.305501267335512E+01    0.120587959397849E+00
    0.123780000000000E+04    0.453800085757644E+01    0.119963547510536E+00
    0.123782000000000E+04    0.456279939074557E+01    0.119963116022487E+00
    0.124408000000000E+04    0.604739719019403E+01    0.120812533297375E+00
    0.124410000000000E+04    0.607222964920538E+01    0.120810082007689E+00
    0.125036000000000E+04    0.127059465293314E+01    0.120073008194697E+00
    0.125038000000000E+04    0.129539764578271E+01    0.120077242827740E+00
    0.125664000000000E+04    0.278102849742163E+01    0.120511369227579E+00
    0.125666000000000E+04    0.280584891263288E+01    0.120509428123863E+00
    0.126294000000000E+04    0.431254574976947E+01    0.120038637152572E+00
    0.126296000000000E+04    0.433734726798252E+01    0.120039879817422E+00
    0.126922000000000E+04    0.582309780258333E+01    0.120679232426595E+00
    0.126924000000000E+04    0.584792490219616E+01    0.120674959808354E+00
    0.127550000000000E+04    0.104526863817819E+01    0.120236272841619E+00
    0.127552000000000E+04    0.107007819212026E+01    0.120241525724376E+00
    0.128178000000000E+04    0.255643946488590E+01    0.120377018189074E+00
    0.128180000000000E+04    0.258125446935651E+01    0.120374435083801E+00
    0.128806000000000E+04    0.406244311830619E+01    0.120168647515524E+00
    0.128808000000000E+04    0.408724991377153E+01    0.120170964204442E+00
    0.129434000000000E+04    0.557367689312855E+01    0.120498558357731E+00
    0.129436000000000E+04    0.559849673779308E+01    0.120493267487363E+00
    0.130062000000000E+04    0.795421651046126E+00    0.120430840301763E+00
    0.130064000000000E+04    0.820238989538666E+00    0.120436254386792E+00
    0.130692000000000E+04    0.233155769637301E+01    0.120219508245707E+00
    0.130694000000000E+04    0.235636641388305E+01    0.120217040049958E+00
    0.131320000000000E+04    0.383746672116263E+01    0.120327001075712E+00
    0.131322000000000E+04    0.386227981328443E+01    0.120329673309235E+00
    0.131948000000000E+04    0.534874932946241E+01    0.120295658547989E+00
    0.131950000000000E+04    0.537356107387018E+01    0.120290240412956E+00
    0.132576000000000E+04    0.570715457670531E+00    0.120625945238028E+00
    0.132578000000000E+04    0.595540639455066E+00    0.120630570155173E+00
    0.133204000000000E+04    0.208156114232156E+01    0.120076972601286E+00
    0.133206000000000E+04    0.210636415186605E+01    0.120075363145532E+00
    0.133832000000000E+04    0.358796095621392E+01    0.120469567087258E+00
    0.133834000000000E+04    0.361277978264047E+01    0.120471818407050E+00
    0.134462000000000E+04    0.512350070719776E+01    0.120116191138127E+00
    0.134464000000000E+04    0.514830525976186E+01    0.120111560060090E+00
    0.135090000000000E+04    0.346318471916902E+00    0.120778865702530E+00
    0.135092000000000E+04    0.371149695410168E+00    0.120781868109901E+00
    0.135718000000000E+04    0.185611453641673E+01    0.119980511681615E+00
    0.135720000000000E+04    0.188091374973533E+01    0.119980427302987E+00
    0.136346000000000E+04    0.336352597264522E+01    0.120569780732187E+00
    0.136348000000000E+04    0.338834877123486E+01    0.120570992899636E+00
    0.136974000000000E+04    0.487321395296590E+01    0.119997962912568E+00
    0.136976000000000E+04    0.489801383490067E+01    0.119994804713011E+00
    0.137602000000000E+04    0.972964535519623E-01    0.120856070126008E+00
    0.137604000000000E+04    0.122130750713950E+00    0.120856962190162E+00
    0.138232000000000E+04    0.163053549861615E+01    0.119958714239913E+00
    0.138234000000000E+04    0.165533384202195E+01    0.119960485737262E+00
    0.138860000000000E+04    0.313922721510949E+01    0.120600225415317E+00
    0.138862000000000E+04    0.316405122122228E+01    0.120600077696632E+00
    0.139488000000000E+04    0.464763250205101E+01    0.119954444971531E+00
    0.139490000000000E+04    0.467243068891821E+01    0.119953148928920E+00
    0.140116000000000E+04    0.615637292568886E+01    0.120846795381850E+00
    0.140118000000000E+04    0.618120677313732E+01    0.120845354418148E+00
    0.140744000000000E+04    0.138017160484810E+01    0.120017828344340E+00
    0.140746000000000E+04    0.140497237227623E+01    0.120021362249510E+00
    0.141372000000000E+04    0.289010091929595E+01    0.120555135203320E+00
    0.141374000000000E+04    0.291492309878004E+01    0.120553701027724E+00
    0.142000000000000E+04    0.439729418167508E+01    0.119994203057137E+00
    0.142002000000000E+04    0.442209395537748E+01    0.119994681698904E+00
    0.142630000000000E+04    0.593217042021229E+01    0.120749358715544E+00
    0.142632000000000E+04    0.595700035799996E+01    0.120745843731937E+00
    0.143258000000000E+04    0.115475534695520E+01    0.120154850030295E+00
    0.143260000000000E+04    0.117956158744209E+01    0.120159721471733E+00
    0.143886000000000E+04    0.266565907816039E+01    0.120445090946968E+00
    0.143888000000000E+04    0.269047683784629E+01    0.120442727797437E+00
    0.144514000000000E+04    0.417193482459311E+01    0.120103645316222E+00
    0.144516000000000E+04    0.419673895975006E+01    0.120105533191894E+00
    0.145142000000000E+04    0.568293244332676E+01    0.120589602581501E+00
    0.145144000000000E+04    0.570775595718737E+01    0.120584693560115E+00
    0.145770000000000E+04    0.904813862984838E+00    0.120337843919113E+00
    0.145772000000000E+04    0.929627485231322E+00    0.120343298580449E+00
    0.146400000000000E+04    0.244096862368269E+01    0.120294001139967E+00
    0.146402000000000E+04    0.246578032406251E+01    0.120291382447081E+00
    0.147028000000000E+04    0.394685832151322E+01    0.120254594439136E+00
    0.147030000000000E+04    0.397166845310221E+01    0.120257211348911E+00
    0.147656000000000E+04    0.545819784341757E+01    0.120389269856042E+00
    0.147658000000000E+04    0.548301330660820E+01    0.120383788374062E+00
    0.148284000000000E+04    0.679985292277934E+00    0.120539560960847E+00
    0.148286000000000E+04    0.704806975168594E+00    0.120544663286257E+00
    0.148912000000000E+04    0.219113500003186E+01    0.120140648606895E+00
    0.148914000000000E+04    0.221594055985406E+01    0.120138542456010E+00
    0.149540000000000E+04    0.369724171520170E+01    0.120406852651649E+00
    0.149542000000000E+04    0.372205803606789E+01    0.120409384719200E+00
    0.150170000000000E+04    0.523312562338106E+01    0.120193919198059E+00
    0.150172000000000E+04    0.525793328996156E+01    0.120188819786566E+00
    0.150798000000000E+04    0.455483179797739E+00    0.120716303938507E+00
    0.150800000000000E+04    0.480311941080117E+00    0.120720142786096E+00
    0.151426000000000E+04    0.196582288159811E+01    0.120017469904838E+00
    0.151428000000000E+04    0.199062350298846E+01    0.120016617910954E+00
    0.152054000000000E+04    0.347272535176739E+01    0.120530706237510E+00
    0.152056000000000E+04    0.349754665649175E+01    0.120532480403991E+00
    0.152682000000000E+04    0.498297686667161E+01    0.120047330110523E+00
    0.152684000000000E+04    0.500777874919390E+01    0.120043408027405E+00
    0.153310000000000E+04    0.206441796247418E+00    0.120831042365915E+00
    0.153312000000000E+04    0.231275115498647E+00    0.120832979486591E+00
    0.153940000000000E+04    0.174036885925716E+01    0.119960275428643E+00
    0.153942000000000E+04    0.176516725170450E+01    0.119961171974088E+00
    0.154568000000000E+04    0.324846902450849E+01    0.120597064304944E+00
    0.154570000000000E+04    0.327329291685624E+01    0.120597566462821E+00
    0.155196000000000E+04    0.475750092158773E+01    0.119965008746289E+00
    0.155198000000000E+04    0.478229952825427E+01    0.119962832198163E+00
    0.155824000000000E+04    0.626557702432547E+01    0.120863907013700E+00
    0.155826000000000E+04    0.722609313743305E-02    0.120863535810396E+00
    0.156452000000000E+04    0.149005217001991E+01    0.119980854978244E+00
    0.156454000000000E+04    0.151485144019739E+01    0.119983588131089E+00
    0.157080000000000E+04    0.299943105744205E+01    0.120586130169932E+00
    0.157082000000000E+04    0.302425448549820E+01    0.120585279232668E+00
    0.157708000000000E+04    0.450719305041162E+01    0.119967773308648E+00
    0.157710000000000E+04    0.453199176093608E+01    0.119967438743550E+00
    0.158338000000000E+04    0.604150525477485E+01    0.120806127529791E+00
    0.158340000000000E+04    0.606633746784405E+01    0.120803509926292E+00
    0.158966000000000E+04    0.126462241401669E+01    0.120084912647713E+00
    0.158968000000000E+04    0.128942587871506E+01    0.120089246008637E+00
    0.159594000000000E+04    0.277514234887644E+01    0.120504435481174E+00
    0.159596000000000E+04    0.279996242737229E+01    0.120502425210448E+00
    0.160222000000000E+04    0.428178439182125E+01    0.120046062300889E+00
    0.160224000000000E+04    0.430658626178797E+01    0.120047373084514E+00
    0.160850000000000E+04    0.579242490493175E+01    0.120671890055084E+00
    0.160852000000000E+04    0.581725176478108E+01    0.120667551182660E+00
    0.161478000000000E+04    0.101458791308301E+01    0.120247729579452E+00
    0.161480000000000E+04    0.103939790530558E+01    0.120253014635514E+00
    0.162108000000000E+04    0.255061941625650E+01    0.120367638530729E+00
    0.162110000000000E+04    0.257543403717750E+01    0.120365044287655E+00
    0.162736000000000E+04    0.405661435085585E+01    0.120181426097081E+00
    0.162738000000000E+04    0.408142165583195E+01    0.120183801359139E+00
    0.163364000000000E+04    0.556789714987099E+01    0.120484625756574E+00
    0.163366000000000E+04    0.559271643736406E+01    0.120479288891207E+00
    0.163992000000000E+04    0.789653318070350E+00    0.120448157715481E+00
    0.163994000000000E+04    0.814471352876126E+00    0.120453541452182E+00
    0.164620000000000E+04    0.230098421893831E+01    0.120212142568521E+00
    0.164622000000000E+04    0.232579264732999E+01    0.120209690408747E+00
    0.165248000000000E+04    0.380692794438437E+01    0.120337846401443E+00
    0.165250000000000E+04    0.383174143284668E+01    0.120340509087706E+00
    0.165878000000000E+04    0.534301836404984E+01    0.120281988762404E+00
    0.165880000000000E+04    0.536782953786587E+01    0.120276594823232E+00
    0.166506000000000E+04    0.565048307497818E+00    0.120641089849592E+00
    0.166508000000000E+04    0.589874041542771E+00    0.120645615822024E+00
    0.167134000000000E+04    0.207584364622699E+01    0.120069442380982E+00
    0.167136000000000E+04    0.210064636971629E+01    0.120067932408456E+00
    0.167762000000000E+04    0.358232395393179E+01    0.120480504899196E+00
    0.167764000000000E+04    0.360714321681689E+01    0.120482704449626E+00
    0.168390000000000E+04    0.509301705736516E+01    0.120109953696156E+00
    0.168392000000000E+04    0.511782137553246E+01    0.120105394003293E+00
    0.169018000000000E+04    0.315905582088362E+00    0.120785788874098E+00
    0.169020000000000E+04    0.340737086317858E+00    0.120788699212280E+00
    0.169648000000000E+04    0.185044829069057E+01    0.119977450028056E+00
    0.169650000000000E+04    0.187524735106854E+01    0.119977501442919E+00
    0.170276000000000E+04    0.335796471651065E+01    0.120575712762113E+00
    0.170278000000000E+04    0.338278774429227E+01    0.120576841228691E+00
    0.170904000000000E+04    0.486757474927799E+01    0.119991844710094E+00
    0.170906000000000E+04    0.489237438101463E+01    0.119988814424409E+00
    0.171532000000000E+04    0.917819055662221E-01    0.120859906202832E+00
    0.171534000000000E+04    0.116616330374654E+00    0.120860618221950E+00
    0.172160000000000E+04    0.160012371935863E+01    0.119960831139696E+00
    0.172162000000000E+04    0.162492213710266E+01    0.119962703091797E+00
    0.172788000000000E+04    0.310888719963896E+01    0.120599507835349E+00
    0.172790000000000E+04    0.313371115987502E+01    0.120599278532614E+00
    0.173416000000000E+04    0.461722971843665E+01    0.119955799197117E+00
    0.173418000000000E+04    0.464202793278400E+01    0.119954596999192E+00
    0.174046000000000E+04    0.615088156358934E+01    0.120842956523029E+00
    0.174048000000000E+04    0.617571526418669E+01    0.120841339648331E+00
    0.174674000000000E+04    0.137456979113085E+01    0.120026895728878E+00
    0.174676000000000E+04    0.139937076095384E+01    0.120030540454371E+00
    0.175302000000000E+04    0.288457452404555E+01    0.120549071017335E+00
    0.175304000000000E+04    0.290939646035167E+01    0.120547551901416E+00
    0.175930000000000E+04    0.439167593097045E+01    0.119999326916524E+00
    0.175932000000000E+04    0.441647592151776E+01    0.119999931265267E+00
    0.176558000000000E+04    0.590181840711739E+01    0.120743223048224E+00
    0.176560000000000E+04    0.592664808890140E+01    0.120739619921040E+00
    0.177186000000000E+04    0.112435695344084E+01    0.120163555133936E+00
    0.177188000000000E+04    0.114916359521249E+01    0.120168491454281E+00
    0.177816000000000E+04    0.266011682328553E+01    0.120434731215377E+00
    0.177818000000000E+04    0.268493414937075E+01    0.120432325386988E+00
    0.178444000000000E+04    0.416634774460363E+01    0.120113289479984E+00
    0.178446000000000E+04    0.419115230781244E+01    0.120115261904868E+00
    0.179072000000000E+04    0.567739782209946E+01    0.120574879166140E+00
    0.179074000000000E+04    0.570222073976629E+01    0.120569889203304E+00
    0.179700000000000E+04    0.899244631272722E+00    0.120352890922978E+00
    0.179702000000000E+04    0.924058852109738E+00    0.120358346513181E+00
    0.180328000000000E+04    0.241059429488405E+01    0.120285044413215E+00
    0.180330000000000E+04    0.243540561390364E+01    0.120282426442170E+00
    0.180956000000000E+04    0.391647396138615E+01    0.120262648505726E+00
    0.180958000000000E+04    0.394128451844972E+01    0.120265266648801E+00
    0.181586000000000E+04    0.545264459670898E+01    0.120373935672343E+00
    0.181588000000000E+04    0.547745945433553E+01    0.120368445458011E+00
    0.182214000000000E+04    0.674455087460046E+00    0.120554870061531E+00
    0.182216000000000E+04    0.699277385107507E+00    0.120559904017701E+00
    0.182842000000000E+04    0.218556485184263E+01    0.120130457558387E+00
    0.182844000000000E+04    0.221037002047706E+01    0.120128423622676E+00
    0.183470000000000E+04    0.369171726176592E+01    0.120417876853357E+00
    0.183472000000000E+04    0.371653399124807E+01    0.120420379000241E+00
    0.184098000000000E+04    0.520274208468754E+01    0.120185719294258E+00
    0.184100000000000E+04    0.522754943929704E+01    0.120180670283322E+00
    0.184726000000000E+04    0.425154010879396E+00    0.120724103559925E+00
    0.184728000000000E+04    0.449983077088291E+00    0.120727864983592E+00
    0.185354000000000E+04    0.193544690506587E+01    0.120012088417614E+00
    0.185356000000000E+04    0.196024736618892E+01    0.120011315761252E+00
    0.185984000000000E+04    0.346722934367335E+01    0.120539063104311E+00
    0.185986000000000E+04    0.349205089057614E+01    0.120540748273960E+00
    0.186612000000000E+04    0.497736885697304E+01    0.120036592256085E+00
    0.186614000000000E+04    0.500217024505764E+01    0.120032787044717E+00
    0.187240000000000E+04    0.200920345516806E+00    0.120835424628835E+00
    0.187242000000000E+04    0.225753797758443E+00    0.120837193057335E+00
    0.187868000000000E+04    0.170992224838983E+01    0.119957480544694E+00
    0.187870000000000E+04    0.173472053641581E+01    0.119958476341336E+00
    0.188496000000000E+04    0.321806991819312E+01    0.120596332016403E+00
    0.188498000000000E+04    0.324289376520255E+01    0.120596752383170E+00
    0.189124000000000E+04    0.472701598311914E+01    0.119962620646761E+00
    0.189126000000000E+04    0.475181450262153E+01    0.119960541333136E+00
    0.189754000000000E+04    0.625997459585506E+01    0.120860942678799E+00
    0.189756000000000E+04    0.162354573649282E-02    0.120860387068673E+00
    0.190382000000000E+04    0.148431178887085E+01    0.119984680576872E+00
    0.190384000000000E+04    0.150911115260624E+01    0.119987544464637E+00
    0.191010000000000E+04    0.299376103338091E+01    0.120580907229712E+00
    0.191012000000000E+04    0.301858426702120E+01    0.120579972689060E+00
    0.191638000000000E+04    0.450140220806361E+01    0.119968666997985E+00
    0.191640000000000E+04    0.452620096250212E+01    0.119968472012794E+00
    0.192266000000000E+04    0.601096956039737E+01    0.120799579641145E+00
    0.192268000000000E+04    0.603580149159279E+01    0.120796864966631E+00
    0.192894000000000E+04    0.123400905204653E+01    0.120090666046800E+00
    0.192896000000000E+04    0.125881275913525E+01    0.120095076044783E+00
    0.193524000000000E+04    0.276938752106253E+01    0.120494414937614E+00
    0.193526000000000E+04    0.279420725489354E+01    0.120492346648050E+00
    0.194152000000000E+04    0.427596534247959E+01    0.120053409781633E+00
    0.194154000000000E+04    0.430076744906955E+01    0.120054831370994E+00
    0.194780000000000E+04    0.578663416554946E+01    0.120657456567452E+00
    0.194782000000000E+04    0.581146039013493E+01    0.120653004095544E+00
    0.195408000000000E+04    0.100871119621297E+01    0.120260436836601E+00
    0.195410000000000E+04    0.103352171598726E+01    0.120265763777596E+00
    0.196036000000000E+04    0.251993665940927E+01    0.120356887801066E+00
    0.196038000000000E+04    0.254475085668309E+01    0.120354271212359E+00
    0.196664000000000E+04    0.402588978486801E+01    0.120188679110397E+00
    0.196666000000000E+04    0.405069738104976E+01    0.120191084319013E+00
    0.197294000000000E+04    0.556198067757532E+01    0.120466750338962E+00
    0.197296000000000E+04    0.558679925079741E+01    0.120461365673310E+00
    0.197922000000000E+04    0.783709472286773E+00    0.120461781844784E+00
    0.197924000000000E+04    0.808528040625788E+00    0.120467123239009E+00
