    0.000000000000000E+00    0.190000000000000E+01    0.130000000000000E+00
    0.200000000000000E-01    0.192519998916878E+01    0.129999465107937E+00
    0.630000000000000E+01    0.355771789723125E+01    0.130545301896179E+00
    0.632000000000000E+01    0.358293973248686E+01    0.130547373865749E+00
    0.125800000000000E+02    0.519486340383030E+01    0.130180856691109E+00
    0.126000000000000E+02    0.522007063810665E+01    0.130175876778361E+00
    0.188600000000000E+02    0.542592464623290E+00    0.130698238403307E+00
    0.188800000000000E+02    0.567820482052284E+00    0.130702688618700E+00
    0.251400000000000E+02    0.217994526157602E+01    0.130147130270616E+00
    0.251600000000000E+02    0.220515101415230E+01    0.130145092154024E+00
    0.314200000000000E+02    0.381146541928456E+01    0.130366872020692E+00
    0.314400000000000E+02    0.383668012793187E+01    0.130369532273774E+00
    0.377000000000000E+02    0.544926361396649E+01    0.130421157922659E+00
    0.377200000000000E+02    0.547448045322235E+01    0.130415689328431E+00
    0.440000000000000E+02    0.821605734406134E+00    0.130460613600499E+00
    0.440200000000000E+02    0.846824254773068E+00    0.130466011670084E+00
    0.502800000000000E+02    0.245941441056455E+01    0.130339166309849E+00
    0.503000000000000E+02    0.248462789238151E+01    0.130336535319006E+00
    0.565600000000000E+02    0.409086344335353E+01    0.130170859254697E+00
    0.565800000000000E+02    0.411607032830572E+01    0.130173104892517E+00
    0.628400000000000E+02    0.572834320565455E+01    0.130663872629052E+00
    0.628600000000000E+02    0.575356967559286E+01    0.130659145585790E+00
    0.691200000000000E+02    0.107590120410512E+01    0.130214854621960E+00
    0.691400000000000E+02    0.110110989495185E+01    0.130219983641700E+00
    0.754000000000000E+02    0.271318786678442E+01    0.130523310220525E+00
    0.754200000000000E+02    0.273840875441188E+01    0.130521114633294E+00
    0.817000000000000E+02    0.437071814226921E+01    0.130014933925223E+00
    0.817200000000000E+02    0.439591870769132E+01    0.130015792581458E+00
    0.879800000000000E+02    0.600694773411242E+01    0.130847425947963E+00
    0.880000000000000E+02    0.603218157484956E+01    0.130844537489984E+00
    0.942600000000000E+02    0.135583762615944E+01    0.130032047780834E+00
    0.942800000000000E+02    0.138103897686617E+01    0.130035803364364E+00
    0.100540000000000E+03    0.299178795560300E+01    0.130636412649970E+00
    0.100560000000000E+03    0.301701333384094E+01    0.130635464183497E+00
    0.106820000000000E+03    0.462561990718149E+01    0.129949463954083E+00
    0.106840000000000E+03    0.465081786397730E+01    0.129948254601292E+00
    0.113100000000000E+03    0.626001503685367E+01    0.130924500342063E+00
    0.113120000000000E+03    0.206673805820401E-02    0.130924184489143E+00
    0.119400000000000E+03    0.163604544081628E+01    0.129953697395169E+00
    0.119420000000000E+03    0.166124359530096E+01    0.129955427740378E+00
    0.125680000000000E+03    0.327026558777206E+01    0.130647699966034E+00
    0.125700000000000E+03    0.329549148652191E+01    0.130648328086717E+00
    0.131960000000000E+03    0.490585383472197E+01    0.130001892912999E+00
    0.131980000000000E+03    0.493105383115412E+01    0.129998570805449E+00
    0.138240000000000E+03    0.255116269968653E+00    0.130874793050317E+00
    0.138260000000000E+03    0.280351319790839E+00    0.130877076810073E+00
    0.144520000000000E+03    0.189097583099004E+01    0.129991716263166E+00
    0.144540000000000E+03    0.191617546443641E+01    0.129991322338222E+00
    0.150800000000000E+03    0.352355325475855E+01    0.130551682514185E+00
    0.150820000000000E+03    0.354877533292770E+01    0.130553689205758E+00
    0.157080000000000E+03    0.516060548023233E+01    0.130168851274092E+00
    0.157100000000000E+03    0.518581216304878E+01    0.130163932935079E+00
    0.163380000000000E+03    0.533586212983266E+00    0.130711283249276E+00
    0.163400000000000E+03    0.558814752268660E+00    0.130715617573870E+00
    0.169660000000000E+03    0.217084925631025E+01    0.130132144913455E+00
    0.169680000000000E+03    0.219605447894978E+01    0.130130180338452E+00
    0.175940000000000E+03    0.380239952365579E+01    0.130379847960124E+00
    0.175960000000000E+03    0.382761476941471E+01    0.130382505970987E+00
    0.182220000000000E+03    0.544017541713163E+01    0.130402755749268E+00
    0.182240000000000E+03    0.546539142228912E+01    0.130397274082292E+00
    0.188500000000000E+03    0.787279104367201E+00    0.130472407526815E+00
    0.188520000000000E+03    0.812498117718889E+00    0.130477801236724E+00
    0.194780000000000E+03    0.242507759847010E+01    0.130326464894163E+00
    0.194800000000000E+03    0.245029057094538E+01    0.130323829057982E+00
    0.201080000000000E+03    0.408171131915009E+01    0.130183545718463E+00
    0.201100000000000E+03    0.410691870835257E+01    0.130185856819907E+00
    0.207360000000000E+03    0.571922919977226E+01    0.130646033762884E+00
    0.207380000000000E+03    0.574445495245834E+01    0.130641207538475E+00
    0.213640000000000E+03    0.106670108986708E+01    0.130229568414666E+00
    0.213660000000000E+03    0.109191034619812E+01    0.130234747823600E+00
    0.219920000000000E+03    0.270403715411106E+01    0.130510598115278E+00
    0.219940000000000E+03    0.272925751640270E+01    0.130508346562723E+00
    0.226200000000000E+03    0.433625168136575E+01    0.130020494651142E+00
    0.226220000000000E+03    0.436145252597970E+01    0.130021441734067E+00
    0.232480000000000E+03    0.597256842211857E+01    0.130839354258218E+00
    0.232500000000000E+03    0.599780194995878E+01    0.130836350363295E+00
    0.238780000000000E+03    0.134656081002640E+01    0.130042018091759E+00
    0.238800000000000E+03    0.137176256632989E+01    0.130045900005310E+00
    0.245060000000000E+03    0.298261486978578E+01    0.130630286998844E+00
    0.245080000000000E+03    0.300784004150154E+01    0.130629237614732E+00
    0.251340000000000E+03    0.461633888502672E+01    0.129949632879658E+00
    0.251360000000000E+03    0.464153688532338E+01    0.129948579745968E+00
    0.257620000000000E+03    0.625085606649947E+01    0.130923945789951E+00
    0.257640000000000E+03    0.627609303593249E+01    0.130923438025339E+00
    0.263900000000000E+03    0.160150086528182E+01    0.129952864522986E+00
    0.263920000000000E+03    0.162669896864696E+01    0.129954710217094E+00
    0.270180000000000E+03    0.323581166106567E+01    0.130649472043670E+00
    0.270200000000000E+03    0.326103762083443E+01    0.130650009415779E+00
    0.276480000000000E+03    0.489649498342101E+01    0.129993432006186E+00
    0.276500000000000E+03    0.492169467322259E+01    0.129990254606892E+00
    0.282760000000000E+03    0.245894470972132E+00    0.130882616690548E+00
    0.282780000000000E+03    0.271129830311338E+00    0.130884716108155E+00
    0.289040000000000E+03    0.188163024855965E+01    0.129986397985318E+00
    0.289060000000000E+03    0.190682963802550E+01    0.129986147509747E+00
    0.295320000000000E+03    0.351429378882142E+01    0.130560211768483E+00
    0.295340000000000E+03    0.353951622723480E+01    0.130562142589357E+00
    0.301600000000000E+03    0.515126403700191E+01    0.130153056864912E+00
    0.301620000000000E+03    0.517647018825022E+01    0.130148221113379E+00
    0.307880000000000E+03    0.499080564683936E+00    0.130720842827054E+00
    0.307900000000000E+03    0.524309412235311E+00    0.130725065778232E+00
    0.314160000000000E+03    0.213625341696559E+01    0.130119772691985E+00
    0.314180000000000E+03    0.216145812173431E+01    0.130117863145830E+00
    0.320460000000000E+03    0.379301953572582E+01    0.130391257660349E+00
    0.320480000000000E+03    0.381823523716753E+01    0.130393903891159E+00
    0.326740000000000E+03    0.543075791180291E+01    0.130380914506424E+00
    0.326760000000000E+03    0.545597320063979E+01    0.130375432934480E+00
    0.333020000000000E+03    0.777871714967432E+00    0.130488869724167E+00
    0.333040000000000E+03    0.803091363936346E+00    0.130494217641275E+00
    0.339300000000000E+03    0.241563644730599E+01    0.130310764845933E+00
    0.339320000000000E+03    0.244084878370057E+01    0.130308144043131E+00
    0.345580000000000E+03    0.404700071347082E+01    0.130191837478702E+00
    0.345600000000000E+03    0.407220844458908E+01    0.130194190832461E+00
    0.351860000000000E+03    0.568453693171693E+01    0.130632416853356E+00
    0.351880000000000E+03    0.570976214858757E+01    0.130627533298747E+00
    0.358160000000000E+03    0.105715355466810E+01    0.130245635221569E+00
    0.358180000000000E+03    0.108236341873283E+01    0.130250866606728E+00
    0.364440000000000E+03    0.269452346919411E+01    0.130497051770001E+00
    0.364460000000000E+03    0.271974330262520E+01    0.130494751598320E+00
    0.370720000000000E+03    0.432663375795045E+01    0.130027816109147E+00
    0.370740000000000E+03    0.435183482261277E+01    0.130028892854098E+00
    0.377000000000000E+03    0.596302394446678E+01    0.130826124227271E+00
    0.377020000000000E+03    0.598825694246631E+01    0.130822957802407E+00
    0.383280000000000E+03    0.131166650015035E+01    0.130046897003279E+00
    0.383300000000000E+03    0.133686844010413E+01    0.130050874859025E+00
    0.389560000000000E+03    0.294781422809933E+01    0.130625291399084E+00
    0.389580000000000E+03    0.297303928146039E+01    0.130624197351744E+00
    0.395860000000000E+03    0.460663668964702E+01    0.129950006424624E+00
    0.395880000000000E+03    0.463183468163493E+01    0.129949112916896E+00
    0.402140000000000E+03    0.624128822715642E+01    0.130921183163185E+00
    0.402160000000000E+03    0.626652510023007E+01    0.130920471986265E+00
    0.408420000000000E+03    0.159178222230696E+01    0.129955156101926E+00
    0.408440000000000E+03    0.161698042379930E+01    0.129957160652420E+00
    0.414700000000000E+03    0.322621826875854E+01    0.130650645910919E+00
    0.414720000000000E+03    0.325144432575189E+01    0.130651095358127E+00
    0.420980000000000E+03    0.486159094798393E+01    0.129989893505357E+00
    0.421000000000000E+03    0.488679046463756E+01    0.129986825808111E+00
    0.427260000000000E+03    0.211092308515731E+00    0.130888953926955E+00
    0.427280000000000E+03    0.236327932573204E+00    0.130890929136768E+00
    0.433540000000000E+03    0.184673881556841E+01    0.129981217440744E+00
    0.433560000000000E+03    0.187193796403164E+01    0.129981064549343E+00
    0.439840000000000E+03    0.350471709158660E+01    0.130571005527139E+00
    0.439860000000000E+03    0.352993997854685E+01    0.130572870523093E+00
    0.446120000000000E+03    0.514161578727726E+01    0.130139974535746E+00
    0.446140000000000E+03    0.516682128949776E+01    0.130135221506172E+00
    0.452400000000000E+03    0.489550432646752E+00    0.130738313901811E+00
    0.452420000000000E+03    0.514780053748382E+00    0.130742438865720E+00
    0.458680000000000E+03    0.212668663084526E+01    0.130110609829626E+00
    0.458700000000000E+03    0.215189100851478E+01    0.130108794313292E+00
    0.464960000000000E+03    0.375833752718302E+01    0.130405969989874E+00
    0.464980000000000E+03    0.378355376047625E+01    0.130408591979677E+00
    0.471240000000000E+03    0.539607160307514E+01    0.130372172847634E+00
    0.471260000000000E+03    0.542128640666272E+01    0.130366700317625E+00
    0.477540000000000E+03    0.768438340413354E+00    0.130510067744125E+00
    0.477560000000000E+03    0.793658846134804E+00    0.130515381179966E+00
    0.483820000000000E+03    0.240624866560438E+01    0.130300172067995E+00
    0.483840000000000E+03    0.243146060505353E+01    0.130297574425686E+00
    0.490100000000000E+03    0.403764951694302E+01    0.130209438703283E+00
    0.490120000000000E+03    0.406285792117774E+01    0.130211849442837E+00
    0.496380000000000E+03    0.567529083670752E+01    0.130617491168467E+00
    0.496400000000000E+03    0.570051559953208E+01    0.130612520896774E+00
    0.502660000000000E+03    0.102271815854067E+01    0.130261315506245E+00
    0.502680000000000E+03    0.104792869938365E+01    0.130266594790100E+00
    0.508940000000000E+03    0.266019761514644E+01    0.130492418152209E+00
    0.508960000000000E+03    0.268541723270550E+01    0.130490061468214E+00
    0.515240000000000E+03    0.431749802013621E+01    0.130040901463583E+00
    0.515260000000000E+03    0.434269968784372E+01    0.130042100283246E+00
    0.521520000000000E+03    0.595407084107717E+01    0.130819940228049E+00
    0.521540000000000E+03    0.597930357712426E+01    0.130816615629075E+00
    0.527800000000000E+03    0.130266223399212E+01    0.130063359749827E+00
    0.527820000000000E+03    0.132786484370354E+01    0.130067456649054E+00
    0.534080000000000E+03    0.293894770578436E+01    0.130622937375422E+00
    0.534100000000000E+03    0.296417258839108E+01    0.130621704477674E+00
    0.540360000000000E+03    0.457248972777165E+01    0.129955416010067E+00
    0.540380000000000E+03    0.459768794556680E+01    0.129954630129660E+00
    0.546640000000000E+03    0.620725167807825E+01    0.130921227810742E+00
    0.546660000000000E+03    0.623248851741187E+01    0.130920391703383E+00
    0.552940000000000E+03    0.158286330387477E+01    0.129960025622260E+00
    0.552960000000000E+03    0.160806173785841E+01    0.129962182701147E+00
    0.559220000000000E+03    0.321744959058015E+01    0.130654443246798E+00
    0.559240000000000E+03    0.324267580366291E+01    0.130654791325535E+00
    0.565500000000000E+03    0.485273424266506E+01    0.129984542105233E+00
    0.565520000000000E+03    0.487793358341060E+01    0.129981616008248E+00
    0.571780000000000E+03    0.202368068153078E+00    0.130895934045647E+00
    0.571800000000000E+03    0.227603943648774E+00    0.130897727158468E+00
    0.578060000000000E+03    0.183789773262401E+01    0.129976248873164E+00
    0.578080000000000E+03    0.186309677170425E+01    0.129976240660705E+00
    0.584340000000000E+03    0.347077590904337E+01    0.130579292338978E+00
    0.584360000000000E+03    0.349599912744441E+01    0.130581082642488E+00
    0.590620000000000E+03    0.510761233799190E+01    0.130130818714121E+00
    0.590640000000000E+03    0.513281747680946E+01    0.130126139735229E+00
    0.596920000000000E+03    0.480845432711817E+00    0.130752391428935E+00
    0.596940000000000E+03    0.506075615025679E+00    0.130756384810525E+00
    0.603200000000000E+03    0.211790089745841E+01    0.130099477611018E+00
    0.603220000000000E+03    0.214310483448708E+01    0.130097759813313E+00
    0.609480000000000E+03    0.374960487075464E+01    0.130418907875331E+00
    0.609500000000000E+03    0.377482164815660E+01    0.130421510119357E+00
    0.615760000000000E+03    0.538731729522692E+01    0.130354824295022E+00
    0.615780000000000E+03    0.541253141392906E+01    0.130349358759733E+00
    0.622040000000000E+03    0.734485127287940E+00    0.130522575785922E+00
    0.622060000000000E+03    0.759706137716080E+00    0.130527861828917E+00
    0.628320000000000E+03    0.237227634988130E+01    0.130288496756839E+00
    0.628340000000000E+03    0.239748781952085E+01    0.130285904020477E+00
    0.634620000000000E+03    0.402886615173338E+01    0.130222070911123E+00
    0.634640000000000E+03    0.405407510433406E+01    0.130224542614795E+00
    0.640900000000000E+03    0.566653748679084E+01    0.130601910549468E+00
    0.640920000000000E+03    0.569176147862095E+01    0.130596856392728E+00
    0.647180000000000E+03    0.101388028327744E+01    0.130277266584855E+00
    0.647200000000000E+03    0.103909143473174E+01    0.130282581792294E+00
    0.653460000000000E+03    0.265139967990058E+01    0.130479672124446E+00
    0.653480000000000E+03    0.267661881771301E+01    0.130477266944406E+00
    0.659740000000000E+03    0.428341829691874E+01    0.130048520925150E+00
    0.659760000000000E+03    0.430862020116751E+01    0.130049799726149E+00
    0.666020000000000E+03    0.592003904101773E+01    0.130810527880590E+00
    0.666040000000000E+03    0.594527141011667E+01    0.130807103516267E+00
    0.672320000000000E+03    0.129373676972875E+01    0.130073622469338E+00
    0.672340000000000E+03    0.131893978848984E+01    0.130077829790900E+00
    0.678600000000000E+03    0.293012444573628E+01    0.130615960640958E+00
    0.678620000000000E+03    0.295534905541695E+01    0.130614625747455E+00
    0.684880000000000E+03    0.456353010939461E+01    0.129956730779957E+00
    0.684900000000000E+03    0.458872832361624E+01    0.129956103670198E+00
    0.691160000000000E+03    0.619841958194490E+01    0.130918119763398E+00
    0.691180000000000E+03    0.622365628920591E+01    0.130917090524646E+00
    0.697440000000000E+03    0.154869186975986E+01    0.129961504730920E+00
    0.697460000000000E+03    0.157389037325174E+01    0.129963775800563E+00
    0.703720000000000E+03    0.318336796466974E+01    0.130655825011710E+00
    0.703740000000000E+03    0.320859420565114E+01    0.130656056872909E+00
    0.710000000000000E+03    0.481854667027596E+01    0.129978980536861E+00
    0.710020000000000E+03    0.484374577768006E+01    0.129976166663272E+00
    0.716300000000000E+03    0.193507510735685E+00    0.130900915019506E+00
    0.716320000000000E+03    0.218743638067849E+00    0.130902514605730E+00
    0.722580000000000E+03    0.182890290722548E+01    0.129970846390214E+00
    0.722600000000000E+03    0.185410173778814E+01    0.129970983512895E+00
    0.728860000000000E+03    0.346188321888121E+01    0.130587217753920E+00
    0.728880000000000E+03    0.348710673691687E+01    0.130588913506352E+00
    0.735140000000000E+03    0.509861742471946E+01    0.130116135007244E+00
    0.735160000000000E+03    0.512382198044872E+01    0.130111551498177E+00
    0.741420000000000E+03    0.446703477803112E+00    0.130761011257054E+00
    0.741440000000000E+03    0.471933995385257E+00    0.130764918312390E+00
    0.747700000000000E+03    0.208369026710466E+01    0.130089509345915E+00
    0.747720000000000E+03    0.210889379215882E+01    0.130087863391000E+00
    0.754000000000000E+03    0.374064249555988E+01    0.130430700153835E+00
    0.754020000000000E+03    0.376585976398724E+01    0.130433278965140E+00
    0.760280000000000E+03    0.537832341693195E+01    0.130335495031465E+00
    0.760300000000000E+03    0.540353685179969E+01    0.130330045908159E+00
    0.766560000000000E+03    0.725522868114467E+00    0.130539730780057E+00
    0.766580000000000E+03    0.750744545068983E+00    0.130544952698738E+00
    0.772840000000000E+03    0.236327845431492E+01    0.130274020247269E+00
    0.772860000000000E+03    0.238848932870428E+01    0.130271458838877E+00
    0.779120000000000E+03    0.399463502447725E+01    0.130232159084548E+00
    0.779140000000000E+03    0.401984437029353E+01    0.130234652647844E+00
    0.785400000000000E+03    0.563231683972197E+01    0.130588698434622E+00
    0.785420000000000E+03    0.565754030349444E+01    0.130583600479555E+00
    0.791700000000000E+03    0.100482538107224E+01    0.130293452335897E+00
    0.791720000000000E+03    0.103003719408639E+01    0.130298802843111E+00
    0.797980000000000E+03    0.264238277420156E+01    0.130466505038345E+00
    0.798000000000000E+03    0.266760137375081E+01    0.130464058272801E+00
    0.804260000000000E+03    0.427431600602608E+01    0.130057209574163E+00
    0.804280000000000E+03    0.429951826291665E+01    0.130058604002918E+00
    0.810540000000000E+03    0.591102657057752E+01    0.130797404469119E+00
    0.810560000000000E+03    0.593625841157041E+01    0.130793827426983E+00
    0.816820000000000E+03    0.125939976258064E+01    0.130080625690609E+00
    0.816840000000000E+03    0.128460306608122E+01    0.130084921716040E+00
    0.823100000000000E+03    0.289585019617630E+01    0.130609362568613E+00
    0.823120000000000E+03    0.292107451000652E+01    0.130607948025660E+00
    0.829400000000000E+03    0.455434139810291E+01    0.129957352669665E+00
    0.829420000000000E+03    0.457953968463403E+01    0.129956876182797E+00
    0.835680000000000E+03    0.618938158958031E+01    0.130913253594381E+00
    0.835700000000000E+03    0.621461810119422E+01    0.130912031389885E+00
    0.841960000000000E+03    0.153950153361461E+01    0.129965166794689E+00
    0.841980000000000E+03    0.156470017385936E+01    0.129967589149713E+00
    0.848240000000000E+03    0.317428694331056E+01    0.130655142948575E+00
    0.848260000000000E+03    0.319951313870388E+01    0.130655262217623E+00
    0.854520000000000E+03    0.480932394954357E+01    0.129972430787543E+00
    0.854540000000000E+03    0.483452282028497E+01    0.129969762255191E+00
    0.860800000000000E+03    0.159185869868679E+00    0.130904594616409E+00
    0.860820000000000E+03    0.184422123935065E+00    0.130906072583148E+00
    0.867080000000000E+03    0.179446491158842E+01    0.129967172116914E+00
    0.867100000000000E+03    0.181966348928518E+01    0.129967418019924E+00
    0.873380000000000E+03    0.345271506200174E+01    0.130592484972648E+00
    0.873400000000000E+03    0.347793879066126E+01    0.130594099315200E+00
    0.879660000000000E+03    0.508932319441624E+01    0.130099929920707E+00
    0.879680000000000E+03    0.511452710164190E+01    0.130095445409519E+00
    0.885940000000000E+03    0.437473992389641E+00    0.130772402340783E+00
    0.885960000000000E+03    0.462704972405163E+00    0.130776168790511E+00
    0.892220000000000E+03    0.207433462091853E+01    0.130075761346441E+00
    0.892240000000000E+03    0.209953759018686E+01    0.130074218909068E+00
    0.898500000000000E+03    0.370610951209801E+01    0.130439404169556E+00
    0.898520000000000E+03    0.373132711654580E+01    0.130441948352849E+00
    0.904780000000000E+03    0.534371979088155E+01    0.130320884671096E+00
    0.904800000000000E+03    0.536893254350912E+01    0.130315458179418E+00
    0.911080000000000E+03    0.716125651175844E+00    0.130555283879776E+00
    0.911100000000000E+03    0.741347961844895E+00    0.130560453673045E+00
    0.917360000000000E+03    0.235383564414929E+01    0.130257795275246E+00
    0.917380000000000E+03    0.237904587828689E+01    0.130255281678512E+00
    0.923640000000000E+03    0.398516613284664E+01    0.130243565487355E+00
    0.923660000000000E+03    0.401037590240162E+01    0.130246101588828E+00
    0.929920000000000E+03    0.562284121690141E+01    0.130567662852818E+00
    0.929940000000000E+03    0.564806385753536E+01    0.130562494385212E+00
    0.936200000000000E+03    0.970050579099507E+00    0.130302305957957E+00
    0.936220000000000E+03    0.995262766681662E+00    0.130307697343406E+00
    0.942480000000000E+03    0.260762533831439E+01    0.130453388774784E+00
    0.942500000000000E+03    0.263284340460041E+01    0.130450904433018E+00
    0.948780000000000E+03    0.426466696458169E+01    0.130064539438445E+00
    0.948800000000000E+03    0.428986957484335E+01    0.130066048068453E+00
    0.955060000000000E+03    0.590145436112789E+01    0.130781474844972E+00
    0.955080000000000E+03    0.592668558281866E+01    0.130777734828679E+00
    0.961340000000000E+03    0.124967913380942E+01    0.130090686061454E+00
    0.961360000000000E+03    0.127488285345066E+01    0.130095094041169E+00
    0.967620000000000E+03    0.288618582035201E+01    0.130598331721312E+00
    0.967640000000000E+03    0.291140970156721E+01    0.130596818947879E+00
    0.973900000000000E+03    0.451933678189926E+01    0.129958441815920E+00
    0.973920000000000E+03    0.454453519827257E+01    0.129958088720346E+00
    0.980180000000000E+03    0.615445081600978E+01    0.130907546804937E+00
    0.980200000000000E+03    0.617968709322054E+01    0.130906190477690E+00
    0.986480000000000E+03    0.152962537919416E+01    0.129967904678721E+00
    0.986500000000000E+03    0.155482407607929E+01    0.129970478979285E+00
    0.992760000000000E+03    0.316450334456567E+01    0.130652911881827E+00
    0.992780000000000E+03    0.318972946581789E+01    0.130652926202270E+00
    0.999040000000000E+03    0.479936681103072E+01    0.129963868945385E+00
    0.999060000000000E+03    0.482456529918727E+01    0.129961355074407E+00
    0.100532000000000E+04    0.149342110476482E+00    0.130907610790006E+00
    0.100534000000000E+04    0.174578456745621E+00    0.130908892313965E+00
    0.101160000000000E+04    0.178445283750807E+01    0.129959687905187E+00
    0.101162000000000E+04    0.180965122870157E+01    0.129960089113010E+00
    0.101788000000000E+04    0.341759166915836E+01    0.130598638530306E+00
    0.101790000000000E+04    0.344281556518013E+01    0.130600171115060E+00
    0.102416000000000E+04    0.505409534511159E+01    0.130089449959129E+00
    0.102418000000000E+04    0.507929885857629E+01    0.130085055679574E+00
    0.103046000000000E+04    0.427553553246753E+00    0.130785252086736E+00
    0.103048000000000E+04    0.452785048920987E+00    0.130788864435105E+00
    0.103674000000000E+04    0.206431287419696E+01    0.130064586332115E+00
    0.103676000000000E+04    0.208951540492535E+01    0.130063153138484E+00
    0.104302000000000E+04    0.369614257481317E+01    0.130451844877243E+00
    0.104304000000000E+04    0.372136070292186E+01    0.130454359414767E+00
    0.104930000000000E+04    0.533370775278922E+01    0.130302043439645E+00
    0.104932000000000E+04    0.535891973335401E+01    0.130296641607522E+00
    0.105558000000000E+04    0.680919295968124E+00    0.130568097540546E+00
    0.105560000000000E+04    0.706142124470034E+00    0.130573225773855E+00
    0.106186000000000E+04    0.231859384125755E+01    0.130244817408215E+00
    0.106188000000000E+04    0.234380357347914E+01    0.130242311215828E+00
    0.106816000000000E+04    0.397512483171658E+01    0.130258179445839E+00
    0.106818000000000E+04    0.400033513086919E+01    0.130260760816185E+00
    0.107444000000000E+04    0.561281643819848E+01    0.130548926011406E+00
    0.107446000000000E+04    0.563803829330095E+01    0.130543689115708E+00
    0.108072000000000E+04    0.959987303275511E+00    0.130320615998063E+00
    0.108074000000000E+04    0.985200245045235E+00    0.130326028818105E+00
    0.108700000000000E+04    0.259758290400055E+01    0.130439375119448E+00
    0.108702000000000E+04    0.262280038949712E+01    0.130436853287805E+00
    0.109328000000000E+04    0.422933759896137E+01    0.130073391039304E+00
    0.109330000000000E+04    0.425454058622563E+01    0.130074982335756E+00
    0.109956000000000E+04    0.586619088146426E+01    0.130771261765391E+00
    0.109958000000000E+04    0.589142166985562E+01    0.130767430766416E+00
    0.110586000000000E+04    0.123954096839111E+01    0.130104616998106E+00
    0.110588000000000E+04    0.126474522217381E+01    0.130109128426557E+00
    0.111214000000000E+04    0.287614890001896E+01    0.130590521238759E+00
    0.111216000000000E+04    0.290137248760766E+01    0.130588932026932E+00
    0.111842000000000E+04    0.450917881588725E+01    0.129962079784341E+00
    0.111844000000000E+04    0.453437727585469E+01    0.129961877444280E+00
    0.112470000000000E+04    0.614440719005529E+01    0.130901384429168E+00
    0.112472000000000E+04    0.616964321561022E+01    0.130899827565986E+00
    0.113098000000000E+04    0.149423253157420E+01    0.129969878305732E+00
    0.113100000000000E+04    0.151943137978037E+01    0.129972576055393E+00
    0.113726000000000E+04    0.312921646893915E+01    0.130652285144160E+00
    0.113728000000000E+04    0.315444253187525E+01    0.130652183662560E+00
    0.114354000000000E+04    0.476396310553719E+01    0.129960136670919E+00
    0.114356000000000E+04    0.478916147945188E+01    0.129957748920522E+00
    0.114984000000000E+04    0.139279080757888E+00    0.130911370019137E+00
    0.114986000000000E+04    0.164515557465393E+00    0.130912448548436E+00
    0.115612000000000E+04    0.177424064700949E+01    0.129956146859485E+00
    0.115614000000000E+04    0.179943888298362E+01    0.129956709555338E+00
    0.116240000000000E+04    0.340748802246185E+01    0.130604851299565E+00
    0.116242000000000E+04    0.343271223280431E+01    0.130606282881328E+00
    0.116868000000000E+04    0.504390023913220E+01    0.130076418536258E+00
    0.116870000000000E+04    0.506910331508038E+01    0.130072137969093E+00
    0.117496000000000E+04    0.392233120223864E+00    0.130794335992249E+00
    0.117498000000000E+04    0.417464985455808E+00    0.130797844591829E+00
    0.118124000000000E+04    0.202889701963272E+01    0.130055800593301E+00
    0.118126000000000E+04    0.205409908831280E+01    0.130054450067434E+00
    0.118754000000000E+04    0.368596234583674E+01    0.130462526462479E+00
    0.118756000000000E+04    0.371118085715420E+01    0.130464995201488E+00
    0.119382000000000E+04    0.532343610153293E+01    0.130282046536147E+00
    0.119384000000000E+04    0.534864730656818E+01    0.130276680519347E+00
    0.120010000000000E+04    0.670674393479885E+00    0.130584844566242E+00
    0.120012000000000E+04    0.695897886455441E+00    0.130589895423358E+00
    0.120638000000000E+04    0.230829425675370E+01    0.130228926150596E+00
    0.120640000000000E+04    0.233350333063913E+01    0.130226471546018E+00
    0.121266000000000E+04    0.393959436713067E+01    0.130268297164572E+00
    0.121268000000000E+04    0.396480515535382E+01    0.130270892848351E+00
    0.121894000000000E+04    0.557729966454440E+01    0.130534125657307E+00
    0.121896000000000E+04    0.560252093333793E+01    0.130528853354258E+00
    0.122524000000000E+04    0.949644500404702E+00    0.130338695297441E+00
    0.122526000000000E+04    0.974858153694868E+00    0.130344125125925E+00
    0.123152000000000E+04    0.258726615635487E+01    0.130424545434678E+00
    0.123154000000000E+04    0.261248307280198E+01    0.130421993144109E+00
    0.123780000000000E+04    0.421895231992130E+01    0.130084231543590E+00
    0.123782000000000E+04    0.424415565322147E+01    0.130085931491111E+00
    0.124408000000000E+04    0.585587392650859E+01    0.130754789000464E+00
    0.124410000000000E+04    0.588110413335016E+01    0.130750802954038E+00
    0.125036000000000E+04    0.120391138350828E+01    0.130113594021734E+00
    0.125038000000000E+04    0.122911601558576E+01    0.130118191952136E+00
    0.125664000000000E+04    0.284059902263766E+01    0.130582895856142E+00
    0.125666000000000E+04    0.286582226705286E+01    0.130581209194185E+00
    0.126294000000000E+04    0.449871918485178E+01    0.129964999637105E+00
    0.126296000000000E+04    0.452391777617936E+01    0.129964953456864E+00
    0.126922000000000E+04    0.613409278210065E+01    0.130894318531675E+00
    0.126924000000000E+04    0.615932856703284E+01    0.130892559243081E+00
    0.127550000000000E+04    0.148375528801080E+01    0.129975068589731E+00
    0.127552000000000E+04    0.150895433588357E+01    0.129977922085161E+00
    0.128178000000000E+04    0.311885109882815E+01    0.130650242628102E+00
    0.128180000000000E+04    0.314407703078950E+01    0.130650028981624E+00
    0.128806000000000E+04    0.475343679257981E+01    0.129953660060005E+00
    0.128808000000000E+04    0.477863490976006E+01    0.129951435151501E+00
    0.129434000000000E+04    0.103643228620058E+00    0.130912512203918E+00
    0.129436000000000E+04    0.128879753860474E+00    0.130913449079162E+00
    0.130062000000000E+04    0.173847186802323E+01    0.129951302755053E+00
    0.130064000000000E+04    0.176366989201506E+01    0.129951987660660E+00
    0.130692000000000E+04    0.339701461635082E+01    0.130609914764334E+00
    0.130694000000000E+04    0.342223902634601E+01    0.130611246269457E+00
    0.131320000000000E+04    0.503328658136707E+01    0.130061127427144E+00
    0.131322000000000E+04    0.505848903583774E+01    0.130056968581830E+00
    0.131948000000000E+04    0.381709135213669E+00    0.130805152319416E+00
    0.131950000000000E+04    0.406941430289407E+00    0.130808494957063E+00
    0.132576000000000E+04    0.201823922957669E+01    0.130042578297291E+00
    0.132578000000000E+04    0.204344081355430E+01    0.130041351176293E+00
    0.133204000000000E+04    0.365005085668508E+01    0.130480278850232E+00
    0.133206000000000E+04    0.367526895757760E+01    0.130482771298696E+00
    0.133832000000000E+04    0.528719379850304E+01    0.130255426480618E+00
    0.133834000000000E+04    0.531240394389624E+01    0.130250103097704E+00
    0.134462000000000E+04    0.659516530311066E+00    0.130591275632042E+00
    0.134464000000000E+04    0.684740281558788E+00    0.130596237865867E+00
    0.135090000000000E+04    0.229692965178492E+01    0.130201015188683E+00
    0.135092000000000E+04    0.232213764304834E+01    0.130198617588558E+00
    0.135718000000000E+04    0.392808979387769E+01    0.130272136936309E+00
    0.135720000000000E+04    0.395330064450332E+01    0.130274767397730E+00
    0.136346000000000E+04    0.556564136750126E+01    0.130500936898044E+00
    0.136348000000000E+04    0.559086130134096E+01    0.130495606657206E+00
    0.136974000000000E+04    0.912580406078405E+00    0.130340516436359E+00
    0.136976000000000E+04    0.937794135219519E+00    0.130345967114567E+00
    0.137602000000000E+04    0.255007651043593E+01    0.130399231626942E+00
    0.137604000000000E+04    0.257529239760743E+01    0.130396653756795E+00
    0.138232000000000E+04    0.420674413434722E+01    0.130084084518434E+00
    0.138234000000000E+04    0.423194753331381E+01    0.130085896965581E+00
    0.138860000000000E+04    0.584361542650549E+01    0.130726363774479E+00
    0.138862000000000E+04    0.586884443115105E+01    0.130722223462047E+00
    0.139488000000000E+04    0.119136486432399E+01    0.130116554244966E+00
    0.139490000000000E+04    0.121656962801239E+01    0.130121263242200E+00
    0.140116000000000E+04    0.282798255568400E+01    0.130558735184691E+00
    0.140118000000000E+04    0.285320484650765E+01    0.130556947681684E+00
    0.140744000000000E+04    0.446061481215270E+01    0.129958201500460E+00
    0.140746000000000E+04    0.448581324566567E+01    0.129958301826681E+00
    0.141372000000000E+04    0.609595474258685E+01    0.130876053987043E+00
    0.141374000000000E+04    0.612118975214889E+01    0.130874136418575E+00
    0.142000000000000E+04    0.144533283577994E+01    0.129968454688246E+00
    0.142002000000000E+04    0.147053155628919E+01    0.129971446241277E+00
    0.142630000000000E+04    0.310561430464850E+01    0.130635749409267E+00
    0.142632000000000E+04    0.313083973087555E+01    0.130635406356527E+00
    0.143258000000000E+04    0.473990413097067E+01    0.129937728586155E+00
    0.143260000000000E+04    0.476510158483666E+01    0.129935689071906E+00
    0.143886000000000E+04    0.901314755110434E-01    0.130904252839669E+00
    0.143888000000000E+04    0.115367679023620E+00    0.130904949270363E+00
    0.144514000000000E+04    0.172463457406957E+01    0.129936337623624E+00
    0.144516000000000E+04    0.174983203568991E+01    0.129937210861838E+00
    0.145142000000000E+04    0.335795741580159E+01    0.130605351663246E+00
    0.145144000000000E+04    0.338318159918299E+01    0.130606570618789E+00
    0.145770000000000E+04    0.499395273350319E+01    0.130038644228700E+00
    0.145772000000000E+04    0.501915419910915E+01    0.130034608820760E+00
    0.146400000000000E+04    0.367569331073355E+00    0.130807609117139E+00
    0.146402000000000E+04    0.392801698122184E+00    0.130810753064305E+00
    0.147028000000000E+04    0.200382050698090E+01    0.130018489979753E+00
    0.147030000000000E+04    0.202902118218753E+01    0.130017423315162E+00
    0.147656000000000E+04    0.363569744345023E+01    0.130475729505696E+00
    0.147658000000000E+04    0.366091651003285E+01    0.130478086486044E+00
    0.148284000000000E+04    0.527290893394365E+01    0.130233285175046E+00
    0.148286000000000E+04    0.529811827148274E+01    0.130228019520788E+00
    0.148912000000000E+04    0.620096647392984E+00    0.130607163092824E+00
    0.148914000000000E+04    0.645321032606034E+00    0.130612053359560E+00
    0.149540000000000E+04    0.225745985984759E+01    0.130185489621307E+00
    0.149542000000000E+04    0.228266720510010E+01    0.130183135926343E+00
    0.150170000000000E+04    0.391384551025840E+01    0.130288459503139E+00
    0.150172000000000E+04    0.393905717665257E+01    0.130291132888367E+00
    0.150798000000000E+04    0.555144975769235E+01    0.130478961755920E+00
    0.150800000000000E+04    0.557666889237362E+01    0.130473556778196E+00
    0.151426000000000E+04    0.898367472689415E+00    0.130363774585014E+00
    0.151428000000000E+04    0.923582153985762E+00    0.130369231727832E+00
    0.152054000000000E+04    0.253589785498798E+01    0.130382279382739E+00
    0.152056000000000E+04    0.256111306728576E+01    0.130379671902050E+00
    0.152682000000000E+04    0.416731252966383E+01    0.130097537658417E+00
    0.152684000000000E+04    0.419251656182996E+01    0.130099452138702E+00
    0.153310000000000E+04    0.580428301723441E+01    0.130713842537098E+00
    0.153312000000000E+04    0.582951149116320E+01    0.130709595946616E+00
    0.153940000000000E+04    0.117717045001359E+01    0.130136366608437E+00
    0.153942000000000E+04    0.120237598019639E+01    0.130141180575913E+00
    0.154568000000000E+04    0.281391923114029E+01    0.130549329613747E+00
    0.154570000000000E+04    0.283914116823462E+01    0.130547462064149E+00
    0.155196000000000E+04    0.444644030238464E+01    0.129966877587261E+00
    0.155198000000000E+04    0.447163895639551E+01    0.129967148084797E+00
    0.155824000000000E+04    0.608194045974938E+01    0.130867813727407E+00
    0.155826000000000E+04    0.610717522233244E+01    0.130865653190494E+00
    0.156452000000000E+04    0.143118474006451E+01    0.129979077639344E+00
    0.156454000000000E+04    0.145638396475579E+01    0.129982250763575E+00
    0.157080000000000E+04    0.306643573055158E+01    0.130636094884939E+00
    0.157082000000000E+04    0.309166112755202E+01    0.130635609076671E+00
    0.157708000000000E+04    0.470062807365093E+01    0.129937762787819E+00
    0.157710000000000E+04    0.472582554439759E+01    0.129935881363436E+00
    0.158338000000000E+04    0.762517769326223E-01    0.130908210575602E+00
    0.158340000000000E+04    0.101488136911485E+00    0.130908656548887E+00
    0.158966000000000E+04    0.171059493519351E+01    0.129935989309303E+00
    0.158968000000000E+04    0.173579239277797E+01    0.129937059130884E+00
    0.159594000000000E+04    0.334408051025775E+01    0.130613082296892E+00
    0.159596000000000E+04    0.336930504267525E+01    0.130614174823310E+00
    0.160222000000000E+04    0.497997612581025E+01    0.130025998319253E+00
    0.160224000000000E+04    0.500517723710664E+01    0.130022120005980E+00
    0.160850000000000E+04    0.328531444481996E+00    0.130819574463110E+00
    0.160852000000000E+04    0.353764277579103E+00    0.130822561161610E+00
    0.161478000000000E+04    0.196468930527226E+01    0.130009988132607E+00
    0.161480000000000E+04    0.198988962075737E+01    0.130009031466431E+00
    0.162108000000000E+04    0.362188094969110E+01    0.130490957360808E+00
    0.162110000000000E+04    0.364710063118241E+01    0.130493249360884E+00
    0.162736000000000E+04    0.525902935609929E+01    0.130215216729616E+00
    0.162738000000000E+04    0.528423787460633E+01    0.130210013072832E+00
    0.163364000000000E+04    0.606298902809613E+00    0.130629995759397E+00
    0.163366000000000E+04    0.631524230094783E+00    0.130634767982856E+00
    0.163992000000000E+04    0.224363505996735E+01    0.130171622351356E+00
    0.163994000000000E+04    0.226884182935419E+01    0.130169350609306E+00
    0.164620000000000E+04    0.387484633438771E+01    0.130305480655830E+00
    0.164622000000000E+04    0.390005860700512E+01    0.130308139832969E+00
    0.165248000000000E+04    0.551244591627938E+01    0.130461983441983E+00
    0.165250000000000E+04    0.553766430107817E+01    0.130456569778593E+00
    0.165878000000000E+04    0.884574140620316E+00    0.130387130753501E+00
    0.165880000000000E+04    0.909789729472777E+00    0.130392579969244E+00
    0.166506000000000E+04    0.252213806980717E+01    0.130366470263112E+00
    0.166508000000000E+04    0.254735265796398E+01    0.130363848749014E+00
    0.167134000000000E+04    0.415349764002394E+01    0.130113395746866E+00
    0.167136000000000E+04    0.417870215633911E+01    0.130115404563693E+00
    0.167762000000000E+04    0.579054488880820E+01    0.130694913149134E+00
    0.167764000000000E+04    0.581577261451503E+01    0.130690516236451E+00
    0.168390000000000E+04    0.113811656203643E+01    0.130149469458843E+00
    0.168392000000000E+04    0.116332262817741E+01    0.130154374721081E+00
    0.169018000000000E+04    0.277495724680011E+01    0.130538875593871E+00
    0.169020000000000E+04    0.280017875809881E+01    0.130536899519162E+00
    0.169648000000000E+04    0.443256160340434E+01    0.129974272190200E+00
    0.169650000000000E+04    0.445776058472711E+01    0.129974716399569E+00
    0.170276000000000E+04    0.606822731100010E+01    0.130858414463720E+00
    0.170278000000000E+04    0.609346162594147E+01    0.130856043378559E+00
    0.170904000000000E+04    0.141729413803068E+01    0.129988303441175E+00
    0.170906000000000E+04    0.144249368924466E+01    0.129991644936043E+00
    0.171532000000000E+04    0.305267426463206E+01    0.130631520107596E+00
    0.171534000000000E+04    0.307789948420441E+01    0.130630910710928E+00
    0.172160000000000E+04    0.468668714505293E+01    0.129934112534711E+00
    0.172162000000000E+04    0.471188447698341E+01    0.129932425448549E+00
    0.172788000000000E+04    0.372394815854022E-01    0.130908523095258E+00
    0.172790000000000E+04    0.624758307717457E-01    0.130908798739181E+00
    0.173416000000000E+04    0.167143701375380E+01    0.129933682940506E+00
    0.173418000000000E+04    0.169663436706196E+01    0.129934904335102E+00
    0.174046000000000E+04    0.333026064820433E+01    0.130618386983726E+00
    0.174048000000000E+04    0.335548538937246E+01    0.130619356047982E+00
    0.174674000000000E+04    0.496600425253610E+01    0.130012552605285E+00
    0.174676000000000E+04    0.499120476270036E+01    0.130008824839341E+00
    0.175302000000000E+04    0.314689026967699E+00    0.130831400015545E+00
    0.175304000000000E+04    0.339922365951224E+00    0.130834188423066E+00
    0.175930000000000E+04    0.195069130328466E+01    0.129999475853337E+00
    0.175932000000000E+04    0.197589114053199E+01    0.129998679832911E+00
    0.176558000000000E+04    0.358274674817903E+01    0.130501377813951E+00
    0.176560000000000E+04    0.360796683900344E+01    0.130503594271210E+00
    0.177186000000000E+04    0.521980041575625E+01    0.130197258446798E+00
    0.177188000000000E+04    0.524500822364098E+01    0.130192122126221E+00
    0.177816000000000E+04    0.592285304478992E+00    0.130646509909965E+00
    0.177818000000000E+04    0.617511079214637E+00    0.130651112248907E+00
    0.178444000000000E+04    0.222948228651421E+01    0.130149884712383E+00
    0.178446000000000E+04    0.225468823774236E+01    0.130147695479018E+00
    0.179072000000000E+04    0.386067644233935E+01    0.130318893196792E+00
    0.179074000000000E+04    0.388588920272332E+01    0.130321565497455E+00
    0.179700000000000E+04    0.549822043344784E+01    0.130434610786942E+00
    0.179702000000000E+04    0.552343774895371E+01    0.130429164616010E+00
    0.180328000000000E+04    0.845074318051957E+00    0.130400397855902E+00
    0.180330000000000E+04    0.870290441191173E+00    0.130405850084882E+00
    0.180956000000000E+04    0.248261621889469E+01    0.130348006024241E+00
    0.180958000000000E+04    0.250783007091286E+01    0.130345369738971E+00
    0.181586000000000E+04    0.413908751203780E+01    0.130125386539196E+00
    0.181588000000000E+04    0.416429256826586E+01    0.130127500252442E+00
    0.182214000000000E+04    0.577619324422767E+01    0.130672033423902E+00
    0.182216000000000E+04    0.580142009022347E+01    0.130667483433214E+00
    0.182842000000000E+04    0.112361622505978E+01    0.130165524452170E+00
    0.182844000000000E+04    0.114882295390817E+01    0.130170523912714E+00
    0.183470000000000E+04    0.276050211029315E+01    0.130522436013906E+00
    0.183472000000000E+04    0.278572291564888E+01    0.130520372128847E+00
    0.184098000000000E+04    0.439272363204918E+01    0.129978240179972E+00
    0.184100000000000E+04    0.441792277415016E+01    0.129978821118972E+00
    0.184726000000000E+04    0.602847826670495E+01    0.130844946270580E+00
    0.184728000000000E+04    0.605371217113861E+01    0.130842409786371E+00
    0.185354000000000E+04    0.137739461282808E+01    0.129992451733557E+00
    0.185356000000000E+04    0.140259435744110E+01    0.129995939789356E+00
    0.185984000000000E+04    0.303807664030910E+01    0.130623374805830E+00
    0.185986000000000E+04    0.306330153472709E+01    0.130622628277440E+00
    0.186612000000000E+04    0.467188200759256E+01    0.129928620742468E+00
    0.186614000000000E+04    0.469707913586717E+01    0.129927135757818E+00
    0.187240000000000E+04    0.225780377891169E-01    0.130906307045352E+00
    0.187242000000000E+04    0.478142910269526E-01    0.130906327472709E+00
    0.187868000000000E+04    0.165655316904440E+01    0.129930807910124E+00
    0.187870000000000E+04    0.168175041377799E+01    0.129932230585668E+00
    0.188496000000000E+04    0.329027336190029E+01    0.130620127856505E+00
    0.188498000000000E+04    0.331549817009727E+01    0.130620970297071E+00
    0.189124000000000E+04    0.492585427068570E+01    0.130000509151685E+00
    0.189126000000000E+04    0.495105430231888E+01    0.129996922435995E+00
    0.189754000000000E+04    0.299861574404531E+00    0.130840713154439E+00
    0.189756000000000E+04    0.325095281108133E+00    0.130843278759207E+00
    0.190382000000000E+04    0.193566792212368E+01    0.129986992874818E+00
    0.190384000000000E+04    0.196086721827396E+01    0.129986370241848E+00
    0.191010000000000E+04    0.356779450919930E+01    0.130511702416124E+00
    0.191012000000000E+04    0.359301501238451E+01    0.130513836794932E+00
    0.191638000000000E+04    0.520470728216560E+01    0.130172093574914E+00
    0.191640000000000E+04    0.522991408910048E+01    0.130167041889433E+00
    0.192266000000000E+04    0.552025954742476E+00    0.130659050742594E+00
    0.192268000000000E+04    0.577252404897081E+00    0.130663604561318E+00
    0.192894000000000E+04    0.218913094754407E+01    0.130132481844901E+00
    0.192896000000000E+04    0.221433619580466E+01    0.130130361148737E+00
    0.193524000000000E+04    0.384554065943394E+01    0.130333528631415E+00
    0.193526000000000E+04    0.387075407659631E+01    0.130336208999744E+00
    0.194152000000000E+04    0.548306458199977E+01    0.130409781657110E+00
    0.194154000000000E+04    0.550828089816378E+01    0.130404301646835E+00
    0.194780000000000E+04    0.829885511161592E+00    0.130422870468106E+00
    0.194782000000000E+04    0.855102557244663E+00    0.130428295877084E+00
    0.195408000000000E+04    0.246741493432000E+01    0.130328186955508E+00
    0.195410000000000E+04    0.249262796967560E+01    0.130325549292469E+00
    0.196036000000000E+04    0.409860718694154E+01    0.130137958709400E+00
    0.196038000000000E+04    0.412381275765983E+01    0.130140145524185E+00
    0.196664000000000E+04    0.573575526020659E+01    0.130654255355390E+00
    0.196666000000000E+04    0.576098135065877E+01    0.130649608788446E+00
    0.197294000000000E+04    0.110829644866135E+01    0.130185173473564E+00
    0.197296000000000E+04    0.113350394461895E+01    0.130190260283765E+00
    0.197922000000000E+04    0.274526124817930E+01    0.130507087903838E+00
    0.197924000000000E+04    0.277048148683116E+01    0.130504936181454E+00
    0.198550000000000E+04    0.437735906545095E+01    0.129986867691149E+00
    0.198552000000000E+04    0.440255850811081E+01    0.129987626970059E+00
    0.199178000000000E+04    0.601322838565602E+01    0.130831911544030E+00
    0.199180000000000E+04    0.603846170019460E+01    0.130829138274278E+00
    0.199806000000000E+04    0.136194463339052E+01    0.130003468403853E+00
    0.199808000000000E+04    0.138714484092407E+01    0.130007131519645E+00
    0.200434000000000E+04    0.299755344946834E+01    0.130618187780265E+00
    0.200436000000000E+04    0.302277812297962E+01    0.130617301645933E+00
    0.201062000000000E+04    0.463122134488685E+01    0.129928186853720E+00
    0.201064000000000E+04    0.465641843998674E+01    0.129926867352622E+00
    0.201692000000000E+04    0.728461850439999E-02    0.130904457827629E+00
    0.201694000000000E+04    0.325208262352135E-01    0.130904217395447E+00
    0.202320000000000E+04    0.164104799266806E+01    0.129929913618596E+00
    0.202322000000000E+04    0.166624521525000E+01    0.129931542228083E+00
    0.202948000000000E+04    0.327491713064182E+01    0.130623753583802E+00
    0.202950000000000E+04    0.330014206315627E+01    0.130624456962207E+00
    0.203576000000000E+04    0.491030358362059E+01    0.129985863257709E+00
    0.203578000000000E+04    0.493550297289949E+01    0.129982458051268E+00
    0.204204000000000E+04    0.259224938344687E+00    0.130848309581870E+00
    0.204206000000000E+04    0.284458921915757E+00    0.130850705927425E+00
    0.204832000000000E+04    0.189489728805347E+01    0.129975321514207E+00
    0.204834000000000E+04    0.192009623684862E+01    0.129974844433812E+00
    0.205462000000000E+04    0.355235842571165E+01    0.130525523417953E+00
    0.205464000000000E+04    0.357757947809205E+01    0.130527567112138E+00
    0.206090000000000E+04    0.518917657530210E+01    0.130151430402719E+00
    0.206092000000000E+04    0.521438265173811E+01    0.130146480879617E+00
    0.206718000000000E+04    0.536624078168643E+00    0.130680448624483E+00
    0.206720000000000E+04    0.561851314416799E+00    0.130684819623421E+00
