    0.000000000000000E+00    0.190000000000000E+01    0.140000000000000E+00
    0.200000000000000E-01    0.192559998915011E+01    0.139999463710820E+00
    0.630000000000000E+01    0.368342648307416E+01    0.140517536009451E+00
    0.632000000000000E+01    0.370904721962293E+01    0.140520002189038E+00
    0.125800000000000E+02    0.544770516153785E+01    0.140431062902502E+00
    0.126000000000000E+02    0.547332236376020E+01    0.140425577925233E+00
    0.188600000000000E+02    0.920166293941733E+00    0.140383722739616E+00
    0.188800000000000E+02    0.945781749572717E+00    0.140389170836190E+00
    0.251400000000000E+02    0.268431662969596E+01    0.140552508433148E+00
    0.251600000000000E+02    0.270993864914572E+01    0.140550202095663E+00
    0.314200000000000E+02    0.444241220452903E+01    0.139978837900699E+00
    0.314400000000000E+02    0.446801137602392E+01    0.139979032804567E+00
    0.377000000000000E+02    0.620382000083897E+01    0.140995014565297E+00
    0.377200000000000E+02    0.622945978716845E+01    0.140994179149208E+00
    0.440000000000000E+02    0.170627343093337E+01    0.139947257531887E+00
    0.440200000000000E+02    0.173187133031544E+01    0.139948403069570E+00
    0.502800000000000E+02    0.346545685461948E+01    0.140648102048108E+00
    0.503000000000000E+02    0.349108280093171E+01    0.140649793969359E+00
    0.565600000000000E+02    0.522894988239184E+01    0.140224553635287E+00
    0.565800000000000E+02    0.525455886778229E+01    0.140219428255721E+00
    0.628400000000000E+02    0.701707237230352E+00    0.140599558599710E+00
    0.628600000000000E+02    0.727331323106966E+00    0.140604736732125E+00
    0.691200000000000E+02    0.246611531527559E+01    0.140391398761189E+00
    0.691400000000000E+02    0.249173084449593E+01    0.140388770739742E+00
    0.754000000000000E+02    0.422324147483381E+01    0.140085870348893E+00
    0.754200000000000E+02    0.424884494058098E+01    0.140087454817070E+00
    0.817000000000000E+02    0.601184896275177E+01    0.140913851138360E+00
    0.817200000000000E+02    0.603748548387745E+01    0.140910953813913E+00
    0.879800000000000E+02    0.148684960306596E+01    0.139974891619564E+00
    0.880000000000000E+02    0.151244865912844E+01    0.139977745826002E+00
    0.942600000000000E+02    0.324764500485745E+01    0.140715324545178E+00
    0.942800000000000E+02    0.327327361286642E+01    0.140715856704027E+00
    0.100540000000000E+03    0.500978206656816E+01    0.140057463489113E+00
    0.100560000000000E+03    0.503538442731218E+01    0.140053406304981E+00
    0.106820000000000E+03    0.483562109299527E+00    0.140794134020018E+00
    0.106840000000000E+03    0.509193953458066E+00    0.140798267826542E+00
    0.113100000000000E+03    0.224746806981597E+01    0.140217403986905E+00
    0.113120000000000E+03    0.227307662397655E+01    0.140215093868487E+00
    0.119400000000000E+03    0.402988631912393E+01    0.140244311900586E+00
    0.119420000000000E+03    0.405549611603553E+01    0.140246778395054E+00
    0.125680000000000E+03    0.579392536531714E+01    0.140759827798005E+00
    0.125700000000000E+03    0.581955571432485E+01    0.140755386671401E+00
    0.131960000000000E+03    0.126744819286375E+01    0.140084633112958E+00
    0.131980000000000E+03    0.129305160132918E+01    0.140088935516644E+00
    0.138240000000000E+03    0.302983580420053E+01    0.140708328046516E+00
    0.138260000000000E+03    0.305546411251618E+01    0.140707585091641E+00
    0.144520000000000E+03    0.479032753484256E+01    0.139960881244149E+00
    0.144540000000000E+03    0.481592592343569E+01    0.139958359545740E+00
    0.150800000000000E+03    0.265638725442386E+00    0.140934382463999E+00
    0.150820000000000E+03    0.291276160333638E+00    0.140936850578503E+00
    0.157080000000000E+03    0.202837492008581E+01    0.140064277795417E+00
    0.157100000000000E+03    0.205397745808708E+01    0.140062923974669E+00
    0.163380000000000E+03    0.381122053603090E+01    0.140419037370419E+00
    0.163400000000000E+03    0.383683732609487E+01    0.140421698022468E+00
    0.169660000000000E+03    0.557562867612413E+01    0.140556806150826E+00
    0.169680000000000E+03    0.560125098818645E+01    0.140551478428566E+00
    0.175940000000000E+03    0.104828424757170E+01    0.140260745668357E+00
    0.175960000000000E+03    0.107389476869218E+01    0.140265978610588E+00
    0.182220000000000E+03    0.281194279600078E+01    0.140628587666811E+00
    0.182240000000000E+03    0.283756786690145E+01    0.140626748953926E+00
    0.188500000000000E+03    0.457084360391380E+01    0.139947282931458E+00
    0.188520000000000E+03    0.459644144875534E+01    0.139946490127159E+00
    0.194780000000000E+03    0.479717637964256E-01    0.140997719587719E+00
    0.194800000000000E+03    0.736117187460366E-01    0.140998146655017E+00
    0.201080000000000E+03    0.183466604118553E+01    0.139968304756555E+00
    0.201100000000000E+03    0.186026464852512E+01    0.139968444697388E+00
    0.207360000000000E+03    0.359294898973866E+01    0.140573690605173E+00
    0.207380000000000E+03    0.361857197432420E+01    0.140575901478897E+00
    0.213640000000000E+03    0.535694489953232E+01    0.140341268943707E+00
    0.213660000000000E+03    0.538255845496928E+01    0.140335839861744E+00
    0.219920000000000E+03    0.829389627366709E+00    0.140469752381279E+00
    0.219940000000000E+03    0.855008545533963E+00    0.140475186615469E+00
    0.226200000000000E+03    0.259370632528220E+01    0.140487895169029E+00
    0.226220000000000E+03    0.261932574539765E+01    0.140485375247028E+00
    0.232480000000000E+03    0.435130713946717E+01    0.140012796355469E+00
    0.232500000000000E+03    0.437690768830959E+01    0.140013611431584E+00
    0.238780000000000E+03    0.613901809936294E+01    0.140970025001621E+00
    0.238800000000000E+03    0.616465688494890E+01    0.140968275980050E+00
    0.245060000000000E+03    0.161505348846003E+01    0.139947221876006E+00
    0.245080000000000E+03    0.164065137256910E+01    0.139949074225278E+00
    0.251340000000000E+03    0.337485402866918E+01    0.140682114623332E+00
    0.251360000000000E+03    0.340048132408509E+01    0.140683364979614E+00
    0.257620000000000E+03    0.513781756345332E+01    0.140147715460760E+00
    0.257640000000000E+03    0.516342344247829E+01    0.140142948472746E+00
    0.263900000000000E+03    0.610849810652041E+00    0.140680747679002E+00
    0.263920000000000E+03    0.636476971266461E+00    0.140685543472987E+00
    0.270180000000000E+03    0.237509169551026E+01    0.140314965562472E+00
    0.270200000000000E+03    0.240070423525168E+01    0.140312374548051E+00
    0.276480000000000E+03    0.415757436428248E+01    0.140144728163245E+00
    0.276500000000000E+03    0.418318020880338E+01    0.140146769083031E+00
    0.282760000000000E+03    0.592105371858349E+01    0.140856784874369E+00
    0.282780000000000E+03    0.594668796365153E+01    0.140853187406525E+00
    0.289040000000000E+03    0.139536596240919E+01    0.140008717391748E+00
    0.289060000000000E+03    0.142096637312375E+01    0.140012214903221E+00
    0.295320000000000E+03    0.315681409846985E+01    0.140720475954968E+00
    0.295340000000000E+03    0.318244282156735E+01    0.140720492146491E+00
    0.301600000000000E+03    0.491824603949965E+01    0.140005950136131E+00
    0.301620000000000E+03    0.494384622297031E+01    0.140002477135373E+00
    0.307880000000000E+03    0.392561639101757E+00    0.140856995884064E+00
    0.307900000000000E+03    0.418195988578020E+00    0.140860515750449E+00
    0.314160000000000E+03    0.215603016764874E+01    0.140146977978221E+00
    0.314180000000000E+03    0.218163596690573E+01    0.140144992210986E+00
    0.320460000000000E+03    0.393850958346235E+01    0.140313520740764E+00
    0.320480000000000E+03    0.396412215945651E+01    0.140316148136144E+00
    0.326740000000000E+03    0.570275903932719E+01    0.140677758516691E+00
    0.326760000000000E+03    0.572838614080513E+01    0.140672864516260E+00
    0.333020000000000E+03    0.117581181484451E+01    0.140147368018482E+00
    0.333040000000000E+03    0.120141780533083E+01    0.140152136592257E+00
    0.339300000000000E+03    0.293873918346742E+01    0.140680983082814E+00
    0.339320000000000E+03    0.296436635455672E+01    0.140679755156776E+00
    0.345580000000000E+03    0.469851233924197E+01    0.139942131690577E+00
    0.345600000000000E+03    0.472410999916633E+01    0.139940319232313E+00
    0.351860000000000E+03    0.174523586659973E+00    0.140967875989865E+00
    0.351880000000000E+03    0.200162336327821E+00    0.140969537297957E+00
    0.358160000000000E+03    0.196219673482011E+01    0.140012888736361E+00
    0.358180000000000E+03    0.198779720980679E+01    0.140012126798451E+00
    0.364440000000000E+03    0.371977312264414E+01    0.140484399905873E+00
    0.364460000000000E+03    0.374539254309070E+01    0.140486947064218E+00
    0.370720000000000E+03    0.548406722625083E+01    0.140465828291927E+00
    0.370740000000000E+03    0.550968584574662E+01    0.140460361494221E+00
    0.377000000000000E+03    0.956498655853864E+00    0.140340773586059E+00
    0.377020000000000E+03    0.982112391323483E+00    0.140346186835828E+00
    0.383280000000000E+03    0.272046886684905E+01    0.140573012684334E+00
    0.383300000000000E+03    0.274609169985615E+01    0.140570829116472E+00
    0.389560000000000E+03    0.447873305036700E+01    0.139962312394810E+00
    0.389580000000000E+03    0.450433154345416E+01    0.139962217492348E+00
    0.395860000000000E+03    0.626539714753545E+01    0.140993827539269E+00
    0.395880000000000E+03    0.785144871508692E-02    0.140993303553052E+00
    0.402140000000000E+03    0.174248013960607E+01    0.139945796442730E+00
    0.402160000000000E+03    0.176807796677247E+01    0.139946634842063E+00
    0.408420000000000E+03    0.350132909823810E+01    0.140623667837598E+00
    0.408440000000000E+03    0.352695407277827E+01    0.140625530838556E+00
    0.414700000000000E+03    0.526494266795100E+01    0.140254018703561E+00
    0.414720000000000E+03    0.529055281588421E+01    0.140248771188642E+00
    0.420980000000000E+03    0.737503081104364E+00    0.140555753739912E+00
    0.421000000000000E+03    0.763125300738920E+00    0.140561010323146E+00
    0.427260000000000E+03    0.250184017946378E+01    0.140415015690267E+00
    0.427280000000000E+03    0.252745672171034E+01    0.140412385438255E+00
    0.433540000000000E+03    0.425902834353667E+01    0.140057222887818E+00
    0.433560000000000E+03    0.428463068038764E+01    0.140058595304767E+00
    0.439840000000000E+03    0.604733287617182E+01    0.140929788662681E+00
    0.439860000000000E+03    0.607297004824568E+01    0.140927222584544E+00
    0.446120000000000E+03    0.152258425384900E+01    0.139959386912476E+00
    0.446140000000000E+03    0.154818268376368E+01    0.139961948899515E+00
    0.452400000000000E+03    0.328303551025499E+01    0.140704557371956E+00
    0.452420000000000E+03    0.330866368742136E+01    0.140705308199546E+00
    0.458680000000000E+03    0.504537163188456E+01    0.140078658878503E+00
    0.458700000000000E+03    0.507097473771864E+01    0.140074370392093E+00
    0.464960000000000E+03    0.518853920614561E+00    0.140757915073220E+00
    0.464980000000000E+03    0.544484328585554E+00    0.140762289765721E+00
    0.471240000000000E+03    0.228284905940507E+01    0.140241741844817E+00
    0.471260000000000E+03    0.230845865204981E+01    0.140239322945856E+00
    0.477540000000000E+03    0.406522359736061E+01    0.140211053775129E+00
    0.477560000000000E+03    0.409083208418213E+01    0.140213416569360E+00
    0.483820000000000E+03    0.582908502296277E+01    0.140787442788375E+00
    0.483840000000000E+03    0.585471649916281E+01    0.140783228497431E+00
    0.490100000000000E+03    0.130277225851978E+01    0.140055835357914E+00
    0.490120000000000E+03    0.132837454088622E+01    0.140059920753689E+00
    0.496380000000000E+03    0.306486289566840E+01    0.140711717388287E+00
    0.496400000000000E+03    0.309049135348550E+01    0.140711190807080E+00
    0.502660000000000E+03    0.482560493761298E+01    0.139969177722275E+00
    0.502680000000000E+03    0.485120368066941E+01    0.139966364425335E+00
    0.508940000000000E+03    0.300534325046669E+00    0.140909858728198E+00
    0.508960000000000E+03    0.326170775222522E+00    0.140912658024686E+00
    0.515240000000000E+03    0.208905926230295E+01    0.140080992170497E+00
    0.515260000000000E+03    0.211466246730095E+01    0.140079459642529E+00
    0.521520000000000E+03    0.384612355028139E+01    0.140384885630709E+00
    0.521540000000000E+03    0.387173901970198E+01    0.140387570617022E+00
    0.527800000000000E+03    0.561045733875426E+01    0.140590274726877E+00
    0.527820000000000E+03    0.563608085264866E+01    0.140585044773506E+00
    0.534080000000000E+03    0.108312848963294E+01    0.140220975073823E+00
    0.534100000000000E+03    0.110873742385377E+01    0.140226098405170E+00
    0.540360000000000E+03    0.284653310637134E+01    0.140641511073398E+00
    0.540380000000000E+03    0.287215873070090E+01    0.140639838456191E+00
    0.546640000000000E+03    0.460563252706731E+01    0.139938873796198E+00
    0.546660000000000E+03    0.463123005733291E+01    0.139937787098249E+00
    0.552940000000000E+03    0.108006080226914E+00    0.140988381881508E+00
    0.552960000000000E+03    0.133645657521356E+00    0.140989110729580E+00
    0.559220000000000E+03    0.186930500770734E+01    0.139973289029982E+00
    0.559240000000000E+03    0.189490390859271E+01    0.139973154462833E+00
    0.565500000000000E+03    0.362733347935682E+01    0.140546586963119E+00
    0.565520000000000E+03    0.365295540766760E+01    0.140548926355050E+00
    0.571780000000000E+03    0.539140232375519E+01    0.140373595914987E+00
    0.571800000000000E+03    0.541701719315370E+01    0.140368128585574E+00
    0.578060000000000E+03    0.863781210723687E+00    0.140428297799361E+00
    0.578080000000000E+03    0.889398448022689E+00    0.140433756444793E+00
    0.584340000000000E+03    0.262797737108644E+01    0.140510375498848E+00
    0.584360000000000E+03    0.265359769686120E+01    0.140507932599257E+00
    0.590620000000000E+03    0.438570843716616E+01    0.139992406740990E+00
    0.590640000000000E+03    0.441130815212728E+01    0.139992969501345E+00
    0.596920000000000E+03    0.617307980932776E+01    0.140976249470415E+00
    0.596940000000000E+03    0.619871883956000E+01    0.140974854064838E+00
    0.603200000000000E+03    0.164936845402462E+01    0.139939641733084E+00
    0.603220000000000E+03    0.167496605423321E+01    0.139941200869079E+00
    0.609480000000000E+03    0.340884245724726E+01    0.140664074511829E+00
    0.609500000000000E+03    0.343446903653910E+01    0.140665512947173E+00
    0.615760000000000E+03    0.517196882624262E+01    0.140173325995339E+00
    0.615780000000000E+03    0.519757574867560E+01    0.140168396853801E+00
    0.622040000000000E+03    0.644797673197559E+00    0.140642288034249E+00
    0.622060000000000E+03    0.670423295605360E+00    0.140647242234748E+00
    0.628320000000000E+03    0.240904661126638E+01    0.140340215254594E+00
    0.628340000000000E+03    0.243466015992237E+01    0.140337588366593E+00
    0.634620000000000E+03    0.419154618534799E+01    0.140114861971189E+00
    0.634640000000000E+03    0.421715082871731E+01    0.140116739543190E+00
    0.640900000000000E+03    0.595477315532457E+01    0.140876514961181E+00
    0.640920000000000E+03    0.598040819463165E+01    0.140873199675079E+00
    0.647180000000000E+03    0.142929327839431E+01    0.139987852448168E+00
    0.647200000000000E+03    0.145489284513758E+01    0.139991092367201E+00
    0.653460000000000E+03    0.319041201534492E+01    0.140715027190125E+00
    0.653480000000000E+03    0.321604049785549E+01    0.140715267417797E+00
    0.659740000000000E+03    0.495205218454112E+01    0.140019425301271E+00
    0.659760000000000E+03    0.497765288710627E+01    0.140015701310900E+00
    0.666020000000000E+03    0.426049153214763E+00    0.140825847334457E+00
    0.666040000000000E+03    0.451682266965577E+00    0.140829630630108E+00
    0.672320000000000E+03    0.221523226755085E+01    0.140165353280267E+00
    0.672340000000000E+03    0.224083883010428E+01    0.140163242569114E+00
    0.678600000000000E+03    0.397199158356466E+01    0.140279645882626E+00
    0.678620000000000E+03    0.399760279176587E+01    0.140282220206242E+00
    0.684880000000000E+03    0.573610001103827E+01    0.140705383399503E+00
    0.684900000000000E+03    0.576172825056631E+01    0.140700658446650E+00
    0.691160000000000E+03    0.120926948358374E+01    0.140115509195656E+00
    0.691180000000000E+03    0.123487417517390E+01    0.140120103356504E+00
    0.697440000000000E+03    0.297191797282971E+01    0.140687784486298E+00
    0.697460000000000E+03    0.299754541390234E+01    0.140686749263784E+00
    0.703720000000000E+03    0.473190886447401E+01    0.139941689590454E+00
    0.703740000000000E+03    0.475750647371183E+01    0.139939587562187E+00
    0.710000000000000E+03    0.207546952194321E+00    0.140949369205125E+00
    0.710020000000000E+03    0.233184991192616E+00    0.140951363617798E+00
    0.716300000000000E+03    0.199540929702857E+01    0.140024641894712E+00
    0.716320000000000E+03    0.202101018735539E+01    0.140023641410719E+00
    0.722580000000000E+03    0.375275383033625E+01    0.140452550429657E+00
    0.722600000000000E+03    0.377837200202543E+01    0.140455165195169E+00
    0.728860000000000E+03    0.551701704117386E+01    0.140495779734608E+00
    0.728880000000000E+03    0.554263677079985E+01    0.140490351054130E+00
    0.735140000000000E+03    0.989422479831319E+00    0.140301055445769E+00
    0.735160000000000E+03    0.101503462316077E+01    0.140306413617199E+00
    0.741420000000000E+03    0.275318961382868E+01    0.140588765120127E+00
    0.741440000000000E+03    0.277881312268983E+01    0.140586701435851E+00
    0.747700000000000E+03    0.451161828806300E+01    0.139948128616890E+00
    0.747720000000000E+03    0.453721618127281E+01    0.139947762853916E+00
    0.754000000000000E+03    0.147192157102154E-01    0.140990286546899E+00
    0.754020000000000E+03    0.403588506288770E-01    0.140990116398196E+00
    0.760280000000000E+03    0.177521132154561E+01    0.139945123847948E+00
    0.760300000000000E+03    0.180080910397191E+01    0.139945682458458E+00
    0.766560000000000E+03    0.353375838201862E+01    0.140599475548871E+00
    0.766580000000000E+03    0.355938240887235E+01    0.140601488047799E+00
    0.772840000000000E+03    0.529744882379418E+01    0.140281067451177E+00
    0.772860000000000E+03    0.532305996898265E+01    0.140275737173047E+00
    0.779120000000000E+03    0.769887860079507E+00    0.140516218439672E+00
    0.779140000000000E+03    0.795508600780181E+00    0.140521573524622E+00
    0.785400000000000E+03    0.253415963945338E+01    0.140437986336110E+00
    0.785420000000000E+03    0.255977708734031E+01    0.140435382110521E+00
    0.791700000000000E+03    0.431702856102686E+01    0.140034532825703E+00
    0.791720000000000E+03    0.434262992371418E+01    0.140035729943610E+00
    0.797980000000000E+03    0.607942980461542E+01    0.140939354565493E+00
    0.798000000000000E+03    0.610506750401862E+01    0.140937096518208E+00
    0.804260000000000E+03    0.155493049626580E+01    0.139947155765622E+00
    0.804280000000000E+03    0.158052841308836E+01    0.139949444550079E+00
    0.810540000000000E+03    0.331505930258504E+01    0.140692047856555E+00
    0.810560000000000E+03    0.334068699581894E+01    0.140692991395775E+00
    0.816820000000000E+03    0.507757310268448E+01    0.140097800200708E+00
    0.816840000000000E+03    0.510317692966123E+01    0.140093315814692E+00
    0.823100000000000E+03    0.550801158091645E+00    0.140723207826255E+00
    0.823120000000000E+03    0.576430190877772E+00    0.140727777921964E+00
    0.829400000000000E+03    0.234044271612083E+01    0.140261058888543E+00
    0.829420000000000E+03    0.236605306036631E+01    0.140258576529723E+00
    0.835680000000000E+03    0.409717291177799E+01    0.140180234903557E+00
    0.835700000000000E+03    0.412278023210069E+01    0.140182501532528E+00
    0.841960000000000E+03    0.586083215977214E+01    0.140809413301303E+00
    0.841980000000000E+03    0.588646445928202E+01    0.140805428036373E+00
    0.848240000000000E+03    0.133468312921764E+01    0.140030739214524E+00
    0.848260000000000E+03    0.136028440976315E+01    0.140034608684076E+00
    0.854520000000000E+03    0.309645262947856E+01    0.140710445265140E+00
    0.854540000000000E+03    0.312208103497642E+01    0.140710116489196E+00
    0.860800000000000E+03    0.485738874236063E+01    0.139975735603105E+00
    0.860820000000000E+03    0.488298770541360E+01    0.139972663824882E+00
    0.867080000000000E+03    0.332027912122612E+00    0.140886441562908E+00
    0.867100000000000E+03    0.357663442440753E+00    0.140889525316432E+00
    0.873380000000000E+03    0.212070818222310E+01    0.140099094503919E+00
    0.873400000000000E+03    0.214631210194648E+01    0.140097383339682E+00
    0.879660000000000E+03    0.387762579492050E+01    0.140353491784275E+00
    0.879680000000000E+03    0.390323990606589E+01    0.140356164373331E+00
    0.885940000000000E+03    0.564186241812172E+01    0.140619093862935E+00
    0.885960000000000E+03    0.566748708201658E+01    0.140613977166093E+00
    0.892220000000000E+03    0.111459432105403E+01    0.140186846979884E+00
    0.892240000000000E+03    0.114020189411485E+01    0.140191851324627E+00
    0.898500000000000E+03    0.287777549182056E+01    0.140652696804355E+00
    0.898520000000000E+03    0.290340153970487E+01    0.140651176947317E+00
    0.904780000000000E+03    0.463705822526140E+01    0.139933281173735E+00
    0.904800000000000E+03    0.466265552486971E+01    0.139931920378381E+00
    0.911080000000000E+03    0.139102006951589E+00    0.140978058299966E+00
    0.911100000000000E+03    0.164741172560298E+00    0.140979117752774E+00
    0.917360000000000E+03    0.190061374735728E+01    0.139981047912814E+00
    0.917380000000000E+03    0.192621297437722E+01    0.139980669894268E+00
    0.923640000000000E+03    0.365839554689001E+01    0.140518943955806E+00
    0.923660000000000E+03    0.368401630924700E+01    0.140521363414869E+00
    0.929920000000000E+03    0.542248153216542E+01    0.140402281299438E+00
    0.929940000000000E+03    0.544809753766799E+01    0.140396799253520E+00
    0.936200000000000E+03    0.894792123116758E+00    0.140389808521895E+00
    0.936220000000000E+03    0.920407817517571E+00    0.140395268148648E+00
    0.942480000000000E+03    0.265885193778786E+01    0.140528780397506E+00
    0.942500000000000E+03    0.268447301563538E+01    0.140526418199088E+00
    0.948780000000000E+03    0.444230302769279E+01    0.139975075934706E+00
    0.948800000000000E+03    0.446790204378181E+01    0.139975439975309E+00
    0.955060000000000E+03    0.620374931379456E+01    0.140979014372807E+00
    0.955080000000000E+03    0.622938849177376E+01    0.140977936079361E+00
    0.961340000000000E+03    0.168026518213924E+01    0.139934727320546E+00
    0.961360000000000E+03    0.170586257818081E+01    0.139936019284435E+00
    0.967620000000000E+03    0.343943695114172E+01    0.140645225015483E+00
    0.967640000000000E+03    0.346506278206834E+01    0.140646825652251E+00
    0.973900000000000E+03    0.520268498176551E+01    0.140196739389747E+00
    0.973920000000000E+03    0.522829282122075E+01    0.140191677827930E+00
    0.980180000000000E+03    0.675339278916454E+00    0.140605463569268E+00
    0.980200000000000E+03    0.700963598163298E+00    0.140610583579941E+00
    0.986480000000000E+03    0.246520616434691E+01    0.140361219455940E+00
    0.986500000000000E+03    0.249082055969438E+01    0.140358590756884E+00
    0.992760000000000E+03    0.422214001832344E+01    0.140089913924894E+00
    0.992780000000000E+03    0.424774368377166E+01    0.140091634344619E+00
    0.999040000000000E+03    0.598514265296376E+01    0.140893366006197E+00
    0.999060000000000E+03    0.601077836493278E+01    0.140890301809219E+00
    0.100532000000000E+04    0.145987236761584E+01    0.139971421248487E+00
    0.100534000000000E+04    0.148547128516589E+01    0.139974421544381E+00
    0.101160000000000E+04    0.322069336890013E+01    0.140707886057852E+00
    0.101162000000000E+04    0.324632167640084E+01    0.140708299305751E+00
    0.101788000000000E+04    0.498256368346097E+01    0.140036455949395E+00
    0.101790000000000E+04    0.500816520128660E+01    0.140032522451623E+00
    0.102416000000000E+04    0.456333954954971E+00    0.140799240424303E+00
    0.102418000000000E+04    0.481966006249422E+00    0.140803254073970E+00
    0.103046000000000E+04    0.224563945216482E+01    0.140188724462433E+00
    0.103048000000000E+04    0.227124690431560E+01    0.140186492247352E+00
    0.103674000000000E+04    0.400233950184065E+01    0.140250894844215E+00
    0.103676000000000E+04    0.402794959784910E+01    0.140253406120422E+00
    0.104302000000000E+04    0.576632981922876E+01    0.140733860332402E+00
    0.104304000000000E+04    0.579195908568204E+01    0.140729307501002E+00
    0.104930000000000E+04    0.123962731281472E+01    0.140089568801520E+00
    0.104932000000000E+04    0.126523098841494E+01    0.140093994404416E+00
    0.105558000000000E+04    0.300204109971742E+01    0.140694628319092E+00
    0.105560000000000E+04    0.302766884520634E+01    0.140693766088768E+00
    0.106186000000000E+04    0.476227725670992E+01    0.139947883774553E+00
    0.106188000000000E+04    0.478787524845620E+01    0.139945530005565E+00
    0.106816000000000E+04    0.263291622559564E+00    0.140937750220437E+00
    0.106818000000000E+04    0.288929179188472E+00    0.140939984875425E+00
    0.107444000000000E+04    0.202574732001585E+01    0.140042567759599E+00
    0.107446000000000E+04    0.205134896756658E+01    0.140041366156638E+00
    0.108072000000000E+04    0.378295831260243E+01    0.140426826339800E+00
    0.108074000000000E+04    0.380857544049877E+01    0.140429469813755E+00
    0.108700000000000E+04    0.554724600499662E+01    0.140528854820258E+00
    0.108702000000000E+04    0.557286705821684E+01    0.140523485689736E+00
    0.109328000000000E+04    0.101971351607904E+01    0.140270179885056E+00
    0.109330000000000E+04    0.104532443629228E+01    0.140275471681078E+00
    0.109956000000000E+04    0.278334803996131E+01    0.140607316828016E+00
    0.109958000000000E+04    0.280897226540969E+01    0.140605378942226E+00
    0.110586000000000E+04    0.456759671000464E+01    0.139941761112000E+00
    0.110588000000000E+04    0.459319446808172E+01    0.139941185555686E+00
    0.111214000000000E+04    0.448412997573087E-01    0.140990215952491E+00
    0.111216000000000E+04    0.704809030564775E-01    0.140990350786921E+00
    0.111842000000000E+04    0.180560408721067E+01    0.139952077601073E+00
    0.111844000000000E+04    0.183120213784196E+01    0.139952381985941E+00
    0.112470000000000E+04    0.356393341662897E+01    0.140579168443453E+00
    0.112472000000000E+04    0.358955665108783E+01    0.140581312499214E+00
    0.113098000000000E+04    0.532775932614459E+01    0.140313052678171E+00
    0.113100000000000E+04    0.535337174617871E+01    0.140307655686167E+00
    0.113726000000000E+04    0.800150105090324E+00    0.140484019924926E+00
    0.113728000000000E+04    0.825769574228616E+00    0.140489434337652E+00
    0.114354000000000E+04    0.256439885022360E+01    0.140463585039625E+00
    0.114356000000000E+04    0.259001733768628E+01    0.140461027703903E+00
    0.114984000000000E+04    0.434741702857423E+01    0.140017961740196E+00
    0.114986000000000E+04    0.437301771564626E+01    0.140018956124941E+00
    0.115612000000000E+04    0.610956644095972E+01    0.140953803987484E+00
    0.115614000000000E+04    0.613520455564412E+01    0.140951857185096E+00
    0.116240000000000E+04    0.158531141093363E+01    0.139940429701837E+00
    0.116242000000000E+04    0.161090906804657E+01    0.139942459185300E+00
    0.116868000000000E+04    0.334518689131392E+01    0.140682048318719E+00
    0.116870000000000E+04    0.337081416677711E+01    0.140683176646539E+00
    0.117496000000000E+04    0.510789692198136E+01    0.140122082033816E+00
    0.117498000000000E+04    0.513350171954721E+01    0.140117429373082E+00
    0.118124000000000E+04    0.580962406571871E+00    0.140693513053354E+00
    0.118126000000000E+04    0.606590241763342E+00    0.140698252334178E+00
    0.118754000000000E+04    0.237069344167412E+01    0.140287634956333E+00
    0.118756000000000E+04    0.239630487742329E+01    0.140285097666448E+00
    0.119382000000000E+04    0.412744945377472E+01    0.140155030182616E+00
    0.119384000000000E+04    0.415305567030509E+01    0.140157158098453E+00
    0.120010000000000E+04    0.589095253046730E+01    0.140832408502811E+00
    0.120012000000000E+04    0.591658586811991E+01    0.140828653444930E+00
    0.120638000000000E+04    0.136504173269486E+01    0.140012698396038E+00
    0.120640000000000E+04    0.139064231292423E+01    0.140016353451694E+00
    0.121266000000000E+04    0.312657130211051E+01    0.140712539090497E+00
    0.121268000000000E+04    0.315219980088705E+01    0.140712404593352E+00
    0.121894000000000E+04    0.488775831016437E+01    0.139989338229170E+00
    0.121896000000000E+04    0.491335780406303E+01    0.139986027187577E+00
    0.122524000000000E+04    0.387781068679487E+00    0.140868823251545E+00
    0.122526000000000E+04    0.413415910642698E+00    0.140872117009040E+00
    0.123152000000000E+04    0.215101017472398E+01    0.140121157666700E+00
    0.123154000000000E+04    0.217661491756371E+01    0.140119288630171E+00
    0.123780000000000E+04    0.390784219530724E+01    0.140326551861628E+00
    0.123782000000000E+04    0.393345533167917E+01    0.140329209565782E+00
    0.124408000000000E+04    0.567204886739023E+01    0.140650225667346E+00
    0.124410000000000E+04    0.569767478460972E+01    0.140645233324610E+00
    0.125036000000000E+04    0.114490613099679E+01    0.140159428850780E+00
    0.125038000000000E+04    0.117051259758341E+01    0.140164301975914E+00
    0.125664000000000E+04    0.290789154432809E+01    0.140665627838936E+00
    0.125666000000000E+04    0.293351813837967E+01    0.140664279529786E+00
    0.126294000000000E+04    0.469301855848153E+01    0.139932869831633E+00
    0.126296000000000E+04    0.471861585213151E+01    0.139931283317512E+00
    0.126922000000000E+04    0.169169529048986E+00    0.140969600682274E+00
    0.126924000000000E+04    0.194808369824386E+00    0.140970977322766E+00
    0.127550000000000E+04    0.193093983744370E+01    0.139994632877196E+00
    0.127552000000000E+04    0.195653958717958E+01    0.139994024483842E+00
    0.128178000000000E+04    0.368855173665838E+01    0.140495764105647E+00
    0.128180000000000E+04    0.371417163704268E+01    0.140498272160044E+00
    0.128806000000000E+04    0.545271794635573E+01    0.140435407609472E+00
    0.128808000000000E+04    0.547833526385398E+01    0.140429926820343E+00
    0.129434000000000E+04    0.925046018304101E+00    0.140357777762274E+00
    0.129436000000000E+04    0.950660428941319E+00    0.140363216897680E+00
    0.130062000000000E+04    0.268901288036341E+01    0.140550917206858E+00
    0.130064000000000E+04    0.271463485705499E+01    0.140548643176114E+00
    0.130692000000000E+04    0.447266241025750E+01    0.139963795134588E+00
    0.130694000000000E+04    0.449826092529383E+01    0.139963917166273E+00
    0.131320000000000E+04    0.623383600174043E+01    0.140984760586150E+00
    0.131322000000000E+04    0.625947540849575E+01    0.140984008326007E+00
    0.131948000000000E+04    0.171063018083032E+01    0.139936179361405E+00
    0.131950000000000E+04    0.173622760697504E+01    0.139937206515830E+00
    0.132576000000000E+04    0.346957292971274E+01    0.140630419088492E+00
    0.132578000000000E+04    0.349519819444890E+01    0.140632180826476E+00
    0.133204000000000E+04    0.523298525547398E+01    0.140225947790435E+00
    0.133206000000000E+04    0.525859420674215E+01    0.140220782663353E+00
    0.133832000000000E+04    0.705562833628164E+00    0.140574698467527E+00
    0.133834000000000E+04    0.731185897737532E+00    0.140579911613189E+00
    0.134462000000000E+04    0.249545094533664E+01    0.140387702969219E+00
    0.134464000000000E+04    0.252106638681857E+01    0.140385072469355E+00
    0.135090000000000E+04    0.425247876223784E+01    0.140069112705897E+00
    0.135092000000000E+04    0.427808151952081E+01    0.140070652267916E+00
    0.135718000000000E+04    0.601526686409943E+01    0.140910787592511E+00
    0.135720000000000E+04    0.604090332945634E+01    0.140908018345675E+00
    0.136346000000000E+04    0.149026269317505E+01    0.139961346590247E+00
    0.136348000000000E+04    0.151586113256985E+01    0.139964096182583E+00
    0.136974000000000E+04    0.325081931645218E+01    0.140702417045134E+00
    0.136976000000000E+04    0.327644740158121E+01    0.140703022218508E+00
    0.137602000000000E+04    0.501289165419826E+01    0.140054953788175E+00
    0.137604000000000E+04    0.503849376619996E+01    0.140050805662183E+00
    0.138232000000000E+04    0.512059171686360E+00    0.140776107607462E+00
    0.138234000000000E+04    0.537690304816806E+00    0.140780288597205E+00
    0.138860000000000E+04    0.227585105439971E+01    0.140212228337426E+00
    0.138862000000000E+04    0.230145948912082E+01    0.140209895720432E+00
    0.139488000000000E+04    0.403253602471523E+01    0.140224852248383E+00
    0.139490000000000E+04    0.405814497792767E+01    0.140227289875249E+00
    0.140116000000000E+04    0.579637916041565E+01    0.140759222480457E+00
    0.140118000000000E+04    0.582200946675221E+01    0.140754856302501E+00
    0.140744000000000E+04    0.126983544945642E+01    0.140064754675885E+00
    0.140746000000000E+04    0.129543811848839E+01    0.140068993534964E+00
    0.141372000000000E+04    0.303201992705772E+01    0.140700668373681E+00
    0.141374000000000E+04    0.305764797862685E+01    0.140700028632782E+00
    0.142000000000000E+04    0.479250533388245E+01    0.139954820384668E+00
    0.142002000000000E+04    0.481810354696290E+01    0.139952192251217E+00
    0.142630000000000E+04    0.293218879575079E+00    0.140920081144446E+00
    0.142632000000000E+04    0.318855769070524E+00    0.140922603104659E+00
    0.143258000000000E+04    0.205587527075477E+01    0.140059407016476E+00
    0.143260000000000E+04    0.208147759491999E+01    0.140058014547346E+00
    0.143886000000000E+04    0.381294498824150E+01    0.140399267010193E+00
    0.143888000000000E+04    0.383856101627543E+01    0.140401932083805E+00
    0.144514000000000E+04    0.557721546415519E+01    0.140559566252383E+00
    0.144516000000000E+04    0.560283775413154E+01    0.140554265280336E+00
    0.145142000000000E+04    0.104973912490459E+01    0.140238339770299E+00
    0.145144000000000E+04    0.107534877658668E+01    0.140243547187520E+00
    0.145770000000000E+04    0.281320435484690E+01    0.140622880126568E+00
    0.145772000000000E+04    0.283882920835094E+01    0.140621076692853E+00
    0.146400000000000E+04    0.459764161922931E+01    0.139935327758921E+00
    0.146402000000000E+04    0.462323906041888E+01    0.139934491593056E+00
    0.147028000000000E+04    0.745866286251839E-01    0.140986484193024E+00
    0.147030000000000E+04    0.100226103973455E+00    0.140986963256690E+00
    0.147656000000000E+04    0.183560522889979E+01    0.139959707118468E+00
    0.147658000000000E+04    0.186120358409858E+01    0.139959766085634E+00
    0.148284000000000E+04    0.359371264396941E+01    0.140557399292163E+00
    0.148286000000000E+04    0.361933498096687E+01    0.140559640932543E+00
    0.148912000000000E+04    0.535762921498576E+01    0.140343007419956E+00
    0.148914000000000E+04    0.538324288483432E+01    0.140337564701002E+00
    0.149540000000000E+04    0.829926804055731E+00    0.140449074935956E+00
    0.149542000000000E+04    0.855544650901720E+00    0.140454486895276E+00
    0.150170000000000E+04    0.261970438398203E+01    0.140481841507329E+00
    0.150172000000000E+04    0.264532360650628E+01    0.140479342192798E+00
    0.150798000000000E+04    0.437720943859813E+01    0.139998915106822E+00
    0.150800000000000E+04    0.440280942649269E+01    0.139999695029217E+00
    0.151426000000000E+04    0.613911144130452E+01    0.140963107441130E+00
    0.151428000000000E+04    0.616474996518536E+01    0.140961457233130E+00
    0.152054000000000E+04    0.161510051672963E+01    0.139934867375859E+00
    0.152056000000000E+04    0.164069794714828E+01    0.139936640977572E+00
    0.152682000000000E+04    0.337470496262745E+01    0.140669034229073E+00
    0.152684000000000E+04    0.340033172529570E+01    0.140670327993867E+00
    0.153310000000000E+04    0.513758885680159E+01    0.140145784111377E+00
    0.153312000000000E+04    0.516319462971910E+01    0.140140980563027E+00
    0.153940000000000E+04    0.636111527000821E+00    0.140667183459726E+00
    0.153942000000000E+04    0.661738333561289E+00    0.140672040882354E+00
    0.154568000000000E+04    0.240027964939804E+01    0.140312811551312E+00
    0.154570000000000E+04    0.242589210246751E+01    0.140310222779504E+00
    0.155196000000000E+04    0.415707770956715E+01    0.140131612151370E+00
    0.155198000000000E+04    0.418268300885006E+01    0.140133607317821E+00
    0.155824000000000E+04    0.592041238762863E+01    0.140855652630794E+00
    0.155826000000000E+04    0.594604660290588E+01    0.140852136037467E+00
    0.156452000000000E+04    0.139469329809185E+01    0.139995961865550E+00
    0.156454000000000E+04    0.142029312230034E+01    0.139999391463883E+00
    0.157080000000000E+04    0.315599044243595E+01    0.140712448860043E+00
    0.157082000000000E+04    0.318161901201938E+01    0.140712554099201E+00
    0.157708000000000E+04    0.491744357893799E+01    0.140005618825044E+00
    0.157710000000000E+04    0.494304376471950E+01    0.140002076952530E+00
    0.158338000000000E+04    0.417245205607969E+00    0.140847903079775E+00
    0.158340000000000E+04    0.442879228758557E+00    0.140851441438222E+00
    0.158966000000000E+04    0.218066091541232E+01    0.140144831394738E+00
    0.158968000000000E+04    0.220626663854705E+01    0.140142823361822E+00
    0.159594000000000E+04    0.393744621616065E+01    0.140301075114662E+00
    0.159596000000000E+04    0.396305831682980E+01    0.140303689952946E+00
    0.160222000000000E+04    0.570160439735355E+01    0.140681155697912E+00
    0.160224000000000E+04    0.572723155695394E+01    0.140676305973282E+00
    0.160850000000000E+04    0.117461316830577E+01    0.140134593731947E+00
    0.160852000000000E+04    0.120021864294586E+01    0.140139324137611E+00
    0.161478000000000E+04    0.293741871954398E+01    0.140677913302558E+00
    0.161480000000000E+04    0.296304579454818E+01    0.140676725937586E+00
    0.162108000000000E+04    0.472280074903802E+01    0.139936591836469E+00
    0.162110000000000E+04    0.474839818193823E+01    0.139934743970761E+00
    0.162736000000000E+04    0.198673230964687E+00    0.140959257490415E+00
    0.162738000000000E+04    0.224311624971961E+00    0.140960935848256E+00
    0.163364000000000E+04    0.196068034241898E+01    0.140008940629320E+00
    0.163366000000000E+04    0.198628067548907E+01    0.140008116227102E+00
    0.163992000000000E+04    0.371813167707887E+01    0.140471114050946E+00
    0.163994000000000E+04    0.374375058182341E+01    0.140473675221656E+00
    0.164620000000000E+04    0.548235506659375E+01    0.140468184058362E+00
    0.164622000000000E+04    0.550797375191951E+01    0.140462720615299E+00
    0.165248000000000E+04    0.954702354393703E+00    0.140325998930833E+00
    0.165250000000000E+04    0.980315494056867E+00    0.140331407746083E+00
    0.165878000000000E+04    0.274420656755592E+01    0.140569760337091E+00
    0.165880000000000E+04    0.276982928433245E+01    0.140567596800498E+00
    0.166506000000000E+04    0.450243223566076E+01    0.139954326176922E+00
    0.166508000000000E+04    0.452803040064282E+01    0.139954205293200E+00
    0.167134000000000E+04    0.626335593371687E+01    0.140988744051261E+00
    0.167136000000000E+04    0.581003083061660E-02    0.140988310547991E+00
    0.167762000000000E+04    0.174042349887168E+01    0.139939562174607E+00
    0.167764000000000E+04    0.176602109435498E+01    0.139940334972522E+00
    0.168390000000000E+04    0.349914426141049E+01    0.140613805227379E+00
    0.168392000000000E+04    0.352476874556169E+01    0.140615709999918E+00
    0.169018000000000E+04    0.526267948033546E+01    0.140253479773363E+00
    0.169020000000000E+04    0.528828952136519E+01    0.140248217444688E+00
    0.169648000000000E+04    0.760770349356335E+00    0.140546210948975E+00
    0.169650000000000E+04    0.786392301291471E+00    0.140551492237991E+00
    0.170276000000000E+04    0.252502020285192E+01    0.140411458375947E+00
    0.170278000000000E+04    0.255063658786958E+01    0.140408842248156E+00
    0.170904000000000E+04    0.428213704624841E+01    0.140047907715249E+00
    0.170906000000000E+04    0.430773894638196E+01    0.140049265888097E+00
    0.171532000000000E+04    0.604469346749966E+01    0.140924295105892E+00
    0.171534000000000E+04    0.607033057618082E+01    0.140921795961026E+00
    0.172160000000000E+04    0.151994296915655E+01    0.139950610896003E+00
    0.172162000000000E+04    0.154554103013106E+01    0.139953114658058E+00
    0.172788000000000E+04    0.328025420265658E+01    0.140696391990772E+00
    0.172790000000000E+04    0.330588207414348E+01    0.140697178394651E+00
    0.173416000000000E+04    0.504255552465747E+01    0.140076506179376E+00
    0.173418000000000E+04    0.506815850505973E+01    0.140072176317935E+00
    0.174046000000000E+04    0.541532180954619E+00    0.140748883613078E+00
    0.174048000000000E+04    0.567162244687552E+00    0.140753261308280E+00
    0.174674000000000E+04    0.230543243056400E+01    0.140236656320069E+00
    0.174676000000000E+04    0.233104179848124E+01    0.140234231563172E+00
    0.175302000000000E+04    0.406210880468416E+01    0.140199206000100E+00
    0.175304000000000E+04    0.408771684940211E+01    0.140201554170834E+00
    0.175930000000000E+04    0.582584781151354E+01    0.140785476780520E+00
    0.175932000000000E+04    0.585147915418702E+01    0.140781313031648E+00
    0.176558000000000E+04    0.129949323654864E+01    0.140044235545335E+00
    0.176560000000000E+04    0.132509507101577E+01    0.140048282359320E+00
    0.177186000000000E+04    0.306143042928352E+01    0.140704515897793E+00
    0.177188000000000E+04    0.308705859890233E+01    0.140704040968935E+00
    0.177816000000000E+04    0.484773210595313E+01    0.139961090488252E+00
    0.177818000000000E+04    0.487333051829546E+01    0.139958262377300E+00
    0.178444000000000E+04    0.322574524864194E+00    0.140902365648642E+00
    0.178446000000000E+04    0.348210698200546E+00    0.140905166516497E+00
    0.179072000000000E+04    0.208542178320658E+01    0.140078052514054E+00
    0.179074000000000E+04    0.211102485484207E+01    0.140076482486716E+00
    0.179700000000000E+04    0.384238083017544E+01    0.140373265013145E+00
    0.179702000000000E+04    0.386799583506217E+01    0.140375944831348E+00
    0.180328000000000E+04    0.560662519642756E+01    0.140590068496199E+00
    0.180330000000000E+04    0.563224870824797E+01    0.140584860915037E+00
    0.180956000000000E+04    0.107923540163938E+01    0.140208756725753E+00
    0.180958000000000E+04    0.110484384142183E+01    0.140213862311275E+00
    0.181586000000000E+04    0.286815465391510E+01    0.140636095595993E+00
    0.181588000000000E+04    0.289378006314155E+01    0.140634442498095E+00
    0.182214000000000E+04    0.462718580768251E+01    0.139931424240188E+00
    0.182216000000000E+04    0.465278303333980E+01    0.139930326740734E+00
    0.182842000000000E+04    0.103830882707825E+00    0.140981005347066E+00
    0.182844000000000E+04    0.129470169408251E+00    0.140981798200925E+00
    0.183470000000000E+04    0.186509844789134E+01    0.139968487065700E+00
    0.183472000000000E+04    0.189069715299411E+01    0.139968308378629E+00
    0.184098000000000E+04    0.362301441925683E+01    0.140536503903743E+00
    0.184100000000000E+04    0.364863595047109E+01    0.140538856963612E+00
    0.184726000000000E+04    0.538701710249052E+01    0.140373189699957E+00
    0.184728000000000E+04    0.541263194913154E+01    0.140367722395924E+00
    0.185354000000000E+04    0.859314215897484E+00    0.140416058457479E+00
    0.185356000000000E+04    0.884930965711192E+00    0.140421521505313E+00
    0.185984000000000E+04    0.264904143179865E+01    0.140505189222715E+00
    0.185986000000000E+04    0.267466155782586E+01    0.140502759999356E+00
    0.186612000000000E+04    0.440670166384552E+01    0.139984760909411E+00
    0.186614000000000E+04    0.443230107715817E+01    0.139985321387302E+00
    0.187240000000000E+04    0.616835319557276E+01    0.140971585195246E+00
    0.187242000000000E+04    0.619399203352850E+01    0.140970245243562E+00
    0.187868000000000E+04    0.164461113382367E+01    0.139932911737510E+00
    0.187870000000000E+04    0.167020847164304E+01    0.139934429635723E+00
    0.188496000000000E+04    0.340397338039838E+01    0.140656138468048E+00
    0.188498000000000E+04    0.342959964246756E+01    0.140657594990922E+00
    0.189124000000000E+04    0.516705173560194E+01    0.140171989276869E+00
    0.189126000000000E+04    0.519265863191504E+01    0.140167045287388E+00
    0.189754000000000E+04    0.665440659121487E+00    0.140636772475881E+00
    0.189756000000000E+04    0.691066236378447E+00    0.140641760843305E+00
    0.190382000000000E+04    0.242963564768843E+01    0.140337201801450E+00
    0.190384000000000E+04    0.245524904545027E+01    0.140334584471931E+00
    0.191010000000000E+04    0.418647168311554E+01    0.140107664028080E+00
    0.191012000000000E+04    0.421207603200628E+01    0.140109516616757E+00
    0.191638000000000E+04    0.594960470751175E+01    0.140874121391347E+00
    0.191640000000000E+04    0.597523963399181E+01    0.140870849466701E+00
    0.192266000000000E+04    0.142410265628359E+01    0.139980498487426E+00
    0.192268000000000E+04    0.144970192288883E+01    0.139983704681569E+00
    0.192894000000000E+04    0.318511704142702E+01    0.140708674625134E+00
    0.192896000000000E+04    0.321074538345374E+01    0.140708924929046E+00
    0.193524000000000E+04    0.497235698208806E+01    0.140015154390187E+00
    0.193526000000000E+04    0.499795751457987E+01    0.140011428456585E+00
    0.194152000000000E+04    0.446287677421424E+00    0.140821714801754E+00
    0.194154000000000E+04    0.471920637631683E+00    0.140825488089669E+00
    0.194780000000000E+04    0.220981539873173E+01    0.140164372852498E+00
    0.194782000000000E+04    0.223542191755541E+01    0.140162238933419E+00
    0.195408000000000E+04    0.396652004070438E+01    0.140272165782479E+00
    0.195410000000000E+04    0.399213098890732E+01    0.140274730681517E+00
    0.196036000000000E+04    0.573056763681643E+01    0.140706894477426E+00
    0.196038000000000E+04    0.575619584345941E+01    0.140702188499521E+00
    0.196664000000000E+04    0.120368836259104E+01    0.140107396474644E+00
    0.196666000000000E+04    0.122929275954539E+01    0.140111974217347E+00
    0.197294000000000E+04    0.299188728202125E+01    0.140683692684863E+00
    0.197296000000000E+04    0.301751458761601E+01    0.140682662152718E+00
    0.197922000000000E+04    0.475184524119823E+01    0.139937274218915E+00
    0.197924000000000E+04    0.477744282821004E+01    0.139935182133866E+00
    0.198550000000000E+04    0.227479192171359E+00    0.140948036427336E+00
    0.198552000000000E+04    0.253117152898085E+00    0.140950012840365E+00
    0.199178000000000E+04    0.198971715903099E+01    0.140025260557047E+00
    0.199180000000000E+04    0.201531811322548E+01    0.140024234302192E+00
    0.199806000000000E+04    0.374702260363847E+01    0.140447193281949E+00
    0.199808000000000E+04    0.377264054006628E+01    0.140449797340344E+00
    0.200434000000000E+04    0.551126857065265E+01    0.140499419940496E+00
    0.200436000000000E+04    0.553688850722710E+01    0.140494003872409E+00
    0.201062000000000E+04    0.983665014154667E+00    0.140295226742225E+00
    0.201064000000000E+04    0.100927692700816E+01    0.140300581949190E+00
    0.201692000000000E+04    0.277302951621641E+01    0.140587956978189E+00
    0.201694000000000E+04    0.279865294482079E+01    0.140585912894918E+00
    0.202320000000000E+04    0.453142953791075E+01    0.139945613650826E+00
    0.202322000000000E+04    0.455702735608884E+01    0.139945251998583E+00
    0.202948000000000E+04    0.888943167683465E-02    0.140988894233820E+00
    0.202950000000000E+04    0.345289984043120E-01    0.140988773376718E+00
    0.203576000000000E+04    0.176940077642894E+01    0.139944292012206E+00
    0.203578000000000E+04    0.179499854003598E+01    0.139944820424919E+00
    0.204204000000000E+04    0.352789654942580E+01    0.140595041152262E+00
    0.204206000000000E+04    0.355352038245837E+01    0.140597057846040E+00
    0.204832000000000E+04    0.529158827602396E+01    0.140283880304958E+00
    0.204834000000000E+04    0.531719962743136E+01    0.140278541912952E+00
    0.205462000000000E+04    0.789612094150471E+00    0.140515073466905E+00
    0.205464000000000E+04    0.815232798312991E+00    0.140520426478009E+00
    0.206090000000000E+04    0.255386054178871E+01    0.140436289165354E+00
    0.206092000000000E+04    0.257947794101756E+01    0.140433696112065E+00
    0.206718000000000E+04    0.431110885007865E+01    0.140031277708719E+00
    0.206720000000000E+04    0.433671012848981E+01    0.140032446655150E+00
    0.207346000000000E+04    0.607344326333759E+01    0.140939851225261E+00
    0.207348000000000E+04    0.609908082365109E+01    0.140937644197524E+00
    0.207974000000000E+04    0.154891869776066E+01    0.139942528130314E+00
    0.207976000000000E+04    0.157451642765864E+01    0.139944785618282E+00
    0.208602000000000E+04    0.330898051281338E+01    0.140687344123709E+00
    0.208604000000000E+04    0.333460803306207E+01    0.140688321808153E+00
    0.209232000000000E+04    0.509709970077574E+01    0.140095030443949E+00
    0.209234000000000E+04    0.512270343520731E+01    0.140090540779206E+00
    0.209860000000000E+04    0.570295795850143E+00    0.140721964083076E+00
    0.209862000000000E+04    0.595924768796067E+00    0.140726519444669E+00
    0.210488000000000E+04    0.233429934600053E+01    0.140262083532444E+00
    0.210490000000000E+04    0.235990975987443E+01    0.140259588889511E+00
    0.211116000000000E+04    0.409099942968078E+01    0.140174557188498E+00
    0.211118000000000E+04    0.411660648796624E+01    0.140176792789562E+00
    0.211744000000000E+04    0.585461967734136E+01    0.140811705028462E+00
    0.211746000000000E+04    0.588025207895225E+01    0.140807747976815E+00
    0.212372000000000E+04    0.132848606145899E+01    0.140027476818880E+00
    0.212374000000000E+04    0.135408724260378E+01    0.140031327188309E+00
    0.213000000000000E+04    0.309022139632270E+01    0.140709859117143E+00
    0.213002000000000E+04    0.311584976576796E+01    0.140709547512295E+00
    0.213630000000000E+04    0.487678806873464E+01    0.139973928300639E+00
    0.213632000000000E+04    0.490238710385620E+01    0.139970868893993E+00
    0.214258000000000E+04    0.351443178658883E+00    0.140886881191883E+00
    0.214260000000000E+04    0.377078714479012E+00    0.140889948055560E+00
    0.214886000000000E+04    0.211450561104539E+01    0.140102068525883E+00
    0.214888000000000E+04    0.214010956299171E+01    0.140100340808535E+00
    0.215514000000000E+04    0.387138957866682E+01    0.140348832196575E+00
    0.215516000000000E+04    0.389700356446838E+01    0.140351493824196E+00
    0.216142000000000E+04    0.563561568151135E+01    0.140622360883077E+00
    0.216144000000000E+04    0.566124051708675E+01    0.140617263752414E+00
    0.216770000000000E+04    0.110835286959536E+01    0.140182734201657E+00
    0.216772000000000E+04    0.113396021727749E+01    0.140187717839575E+00
    0.217400000000000E+04    0.289712637861294E+01    0.140651799460600E+00
    0.217402000000000E+04    0.292275240837353E+01    0.140650287026173E+00
    0.218028000000000E+04    0.465639604345051E+01    0.139931899693614E+00
    0.218030000000000E+04    0.468199329233312E+01    0.139930545429022E+00
    0.218656000000000E+04    0.132805913568973E+00    0.140977051398941E+00
    0.218658000000000E+04    0.158445036300236E+00    0.140978153416623E+00
    0.219284000000000E+04    0.189434747127825E+01    0.139982028311000E+00
    0.219286000000000E+04    0.191994673798854E+01    0.139981622312184E+00
    0.219912000000000E+04    0.365210927920634E+01    0.140516489333895E+00
    0.219914000000000E+04    0.367772994939560E+01    0.140518912067867E+00
