    0.000000000000000E+00    0.190000000000000E+01    0.160000000000000E+00
    0.200000000000000E-01    0.192639998795538E+01    0.159999460840152E+00
    0.630000000000000E+01    0.393468876491175E+01    0.160401146038186E+00
    0.632000000000000E+01    0.396110481491791E+01    0.160403779940139E+00
    0.125800000000000E+02    0.595224613203144E+01    0.161052411758578E+00
    0.126000000000000E+02    0.597868818717560E+01    0.161049098433868E+00
    0.188600000000000E+02    0.167960309956469E+01    0.159927616788339E+00
    0.188800000000000E+02    0.170600021636976E+01    0.159928883026352E+00
    0.251400000000000E+02    0.368950313035765E+01    0.160627039222057E+00
    0.251600000000000E+02    0.371592828722196E+01    0.160629554214746E+00
    0.314200000000000E+02    0.570772732258461E+01    0.160832831496773E+00
    0.314400000000000E+02    0.573416058449065E+01    0.160828029505888E+00
    0.377000000000000E+02    0.143272628200236E+01    0.159973334020547E+00
    0.377200000000000E+02    0.145912526818989E+01    0.159976426742135E+00
    0.440000000000000E+02    0.347135386102509E+01    0.160807974033941E+00
    0.440200000000000E+02    0.349778607895842E+01    0.160809692884180E+00
    0.502800000000000E+02    0.548899540480690E+01    0.160552116316394E+00
    0.503000000000000E+02    0.551541739030435E+01    0.160546645775292E+00
    0.565600000000000E+02    0.121241635218745E+01    0.160133775006632E+00
    0.565800000000000E+02    0.123882179217084E+01    0.160138365499712E+00
    0.628400000000000E+02    0.322707173283295E+01    0.160894127775872E+00
    0.628600000000000E+02    0.325350750096925E+01    0.160894584318149E+00
    0.691200000000000E+02    0.524314075725890E+01    0.160280341723550E+00
    0.691400000000000E+02    0.526955189352343E+01    0.160275135207699E+00
    0.754000000000000E+02    0.966158559922334E+00    0.160375793057431E+00
    0.754200000000000E+02    0.992573705687093E+00    0.160381180826049E+00
    0.817000000000000E+02    0.300934986676278E+01    0.160874112249605E+00
    0.817200000000000E+02    0.303578480896142E+01    0.160873190580780E+00
    0.879800000000000E+02    0.502311145537850E+01    0.160060321109266E+00
    0.880000000000000E+02    0.504951379530053E+01    0.160056231681883E+00
    0.942600000000000E+02    0.746988528975621E+00    0.160660838972203E+00
    0.942800000000000E+02    0.773414976852791E+00    0.160666100676860E+00
    0.100540000000000E+03    0.276496685983869E+01    0.160748748145820E+00
    0.100560000000000E+03    0.279139675454547E+01    0.160746724986777E+00
    0.106820000000000E+03    0.477626925693849E+01    0.159940927155019E+00
    0.106840000000000E+03    0.480266683127076E+01    0.159938501897083E+00
    0.113100000000000E+03    0.502030695516964E+00    0.160920274533511E+00
    0.113120000000000E+03    0.528467666199504E+00    0.160924560680133E+00
    0.119400000000000E+03    0.254656621964182E+01    0.160546339892472E+00
    0.119420000000000E+03    0.257298796929916E+01    0.160543742390399E+00
    0.125680000000000E+03    0.455574014642769E+01    0.159938078727736E+00
    0.125700000000000E+03    0.458213766620361E+01    0.159937548104257E+00
    0.131960000000000E+03    0.284101302226077E+00    0.161112608698936E+00
    0.131980000000000E+03    0.310545857750043E+00    0.161115104709927E+00
    0.138240000000000E+03    0.230111375305893E+01    0.160313340178485E+00
    0.138260000000000E+03    0.232752622645140E+01    0.160310908093510E+00
    0.144520000000000E+03    0.430902299398255E+01    0.160049700916878E+00
    0.144540000000000E+03    0.433542496980547E+01    0.160050828814114E+00
    0.150800000000000E+03    0.400571120084408E-01    0.161192610862547E+00
    0.150820000000000E+03    0.665048990363459E-01    0.161192924116301E+00
    0.157080000000000E+03    0.205504317399274E+01    0.160102666109190E+00
    0.157100000000000E+03    0.208144721997158E+01    0.160101157165003E+00
    0.163380000000000E+03    0.408918303133953E+01    0.160246339296122E+00
    0.163400000000000E+03    0.411559294734127E+01    0.160248624210203E+00
    0.169660000000000E+03    0.610570629147830E+01    0.161147550820620E+00
    0.169680000000000E+03    0.613215215516703E+01    0.161145570369130E+00
    0.175940000000000E+03    0.183484281671514E+01    0.159961967256838E+00
    0.175960000000000E+03    0.186124129287575E+01    0.159962025458844E+00
    0.182220000000000E+03    0.384355441152096E+01    0.160478429446369E+00
    0.182240000000000E+03    0.386997359321001E+01    0.160481097431725E+00
    0.188500000000000E+03    0.586145953512107E+01    0.160987153282838E+00
    0.188520000000000E+03    0.588789900551461E+01    0.160983275231432E+00
    0.194780000000000E+03    0.158796215843086E+01    0.159928382841643E+00
    0.194800000000000E+03    0.161435927825306E+01    0.159930272105437E+00
    0.201080000000000E+03    0.362499370034919E+01    0.160696774145275E+00
    0.201100000000000E+03    0.365142162730672E+01    0.160699085510179E+00
    0.207360000000000E+03    0.564314427785899E+01    0.160738130525144E+00
    0.207380000000000E+03    0.566957371837140E+01    0.160732991432417E+00
    0.213640000000000E+03    0.136747637110454E+01    0.160016649088982E+00
    0.213660000000000E+03    0.139387709937432E+01    0.160020317461155E+00
    0.219920000000000E+03    0.338051405637822E+01    0.160846917226667E+00
    0.219940000000000E+03    0.340694794716018E+01    0.160848230646416E+00
    0.226200000000000E+03    0.539774331882694E+01    0.160459037331427E+00
    0.226220000000000E+03    0.542416163511263E+01    0.160453552941061E+00
    0.232480000000000E+03    0.112088720026043E+01    0.160207175592082E+00
    0.232500000000000E+03    0.114729557529091E+01    0.160212123198545E+00
    0.238780000000000E+03    0.316275238359890E+01    0.160900131208125E+00
    0.238800000000000E+03    0.318918836619753E+01    0.160900108341064E+00
    0.245060000000000E+03    0.517807153235839E+01    0.160194671308030E+00
    0.245080000000000E+03    0.520447922731768E+01    0.160189766018257E+00
    0.251340000000000E+03    0.901256392736741E+00    0.160473071483461E+00
    0.251360000000000E+03    0.927675413737177E+00    0.160478523679775E+00
    0.257620000000000E+03    0.291853410488176E+01    0.160842269549796E+00
    0.257640000000000E+03    0.294496776586737E+01    0.160840933657927E+00
    0.263900000000000E+03    0.493146260832884E+01    0.160007789179096E+00
    0.263920000000000E+03    0.495786286690583E+01    0.160004213857993E+00
    0.270180000000000E+03    0.655862782639986E+00    0.160751554534313E+00
    0.270200000000000E+03    0.682293021059877E+00    0.160756600956914E+00
    0.276480000000000E+03    0.270046704133154E+01    0.160685983670943E+00
    0.276500000000000E+03    0.272689442973552E+01    0.160683678231398E+00
    0.282760000000000E+03    0.471096996940850E+01    0.159925883253005E+00
    0.282780000000000E+03    0.473736698719114E+01    0.159924110604834E+00
    0.289040000000000E+03    0.437576687260503E+00    0.160997488900704E+00
    0.289060000000000E+03    0.464016674256243E+00    0.161001228713765E+00
    0.295320000000000E+03    0.245542975664085E+01    0.160468663380794E+00
    0.295340000000000E+03    0.248184841917663E+01    0.160466025960019E+00
    0.301600000000000E+03    0.446406958312582E+01    0.159964381826100E+00
    0.301620000000000E+03    0.449046818902616E+01    0.159964449213417E+00
    0.307880000000000E+03    0.193344084902833E+00    0.161153026783798E+00
    0.307900000000000E+03    0.219790263706102E+00    0.161154831518689E+00
    0.314160000000000E+03    0.220977632210509E+01    0.160237954798556E+00
    0.314180000000000E+03    0.223618577169572E+01    0.160235749680702E+00
    0.320460000000000E+03    0.424390353249413E+01    0.160109865728887E+00
    0.320480000000000E+03    0.427030796730674E+01    0.160111472450667E+00
    0.326740000000000E+03    0.625900388557909E+01    0.161192366157857E+00
    0.326760000000000E+03    0.226611014124956E-02    0.161191859709962E+00
    0.333020000000000E+03    0.198991636204636E+01    0.160044218986470E+00
    0.333040000000000E+03    0.201631809838739E+01    0.160043195563894E+00
    0.339300000000000E+03    0.399786790956881E+01    0.160323605063648E+00
    0.339320000000000E+03    0.402428083502565E+01    0.160326099902472E+00
    0.345580000000000E+03    0.601495399185211E+01    0.161105606032710E+00
    0.345600000000000E+03    0.604139818919435E+01    0.161102937493896E+00
    0.351860000000000E+03    0.174318627171522E+01    0.159937464118169E+00
    0.351880000000000E+03    0.176958375152014E+01    0.159938116453869E+00
    0.358160000000000E+03    0.377887134306218E+01    0.160558359465987E+00
    0.358180000000000E+03    0.380529374910105E+01    0.160561002279775E+00
    0.364440000000000E+03    0.579700224451022E+01    0.160908414441459E+00
    0.364460000000000E+03    0.582343850337725E+01    0.160904002049588E+00
    0.370720000000000E+03    0.152266368382220E+01    0.159945770435977E+00
    0.370740000000000E+03    0.154906155696688E+01    0.159948307274992E+00
    0.377000000000000E+03    0.353407220533535E+01    0.160756117105857E+00
    0.377020000000000E+03    0.356050248041902E+01    0.160758139583499E+00
    0.383280000000000E+03    0.555203874486557E+01    0.160646410051523E+00
    0.383300000000000E+03    0.557846458082804E+01    0.160641058564584E+00
    0.389560000000000E+03    0.127584048429344E+01    0.160069473936367E+00
    0.389580000000000E+03    0.130224320614900E+01    0.160073631301805E+00
    0.395860000000000E+03    0.331614053437204E+01    0.160877486056827E+00
    0.395880000000000E+03    0.334257567673365E+01    0.160878390749016E+00
    0.402140000000000E+03    0.533280486128467E+01    0.160362398432064E+00
    0.402160000000000E+03    0.535921926283470E+01    0.160357011240866E+00
    0.408420000000000E+03    0.105583546244884E+01    0.160294818884249E+00
    0.408440000000000E+03    0.108224735447845E+01    0.160300039299469E+00
    0.414700000000000E+03    0.307199092600410E+01    0.160893003394205E+00
    0.414720000000000E+03    0.309842661530558E+01    0.160892516538162E+00
    0.420980000000000E+03    0.508655788085264E+01    0.160123297246377E+00
    0.421000000000000E+03    0.511296276694816E+01    0.160118761563631E+00
    0.427260000000000E+03    0.810014546742536E+00    0.160566835797484E+00
    0.427280000000000E+03    0.836437291676248E+00    0.160572253965311E+00
    0.433540000000000E+03    0.282772387640978E+01    0.160801033706299E+00
    0.433560000000000E+03    0.285415588769547E+01    0.160799320316367E+00
    0.439840000000000E+03    0.486623100577344E+01    0.159966502624442E+00
    0.439860000000000E+03    0.489262962148052E+01    0.159963513199663E+00
    0.446120000000000E+03    0.591334836719625E+00    0.160845769792241E+00
    0.446140000000000E+03    0.617768765721394E+00    0.160850455835960E+00
    0.452400000000000E+03    0.260954043619120E+01    0.160618922455915E+00
    0.452420000000000E+03    0.263596512910078E+01    0.160616428676135E+00
    0.458680000000000E+03    0.461936013030265E+01    0.159927439531492E+00
    0.458700000000000E+03    0.464575721951360E+01    0.159926294972777E+00
    0.464960000000000E+03    0.346827754188666E+00    0.161061543464104E+00
    0.464980000000000E+03    0.373270299364890E+00    0.161064699129457E+00
    0.471240000000000E+03    0.236433963204354E+01    0.160390929345538E+00
    0.471260000000000E+03    0.239075520268705E+01    0.160388346917761E+00
    0.477540000000000E+03    0.439896848072340E+01    0.160004232105571E+00
    0.477560000000000E+03    0.442536868176705E+01    0.160004886684477E+00
    0.483820000000000E+03    0.129204821591543E+00    0.161182465134948E+00
    0.483840000000000E+03    0.155652159191391E+00    0.161183481549656E+00
    0.490100000000000E+03    0.214491874764337E+01    0.160165359835548E+00
    0.490120000000000E+03    0.217132531030029E+01    0.160163486693927E+00
    0.496380000000000E+03    0.415260271235218E+01    0.160177620899742E+00
    0.496400000000000E+03    0.417900979287890E+01    0.160179600633751E+00
    0.502660000000000E+03    0.616845505302570E+01    0.161177546255059E+00
    0.502680000000000E+03    0.619490216116958E+01    0.161176297641453E+00
    0.508940000000000E+03    0.189850601357023E+01    0.159997924061932E+00
    0.508960000000000E+03    0.192490589258637E+01    0.159997415931228E+00
    0.515240000000000E+03    0.393321050838233E+01    0.160405464263328E+00
    0.515260000000000E+03    0.395962680347236E+01    0.160408110201398E+00
    0.521520000000000E+03    0.595081025546995E+01    0.161049538581497E+00
    0.521540000000000E+03    0.597725218051585E+01    0.161046191719876E+00
    0.527800000000000E+03    0.167812192922327E+01    0.159928142346957E+00
    0.527820000000000E+03    0.170451907079394E+01    0.159929446411580E+00
    0.534080000000000E+03    0.368806254120500E+01    0.160631614998969E+00
    0.534100000000000E+03    0.371448785055293E+01    0.160634112419741E+00
    0.540360000000000E+03    0.570628474880959E+01    0.160827756016118E+00
    0.540380000000000E+03    0.573271783967823E+01    0.160822939988537E+00
    0.546640000000000E+03    0.143123635876429E+01    0.159975320991003E+00
    0.546660000000000E+03    0.145763528682005E+01    0.159978438735989E+00
    0.552940000000000E+03    0.346989003534111E+01    0.160809368950193E+00
    0.552960000000000E+03    0.349632244202803E+01    0.160811050800367E+00
    0.559220000000000E+03    0.548753405376874E+01    0.160547520274925E+00
    0.559240000000000E+03    0.551395590303525E+01    0.160542043398946E+00
    0.565500000000000E+03    0.121093747416137E+01    0.160138320771551E+00
    0.565520000000000E+03    0.123734308458450E+01    0.160142935830016E+00
    0.571780000000000E+03    0.322566820864756E+01    0.160896382558529E+00
    0.571800000000000E+03    0.325210405737084E+01    0.160896800552479E+00
    0.578060000000000E+03    0.524170831716685E+01    0.160276192016498E+00
    0.578080000000000E+03    0.526811926387563E+01    0.160271007362459E+00
    0.584340000000000E+03    0.964751523390419E+00    0.160381944666253E+00
    0.584360000000000E+03    0.991166905248974E+00    0.160387337432624E+00
    0.590620000000000E+03    0.298152197985871E+01    0.160873266606320E+00
    0.590640000000000E+03    0.300795687038112E+01    0.160872329600795E+00
    0.596920000000000E+03    0.502167992956606E+01    0.160056666587723E+00
    0.596940000000000E+03    0.504808213998967E+01    0.160052598589501E+00
    0.603200000000000E+03    0.745569651087067E+00    0.160665301710348E+00
    0.603220000000000E+03    0.771996367510837E+00    0.160670574001022E+00
    0.609480000000000E+03    0.276357726389847E+01    0.160746549177848E+00
    0.609500000000000E+03    0.279000708375963E+01    0.160744491451293E+00
    0.615760000000000E+03    0.477484278743862E+01    0.159940138890849E+00
    0.615780000000000E+03    0.480124036141228E+01    0.159937749592540E+00
    0.622040000000000E+03    0.500671841151075E+00    0.160926045412132E+00
    0.622060000000000E+03    0.527108974640782E+00    0.160930305373870E+00
    0.628320000000000E+03    0.251877264128029E+01    0.160545136380464E+00
    0.628340000000000E+03    0.254519438570912E+01    0.160542524053618E+00
    0.634620000000000E+03    0.455435917805880E+01    0.159940255530948E+00
    0.634640000000000E+03    0.458075677035924E+01    0.159939759884790E+00
    0.640900000000000E+03    0.282761961798428E+00    0.161115827168966E+00
    0.640920000000000E+03    0.309206669200194E+00    0.161118287277603E+00
    0.647180000000000E+03    0.229975540332691E+01    0.160309960885207E+00
    0.647200000000000E+03    0.232616772992674E+01    0.160307539666694E+00
    0.653460000000000E+03    0.430765708571425E+01    0.160052807664471E+00
    0.653480000000000E+03    0.433405924979866E+01    0.160053966953139E+00
    0.659740000000000E+03    0.387585971860744E-01    0.161194679375109E+00
    0.659760000000000E+03    0.652064048442753E-01    0.161194945580946E+00
    0.666020000000000E+03    0.205370184028516E+01    0.160100433274565E+00
    0.666040000000000E+03    0.208010581745395E+01    0.160098949296233E+00
    0.672320000000000E+03    0.408787095948242E+01    0.160251936779335E+00
    0.672340000000000E+03    0.411428102755531E+01    0.160254233372836E+00
    0.678600000000000E+03    0.610443408877290E+01    0.161146596161312E+00
    0.678620000000000E+03    0.613087995240960E+01    0.161144572600278E+00
    0.684880000000000E+03    0.183353833381898E+01    0.159961792801319E+00
    0.684900000000000E+03    0.185993676939108E+01    0.159961879148615E+00
    0.691160000000000E+03    0.384228728197297E+01    0.160483836253175E+00
    0.691180000000000E+03    0.386870669834093E+01    0.160486512174512E+00
    0.697440000000000E+03    0.586021649443705E+01    0.160983951059311E+00
    0.697460000000000E+03    0.588665578815267E+01    0.160980040010378E+00
    0.703720000000000E+03    0.158667671133219E+01    0.159929936349398E+00
    0.703740000000000E+03    0.161307394134121E+01    0.159931863972273E+00
    0.710000000000000E+03    0.359733087149220E+01    0.160698305933827E+00
    0.710020000000000E+03    0.362375884187225E+01    0.160700591097128E+00
    0.716300000000000E+03    0.564192003199685E+01    0.160734354530667E+00
    0.716320000000000E+03    0.566834938945692E+01    0.160729201739825E+00
    0.722580000000000E+03    0.136621693387997E+01    0.160020341208169E+00
    0.722600000000000E+03    0.139261764882883E+01    0.160024027936456E+00
    0.728860000000000E+03    0.337928771892246E+01    0.160848692954098E+00
    0.728880000000000E+03    0.340572169091399E+01    0.160849981263606E+00
    0.735140000000000E+03    0.539649374393719E+01    0.160453044323854E+00
    0.735160000000000E+03    0.542291191490892E+01    0.160447573479961E+00
    0.741420000000000E+03    0.111964899693078E+01    0.160211395501345E+00
    0.741440000000000E+03    0.114605751436852E+01    0.160216353309640E+00
    0.747700000000000E+03    0.313510543783741E+01    0.160899517519633E+00
    0.747720000000000E+03    0.316154139049468E+01    0.160899468291953E+00
    0.754000000000000E+03    0.517681563031942E+01    0.160189495808745E+00
    0.754020000000000E+03    0.520322311544180E+01    0.160184606696702E+00
    0.760280000000000E+03    0.900000408506116E+00    0.160477518173139E+00
    0.760300000000000E+03    0.926419622661456E+00    0.160482973340112E+00
    0.766560000000000E+03    0.291729235480545E+01    0.160839044796159E+00
    0.766580000000000E+03    0.294372585735789E+01    0.160837678464860E+00
    0.772840000000000E+03    0.493016769179178E+01    0.160004425716588E+00
    0.772860000000000E+03    0.495656791955639E+01    0.160000881656857E+00
    0.779120000000000E+03    0.654600481088210E+00    0.160756272131167E+00
    0.779140000000000E+03    0.681030763931858E+00    0.160761285458668E+00
    0.785400000000000E+03    0.267273834064918E+01    0.160682912955213E+00
    0.785420000000000E+03    0.269916557007764E+01    0.160680595633546E+00
    0.791700000000000E+03    0.470959594893270E+01    0.159922648235383E+00
    0.791720000000000E+03    0.473599283019234E+01    0.159920910488541E+00
    0.797980000000000E+03    0.436233406900556E+00    0.160999415742266E+00
    0.798000000000000E+03    0.462673462277962E+00    0.161003119386539E+00
    0.804260000000000E+03    0.245404152362676E+01    0.160462165098829E+00
    0.804280000000000E+03    0.248045994091922E+01    0.160459528459268E+00
    0.810540000000000E+03    0.446263559032036E+01    0.159964238443552E+00
    0.810560000000000E+03    0.448903412144364E+01    0.159964335317872E+00
    0.816820000000000E+03    0.191924021580689E+00    0.161152053740770E+00
    0.816840000000000E+03    0.218370296194053E+00    0.161153802758653E+00
    0.823100000000000E+03    0.220831282246331E+01    0.160232252415081E+00
    0.823120000000000E+03    0.223472204628956E+01    0.160230067244263E+00
    0.829400000000000E+03    0.424241300960261E+01    0.160111723526605E+00
    0.829420000000000E+03    0.426881751212545E+01    0.160113354397606E+00
    0.835680000000000E+03    0.625753471871258E+01    0.161189712611490E+00
    0.835700000000000E+03    0.796832261130476E-03    0.161189156517289E+00
    0.841960000000000E+03    0.198837011065893E+01    0.160039276486409E+00
    0.841980000000000E+03    0.201477165255415E+01    0.160038283112706E+00
    0.848240000000000E+03    0.399631048665970E+01    0.160325876526795E+00
    0.848260000000000E+03    0.402272351245006E+01    0.160328381743853E+00
    0.854520000000000E+03    0.601340448793644E+01    0.161100667757064E+00
    0.854540000000000E+03    0.603984849115022E+01    0.161097958344407E+00
    0.860800000000000E+03    0.174155849935642E+01    0.159934663618969E+00
    0.860820000000000E+03    0.176795586224580E+01    0.159935352340164E+00
    0.867080000000000E+03    0.375083116992778E+01    0.160557556493347E+00
    0.867100000000000E+03    0.377725355738971E+01    0.160560184094708E+00
    0.873380000000000E+03    0.579537654453020E+01    0.160902285939801E+00
    0.873400000000000E+03    0.582181255720820E+01    0.160897846938154E+00
    0.879660000000000E+03    0.152097539049305E+01    0.159945980528746E+00
    0.879680000000000E+03    0.154737328027727E+01    0.159948554580039E+00
    0.885940000000000E+03    0.353241573276455E+01    0.160758158545909E+00
    0.885960000000000E+03    0.355884608866040E+01    0.160760163216132E+00
    0.892220000000000E+03    0.555035054022687E+01    0.160639148565123E+00
    0.892240000000000E+03    0.557677609137795E+01    0.160633791475629E+00
    0.898500000000000E+03    0.127412850982819E+01    0.160072070399729E+00
    0.898520000000000E+03    0.130053143074201E+01    0.160076260041737E+00
    0.904780000000000E+03    0.328803099312267E+01    0.160877046728341E+00
    0.904800000000000E+03    0.331446607394355E+01    0.160877898724097E+00
    0.911080000000000E+03    0.533106894696039E+01    0.160354751610251E+00
    0.911100000000000E+03    0.535748303680202E+01    0.160349373388274E+00
    0.917360000000000E+03    0.105406854503190E+01    0.160297879097136E+00
    0.917380000000000E+03    0.108048056107191E+01    0.160303111483487E+00
    0.923640000000000E+03    0.307023570064166E+01    0.160890010321126E+00
    0.923660000000000E+03    0.309667127316038E+01    0.160889499839146E+00
    0.929920000000000E+03    0.508472674041809E+01    0.160116719902555E+00
    0.929940000000000E+03    0.511113134398556E+01    0.160112210389162E+00
    0.936200000000000E+03    0.808182121365462E+00    0.160570854319791E+00
    0.936220000000000E+03    0.834605058775423E+00    0.160576275469712E+00
    0.942480000000000E+03    0.282588116787338E+01    0.160795271017773E+00
    0.942500000000000E+03    0.285231291668288E+01    0.160793523877777E+00
    0.948780000000000E+03    0.486429511102074E+01    0.159961075802033E+00
    0.948800000000000E+03    0.489069351052012E+01    0.159958123873509E+00
    0.955060000000000E+03    0.589402248173883E+00    0.160847771639343E+00
    0.955080000000000E+03    0.615836251688052E+00    0.160852428549176E+00
    0.961340000000000E+03    0.260756456966442E+01    0.160611317678856E+00
    0.961360000000000E+03    0.263398895510591E+01    0.160608806111575E+00
    0.967620000000000E+03    0.461729846418780E+01    0.159924441974494E+00
    0.967640000000000E+03    0.464369539382847E+01    0.159923336029981E+00
    0.973900000000000E+03    0.344798105099471E+00    0.161062284896234E+00
    0.973920000000000E+03    0.371240771988596E+00    0.161065391309796E+00
    0.980180000000000E+03    0.236226047997593E+01    0.160383264976611E+00
    0.980200000000000E+03    0.238867575521999E+01    0.160380688884171E+00
    0.986480000000000E+03    0.439683368129931E+01    0.160004881655105E+00
    0.986500000000000E+03    0.442323382497489E+01    0.160005575262836E+00
    0.992760000000000E+03    0.127040634107288E+00    0.161178938677072E+00
    0.992780000000000E+03    0.153487817270616E+00    0.161179910121201E+00
    0.999040000000000E+03    0.214265288788579E+01    0.160156612666314E+00
    0.999060000000000E+03    0.216905911353001E+01    0.160154766140167E+00
    0.100532000000000E+04    0.415028882944102E+01    0.160177517792325E+00
    0.100534000000000E+04    0.417669602934507E+01    0.160179528001520E+00
    0.101160000000000E+04    0.616616941596817E+01    0.161173352687319E+00
    0.101162000000000E+04    0.619261637804925E+01    0.161172042204452E+00
    0.101788000000000E+04    0.189611133721269E+01    0.159991435538098E+00
    0.101790000000000E+04    0.192251096923201E+01    0.159990965417165E+00
    0.102416000000000E+04    0.390438630245399E+01    0.160404649688950E+00
    0.102418000000000E+04    0.393080246298337E+01    0.160407280309362E+00
    0.103046000000000E+04    0.594836040568589E+01    0.161040909166711E+00
    0.103048000000000E+04    0.597480197564209E+01    0.161037517871405E+00
    0.103674000000000E+04    0.167555528359276E+01    0.159923480881448E+00
    0.103676000000000E+04    0.170195224677877E+01    0.159924828601582E+00
    0.104302000000000E+04    0.368549107208582E+01    0.160632328784374E+00
    0.104304000000000E+04    0.371191641417659E+01    0.160634818659812E+00
    0.104930000000000E+04    0.570366239664395E+01    0.160816995781116E+00
    0.104932000000000E+04    0.573009504470451E+01    0.160812141006130E+00
    0.105558000000000E+04    0.142851371345910E+01    0.159973600156845E+00
    0.105560000000000E+04    0.145491270476077E+01    0.159976767528871E+00
    0.106186000000000E+04    0.344076513777691E+01    0.160807388947032E+00
    0.106188000000000E+04    0.346719744770826E+01    0.160809045747343E+00
    0.106816000000000E+04    0.548475891258272E+01    0.160536341123729E+00
    0.106818000000000E+04    0.551118028313158E+01    0.160530860349421E+00
    0.107444000000000E+04    0.120810258740767E+01    0.160140500738286E+00
    0.107446000000000E+04    0.123450829024887E+01    0.160145140333808E+00
    0.108072000000000E+04    0.322282324100729E+01    0.160892671418478E+00
    0.108074000000000E+04    0.324925895389879E+01    0.160893073516188E+00
    0.108700000000000E+04    0.523876526524987E+01    0.160265898253033E+00
    0.108702000000000E+04    0.526517579873962E+01    0.160260731305844E+00
    0.109328000000000E+04    0.961760273915615E+00    0.160385207392983E+00
    0.109330000000000E+04    0.988175818122045E+00    0.160390606365513E+00
    0.109956000000000E+04    0.297854476849557E+01    0.160868251345936E+00
    0.109958000000000E+04    0.300497944317385E+01    0.160867280669289E+00
    0.110586000000000E+04    0.501858346580070E+01    0.160048301390441E+00
    0.110588000000000E+04    0.504498533952915E+01    0.160044274965673E+00
    0.111214000000000E+04    0.742495945856945E+00    0.160670310437982E+00
    0.111216000000000E+04    0.768922861175952E+00    0.160675563553868E+00
    0.111842000000000E+04    0.276047554130650E+01    0.160738666875480E+00
    0.111844000000000E+04    0.278690503174289E+01    0.160736586188148E+00
    0.112470000000000E+04    0.477163867512604E+01    0.159934871625072E+00
    0.112472000000000E+04    0.479803601588242E+01    0.159932530245834E+00
    0.113098000000000E+04    0.497469859450348E+00    0.160927772893801E+00
    0.113100000000000E+04    0.523907145244721E+00    0.160931988920402E+00
    0.113726000000000E+04    0.251552069381955E+01    0.160536033517561E+00
    0.113728000000000E+04    0.254194199919039E+01    0.160533429113739E+00
    0.114354000000000E+04    0.452459719762624E+01    0.159937055354128E+00
    0.114356000000000E+04    0.455099467041464E+01    0.159936576484004E+00
    0.114984000000000E+04    0.279428504911721E+00    0.161114772832769E+00
    0.114986000000000E+04    0.305873152064805E+00    0.161117170826307E+00
    0.115612000000000E+04    0.229630770036488E+01    0.160298547941141E+00
    0.115614000000000E+04    0.232271957931925E+01    0.160296142323674E+00
    0.116240000000000E+04    0.430413072803708E+01    0.160052747292444E+00
    0.116242000000000E+04    0.433053281052867E+01    0.160053944685557E+00
    0.116868000000000E+04    0.352292412471797E-01    0.161188368560697E+00
    0.116870000000000E+04    0.616769800183192E-01    0.161188552062513E+00
    0.117496000000000E+04    0.205006892967481E+01    0.160091319595967E+00
    0.117498000000000E+04    0.207647254147651E+01    0.160089877566674E+00
    0.118124000000000E+04    0.405778421497985E+01    0.160251442624424E+00
    0.118126000000000E+04    0.408419431891502E+01    0.160253738460384E+00
    0.118754000000000E+04    0.610076739156102E+01    0.161139293915046E+00
    0.118756000000000E+04    0.612721296376117E+01    0.161137200104515E+00
    0.119382000000000E+04    0.182972718524115E+01    0.159954537466053E+00
    0.119384000000000E+04    0.185612535789232E+01    0.159954675951600E+00
    0.120010000000000E+04    0.383847261486471E+01    0.160486192517197E+00
    0.120012000000000E+04    0.386489201871859E+01    0.160488872924202E+00
    0.120638000000000E+04    0.585633942590107E+01    0.160971866410468E+00
    0.120640000000000E+04    0.588277823519661E+01    0.160967904486574E+00
    0.121266000000000E+04    0.158265541512560E+01    0.159925215966721E+00
    0.121268000000000E+04    0.160905245854156E+01    0.159927197800850E+00
    0.121894000000000E+04    0.359330842058785E+01    0.160698356638948E+00
    0.121896000000000E+04    0.361973640961492E+01    0.160700630446327E+00
    0.122524000000000E+04    0.563782077775204E+01    0.160720364349428E+00
    0.122526000000000E+04    0.566424955075331E+01    0.160715172463545E+00
    0.123152000000000E+04    0.136200382089623E+01    0.160019102893788E+00
    0.123154000000000E+04    0.138840464640998E+01    0.160022846856927E+00
    0.123780000000000E+04    0.337511633593886E+01    0.160847707269987E+00
    0.123782000000000E+04    0.340155024242563E+01    0.160848962843043E+00
    0.124408000000000E+04    0.539220379983135E+01    0.160439865285247E+00
    0.124410000000000E+04    0.541862131305197E+01    0.160434394213859E+00
    0.125036000000000E+04    0.111527891112837E+01    0.160215049180230E+00
    0.125038000000000E+04    0.114168760014672E+01    0.160220039732300E+00
    0.125664000000000E+04    0.313075347375275E+01    0.160895510857713E+00
    0.125666000000000E+04    0.315718929435388E+01    0.160895434592746E+00
    0.126294000000000E+04    0.517235299313734E+01    0.160178573599703E+00
    0.126296000000000E+04    0.519876005777837E+01    0.160173719836975E+00
    0.126922000000000E+04    0.895511315708745E+00    0.160482944549574E+00
    0.126924000000000E+04    0.921930786897519E+00    0.160488397534096E+00
    0.127550000000000E+04    0.291281220752057E+01    0.160832375947995E+00
    0.127552000000000E+04    0.293924543062985E+01    0.160830975930501E+00
    0.128178000000000E+04    0.492554894175100E+01    0.159995828876255E+00
    0.128180000000000E+04    0.495194873468563E+01    0.159992334922748E+00
    0.128806000000000E+04    0.650001574782209E+00    0.160761561784095E+00
    0.128808000000000E+04    0.676432134843026E+00    0.160766562478089E+00
    0.129434000000000E+04    0.266812159512438E+01    0.160674112763494E+00
    0.129436000000000E+04    0.269454848207624E+01    0.160671772221614E+00
    0.130062000000000E+04    0.467848950750681E+01    0.159921262764206E+00
    0.130064000000000E+04    0.470488630790487E+01    0.159919555101033E+00
    0.130692000000000E+04    0.431569273591094E+00    0.161003263927612E+00
    0.130694000000000E+04    0.458009533250106E+00    0.161006912290399E+00
    0.131320000000000E+04    0.244931086593556E+01    0.160453198606516E+00
    0.131322000000000E+04    0.247572878273900E+01    0.160450579371085E+00
    0.131948000000000E+04    0.445778963719704E+01    0.159962379077555E+00
    0.131950000000000E+04    0.448418809206419E+01    0.159962531220731E+00
    0.132576000000000E+04    0.187107856366083E+00    0.161151703510979E+00
    0.132578000000000E+04    0.213553973604576E+00    0.161153391574360E+00
    0.133204000000000E+04    0.220333433821429E+01    0.160220647640085E+00
    0.133206000000000E+04    0.222974298261101E+01    0.160218484220212E+00
    0.133832000000000E+04    0.421092669850577E+01    0.160110576260615E+00
    0.133834000000000E+04    0.423733115509799E+01    0.160112222066103E+00
    0.134462000000000E+04    0.625245993587077E+01    0.161182627644338E+00
    0.134464000000000E+04    0.627890724888152E+01    0.161181997302933E+00
    0.135090000000000E+04    0.198313079525565E+01    0.160028096601787E+00
    0.135092000000000E+04    0.200953189106690E+01    0.160027160011088E+00
    0.135718000000000E+04    0.399102125563400E+01    0.160327567753443E+00
    0.135720000000000E+04    0.401743440531254E+01    0.160330091485864E+00
    0.136346000000000E+04    0.600810533104755E+01    0.161089643714107E+00
    0.136348000000000E+04    0.603454890735270E+01    0.161086862458316E+00
    0.136974000000000E+04    0.173607739189970E+01    0.159927583133543E+00
    0.136976000000000E+04    0.176247437733787E+01    0.159928336084442E+00
    0.137602000000000E+04    0.374531735584969E+01    0.160559051985694E+00
    0.137604000000000E+04    0.377173977420057E+01    0.160561663579951E+00
    0.138232000000000E+04    0.578978291945032E+01    0.160885325851401E+00
    0.138234000000000E+04    0.581621830436939E+01    0.160880828059263E+00
    0.138860000000000E+04    0.151521130030483E+01    0.159941929927393E+00
    0.138862000000000E+04    0.154160900737656E+01    0.159944569725982E+00
    0.139488000000000E+04    0.352664681469150E+01    0.160756642564156E+00
    0.139490000000000E+04    0.355307711071237E+01    0.160758614797306E+00
    0.140116000000000E+04    0.554445581500386E+01    0.160620698520930E+00
    0.140118000000000E+04    0.557088061155150E+01    0.160615313042510E+00
    0.140744000000000E+04    0.126806731866759E+01    0.160071286859825E+00
    0.140746000000000E+04    0.129447019566896E+01    0.160075530798456E+00
    0.141372000000000E+04    0.328196919607399E+01    0.160871843577462E+00
    0.141374000000000E+04    0.330840407153187E+01    0.160872646826931E+00
    0.142000000000000E+04    0.529842555655932E+01    0.160341802343415E+00
    0.142002000000000E+04    0.532483912957082E+01    0.160336446502448E+00
    0.142630000000000E+04    0.104773892002822E+01    0.160300664722307E+00
    0.142632000000000E+04    0.107415104077313E+01    0.160305919110305E+00
    0.143258000000000E+04    0.306388727170292E+01    0.160880689233577E+00
    0.143260000000000E+04    0.309032248258222E+01    0.160880132626319E+00
    0.143886000000000E+04    0.507818466571348E+01    0.160100726219671E+00
    0.143888000000000E+04    0.510458862586415E+01    0.160096274713145E+00
    0.144514000000000E+04    0.801598141774093E+00    0.160575335574533E+00
    0.144516000000000E+04    0.828021308908319E+00    0.160580738232104E+00
    0.145142000000000E+04    0.281926433323406E+01    0.160782344238980E+00
    0.145144000000000E+04    0.284569558548060E+01    0.160780552469858E+00
    0.145770000000000E+04    0.483109576799961E+01    0.159953579952996E+00
    0.145772000000000E+04    0.485749386058114E+01    0.159950677585097E+00
    0.146400000000000E+04    0.582597326257201E+00    0.160851303734772E+00
    0.146402000000000E+04    0.609031484045317E+00    0.160855910766842E+00
    0.147028000000000E+04    0.260067080839713E+01    0.160595335202478E+00
    0.147030000000000E+04    0.262709456217794E+01    0.160592810190646E+00
    0.147656000000000E+04    0.461023884154156E+01    0.159917852679569E+00
    0.147658000000000E+04    0.463663561323551E+01    0.159916832425971E+00
    0.148284000000000E+04    0.337796454127329E+00    0.161064748624981E+00
    0.148286000000000E+04    0.364239110862400E+00    0.161067775149786E+00
    0.148912000000000E+04    0.235511105775299E+01    0.160367345133553E+00
    0.148914000000000E+04    0.238152568749319E+01    0.160364786861916E+00
    0.149540000000000E+04    0.436316602402508E+01    0.160003817436295E+00
    0.149542000000000E+04    0.438956615516940E+01    0.160004543153667E+00
    0.150170000000000E+04    0.119863707163859E+00    0.161176820211567E+00
    0.150172000000000E+04    0.146310869061608E+00    0.161177685703822E+00
    0.150798000000000E+04    0.213533119611839E+01    0.160143756029656E+00
    0.150800000000000E+04    0.216173688121489E+01    0.160141958489373E+00
    0.151426000000000E+04    0.414290582337662E+01    0.160182454708703E+00
    0.151428000000000E+04    0.416931318221168E+01    0.160184506523075E+00
    0.152054000000000E+04    0.615881097612464E+01    0.161164284004272E+00
    0.152056000000000E+04    0.618525752447340E+01    0.161162883549160E+00
    0.152682000000000E+04    0.188857055157473E+01    0.159981654997325E+00
    0.152684000000000E+04    0.191496980177772E+01    0.159981264735324E+00
    0.153310000000000E+04    0.389683491783535E+01    0.160410082136244E+00
    0.153312000000000E+04    0.392325136862587E+01    0.160412718857323E+00
    0.153940000000000E+04    0.594082711667738E+01    0.161028466043424E+00
    0.153942000000000E+04    0.596726824107941E+01    0.161024992034447E+00
    0.154568000000000E+04    0.166784218526072E+01    0.159920390111824E+00
    0.154570000000000E+04    0.169423887814446E+01    0.159921818442444E+00
    0.155196000000000E+04    0.367779054496896E+01    0.160635877486300E+00
    0.155198000000000E+04    0.370421602641363E+01    0.160638343455157E+00
    0.155824000000000E+04    0.569588326181929E+01    0.160799110720779E+00
    0.155826000000000E+04    0.572231514186797E+01    0.160794220258952E+00
    0.156452000000000E+04    0.142058051557296E+01    0.159974031293762E+00
    0.156454000000000E+04    0.144697954987168E+01    0.159977279394220E+00
    0.157080000000000E+04    0.343287071772602E+01    0.160808107768434E+00
    0.157082000000000E+04    0.345930305045613E+01    0.160809712571871E+00
    0.157708000000000E+04    0.545033673688522E+01    0.160522031134926E+00
    0.157710000000000E+04    0.547675766515795E+01    0.160516561292921E+00
    0.158338000000000E+04    0.120002450505763E+01    0.160147197165416E+00
    0.158340000000000E+04    0.122643047681777E+01    0.160151889957882E+00
    0.158966000000000E+04    0.321480748486329E+01    0.160890212577698E+00
    0.158968000000000E+04    0.324124309965919E+01    0.160890539844207E+00
    0.159594000000000E+04    0.523059637968663E+01    0.160249652087370E+00
    0.159596000000000E+04    0.525700628034838E+01    0.160244521655875E+00
    0.160222000000000E+04    0.953557819136222E+00    0.160394451398970E+00
    0.160224000000000E+04    0.979973732840790E+00    0.160399866577010E+00
    0.160850000000000E+04    0.297035644243942E+01    0.160860177506281E+00
    0.160852000000000E+04    0.299679076129632E+01    0.160859144053802E+00
    0.161478000000000E+04    0.498380928521465E+01    0.160039932107464E+00
    0.161480000000000E+04    0.501021080620922E+01    0.160035960537124E+00
    0.162108000000000E+04    0.734137765052310E+00    0.160679210733500E+00
    0.162110000000000E+04    0.760565041616246E+00    0.160684433852661E+00
    0.162736000000000E+04    0.275208482941071E+01    0.160724908205124E+00
    0.162738000000000E+04    0.277851376097806E+01    0.160722793782168E+00
    0.163364000000000E+04    0.476307537905450E+01    0.159927287592722E+00
    0.163366000000000E+04    0.478947244703159E+01    0.159925036462712E+00
    0.163992000000000E+04    0.488936951705000E+00    0.160933344722672E+00
    0.163994000000000E+04    0.515374249870547E+00    0.160937449515844E+00
    0.164620000000000E+04    0.250686014587427E+01    0.160517246914399E+00
    0.164622000000000E+04    0.253328077699325E+01    0.160514619761244E+00
    0.165248000000000E+04    0.451577957161044E+01    0.159934623103292E+00
    0.165250000000000E+04    0.454217696205933E+01    0.159934236158333E+00
    0.165878000000000E+04    0.270687299540896E+00    0.161116921713686E+00
    0.165880000000000E+04    0.297132039334429E+00    0.161119218453975E+00
    0.166506000000000E+04    0.228742049004040E+01    0.160282170029779E+00
    0.166508000000000E+04    0.231383168741513E+01    0.160279804415260E+00
    0.167134000000000E+04    0.429515763258132E+01    0.160056730909948E+00
    0.167136000000000E+04    0.432155993302285E+01    0.160058001989374E+00
    0.167762000000000E+04    0.263296794109920E-01    0.161184948584800E+00
    0.167764000000000E+04    0.527771127572123E-01    0.161185028952370E+00
    0.168390000000000E+04    0.204094769112635E+01    0.160076575118408E+00
    0.168392000000000E+04    0.206735067332966E+01    0.160075200017662E+00
    0.169018000000000E+04    0.404860369815879E+01    0.160256328705253E+00
    0.169020000000000E+04    0.407501400245155E+01    0.160258664554479E+00
    0.169648000000000E+04    0.609160087605369E+01    0.161126754007047E+00
    0.169650000000000E+04    0.611804593210536E+01    0.161124549239175E+00
    0.170276000000000E+04    0.182033803735658E+01    0.159944251815362E+00
    0.170278000000000E+04    0.184673579865557E+01    0.159944484503432E+00
    0.170904000000000E+04    0.382908822153695E+01    0.160492389488109E+00
    0.170906000000000E+04    0.385550786963586E+01    0.160495067627540E+00
    0.171532000000000E+04    0.584692427444452E+01    0.160954533587405E+00
    0.171534000000000E+04    0.587336240168224E+01    0.160950482971564E+00
    0.172160000000000E+04    0.157304092971799E+01    0.159921790946776E+00
    0.172162000000000E+04    0.159943783897597E+01    0.159923873017515E+00
    0.172788000000000E+04    0.358375160510241E+01    0.160703118053792E+00
    0.172790000000000E+04    0.361017980490305E+01    0.160705361359543E+00
    0.173416000000000E+04    0.560174694604802E+01    0.160705058556477E+00
    0.173418000000000E+04    0.562817512081756E+01    0.160699843975599E+00
    0.174046000000000E+04    0.135220097511046E+01    0.160021954413541E+00
    0.174048000000000E+04    0.137860193133201E+01    0.160025781900635E+00
    0.174674000000000E+04    0.336537618695002E+01    0.160847344108446E+00
    0.174676000000000E+04    0.339181005943556E+01    0.160848534649750E+00
    0.175302000000000E+04    0.538230519813396E+01    0.160418414553455E+00
    0.175304000000000E+04    0.540872186366960E+01    0.160412951997271E+00
    0.175930000000000E+04    0.110528211464634E+01    0.160222849305474E+00
    0.175932000000000E+04    0.113169112250353E+01    0.160227888004714E+00
    0.176558000000000E+04    0.312080763643098E+01    0.160889422242602E+00
    0.176560000000000E+04    0.314724321028643E+01    0.160889258762102E+00
    0.177186000000000E+04    0.513580328401849E+01    0.160164636722777E+00
    0.177188000000000E+04    0.516220978828869E+01    0.160159832700316E+00
    0.177816000000000E+04    0.885338308524751E+00    0.160493046089739E+00
    0.177818000000000E+04    0.911758187713531E+00    0.160498496717360E+00
    0.178444000000000E+04    0.290263292501459E+01    0.160820358040551E+00
    0.178446000000000E+04    0.292906556131175E+01    0.160818910516418E+00
    0.179072000000000E+04    0.491513188472527E+01    0.159980795830047E+00
    0.179074000000000E+04    0.494153101878919E+01    0.159977386947219E+00
    0.179700000000000E+04    0.639579164733277E+00    0.160769796576203E+00
    0.179702000000000E+04    0.666010066609488E+00    0.160774744629616E+00
    0.180328000000000E+04    0.265761121140395E+01    0.160655231128025E+00
    0.180330000000000E+04    0.268403731579929E+01    0.160652851300033E+00
    0.180956000000000E+04    0.466775008836339E+01    0.159913600602377E+00
    0.180958000000000E+04    0.469414663746011E+01    0.159912008546271E+00
    0.181586000000000E+04    0.420899010326593E+00    0.161008099326715E+00
    0.181588000000000E+04    0.447339402844591E+00    0.161011642599753E+00
    0.182214000000000E+04    0.243849718408501E+01    0.160431180589079E+00
    0.182216000000000E+04    0.246491435926055E+01    0.160428563866548E+00
    0.182842000000000E+04    0.444683805488648E+01    0.159963590639682E+00
    0.182844000000000E+04    0.447323659202721E+01    0.159963848244293E+00
    0.183470000000000E+04    0.176265775427964E+00    0.161151865604090E+00
    0.183472000000000E+04    0.202711900745726E+00    0.161153420340332E+00
    0.184098000000000E+04    0.219231416303592E+01    0.160201251045596E+00
    0.184100000000000E+04    0.221872209560479E+01    0.160199143201187E+00
    0.184726000000000E+04    0.419984941648863E+01    0.160117710080138E+00
    0.184728000000000E+04    0.422625419411224E+01    0.160119436502677E+00
    0.185354000000000E+04    0.621502235670687E+01    0.161176687098249E+00
    0.185356000000000E+04    0.624146941499794E+01    0.161175975727003E+00
    0.185984000000000E+04    0.197192869407172E+01    0.160015285428650E+00
    0.185986000000000E+04    0.199832926961062E+01    0.160014440866298E+00
    0.186612000000000E+04    0.397982133150890E+01    0.160337476124658E+00
    0.186614000000000E+04    0.400623488434985E+01    0.160340029616407E+00
    0.187240000000000E+04    0.599694532391732E+01    0.161076127334774E+00
    0.187242000000000E+04    0.602338835908768E+01    0.161073221949048E+00
    0.187868000000000E+04    0.172470104051536E+01    0.159920324277969E+00
    0.187870000000000E+04    0.175109776373256E+01    0.159921193643277E+00
    0.188496000000000E+04    0.373402849569948E+01    0.160569750679605E+00
    0.188498000000000E+04    0.376045135111690E+01    0.160572347936395E+00
    0.189124000000000E+04    0.575203751203208E+01    0.160871841123251E+00
    0.189126000000000E+04    0.577847230230600E+01    0.160867303660638E+00
    0.189754000000000E+04    0.150371455262666E+01    0.159943014973416E+00
    0.189756000000000E+04    0.153011231579376E+01    0.159945764820718E+00
    0.190382000000000E+04    0.351525507366841E+01    0.160762877431049E+00
    0.190384000000000E+04    0.354168561978440E+01    0.160764795334089E+00
    0.191010000000000E+04    0.553297135750154E+01    0.160599844981111E+00
    0.191012000000000E+04    0.555939530997330E+01    0.160594430865512E+00
    0.191638000000000E+04    0.125646543826588E+01    0.160080088489870E+00
    0.191640000000000E+04    0.128286870816282E+01    0.160084418842332E+00
    0.192266000000000E+04    0.327049847906983E+01    0.160873506804521E+00
    0.192268000000000E+04    0.329693348723504E+01    0.160874265576497E+00
    0.192894000000000E+04    0.528682485880290E+01    0.160323395931591E+00
    0.192896000000000E+04    0.531323769348728E+01    0.160318071754161E+00
    0.193524000000000E+04    0.103611277250093E+01    0.160315498698478E+00
    0.193526000000000E+04    0.106252549667352E+01    0.160320789336141E+00
    0.194152000000000E+04    0.305235815652986E+01    0.160875498400759E+00
    0.194154000000000E+04    0.307879313684089E+01    0.160874847006108E+00
    0.194780000000000E+04    0.506648399014466E+01    0.160086714752660E+00
    0.194782000000000E+04    0.509288746258289E+01    0.160082339314441E+00
    0.195408000000000E+04    0.789953198562671E+00    0.160591273487826E+00
    0.195410000000000E+04    0.816376953202052E+00    0.160596657999696E+00
    0.196036000000000E+04    0.280763873389424E+01    0.160770594859851E+00
    0.196038000000000E+04    0.283406951016514E+01    0.160768742325068E+00
    0.196664000000000E+04    0.481928792176632E+01    0.159944989091950E+00
    0.196666000000000E+04    0.484568569069461E+01    0.159942198637478E+00
    0.197294000000000E+04    0.570908276909904E+00    0.160865478915350E+00
    0.197296000000000E+04    0.597342986463900E+00    0.160870001844367E+00
    0.197922000000000E+04    0.258893516569378E+01    0.160579612044509E+00
    0.197924000000000E+04    0.261535828406750E+01    0.160577061993715E+00
    0.198550000000000E+04    0.459835085105487E+01    0.159918352439545E+00
    0.198552000000000E+04    0.462474753802053E+01    0.159917446754078E+00
    0.199178000000000E+04    0.326024202528060E+00    0.161071234290377E+00
    0.199180000000000E+04    0.352467233438801E+00    0.161074129932312E+00
    0.199806000000000E+04    0.234322916342080E+01    0.160349532668472E+00
    0.199808000000000E+04    0.236964308226015E+01    0.160347000019331E+00
    0.200434000000000E+04    0.435118084461328E+01    0.160009921466764E+00
    0.200436000000000E+04    0.437758126558583E+01    0.160010753118865E+00
    0.201062000000000E+04    0.815603316304987E-01    0.161175433516347E+00
    0.201064000000000E+04    0.108007357958741E+00    0.161176196959461E+00
    0.201692000000000E+04    0.212326944662209E+01    0.160127316915070E+00
    0.201694000000000E+04    0.214967449953701E+01    0.160125596304821E+00
    0.202320000000000E+04    0.413081175055186E+01    0.160192588885042E+00
    0.202322000000000E+04    0.415721948367764E+01    0.160194698743256E+00
    0.202948000000000E+04    0.614680573149371E+01    0.161155641063961E+00
    0.202950000000000E+04    0.617325196730599E+01    0.161154093699865E+00
    0.203576000000000E+04    0.187633526062291E+01    0.159972003222522E+00
    0.203578000000000E+04    0.190273398665204E+01    0.159971716176976E+00
    0.204204000000000E+04    0.388460376479952E+01    0.160419798445415E+00
    0.204206000000000E+04    0.391102061081438E+01    0.160422449151082E+00
    0.204832000000000E+04    0.590215700322096E+01    0.161013896554533E+00
    0.204834000000000E+04    0.592859750358502E+01    0.161010345187456E+00
    0.205462000000000E+04    0.165538061496363E+01    0.159914415736640E+00
    0.205464000000000E+04    0.168177721688198E+01    0.159915972822259E+00
    0.206090000000000E+04    0.366543731176398E+01    0.160646434655402E+00
    0.206092000000000E+04    0.369186312974853E+01    0.160648866778551E+00
    0.206718000000000E+04    0.568346490412341E+01    0.160776811257325E+00
    0.206720000000000E+04    0.570989596001118E+01    0.160771840362114E+00
    0.207346000000000E+04    0.140799794572195E+01    0.159978709614095E+00
    0.207348000000000E+04    0.143439715953173E+01    0.159982067047332E+00
    0.207974000000000E+04    0.342041672367850E+01    0.160813738235328E+00
    0.207976000000000E+04    0.344684930733820E+01    0.160815273828233E+00
    0.208602000000000E+04    0.543775064613965E+01    0.160501091110147E+00
    0.208604000000000E+04    0.546417059084979E+01    0.160495610103702E+00
    0.209232000000000E+04    0.118730749945644E+01    0.160157320382026E+00
    0.209234000000000E+04    0.121371388189755E+01    0.160162086170050E+00
    0.209860000000000E+04    0.320218589985780E+01    0.160886753141548E+00
    0.209862000000000E+04    0.322862135613696E+01    0.160886993128872E+00
    0.210488000000000E+04    0.521778387826089E+01    0.160228816028206E+00
    0.210490000000000E+04    0.524419298979456E+01    0.160223730193112E+00
    0.211116000000000E+04    0.940704694299257E+00    0.160408479494526E+00
    0.211118000000000E+04    0.967121097200561E+00    0.160413901858404E+00
    0.211744000000000E+04    0.295755805472527E+01    0.160849358418753E+00
    0.211746000000000E+04    0.298399198942116E+01    0.160848240565046E+00
    0.212372000000000E+04    0.497079680838624E+01    0.160024074577438E+00
    0.212374000000000E+04    0.499719770203001E+01    0.160020202664792E+00
    0.213000000000000E+04    0.694749671949921E+00    0.160688992166884E+00
    0.213002000000000E+04    0.721177337237805E+00    0.160694192433342E+00
    0.213630000000000E+04    0.273910773844000E+01    0.160708642170125E+00
    0.213632000000000E+04    0.276553602576041E+01    0.160706479209222E+00
    0.214258000000000E+04    0.474988546410987E+01    0.159919788437185E+00
    0.214260000000000E+04    0.477628223914235E+01    0.159917668464203E+00
    0.214886000000000E+04    0.475874397678581E+00    0.160945557178363E+00
    0.214888000000000E+04    0.502312312140930E+00    0.160949596097021E+00
    0.215514000000000E+04    0.249372288567383E+01    0.160498876548278E+00
    0.215516000000000E+04    0.252014276149794E+01    0.160496243910195E+00
    0.216142000000000E+04    0.450249175113777E+01    0.159936586110923E+00
    0.216144000000000E+04    0.452888923162527E+01    0.159936326733917E+00
    0.216770000000000E+04    0.231111805059300E+00    0.161120476317928E+00
    0.216772000000000E+04    0.257556678263427E+00    0.161122672771426E+00
    0.217400000000000E+04    0.227413291248013E+01    0.160263739113261E+00
    0.217402000000000E+04    0.230054340143215E+01    0.160261414672276E+00
    0.218028000000000E+04    0.428178619049095E+01    0.160065477248734E+00
    0.218030000000000E+04    0.430818878557420E+01    0.160066845019996E+00
    0.218656000000000E+04    0.130988834125674E-01    0.161181498663863E+00
    0.218658000000000E+04    0.395463333252337E-01    0.161181400041086E+00
    0.219284000000000E+04    0.202753962762154E+01    0.160062625264421E+00
    0.219286000000000E+04    0.205394209231326E+01    0.160061348447097E+00
    0.219912000000000E+04    0.403522397266397E+01    0.160271242805577E+00
    0.219914000000000E+04    0.406163487024014E+01    0.160273628123355E+00
    0.220540000000000E+04    0.605188732343004E+01    0.161118973391837E+00
    0.220542000000000E+04    0.607833207172007E+01    0.161116664981799E+00
    0.221170000000000E+04    0.180685812350430E+01    0.159937559073687E+00
    0.221172000000000E+04    0.183325562055779E+01    0.159937918506704E+00
    0.221798000000000E+04    0.381570193949983E+01    0.160506991210548E+00
    0.221800000000000E+04    0.384212218080165E+01    0.160509660941439E+00
    0.222426000000000E+04    0.583357675716752E+01    0.160937359028578E+00
    0.222428000000000E+04    0.586001424931146E+01    0.160933189453988E+00
    0.223054000000000E+04    0.155951787303229E+01    0.159924682001475E+00
    0.223056000000000E+04    0.158591490377739E+01    0.159926895088337E+00
    0.223682000000000E+04    0.357038731806415E+01    0.160715964789367E+00
    0.223684000000000E+04    0.359681601546208E+01    0.160718147886925E+00
    0.224310000000000E+04    0.558833133141707E+01    0.160684851646112E+00
    0.224312000000000E+04    0.561475863175338E+01    0.160679606764004E+00
    0.224940000000000E+04    0.133867691184332E+01    0.160033612712142E+00
    0.224942000000000E+04    0.136507832775033E+01    0.160037546348618E+00
    0.225568000000000E+04    0.335201697271714E+01    0.160853392527479E+00
    0.225570000000000E+04    0.337845111454408E+01    0.160854495214178E+00
    0.226196000000000E+04    0.536884918425585E+01    0.160399571437832E+00
    0.226198000000000E+04    0.539526513921419E+01    0.160394119347127E+00
    0.226824000000000E+04    0.109177391761250E+01    0.160239653293964E+00
    0.226826000000000E+04    0.111818350659132E+01    0.160244737752244E+00
    0.227452000000000E+04    0.310744166082804E+01    0.160887513273293E+00
    0.227454000000000E+04    0.313387715109729E+01    0.160887252257285E+00
    0.228080000000000E+04    0.512226224041524E+01    0.160148716823298E+00
    0.228082000000000E+04    0.514866810669946E+01    0.160143984809501E+00
    0.228708000000000E+04    0.845442964445283E+00    0.160508145948839E+00
    0.228710000000000E+04    0.871863397348534E+00    0.160513604969511E+00
    0.229338000000000E+04    0.288924463828698E+01    0.160810828485105E+00
    0.229340000000000E+04    0.291567702448401E+01    0.160809291997197E+00
    0.229966000000000E+04    0.490160386788330E+01    0.159974037795309E+00
    0.229968000000000E+04    0.492800278869299E+01    0.159970756520279E+00
    0.230594000000000E+04    0.626199220383114E+00    0.160789330196020E+00
    0.230596000000000E+04    0.652630895412130E+00    0.160794205983603E+00
    0.231222000000000E+04    0.264426011774231E+01    0.160642089254298E+00
    0.231224000000000E+04    0.267068572456355E+01    0.160639674203106E+00
    0.231850000000000E+04    0.465426572155411E+01    0.159913711718969E+00
    0.231852000000000E+04    0.468066226020528E+01    0.159912250439174E+00
    0.232478000000000E+04    0.381170260363433E+00    0.161019626075073E+00
    0.232480000000000E+04    0.407611117905617E+00    0.161023087134846E+00
    0.233108000000000E+04    0.242514642190054E+01    0.160415850177562E+00
    0.233110000000000E+04    0.245156298801521E+01    0.160413239794565E+00
    0.233736000000000E+04    0.443341490457760E+01    0.159972712648307E+00
    0.233738000000000E+04    0.445981378042507E+01    0.159973089586946E+00
    0.234364000000000E+04    0.163046588702855E+00    0.161158437460206E+00
    0.234366000000000E+04    0.189493060604036E+00    0.161159828185086E+00
    0.234992000000000E+04    0.217898764824440E+01    0.160187947403925E+00
    0.234994000000000E+04    0.220539512124560E+01    0.160185906889506E+00
    0.235620000000000E+04    0.418653320570002E+01    0.160133072197894E+00
    0.235622000000000E+04    0.421293850431221E+01    0.160134873424593E+00
    0.236248000000000E+04    0.620187592513275E+01    0.161175342232736E+00
    0.236250000000000E+04    0.622832296179786E+01    0.161174465776133E+00
    0.236878000000000E+04    0.195862186538125E+01    0.160007298255037E+00
    0.236880000000000E+04    0.198502211455434E+01    0.160006559273785E+00
    0.237506000000000E+04    0.396660446334863E+01    0.160355479318662E+00
    0.237508000000000E+04    0.399301875330184E+01    0.160358066532925E+00
