    0.000000000000000E+00    0.190000000000000E+01    0.170000000000000E+00
    0.200000000000000E-01    0.192679998789747E+01    0.169999459447330E+00
    0.630000000000000E+01    0.406024794494918E+01    0.170314379731071E+00
    0.632000000000000E+01    0.408706053533457E+01    0.170316752449128E+00
    0.125800000000000E+02    0.620348312780455E+01    0.171314208484581E+00
    0.126000000000000E+02    0.623033569595265E+01    0.171313170892178E+00
    0.188600000000000E+02    0.206115662965652E+01    0.170110795970764E+00
    0.188800000000000E+02    0.208796101686769E+01    0.170109341437058E+00
    0.251400000000000E+02    0.419420855125526E+01    0.170159029437267E+00
    0.251600000000000E+02    0.422101496836810E+01    0.170160806663181E+00
    0.314200000000000E+02    0.525839442686404E-01    0.171325818865967E+00
    0.314400000000000E+02    0.794370125099064E-01    0.171326250264941E+00
    0.377000000000000E+02    0.219524934589632E+01    0.170256339574879E+00
    0.377200000000000E+02    0.222205952413420E+01    0.170254191279715E+00
    0.440000000000000E+02    0.435529719485628E+01    0.170035491279729E+00
    0.440200000000000E+02    0.438209864384147E+01    0.170036433920635E+00
    0.502800000000000E+02    0.211761415067699E+00    0.171280349277101E+00
    0.503000000000000E+02    0.238612698810542E+00    0.171282167674908E+00
    0.565600000000000E+02    0.235585671015227E+01    0.170418811446191E+00
    0.565800000000000E+02    0.238267339527165E+01    0.170416271368293E+00
    0.628400000000000E+02    0.448979849299937E+01    0.169949484954896E+00
    0.628600000000000E+02    0.451659649341502E+01    0.169949367544763E+00
    0.691200000000000E+02    0.344228112767865E+00    0.171182119321249E+00
    0.691400000000000E+02    0.371075471454915E+00    0.171185244749491E+00
    0.754000000000000E+02    0.248932016248291E+01    0.170587830218479E+00
    0.754200000000000E+02    0.251614361300392E+01    0.170585198145219E+00
    0.817000000000000E+02    0.465126437050989E+01    0.169913265027942E+00
    0.817200000000000E+02    0.467806088642094E+01    0.169911997575749E+00
    0.879800000000000E+02    0.503739308255192E+00    0.171040711373808E+00
    0.880000000000000E+02    0.530581034408186E+00    0.171044881659205E+00
    0.942600000000000E+02    0.264927683392375E+01    0.170742735985180E+00
    0.942800000000000E+02    0.267610646487768E+01    0.170740321295024E+00
    0.100540000000000E+03    0.478594732258807E+01    0.169930319713553E+00
    0.100560000000000E+03    0.481274450812586E+01    0.169927856099768E+00
    0.106820000000000E+03    0.636699663940050E+00    0.170863168856721E+00
    0.106840000000000E+03    0.663534290717905E+00    0.170868125391740E+00
    0.113100000000000E+03    0.278212683686453E+01    0.170875142062781E+00
    0.113120000000000E+03    0.280896179605679E+01    0.170873208220503E+00
    0.119400000000000E+03    0.494740843370596E+01    0.169999499508577E+00
    0.119420000000000E+03    0.497420836583780E+01    0.169995947874664E+00
    0.125680000000000E+03    0.796812863553185E+00    0.170670458204548E+00
    0.125700000000000E+03    0.823639838716446E+00    0.170675826858750E+00
    0.131960000000000E+03    0.294161455134096E+01    0.170969663242750E+00
    0.131980000000000E+03    0.296845328786370E+01    0.170968411715843E+00
    0.138240000000000E+03    0.508193892165229E+01    0.170120777998946E+00
    0.138260000000000E+03    0.510874366472711E+01    0.170116297839162E+00
    0.144520000000000E+03    0.930490637976050E+00    0.170469661974353E+00
    0.144540000000000E+03    0.957309529124984E+00    0.170475099363693E+00
    0.150800000000000E+03    0.307411689189112E+01    0.171018687687996E+00
    0.150820000000000E+03    0.310095760721470E+01    0.171018263871772E+00
    0.157080000000000E+03    0.521622879862934E+01    0.170282097933259E+00
    0.157100000000000E+03    0.524304003509081E+01    0.170276957854376E+00
    0.163380000000000E+03    0.109127257460875E+01    0.170285228580284E+00
    0.163400000000000E+03    0.111808401682850E+01    0.170290349802607E+00
    0.169660000000000E+03    0.323339154302170E+01    0.171018934947211E+00
    0.169680000000000E+03    0.326023229662005E+01    0.171019372615158E+00
    0.175940000000000E+03    0.537700069476040E+01    0.170464933649954E+00
    0.175960000000000E+03    0.540381919711766E+01    0.170459474119675E+00
    0.182220000000000E+03    0.122553715955175E+01    0.170123763569673E+00
    0.182240000000000E+03    0.125234219307640E+01    0.170128257267884E+00
    0.188500000000000E+03    0.336586814117194E+01    0.170968910227353E+00
    0.188520000000000E+03    0.339270690775342E+01    0.170970174336973E+00
    0.194780000000000E+03    0.551064144992904E+01    0.170666778289295E+00
    0.194800000000000E+03    0.553746808711168E+01    0.170661361890865E+00
    0.201080000000000E+03    0.138682586604295E+01    0.170005457306958E+00
    0.201100000000000E+03    0.141362606643526E+01    0.170009051528381E+00
    0.207360000000000E+03    0.352532035341738E+01    0.170875870639893E+00
    0.207380000000000E+03    0.355215542302932E+01    0.170877824472319E+00
    0.213640000000000E+03    0.567074171772197E+01    0.170858797273288E+00
    0.213660000000000E+03    0.569757598212402E+01    0.170853784219228E+00
    0.219920000000000E+03    0.152146189438503E+01    0.169932674685492E+00
    0.219940000000000E+03    0.154825923830015E+01    0.169935177347364E+00
    0.226200000000000E+03    0.365814789432869E+01    0.170742987447100E+00
    0.226220000000000E+03    0.368497765920080E+01    0.170745427930955E+00
    0.232480000000000E+03    0.580369134093189E+01    0.171037883307428E+00
    0.232500000000000E+03    0.583053283287552E+01    0.171033639085160E+00
    0.238780000000000E+03    0.168293832406704E+01    0.169915182340571E+00
    0.238800000000000E+03    0.170973488787536E+01    0.169916524760708E+00
    0.245060000000000E+03    0.381810526911403E+01    0.170588884813582E+00
    0.245080000000000E+03    0.384492897163102E+01    0.170591576622177E+00
    0.251340000000000E+03    0.596322085411833E+01    0.171179550946722E+00
    0.251360000000000E+03    0.599006797348983E+01    0.171176344631593E+00
    0.257620000000000E+03    0.181761521238144E+01    0.169950917069245E+00
    0.257640000000000E+03    0.184441323656119E+01    0.169951085835838E+00
    0.263900000000000E+03    0.395156917176718E+01    0.170419676642670E+00
    0.263920000000000E+03    0.397838601417754E+01    0.170422253624562E+00
    0.270180000000000E+03    0.609568871814065E+01    0.171280012906816E+00
    0.270200000000000E+03    0.612253992138454E+01    0.171278104358750E+00
    0.276480000000000E+03    0.197892905193925E+01    0.170034691002661E+00
    0.276500000000000E+03    0.200573031803145E+01    0.170033823291156E+00
    0.282760000000000E+03    0.411217395942663E+01    0.170257771606659E+00
    0.282780000000000E+03    0.413898434948220E+01    0.170259977640892E+00
    0.289040000000000E+03    0.625487476653228E+01    0.171325303936822E+00
    0.289060000000000E+03    0.628172777231083E+01    0.171324781250734E+00
    0.295320000000000E+03    0.211322105649060E+01    0.170159720150135E+00
    0.295340000000000E+03    0.214002739238799E+01    0.170157993180053E+00
    0.301600000000000E+03    0.424627779917586E+01    0.170111270076739E+00
    0.301620000000000E+03    0.427308228284744E+01    0.170112771397005E+00
    0.307880000000000E+03    0.103989121259303E+00    0.171316025316469E+00
    0.307900000000000E+03    0.130841803209762E+00    0.171316971907722E+00
    0.314160000000000E+03    0.224721709884386E+01    0.170313370858052E+00
    0.314180000000000E+03    0.227402950931287E+01    0.170311039201342E+00
    0.320460000000000E+03    0.440745080139334E+01    0.170000028441662E+00
    0.320480000000000E+03    0.443425086639041E+01    0.170000624905135E+00
    0.326740000000000E+03    0.263207769499957E+00    0.171251579755370E+00
    0.326760000000000E+03    0.290057874187369E+00    0.171253872469397E+00
    0.333020000000000E+03    0.240770806062756E+01    0.170478799299361E+00
    0.333040000000000E+03    0.243452713817362E+01    0.170476195797831E+00
    0.339300000000000E+03    0.454201850379013E+01    0.169930549660400E+00
    0.339320000000000E+03    0.456881571183214E+01    0.169930022920902E+00
    0.345580000000000E+03    0.395727319646028E+00    0.171135505861850E+00
    0.345600000000000E+03    0.422572822792233E+00    0.171139042593334E+00
    0.351860000000000E+03    0.254104041522891E+01    0.170645100269177E+00
    0.351880000000000E+03    0.256786611162892E+01    0.170642504750949E+00
    0.358160000000000E+03    0.470350222474207E+01    0.169911459886600E+00
    0.358180000000000E+03    0.473029878980731E+01    0.169909772523310E+00
    0.364440000000000E+03    0.555379509539193E+00    0.170984049845948E+00
    0.364460000000000E+03    0.582218968444636E+00    0.170988532827192E+00
    0.370720000000000E+03    0.270096471359716E+01    0.170794359837299E+00
    0.370740000000000E+03    0.272779642096498E+01    0.170792087049143E+00
    0.377000000000000E+03    0.483828500653715E+01    0.169951465021636E+00
    0.377020000000000E+03    0.486508306237766E+01    0.169948590934100E+00
    0.383280000000000E+03    0.688493389228597E+00    0.170795598584871E+00
    0.383300000000000E+03    0.715325157556549E+00    0.170800713368731E+00
    0.389560000000000E+03    0.283373944637162E+01    0.170913177735551E+00
    0.389580000000000E+03    0.286057593615442E+01    0.170911460203879E+00
    0.395860000000000E+03    0.499967513697595E+01    0.170036237905415E+00
    0.395880000000000E+03    0.502647651547488E+01    0.170032326878172E+00
    0.402140000000000E+03    0.848724195667046E+00    0.170599679936339E+00
    0.402160000000000E+03    0.875548294473219E+00    0.170605117044972E+00
    0.408420000000000E+03    0.299314519685879E+01    0.170991849815514E+00
    0.408440000000000E+03    0.301998481937824E+01    0.170990880601410E+00
    0.414700000000000E+03    0.513411978536089E+01    0.170173238419827E+00
    0.414720000000000E+03    0.516092673623530E+01    0.170168494826397E+00
    0.420980000000000E+03    0.982501238505733E+00    0.170400867250055E+00
    0.421000000000000E+03    0.100931733264383E+01    0.170406225555500E+00
    0.427260000000000E+03    0.312562232622474E+01    0.171024588654548E+00
    0.427280000000000E+03    0.315246328808325E+01    0.171024465258593E+00
    0.433540000000000E+03    0.526829930101655E+01    0.170345421376249E+00
    0.433560000000000E+03    0.529511301910657E+01    0.170340132227087E+00
    0.439840000000000E+03    0.114339187118492E+01    0.170224798726332E+00
    0.439860000000000E+03    0.117020096576584E+01    0.170229740005069E+00
    0.446120000000000E+03    0.328489784428325E+01    0.171006664850111E+00
    0.446140000000000E+03    0.331173810644736E+01    0.171007405596303E+00
    0.452400000000000E+03    0.542897463595204E+01    0.170535322411524E+00
    0.452420000000000E+03    0.545579603655108E+01    0.170529839732979E+00
    0.458680000000000E+03    0.127776119274586E+01    0.170076186382963E+00
    0.458700000000000E+03    0.130456427223839E+01    0.170080380136175E+00
    0.464960000000000E+03    0.341743206985029E+01    0.170940495193026E+00
    0.464980000000000E+03    0.344426972027043E+01    0.170942021637422E+00
    0.471240000000000E+03    0.556249055680041E+01    0.170736931741186E+00
    0.471260000000000E+03    0.558931994237469E+01    0.170731628363978E+00
    0.477540000000000E+03    0.143911065134432E+01    0.169974132778542E+00
    0.477560000000000E+03    0.146590968482008E+01    0.169977363648148E+00
    0.483820000000000E+03    0.357694735341829E+01    0.170832448844883E+00
    0.483840000000000E+03    0.360378068215300E+01    0.170834605072236E+00
    0.490100000000000E+03    0.572248308506880E+01    0.170924741529456E+00
    0.490120000000000E+03    0.574932005471089E+01    0.170919964020482E+00
    0.496380000000000E+03    0.157379086944604E+01    0.169920249748665E+00
    0.496400000000000E+03    0.160058767936789E+01    0.169922336221577E+00
    0.502660000000000E+03    0.370989228987219E+01    0.170690091963322E+00
    0.502680000000000E+03    0.373671996155690E+01    0.170692651892774E+00
    0.508940000000000E+03    0.585533683221342E+01    0.171092876370293E+00
    0.508960000000000E+03    0.588218048011925E+01    0.171088985049189E+00
    0.515240000000000E+03    0.173526943321599E+01    0.169921883978948E+00
    0.515260000000000E+03    0.176206632650542E+01    0.169922807840929E+00
    0.521520000000000E+03    0.386994605695065E+01    0.170529102042280E+00
    0.521540000000000E+03    0.389676726453263E+01    0.170531774313827E+00
    0.527800000000000E+03    0.601476157663137E+01    0.171219909534219E+00
    0.527820000000000E+03    0.604161037057759E+01    0.171217136757552E+00
    0.534080000000000E+03    0.186987870614018E+01    0.169975179187760E+00
    0.534100000000000E+03    0.189667766231651E+01    0.169974953809119E+00
    0.540360000000000E+03    0.400351297109103E+01    0.170359881835937E+00
    0.540380000000000E+03    0.403032744642496E+01    0.170362361947944E+00
    0.546640000000000E+03    0.614716116056411E+01    0.171301870834871E+00
    0.546660000000000E+03    0.617401322067929E+01    0.171300454518311E+00
    0.552940000000000E+03    0.203111016577054E+01    0.170074712345623E+00
    0.552960000000000E+03    0.205791311421126E+01    0.170073520647534E+00
    0.559220000000000E+03    0.416422050956612E+01    0.170202289870468E+00
    0.559240000000000E+03    0.419102863706269E+01    0.170204274537414E+00
    0.565500000000000E+03    0.231292923105002E-01    0.171328436250262E+00
    0.565520000000000E+03    0.499824581053190E-01    0.171328429192975E+00
    0.571780000000000E+03    0.216528781955753E+01    0.170211220507559E+00
    0.571800000000000E+03    0.219209614294630E+01    0.170209244881486E+00
    0.578060000000000E+03    0.429840133033497E+01    0.170066497460022E+00
    0.578080000000000E+03    0.432520405254820E+01    0.170067697438060E+00
    0.584340000000000E+03    0.155421290213212E+00    0.171298404837815E+00
    0.584360000000000E+03    0.182273258125974E+00    0.171299856354427E+00
    0.590620000000000E+03    0.229915913476998E+01    0.170371969934886E+00
    0.590640000000000E+03    0.232597394566551E+01    0.170369507675964E+00
    0.596920000000000E+03    0.445965069008594E+01    0.169969316006261E+00
    0.596940000000000E+03    0.448644944982630E+01    0.169969526967378E+00
    0.603200000000000E+03    0.314676616821316E+00    0.171216023120895E+00
    0.603220000000000E+03    0.341525339807617E+00    0.171218779302062E+00
    0.609480000000000E+03    0.245951819309619E+01    0.170538682535523E+00
    0.609500000000000E+03    0.248633960576069E+01    0.170536044448018E+00
    0.615760000000000E+03    0.459423659478898E+01    0.169917901327592E+00
    0.615780000000000E+03    0.462103330284708E+01    0.169916961901757E+00
    0.622040000000000E+03    0.447245488592216E+00    0.171083022717309E+00
    0.622060000000000E+03    0.474088902837707E+00    0.171086935305475E+00
    0.628320000000000E+03    0.259270505635789E+01    0.170699695868108E+00
    0.628340000000000E+03    0.261953298367780E+01    0.170697182113144E+00
    0.634620000000000E+03    0.475571176052858E+01    0.169918204484741E+00
    0.634640000000000E+03    0.478250846264882E+01    0.169916088210783E+00
    0.640900000000000E+03    0.606906347177642E+00    0.170916487507124E+00
    0.640920000000000E+03    0.633743064692339E+00    0.170921228687629E+00
    0.647180000000000E+03    0.275240053527261E+01    0.170837615917372E+00
    0.647200000000000E+03    0.277923399429051E+01    0.170835513767164E+00
    0.653460000000000E+03    0.489030664473671E+01    0.169973700732831E+00
    0.653480000000000E+03    0.491710555094369E+01    0.169970440442337E+00
    0.659740000000000E+03    0.740037742975915E+00    0.170724165604797E+00
    0.659760000000000E+03    0.766866815925027E+00    0.170729462925634E+00
    0.666020000000000E+03    0.288503081410659E+01    0.170944767141045E+00
    0.666040000000000E+03    0.291186854666944E+01    0.170943303290150E+00
    0.672320000000000E+03    0.505162163376656E+01    0.170077966990068E+00
    0.672340000000000E+03    0.507842471768674E+01    0.170073730285926E+00
    0.678600000000000E+03    0.900325614579174E+00    0.170526768270403E+00
    0.678620000000000E+03    0.927146665294003E+00    0.170532199040867E+00
    0.684880000000000E+03    0.304430469766294E+01    0.171006633044951E+00
    0.684900000000000E+03    0.307114494599364E+01    0.171005956032643E+00
    0.691160000000000E+03    0.518587624070756E+01    0.170226300958324E+00
    0.691180000000000E+03    0.521268530168675E+01    0.170221328024961E+00
    0.697440000000000E+03    0.103414596832897E+01    0.170334151836126E+00
    0.697460000000000E+03    0.106095943146977E+01    0.170339407122532E+00
    0.703720000000000E+03    0.317670856946984E+01    0.171022571410642E+00
    0.703740000000000E+03    0.320354946074735E+01    0.171022759629297E+00
    0.710000000000000E+03    0.531991703815038E+01    0.170410899813649E+00
    0.710020000000000E+03    0.534673342871599E+01    0.170405495031103E+00
    0.716300000000000E+03    0.119509048481586E+01    0.170167007480208E+00
    0.716320000000000E+03    0.122189721348605E+01    0.170171716107516E+00
    0.722580000000000E+03    0.333595742787520E+01    0.170987772670380E+00
    0.722600000000000E+03    0.336279694595680E+01    0.170988804660821E+00
    0.728860000000000E+03    0.548040875321601E+01    0.170604170057083E+00
    0.728880000000000E+03    0.550723282434706E+01    0.170598700741459E+00
    0.735140000000000E+03    0.132947502391835E+01    0.170032697771544E+00
    0.735160000000000E+03    0.135627639757297E+01    0.170036573508537E+00
    0.741420000000000E+03    0.346846956430090E+01    0.170904676652062E+00
    0.741440000000000E+03    0.349530577945723E+01    0.170906451598122E+00
    0.747700000000000E+03    0.561374688290562E+01    0.170805044554871E+00
    0.747720000000000E+03    0.564057904029835E+01    0.170799881523572E+00
    0.754000000000000E+03    0.149082354479026E+01    0.169947950576991E+00
    0.754020000000000E+03    0.151762149952765E+01    0.169950795024179E+00
    0.760280000000000E+03    0.362803514745917E+01    0.170785542998886E+00
    0.760300000000000E+03    0.365486663275249E+01    0.170787877128341E+00
    0.766560000000000E+03    0.577359575084211E+01    0.170986388764160E+00
    0.766580000000000E+03    0.580043512237626E+01    0.170981879862221E+00
    0.772840000000000E+03    0.162549085063938E+01    0.169913762991426E+00
    0.772860000000000E+03    0.165228736955874E+01    0.169915432591413E+00
    0.779120000000000E+03    0.376104027098449E+01    0.170634098075443E+00
    0.779140000000000E+03    0.378786570974648E+01    0.170636733232522E+00
    0.785400000000000E+03    0.590631812491370E+01    0.171142342621854E+00
    0.785420000000000E+03    0.593316380892406E+01    0.171138821716248E+00
    0.791700000000000E+03    0.178694842625578E+01    0.169934840461073E+00
    0.791720000000000E+03    0.181374580850957E+01    0.169935351965583E+00
    0.797980000000000E+03    0.392120562241871E+01    0.170469679120741E+00
    0.798000000000000E+03    0.394802447097777E+01    0.170472323688902E+00
    0.804260000000000E+03    0.606566933322983E+01    0.171254113910317E+00
    0.804280000000000E+03    0.609251946999302E+01    0.171251779270311E+00
    0.810540000000000E+03    0.192148556205234E+01    0.170005008783996E+00
    0.810560000000000E+03    0.194828574008466E+01    0.170004416266813E+00
    0.816820000000000E+03    0.405487517289544E+01    0.170302187710864E+00
    0.816840000000000E+03    0.408168724027541E+01    0.170304518721696E+00
    0.823100000000000E+03    0.619798979641473E+01    0.171316785941196E+00
    0.823120000000000E+03    0.622484248485353E+01    0.171315866840778E+00
    0.829400000000000E+03    0.208261232841346E+01    0.170118203088088E+00
    0.829420000000000E+03    0.210941700108606E+01    0.170116708013214E+00
    0.835680000000000E+03    0.421565644419502E+01    0.170150615593558E+00
    0.835700000000000E+03    0.424246253831552E+01    0.170152360152810E+00
    0.841960000000000E+03    0.739362068889022E-01    0.171324467402769E+00
    0.841980000000000E+03    0.100789205623414E+00    0.171324963273117E+00
    0.848240000000000E+03    0.221668569872622E+01    0.170265293397448E+00
    0.848260000000000E+03    0.224349625373247E+01    0.170263114880753E+00
    0.854520000000000E+03    0.434995018422501E+01    0.170028025769393E+00
    0.854540000000000E+03    0.437675127866805E+01    0.170028890574108E+00
    0.860800000000000E+03    0.206261212248592E+00    0.171274312856967E+00
    0.860820000000000E+03    0.233112363226155E+00    0.171276236750393E+00
    0.867080000000000E+03    0.235047325939126E+01    0.170431349005799E+00
    0.867100000000000E+03    0.237729046006802E+01    0.170428782181179E+00
    0.873380000000000E+03    0.451129364419467E+01    0.169946772525759E+00
    0.873400000000000E+03    0.453809144387833E+01    0.169946598404324E+00
    0.879660000000000E+03    0.365577249113358E+00    0.171175098829768E+00
    0.879680000000000E+03    0.392424323172918E+00    0.171178282109240E+00
    0.885940000000000E+03    0.251070505394887E+01    0.170596859401188E+00
    0.885960000000000E+03    0.253752885179415E+01    0.170594236638431E+00
    0.892220000000000E+03    0.464591676639316E+01    0.169912762626287E+00
    0.892240000000000E+03    0.467271326826312E+01    0.169911403917715E+00
    0.898500000000000E+03    0.498271609153790E+00    0.171028862086639E+00
    0.898520000000000E+03    0.525112856178339E+00    0.171033111553020E+00
    0.904780000000000E+03    0.264382349314292E+01    0.170753238651023E+00
    0.904800000000000E+03    0.267065354200531E+01    0.170750845801862E+00
    0.911080000000000E+03    0.480743271664028E+01    0.169932898544128E+00
    0.911100000000000E+03    0.483422999383492E+01    0.169930371199414E+00
    0.917360000000000E+03    0.658072901991090E+00    0.170852574415856E+00
    0.917380000000000E+03    0.684906988458351E+00    0.170857525601871E+00
    0.923640000000000E+03    0.280346218350837E+01    0.170880523184036E+00
    0.923660000000000E+03    0.283029736512958E+01    0.170878621289818E+00
    0.929920000000000E+03    0.494202867502736E+01    0.170006649823538E+00
    0.929940000000000E+03    0.496882888762093E+01    0.170003020695950E+00
    0.936200000000000E+03    0.791358636622135E+00    0.170654987372454E+00
    0.936220000000000E+03    0.818184944100494E+00    0.170660384939912E+00
    0.942480000000000E+03    0.293606217918409E+01    0.170973282096954E+00
    0.942500000000000E+03    0.296290105474372E+01    0.170972081489427E+00
    0.948780000000000E+03    0.510332046626172E+01    0.170127030704242E+00
    0.948800000000000E+03    0.513012554253464E+01    0.170122502867291E+00
    0.955060000000000E+03    0.951804531223161E+00    0.170459558342808E+00
    0.955080000000000E+03    0.978622800430912E+00    0.170464957214296E+00
    0.961340000000000E+03    0.309531414977778E+01    0.171017365164761E+00
    0.961360000000000E+03    0.312215482960846E+01    0.171017000072191E+00
    0.967620000000000E+03    0.523747456334672E+01    0.170287878280497E+00
    0.967640000000000E+03    0.526428598061125E+01    0.170282712782484E+00
    0.973900000000000E+03    0.108569404143941E+01    0.170269898536790E+00
    0.973920000000000E+03    0.111250495061768E+01    0.170274999515206E+00
    0.980180000000000E+03    0.322766444762897E+01    0.171014776478362E+00
    0.980200000000000E+03    0.325450502426725E+01    0.171015266154354E+00
    0.986480000000000E+03    0.539817349198893E+01    0.170471613860762E+00
    0.986500000000000E+03    0.542499238162372E+01    0.170466147541265E+00
    0.992760000000000E+03    0.124674424405407E+01    0.170116517399972E+00
    0.992780000000000E+03    0.127354898058752E+01    0.170120966699457E+00
    0.999040000000000E+03    0.338696756357422E+01    0.170964394563326E+00
    0.999060000000000E+03    0.341380616550919E+01    0.170965707157324E+00
    0.100532000000000E+04    0.553177210747822E+01    0.170674871946525E+00
    0.100534000000000E+04    0.555859901234498E+01    0.170669471576245E+00
    0.101160000000000E+04    0.138120599280273E+01    0.169996744441561E+00
    0.101162000000000E+04    0.140800594565212E+01    0.170000273292001E+00
    0.101788000000000E+04    0.351955280803895E+01    0.170866615956406E+00
    0.101790000000000E+04    0.354638744150679E+01    0.170868607332083E+00
    0.102416000000000E+04    0.566497391497865E+01    0.170871750056647E+00
    0.102418000000000E+04    0.569180871103367E+01    0.170866791609318E+00
    0.103046000000000E+04    0.154259451914231E+01    0.169930050128788E+00
    0.103048000000000E+04    0.156939173921364E+01    0.169932492051911E+00
    0.103674000000000E+04    0.367918193315154E+01    0.170734139570583E+00
    0.103676000000000E+04    0.370601137216181E+01    0.170736615715958E+00
    0.104302000000000E+04    0.582471088303737E+01    0.171044789463858E+00
    0.104304000000000E+04    0.585155261028785E+01    0.171040580656332E+00
    0.104930000000000E+04    0.167725087368444E+01    0.169914669663691E+00
    0.104932000000000E+04    0.170404748154920E+01    0.169915924660012E+00
    0.105558000000000E+04    0.381229801339396E+01    0.170576633357939E+00
    0.105560000000000E+04    0.383912104887190E+01    0.170579298225904E+00
    0.106186000000000E+04    0.595731944578893E+01    0.171186753872207E+00
    0.106188000000000E+04    0.598416691343527E+01    0.171183636150564E+00
    0.106816000000000E+04    0.183865087044273E+01    0.169953477788570E+00
    0.106818000000000E+04    0.186544900442300E+01    0.169953590725681E+00
    0.107444000000000E+04    0.397254672455347E+01    0.170409943237116E+00
    0.107446000000000E+04    0.399936319769631E+01    0.170412519788233E+00
    0.108072000000000E+04    0.611660031760948E+01    0.171282488346580E+00
    0.108074000000000E+04    0.614345161619531E+01    0.171280625590392E+00
    0.108700000000000E+04    0.197312470558245E+01    0.170040525832647E+00
    0.108702000000000E+04    0.199992629180156E+01    0.170039585431284E+00
    0.109328000000000E+04    0.410633193977810E+01    0.170246093820243E+00
    0.109330000000000E+04    0.413314176398740E+01    0.170248247591823E+00
    0.109956000000000E+04    0.624887606627044E+01    0.171325014050504E+00
    0.109958000000000E+04    0.627572912507776E+01    0.171324595071965E+00
    0.110586000000000E+04    0.213415758141355E+01    0.170166611145836E+00
    0.110588000000000E+04    0.216096420920371E+01    0.170164848866624E+00
    0.111214000000000E+04    0.426722015330733E+01    0.170104047193337E+00
    0.111216000000000E+04    0.429402438534726E+01    0.170105517469922E+00
    0.111842000000000E+04    0.124841525871716E+00    0.171314306874377E+00
    0.111844000000000E+04    0.151694151482388E+00    0.171315302217130E+00
    0.112470000000000E+04    0.226813034887505E+01    0.170320893681439E+00
    0.112472000000000E+04    0.229494313161308E+01    0.170318548947702E+00
    0.113098000000000E+04    0.440159188782582E+01    0.169993103705847E+00
    0.113100000000000E+04    0.442839162416362E+01    0.169993615862492E+00
    0.113726000000000E+04    0.257157768980733E+00    0.171242866660384E+00
    0.113728000000000E+04    0.284007532760143E+00    0.171245269912054E+00
    0.114354000000000E+04    0.240171195480252E+01    0.170488061615060E+00
    0.114356000000000E+04    0.242853142331910E+01    0.170485435842475E+00
    0.114984000000000E+04    0.456287903882844E+01    0.169926341081027E+00
    0.114986000000000E+04    0.458967605889870E+01    0.169925759693797E+00
    0.115612000000000E+04    0.416467871763189E+00    0.171126622834382E+00
    0.115614000000000E+04    0.443313087070010E+00    0.171130201503276E+00
    0.116240000000000E+04    0.256179195730783E+01    0.170651704560707E+00
    0.116242000000000E+04    0.258861794081326E+01    0.170649127538838E+00
    0.116868000000000E+04    0.469749520926553E+01    0.169912036163607E+00
    0.116870000000000E+04    0.472429167867563E+01    0.169910260380738E+00
    0.117496000000000E+04    0.549193280724467E+00    0.170967186834648E+00
    0.117498000000000E+04    0.576032055225596E+00    0.170971731085495E+00
    0.118124000000000E+04    0.269473371149502E+01    0.170800378871232E+00
    0.118126000000000E+04    0.272156566024250E+01    0.170798122820304E+00
    0.118754000000000E+04    0.485892446161733E+01    0.169950415132826E+00
    0.118756000000000E+04    0.488572241133784E+01    0.169947488541733E+00
    0.119382000000000E+04    0.709048793419925E+00    0.170783970368180E+00
    0.119384000000000E+04    0.735880310553739E+00    0.170789135684190E+00
    0.120010000000000E+04    0.285425353876371E+01    0.170916636229009E+00
    0.120012000000000E+04    0.288109012376844E+01    0.170914962518993E+00
    0.120638000000000E+04    0.499345112891911E+01    0.170042802514120E+00
    0.120640000000000E+04    0.502025279616919E+01    0.170038833739857E+00
    0.121266000000000E+04    0.842416967710506E+00    0.170583318621704E+00
    0.121268000000000E+04    0.869240405685332E+00    0.170588767665092E+00
    0.121894000000000E+04    0.298674847018583E+01    0.170994232468951E+00
    0.121896000000000E+04    0.301358818936592E+01    0.170993303293031E+00
    0.122524000000000E+04    0.515462472508375E+01    0.170177490774364E+00
    0.122526000000000E+04    0.518143174523493E+01    0.170172710632633E+00
    0.123152000000000E+04    0.100295030198936E+01    0.170390130785908E+00
    0.123154000000000E+04    0.102976605450817E+01    0.170395481979953E+00
    0.123780000000000E+04    0.314597373916763E+01    0.171023231353941E+00
    0.123782000000000E+04    0.317281452200768E+01    0.171023174698409E+00
    0.124408000000000E+04    0.528867389656784E+01    0.170350054970296E+00
    0.124410000000000E+04    0.531548780548837E+01    0.170344744048081E+00
    0.125036000000000E+04    0.113693027236309E+01    0.170209732688086E+00
    0.125038000000000E+04    0.116373875741874E+01    0.170214637255095E+00
    0.125664000000000E+04    0.327828270432701E+01    0.171000843812320E+00
    0.125666000000000E+04    0.330512275049477E+01    0.171001641839551E+00
    0.126294000000000E+04    0.544922078492527E+01    0.170540652246007E+00
    0.126296000000000E+04    0.547604233703441E+01    0.170535148369230E+00
    0.126922000000000E+04    0.129798320046461E+01    0.170067587216752E+00
    0.126924000000000E+04    0.132478597214936E+01    0.170071744028000E+00
    0.127550000000000E+04    0.343754524107635E+01    0.170933280007580E+00
    0.127552000000000E+04    0.346438256696365E+01    0.170934847262107E+00
    0.128178000000000E+04    0.558259401260443E+01    0.170741648065660E+00
    0.128180000000000E+04    0.560942357618046E+01    0.170736354474101E+00
    0.128806000000000E+04    0.143242641445249E+01    0.169964438807426E+00
    0.128808000000000E+04    0.145922504333225E+01    0.169967598530516E+00
    0.129434000000000E+04    0.357009841674744E+01    0.170820316919306E+00
    0.129436000000000E+04    0.359693127161108E+01    0.170822502492942E+00
    0.130062000000000E+04    0.571559753281304E+01    0.170933748452482E+00
    0.130064000000000E+04    0.574243484891622E+01    0.170929017025268E+00
    0.130692000000000E+04    0.159374866728058E+01    0.169915944761235E+00
    0.130694000000000E+04    0.162054530380692E+01    0.169917983886684E+00
    0.131320000000000E+04    0.372975344997008E+01    0.170680117337077E+00
    0.131322000000000E+04    0.375658074899798E+01    0.170682701812457E+00
    0.131948000000000E+04    0.587514879521268E+01    0.171096245773018E+00
    0.131950000000000E+04    0.590199257181598E+01    0.171092388306821E+00
    0.132576000000000E+04    0.172830593634058E+01    0.169920049482706E+00
    0.132578000000000E+04    0.175510253157631E+01    0.169920897168551E+00
    0.133204000000000E+04    0.386286951003535E+01    0.170516886511457E+00
    0.133206000000000E+04    0.388969025730898E+01    0.170519556408386E+00
    0.133832000000000E+04    0.600758740703691E+01    0.171224152612437E+00
    0.133834000000000E+04    0.603443633311099E+01    0.171221467282274E+00
    0.134462000000000E+04    0.188959610490701E+01    0.169976666024451E+00
    0.134464000000000E+04    0.191639514668327E+01    0.169976401964599E+00
    0.135090000000000E+04    0.402316525773108E+01    0.170349712619074E+00
    0.135092000000000E+04    0.404997930001264E+01    0.170352176289620E+00
    0.135718000000000E+04    0.616672623938121E+01    0.171301635123486E+00
    0.135720000000000E+04    0.619357831552088E+01    0.171300267142445E+00
    0.136346000000000E+04    0.202390926200269E+01    0.170078387158991E+00
    0.136348000000000E+04    0.205071228192151E+01    0.170077131866948E+00
    0.136974000000000E+04    0.415698506840886E+01    0.170190991797902E+00
    0.136976000000000E+04    0.418379287743073E+01    0.170192945364168E+00
    0.137602000000000E+04    0.157701759760585E-01    0.171326718207430E+00
    0.137604000000000E+04    0.426232532859103E-01    0.171326801612117E+00
    0.138232000000000E+04    0.218483259806953E+01    0.170216327685454E+00
    0.138234000000000E+04    0.221164120022922E+01    0.170214338363676E+00
    0.138860000000000E+04    0.431794944444164E+01    0.170059930591753E+00
    0.138862000000000E+04    0.434475185247470E+01    0.170061092513057E+00
    0.139488000000000E+04    0.174868719100687E+00    0.171294713021581E+00
    0.139490000000000E+04    0.201720564721427E+00    0.171296210375687E+00
    0.140116000000000E+04    0.231863204515639E+01    0.170377959231059E+00
    0.140118000000000E+04    0.234544702073367E+01    0.170375481784484E+00
    0.140744000000000E+04    0.445231776781270E+01    0.169963645749847E+00
    0.140746000000000E+04    0.447911631900911E+01    0.169963790198380E+00
    0.141372000000000E+04    0.307202246083307E+00    0.171205841332245E+00
    0.141374000000000E+04    0.334050764102585E+00    0.171208670511708E+00
    0.142000000000000E+04    0.245212109563499E+01    0.170546783225038E+00
    0.142002000000000E+04    0.247894288561383E+01    0.170544143255992E+00
    0.142630000000000E+04    0.461371214749465E+01    0.169915249486016E+00
    0.142632000000000E+04    0.464050873901874E+01    0.169914263404850E+00
    0.143258000000000E+04    0.466628257963293E+00    0.171075953996266E+00
    0.143260000000000E+04    0.493471363817434E+00    0.171079886617523E+00
    0.143886000000000E+04    0.261207763783000E+01    0.170705297044082E+00
    0.143888000000000E+04    0.263890579529516E+01    0.170702800421882E+00
    0.144514000000000E+04    0.474833629288241E+01    0.169919979882012E+00
    0.144516000000000E+04    0.477513303884689E+01    0.169917792394428E+00
    0.145142000000000E+04    0.599432241223212E+00    0.170904903636571E+00
    0.145144000000000E+04    0.626268617237201E+00    0.170909704812317E+00
    0.145770000000000E+04    0.274493313028916E+01    0.170845031261310E+00
    0.145772000000000E+04    0.277176688670215E+01    0.170842952039283E+00
    0.146400000000000E+04    0.490974844551920E+01    0.169976859288305E+00
    0.146402000000000E+04    0.493654747744290E+01    0.169973557407961E+00
    0.147028000000000E+04    0.759409807641077E+00    0.170716274234668E+00
    0.147030000000000E+04    0.786238578344182E+00    0.170721577659035E+00
    0.147656000000000E+04    0.290437791307136E+01    0.170948733294565E+00
    0.147658000000000E+04    0.293121579168405E+01    0.170947308829949E+00
    0.148284000000000E+04    0.504422625861048E+01    0.170086173849472E+00
    0.148286000000000E+04    0.507102962490058E+01    0.170081892592204E+00
    0.148912000000000E+04    0.892906258982066E+00    0.170514299314585E+00
    0.148914000000000E+04    0.919726928918180E+00    0.170519755659731E+00
    0.149540000000000E+04    0.303681938210889E+01    0.171009390294411E+00
    0.149542000000000E+04    0.306365973753327E+01    0.171008769545505E+00
    0.150170000000000E+04    0.520530642333438E+01    0.170233862916728E+00
    0.150172000000000E+04    0.523211568946340E+01    0.170228863585228E+00
    0.150798000000000E+04    0.105354193468543E+01    0.170326231018585E+00
    0.150800000000000E+04    0.108035509942442E+01    0.170331465603257E+00
    0.151426000000000E+04    0.319604788227389E+01    0.171022016385798E+00
    0.151428000000000E+04    0.322288876378821E+01    0.171022245405948E+00
    0.152054000000000E+04    0.533930614757060E+01    0.170417731470105E+00
    0.152056000000000E+04    0.536612275293578E+01    0.170412322117766E+00
    0.152682000000000E+04    0.118765539613059E+01    0.170157405974369E+00
    0.152684000000000E+04    0.121446142539617E+01    0.170162058912173E+00
    0.153310000000000E+04    0.332838277741212E+01    0.170982926477833E+00
    0.153312000000000E+04    0.335522212122851E+01    0.170984007441959E+00
    0.153940000000000E+04    0.549970766341949E+01    0.170610456319532E+00
    0.153942000000000E+04    0.552653199367478E+01    0.170604982731570E+00
    0.154568000000000E+04    0.134880097833320E+01    0.170028453375308E+00
    0.154570000000000E+04    0.137560218684212E+01    0.170032290623598E+00
    0.155196000000000E+04    0.348771255741758E+01    0.170899755572929E+00
    0.155198000000000E+04    0.351454857133922E+01    0.170901559387575E+00
    0.155824000000000E+04    0.563300317465428E+01    0.170811310962545E+00
    0.155826000000000E+04    0.565983560838004E+01    0.170806168406453E+00
    0.156452000000000E+04    0.148332376710823E+01    0.169943154779416E+00
    0.156454000000000E+04    0.151012138673605E+01    0.169945924879310E+00
    0.157080000000000E+04    0.362038173638575E+01    0.170775021316660E+00
    0.157082000000000E+04    0.364721278056368E+01    0.170777363338376E+00
    0.157708000000000E+04    0.576590872882343E+01    0.170994202783850E+00
    0.157710000000000E+04    0.579274845181908E+01    0.170989753828346E+00
    0.158338000000000E+04    0.164468485751104E+01    0.169911994533415E+00
    0.158340000000000E+04    0.167148131464774E+01    0.169913620736089E+00
    0.158966000000000E+04    0.378013591464469E+01    0.170624682287494E+00
    0.158968000000000E+04    0.380696095549274E+01    0.170627320013146E+00
    0.159594000000000E+04    0.592534698824011E+01    0.171143883065542E+00
    0.159596000000000E+04    0.595219269588142E+01    0.171140397360289E+00
    0.160222000000000E+04    0.177920038709817E+01    0.169933217200794E+00
    0.160224000000000E+04    0.180599772270307E+01    0.169933662632195E+00
    0.160850000000000E+04    0.391335436849249E+01    0.170457014676034E+00
    0.160852000000000E+04    0.394017269574579E+01    0.170459638582067E+00
    0.161478000000000E+04    0.605770655435936E+01    0.171256216869165E+00
    0.161480000000000E+04    0.608455680302495E+01    0.171253983397457E+00
    0.162108000000000E+04    0.194039978503451E+01    0.170006935534704E+00
    0.162110000000000E+04    0.196719991662349E+01    0.170006306492219E+00
    0.162736000000000E+04    0.407369383117202E+01    0.170290747982163E+00
    0.162738000000000E+04    0.410050551618451E+01    0.170293067958921E+00
    0.163364000000000E+04    0.621671507995370E+01    0.171313841839309E+00
    0.163366000000000E+04    0.624356762232492E+01    0.171312963250581E+00
    0.163992000000000E+04    0.207453918690680E+01    0.170120763812385E+00
    0.163994000000000E+04    0.210134397608863E+01    0.170119219278809E+00
    0.164620000000000E+04    0.420753299133867E+01    0.170140023656725E+00
    0.164622000000000E+04    0.423433857496957E+01    0.170141716776730E+00
    0.165248000000000E+04    0.656417951222465E-01    0.171317617104522E+00
    0.165250000000000E+04    0.924946975469538E-01    0.171318192623076E+00
    0.165878000000000E+04    0.223527235205938E+01    0.170267936461451E+00
    0.165880000000000E+04    0.226208301056295E+01    0.170265750733307E+00
    0.166506000000000E+04    0.436850723057296E+01    0.170020332912148E+00
    0.166508000000000E+04    0.439530806244466E+01    0.170021170053888E+00
    0.167134000000000E+04    0.224715841761281E+00    0.171268919497407E+00
    0.167136000000000E+04    0.251566657567309E+00    0.171270886681186E+00
    0.167762000000000E+04    0.236888566410835E+01    0.170432824055392E+00
    0.167764000000000E+04    0.239570290074471E+01    0.170430264138405E+00
    0.168390000000000E+04    0.450289341196685E+01    0.169939803950776E+00
    0.168392000000000E+04    0.452969102139468E+01    0.169939561236252E+00
    0.169018000000000E+04    0.357016993862544E+00    0.171162765488286E+00
    0.169020000000000E+04    0.383863549847774E+00    0.171166011998775E+00
    0.169648000000000E+04    0.252894276579809E+01    0.170597242252535E+00
    0.169650000000000E+04    0.255576659876942E+01    0.170594626536620E+00
    0.170276000000000E+04    0.466414090271883E+01    0.169907071797664E+00
    0.170278000000000E+04    0.469093718039903E+01    0.169905677176042E+00
    0.170904000000000E+04    0.516381102114337E+00    0.171019350523475E+00
    0.170906000000000E+04    0.543221969906426E+00    0.171023619652010E+00
    0.171532000000000E+04    0.266187169312389E+01    0.170752982344067E+00
    0.171534000000000E+04    0.268870172924062E+01    0.170750607451239E+00
    0.172160000000000E+04    0.479867638201404E+01    0.169931389706810E+00
    0.172162000000000E+04    0.482547362424339E+01    0.169928802468521E+00
    0.172788000000000E+04    0.649172383940368E+00    0.170838050165964E+00
    0.172790000000000E+04    0.676005811300456E+00    0.170843028489315E+00
    0.173416000000000E+04    0.279446501495659E+01    0.170879856949011E+00
    0.173418000000000E+04    0.282130017116424E+01    0.170877976240812E+00
    0.174046000000000E+04    0.495984636898311E+01    0.170002928715439E+00
    0.174048000000000E+04    0.498664641276991E+01    0.169999266235712E+00
    0.174674000000000E+04    0.809067716407753E+00    0.170643698108976E+00
    0.174676000000000E+04    0.835893579369895E+00    0.170649095651752E+00
    0.175302000000000E+04    0.295366532210301E+01    0.170969318472574E+00
    0.175304000000000E+04    0.298050403897923E+01    0.170968144299876E+00
    0.175930000000000E+04    0.509409484493199E+01    0.170128190495433E+00
    0.175932000000000E+04    0.512090000186890E+01    0.170123636204956E+00
    0.176558000000000E+04    0.942524852746374E+00    0.170444032077152E+00
    0.176560000000000E+04    0.969342698690070E+00    0.170449451930895E+00
    0.177186000000000E+04    0.308593604616954E+01    0.171014885933645E+00
    0.177188000000000E+04    0.311277660705400E+01    0.171014541632030E+00
    0.177816000000000E+04    0.525493278947260E+01    0.170287721425364E+00
    0.177818000000000E+04    0.528174420003870E+01    0.170282538667608E+00
    0.178444000000000E+04    0.110310032978578E+01    0.170261913520770E+00
    0.178446000000000E+04    0.112991091885351E+01    0.170266996995369E+00
    0.179072000000000E+04    0.324497208235971E+01    0.171009871981667E+00
    0.179074000000000E+04    0.327181246240480E+01    0.171010392514634E+00
    0.179700000000000E+04    0.538864643473926E+01    0.170477400864137E+00
    0.179702000000000E+04    0.541546555228615E+01    0.170471935280306E+00
    0.180328000000000E+04    0.123719514868208E+01    0.170105227851325E+00
    0.180330000000000E+04    0.126399943289107E+01    0.170109643743709E+00
    0.180956000000000E+04    0.337728465874216E+01    0.170956923041178E+00
    0.180958000000000E+04    0.340412296235036E+01    0.170958260424851E+00
    0.181586000000000E+04    0.554890064791743E+01    0.170675078955249E+00
    0.181588000000000E+04    0.557572756072886E+01    0.170669678150741E+00
    0.182214000000000E+04    0.139830965960118E+01    0.169991141068995E+00
    0.182216000000000E+04    0.142510938783789E+01    0.169994643744295E+00
    0.182842000000000E+04    0.353655931686080E+01    0.170859510417526E+00
    0.182844000000000E+04    0.356339366534485E+01    0.170861524033367E+00
    0.183470000000000E+04    0.568194005759233E+01    0.170871505823387E+00
    0.183472000000000E+04    0.570877484465700E+01    0.170866554101625E+00
    0.184098000000000E+04    0.153274671528652E+01    0.169923336741115E+00
    0.184100000000000E+04    0.155954366678588E+01    0.169925728327797E+00
    0.184726000000000E+04    0.366921039604358E+01    0.170723922769055E+00
    0.184728000000000E+04    0.369603942404092E+01    0.170726403348996E+00
    0.185354000000000E+04    0.581467278751552E+01    0.171047920202284E+00
    0.185356000000000E+04    0.584151464241359E+01    0.171043761507666E+00
    0.185984000000000E+04    0.169404078226944E+01    0.169911477217508E+00
    0.185986000000000E+04    0.172083726133360E+01    0.169912707388707E+00
    0.186612000000000E+04    0.382900511037315E+01    0.170568519311042E+00
    0.186614000000000E+04    0.385582781919584E+01    0.170571192848330E+00
    0.187240000000000E+04    0.597396136932275E+01    0.171184661212075E+00
    0.187242000000000E+04    0.600080877703294E+01    0.171181554815696E+00
    0.187868000000000E+04    0.182848556506906E+01    0.169951585707750E+00
    0.187870000000000E+04    0.185528362644163E+01    0.169951649475397E+00
    0.188496000000000E+04    0.396229651647673E+01    0.170399831871151E+00
    0.188498000000000E+04    0.398911258256248E+01    0.170402389874080E+00
    0.189124000000000E+04    0.610624479668650E+01    0.171281700131523E+00
    0.189126000000000E+04    0.613309607207793E+01    0.171279902247561E+00
    0.189754000000000E+04    0.198960628845680E+01    0.170039241242262E+00
    0.189756000000000E+04    0.201640782363756E+01    0.170038285783675E+00
    0.190382000000000E+04    0.412275517944045E+01    0.170238482304525E+00
    0.190384000000000E+04    0.414956470545030E+01    0.170240631054703E+00
    0.191010000000000E+04    0.626521452857696E+01    0.171320946959891E+00
    0.191012000000000E+04    0.888187956434194E-02    0.171320555622477E+00
    0.191638000000000E+04    0.212365091551237E+01    0.170166249970288E+00
    0.191640000000000E+04    0.215045751969728E+01    0.170164452862020E+00
    0.192266000000000E+04    0.425664839072215E+01    0.170094401185945E+00
    0.192268000000000E+04    0.428345216980824E+01    0.170095826655523E+00
    0.192894000000000E+04    0.114114249981412E+00    0.171305920270329E+00
    0.192896000000000E+04    0.140966579069300E+00    0.171306993281140E+00
    0.193524000000000E+04    0.228422692442655E+01    0.170319718593295E+00
    0.193526000000000E+04    0.231103963648775E+01    0.170317369958026E+00
    0.194152000000000E+04    0.441763038812815E+01    0.169985988161719E+00
    0.194154000000000E+04    0.444442986184185E+01    0.169986488022055E+00
    0.194780000000000E+04    0.273137419962950E+00    0.171237718964623E+00
    0.194782000000000E+04    0.299986976153377E+00    0.171240128819614E+00
    0.195408000000000E+04    0.241765828015377E+01    0.170487693176412E+00
    0.195410000000000E+04    0.244447772073681E+01    0.170485074518737E+00
    0.196036000000000E+04    0.455200211165220E+01    0.169921805314155E+00
    0.196038000000000E+04    0.457879894627058E+01    0.169921177112697E+00
    0.196664000000000E+04    0.405467582062556E+00    0.171117549578625E+00
    0.196666000000000E+04    0.432312403279866E+00    0.171121180896365E+00
    0.197294000000000E+04    0.257757733593144E+01    0.170651820935645E+00
    0.197296000000000E+04    0.260440319457530E+01    0.170649263170433E+00
    0.197922000000000E+04    0.471322946828923E+01    0.169906068639953E+00
    0.197924000000000E+04    0.474002567886464E+01    0.169904273075954E+00
    0.198550000000000E+04    0.564831370095362E+00    0.170959565667073E+00
    0.198552000000000E+04    0.591669848232414E+00    0.170964118344892E+00
    0.199178000000000E+04    0.271029423934669E+01    0.170796798775805E+00
    0.199180000000000E+04    0.273712604791081E+01    0.170794569323442E+00
    0.199806000000000E+04    0.484764750919749E+01    0.169948274779239E+00
    0.199808000000000E+04    0.487444540930892E+01    0.169945313442236E+00
    0.200434000000000E+04    0.697641568577637E+00    0.170771027245691E+00
    0.200436000000000E+04    0.724472512662942E+00    0.170776218325657E+00
    0.201062000000000E+04    0.284275413378327E+01    0.170913856921875E+00
    0.201064000000000E+04    0.286959062515189E+01    0.170912197568322E+00
    0.201692000000000E+04    0.500874349766036E+01    0.170038052029111E+00
    0.201694000000000E+04    0.503554495855451E+01    0.170034069233932E+00
    0.202320000000000E+04    0.857626260919915E+00    0.170575941309491E+00
    0.202322000000000E+04    0.884449403485178E+00    0.170581386055842E+00
    0.202948000000000E+04    0.300186296342235E+01    0.170988663536404E+00
    0.202950000000000E+04    0.302870248117824E+01    0.170987767459902E+00
    0.203576000000000E+04    0.514288019798005E+01    0.170177750238465E+00
    0.203578000000000E+04    0.516968722453203E+01    0.170172952596643E+00
    0.204204000000000E+04    0.991119197093667E+00    0.170378106611661E+00
    0.204206000000000E+04    0.101793443564929E+01    0.170383455395580E+00
    0.204832000000000E+04    0.313405139422412E+01    0.171017960087613E+00
    0.204834000000000E+04    0.316089210719974E+01    0.171017903325506E+00
    0.205462000000000E+04    0.530357567890724E+01    0.170347857944828E+00
    0.205464000000000E+04    0.533038949280126E+01    0.170342543281749E+00
    0.206090000000000E+04    0.115178231386699E+01    0.170205714477243E+00
    0.206092000000000E+04    0.117859056053612E+01    0.170210602465512E+00
    0.206718000000000E+04    0.329305841579071E+01    0.170995458696836E+00
    0.206720000000000E+04    0.331989823208960E+01    0.170996271528228E+00
    0.207346000000000E+04    0.543713236420626E+01    0.170543554648777E+00
    0.207348000000000E+04    0.546395401842301E+01    0.170538066099120E+00
    0.207974000000000E+04    0.128587054801528E+01    0.170059704172877E+00
    0.207976000000000E+04    0.131267301140497E+01    0.170063838988862E+00
    0.208602000000000E+04    0.342533859546484E+01    0.170927685621697E+00
    0.208604000000000E+04    0.345217573457467E+01    0.170929262284369E+00
    0.209232000000000E+04    0.559720297627837E+01    0.170740388506425E+00
    0.209234000000000E+04    0.562403249256431E+01    0.170735091354339E+00
    0.209860000000000E+04    0.144701012478208E+01    0.169962351677090E+00
    0.209862000000000E+04    0.147380861463262E+01    0.169965497791238E+00
    0.210488000000000E+04    0.358464538606086E+01    0.170817774198945E+00
    0.210490000000000E+04    0.361147814330934E+01    0.170819967930985E+00
    0.211116000000000E+04    0.573011712154312E+01    0.170931700343654E+00
    0.211118000000000E+04    0.575695433550118E+01    0.170926971021058E+00
    0.211744000000000E+04    0.158146502680756E+01    0.169913152453881E+00
    0.211746000000000E+04    0.160826155508130E+01    0.169915157855436E+00
    0.212372000000000E+04    0.371737676667180E+01    0.170672703199282E+00
    0.212374000000000E+04    0.374420372194663E+01    0.170675269083010E+00
    0.213000000000000E+04    0.586271658360420E+01    0.171097370814464E+00
    0.213002000000000E+04    0.588956045906525E+01    0.171093546740966E+00
    0.213630000000000E+04    0.174269871149727E+01    0.169917271228757E+00
    0.213632000000000E+04    0.176949534101686E+01    0.169918112208449E+00
    0.214258000000000E+04    0.387722814688732E+01    0.170511835529673E+00
    0.214260000000000E+04    0.390404877438050E+01    0.170514528693296E+00
    0.214886000000000E+04    0.602191105739894E+01    0.171221352214113E+00
    0.214888000000000E+04    0.604875985863009E+01    0.171218666498014E+00
    0.215514000000000E+04    0.187708700636085E+01    0.169974775125434E+00
    0.215516000000000E+04    0.190388597463607E+01    0.169974480218105E+00
    0.216142000000000E+04    0.401059758556175E+01    0.170342833578927E+00
    0.216144000000000E+04    0.403741135243445E+01    0.170345280421900E+00
    0.216770000000000E+04    0.615407767270381E+01    0.171299920475752E+00
    0.216772000000000E+04    0.618092967885150E+01    0.171298600303778E+00
    0.217400000000000E+04    0.203807853176068E+01    0.170076494720715E+00
    0.217402000000000E+04    0.206488146667107E+01    0.170075238036954E+00
    0.218028000000000E+04    0.417109893148972E+01    0.170187296875099E+00
    0.218030000000000E+04    0.419790649991137E+01    0.170189247023751E+00
    0.218656000000000E+04    0.298188781107456E-01    0.171322009200387E+00
    0.218658000000000E+04    0.566717633237204E-01    0.171322099281503E+00
    0.219284000000000E+04    0.217201861964941E+01    0.170214980933897E+00
    0.219286000000000E+04    0.219882716020720E+01    0.170212970670307E+00
    0.219912000000000E+04    0.430508654029290E+01    0.170053406667246E+00
    0.219914000000000E+04    0.433188870009826E+01    0.170054543115711E+00
    0.220540000000000E+04    0.161900933325342E+00    0.171288843232061E+00
    0.220542000000000E+04    0.188752537094842E+00    0.171290384227639E+00
    0.221170000000000E+04    0.233245996223059E+01    0.170373629764279E+00
    0.221172000000000E+04    0.235927478448548E+01    0.170371158514881E+00
    0.221798000000000E+04    0.446611192763294E+01    0.169959212938940E+00
    0.221800000000000E+04    0.449291034963062E+01    0.169959363680291E+00
    0.222426000000000E+04    0.320939675552836E+00    0.171202963602380E+00
    0.222428000000000E+04    0.347787845184484E+00    0.171205791600195E+00
    0.223054000000000E+04    0.246576186396533E+01    0.170542480126470E+00
    0.223056000000000E+04    0.249258348831790E+01    0.170539846462225E+00
    0.223682000000000E+04    0.460050034732694E+01    0.169910747152934E+00
    0.223684000000000E+04    0.462729675102901E+01    0.169909730976643E+00
    0.224310000000000E+04    0.453317252196939E+00    0.171068393339069E+00
    0.224312000000000E+04    0.480160079108828E+00    0.171072368373019E+00
    0.224940000000000E+04    0.262555237797369E+01    0.170700933759118E+00
    0.224942000000000E+04    0.265238031349008E+01    0.170698444603151E+00
    0.225568000000000E+04    0.476175018535059E+01    0.169914903786900E+00
    0.225570000000000E+04    0.478854679834694E+01    0.169912722378335E+00
    0.226196000000000E+04    0.612806793618802E+00    0.170901389920163E+00
    0.226198000000000E+04    0.639642916380581E+00    0.170906173059639E+00
    0.226824000000000E+04    0.275822651579347E+01    0.170840091844884E+00
    0.226826000000000E+04    0.278506005410281E+01    0.170838024118536E+00
    0.227452000000000E+04    0.489617517465285E+01    0.169973697958580E+00
    0.227454000000000E+04    0.492297405042382E+01    0.169970371401629E+00
    0.228080000000000E+04    0.745762456096600E+00    0.170707099813978E+00
    0.228082000000000E+04    0.772590855867293E+00    0.170712418937243E+00
    0.228708000000000E+04    0.289064495372077E+01    0.170944424005715E+00
    0.228710000000000E+04    0.291748266724380E+01    0.170942994303164E+00
    0.229338000000000E+04    0.505727709702023E+01    0.170079427316239E+00
    0.229340000000000E+04    0.508408031739509E+01    0.170075151080732E+00
    0.229966000000000E+04    0.905927618284295E+00    0.170512277027861E+00
    0.229968000000000E+04    0.932748208651446E+00    0.170517728554251E+00
    0.230594000000000E+04    0.304979806606298E+01    0.171005651303367E+00
    0.230596000000000E+04    0.307663826110684E+01    0.171005017127333E+00
    0.231222000000000E+04    0.519141599946306E+01    0.170233397677681E+00
    0.231224000000000E+04    0.521822524429990E+01    0.170228391004945E+00
    0.231850000000000E+04    0.103960407176146E+01    0.170318658374029E+00
    0.231852000000000E+04    0.106641694631389E+01    0.170323894006458E+00
    0.232478000000000E+04    0.318201821998900E+01    0.171017574613341E+00
    0.232480000000000E+04    0.320885886321958E+01    0.171017808429680E+00
    0.233108000000000E+04    0.535204436770664E+01    0.170411116616230E+00
    0.233110000000000E+04    0.537886073088430E+01    0.170405704020258E+00
    0.233736000000000E+04    0.120038626288488E+01    0.170154432412145E+00
    0.233738000000000E+04    0.122719251243416E+01    0.170159104337706E+00
    0.234364000000000E+04    0.334109755153531E+01    0.170980170696492E+00
    0.234366000000000E+04    0.336793679264429E+01    0.170981262561187E+00
    0.234992000000000E+04    0.548556163950434E+01    0.170610927869642E+00
    0.234994000000000E+04    0.551238596871372E+01    0.170605468326292E+00
    0.235620000000000E+04    0.133462312317897E+01    0.170022331051273E+00
    0.235622000000000E+04    0.136142410824095E+01    0.170026157190593E+00
    0.236248000000000E+04    0.347347055490036E+01    0.170895542585165E+00
    0.236250000000000E+04    0.350030631846221E+01    0.170897350743475E+00
    0.236878000000000E+04    0.564553272176090E+01    0.170804676305199E+00
    0.236880000000000E+04    0.567236488411299E+01    0.170799512843015E+00
    0.237506000000000E+04    0.149581794279402E+01    0.169941226881563E+00
    0.237508000000000E+04    0.152261564682658E+01    0.169944011949579E+00
    0.238134000000000E+04    0.363288001084629E+01    0.170774410677766E+00
    0.238136000000000E+04    0.365971105097742E+01    0.170776769389371E+00
    0.238762000000000E+04    0.577838930043617E+01    0.170991253059833E+00
    0.238764000000000E+04    0.580522887421466E+01    0.170986787509215E+00
    0.239390000000000E+04    0.163033292420141E+01    0.169909589428522E+00
    0.239392000000000E+04    0.165712933281247E+01    0.169911202694292E+00
    0.240018000000000E+04    0.376575576650839E+01    0.170621572973723E+00
    0.240020000000000E+04    0.379258067840692E+01    0.170624203023431E+00
    0.240648000000000E+04    0.593779602329050E+01    0.171142277334862E+00
    0.240650000000000E+04    0.596464170255376E+01    0.171138775470642E+00
    0.241276000000000E+04    0.179161470031067E+01    0.169932791049978E+00
    0.241278000000000E+04    0.181841189360875E+01    0.169933240970453E+00
    0.241904000000000E+04    0.392574764083474E+01    0.170456639222639E+00
    0.241906000000000E+04    0.395256596002764E+01    0.170459271109024E+00
    0.242532000000000E+04    0.607010764551660E+01    0.171251889895043E+00
    0.242534000000000E+04    0.609695791432205E+01    0.171249620897751E+00
    0.243160000000000E+04    0.192601145341041E+01    0.170006749464077E+00
    0.243162000000000E+04    0.195281169877944E+01    0.170006115591315E+00
    0.243788000000000E+04    0.405932866625608E+01    0.170290301006513E+00
    0.243790000000000E+04    0.408614032197420E+01    0.170292606753189E+00
    0.244416000000000E+04    0.620233437447632E+01    0.171314906888810E+00
    0.244418000000000E+04    0.622918699917818E+01    0.171314061430360E+00
    0.245046000000000E+04    0.208699430875140E+01    0.170119983346521E+00
    0.245048000000000E+04    0.211379900406928E+01    0.170118449271295E+00
