    0.000000000000000E+00    0.190000000000000E+01    0.180000000000000E+00
    0.200000000000000E-01    0.192719998784752E+01    0.179999458054499E+00
    0.630000000000000E+01    0.418577086262029E+01    0.180211369897857E+00
    0.632000000000000E+01    0.421297934397413E+01    0.180213259620097E+00
    0.125800000000000E+02    0.170598024497785E+00    0.181463901666232E+00
    0.126000000000000E+02    0.197856618635718E+00    0.181465347478833E+00
    0.188600000000000E+02    0.244248102045248E+01    0.180601688454127E+00
    0.188800000000000E+02    0.246970501689173E+01    0.180599058643458E+00
    0.251400000000000E+02    0.470337242699345E+01    0.179896653328294E+00
    0.251600000000000E+02    0.473056827323374E+01    0.179894823382588E+00
    0.314200000000000E+02    0.679968320060496E+00    0.180899547240970E+00
    0.314400000000000E+02    0.707204407892092E+00    0.180904680219502E+00
    0.377000000000000E+02    0.295263765697681E+01    0.181135892934785E+00
    0.377200000000000E+02    0.297988303435273E+01    0.181134790120048E+00
    0.440000000000000E+02    0.524829356596172E+01    0.180315217877108E+00
    0.440200000000000E+02    0.527550617791353E+01    0.180310057322089E+00
    0.502800000000000E+02    0.122177955313514E+01    0.180145466261124E+00
    0.503000000000000E+02    0.124898541596576E+01    0.180150022887375E+00
    0.565600000000000E+02    0.348811969195692E+01    0.181041402113450E+00
    0.565800000000000E+02    0.351536138203758E+01    0.181043217033064E+00
    0.628400000000000E+02    0.576142200798071E+01    0.181099537778466E+00
    0.628600000000000E+02    0.578866591385719E+01    0.181094989489382E+00
    0.691200000000000E+02    0.174001699935853E+01    0.179913122027861E+00
    0.691400000000000E+02    0.176721353258068E+01    0.179913840043505E+00
    0.754000000000000E+02    0.399952658316710E+01    0.180414411562985E+00
    0.754200000000000E+02    0.402674320674561E+01    0.180416874194251E+00
    0.817000000000000E+02    0.139334019472841E-01    0.181498407339746E+00
    0.817200000000000E+02    0.411933658367616E-01    0.181498225947146E+00
    0.879800000000000E+02    0.228392647118373E+01    0.180383236988244E+00
    0.880000000000000E+02    0.231114166476964E+01    0.180380869809638E+00
    0.942600000000000E+02    0.454322296419522E+01    0.179919496748876E+00
    0.942800000000000E+02    0.457041975066446E+01    0.179919013668380E+00
    0.100540000000000E+03    0.522214315425799E+00    0.181133411520882E+00
    0.100560000000000E+03    0.549459870080256E+00    0.181137751486153E+00
    0.106820000000000E+03    0.279558819927448E+01    0.181020454850252E+00
    0.106840000000000E+03    0.282282895391506E+01    0.181018555898119E+00
    0.113100000000000E+03    0.506154690485911E+01    0.180116325122023E+00
    0.113120000000000E+03    0.508875147161066E+01    0.180111898493413E+00
    0.119400000000000E+03    0.106231369425382E+01    0.180356900935597E+00
    0.119420000000000E+03    0.108952806544505E+01    0.180362125400971E+00
    0.125680000000000E+03    0.333110047996641E+01    0.181147433439679E+00
    0.125700000000000E+03    0.335834637863925E+01    0.181148425511555E+00
    0.131960000000000E+03    0.560360794652826E+01    0.180860005683364E+00
    0.131980000000000E+03    0.563084230723751E+01    0.180854748300011E+00
    0.138240000000000E+03    0.157986356148925E+01    0.179902064575687E+00
    0.138260000000000E+03    0.160705958429986E+01    0.179904120060137E+00
    0.144520000000000E+03    0.384105677689831E+01    0.180634538141624E+00
    0.144540000000000E+03    0.386828222891509E+01    0.180637213100030E+00
    0.150800000000000E+03    0.611317321795161E+01    0.181451328862871E+00
    0.150820000000000E+03    0.614043124061823E+01    0.181449580139672E+00
    0.157080000000000E+03    0.209761343621844E+01    0.180183235531446E+00
    0.157100000000000E+03    0.212482071202876E+01    0.180181505953091E+00
    0.163380000000000E+03    0.438328827575694E+01    0.180016762699567E+00
    0.163400000000000E+03    0.441048896690910E+01    0.180017512300555E+00
    0.169660000000000E+03    0.364967815375564E+00    0.181324145223510E+00
    0.169680000000000E+03    0.392220858353880E+00    0.181327325807237E+00
    0.175940000000000E+03    0.263813426494775E+01    0.180848206065873E+00
    0.175960000000000E+03    0.266536808976261E+01    0.180845765039887E+00
    0.182220000000000E+03    0.490159349823412E+01    0.179971561126735E+00
    0.182240000000000E+03    0.492879235324375E+01    0.179968209541097E+00
    0.188500000000000E+03    0.876088709923863E+00    0.180597894000034E+00
    0.188520000000000E+03    0.903312692783572E+00    0.180603346238459E+00
    0.194780000000000E+03    0.314697500657877E+01    0.181184902282420E+00
    0.194800000000000E+03    0.317422239038416E+01    0.181184923867001E+00
    0.201080000000000E+03    0.544516525374490E+01    0.180602190732240E+00
    0.201100000000000E+03    0.547238924590954E+01    0.180596699274691E+00
    0.207360000000000E+03    0.141968234010261E+01    0.179970514258572E+00
    0.207380000000000E+03    0.144688123930308E+01    0.179973851647312E+00
    0.213640000000000E+03    0.368307294617944E+01    0.180841896070082E+00
    0.213660000000000E+03    0.371030663240720E+01    0.180844376929794E+00
    0.219920000000000E+03    0.595623424392471E+01    0.181325755609511E+00
    0.219940000000000E+03    0.598348739858119E+01    0.181322534572733E+00
    0.226200000000000E+03    0.193801156850179E+01    0.180024077854026E+00
    0.226220000000000E+03    0.196521250339936E+01    0.180023335634545E+00
    0.232480000000000E+03    0.419648453867683E+01    0.180175798449923E+00
    0.232500000000000E+03    0.422369160680751E+01    0.180177521257748E+00
    0.238780000000000E+03    0.208086252830867E+00    0.181450728516096E+00
    0.238800000000000E+03    0.235344339215430E+00    0.181452446925254E+00
    0.245060000000000E+03    0.248023828440824E+01    0.180641747617745E+00
    0.245080000000000E+03    0.250746385371298E+01    0.180639120311725E+00
    0.251340000000000E+03    0.474150241391317E+01    0.179901852180522E+00
    0.251360000000000E+03    0.476869849962640E+01    0.179899780888707E+00
    0.257620000000000E+03    0.717719452232700E+00    0.180854589270745E+00
    0.257640000000000E+03    0.744953737164735E+00    0.180859812460171E+00
    0.263900000000000E+03    0.299019092356292E+01    0.181150811925850E+00
    0.263920000000000E+03    0.301743692696954E+01    0.181149877831356E+00
    0.270180000000000E+03    0.525905863918217E+01    0.180361586097201E+00
    0.270200000000000E+03    0.528627302390686E+01    0.180356330959921E+00
    0.276480000000000E+03    0.125984937105932E+01    0.180114469075079E+00
    0.276500000000000E+03    0.128705402844747E+01    0.180118870895504E+00
    0.282760000000000E+03    0.352573763340524E+01    0.181015678490334E+00
    0.282780000000000E+03    0.355297828782665E+01    0.181017628831519E+00
    0.289040000000000E+03    0.579911510132536E+01    0.181140022675745E+00
    0.289060000000000E+03    0.582636068289446E+01    0.181135639407818E+00
    0.295320000000000E+03    0.177817165131415E+01    0.179924287702696E+00
    0.295340000000000E+03    0.180536851139641E+01    0.179924765208031E+00
    0.301600000000000E+03    0.403745722025786E+01    0.180376224605203E+00
    0.301620000000000E+03    0.406467234845979E+01    0.180378621465169E+00
    0.307880000000000E+03    0.242231331395715E-01    0.181498341500478E+00
    0.307900000000000E+03    0.514830740702337E-01    0.181498498628853E+00
    0.314160000000000E+03    0.229465187687475E+01    0.180425128630972E+00
    0.314180000000000E+03    0.232186881708441E+01    0.180422675182898E+00
    0.320460000000000E+03    0.458142322908498E+01    0.179909771993312E+00
    0.320480000000000E+03    0.460861959980042E+01    0.179909047246125E+00
    0.326740000000000E+03    0.559958887639880E+00    0.181095354837933E+00
    0.326760000000000E+03    0.587202807006520E+00    0.181099873690919E+00
    0.333020000000000E+03    0.283324796571389E+01    0.181046054055462E+00
    0.333040000000000E+03    0.286048972548150E+01    0.181044284670381E+00
    0.339300000000000E+03    0.509965800702565E+01    0.180148960669709E+00
    0.339320000000000E+03    0.512686390791248E+01    0.180144373387559E+00
    0.345580000000000E+03    0.107313892397275E+01    0.180311168658873E+00
    0.345600000000000E+03    0.110035143661202E+01    0.180316296558334E+00
    0.351860000000000E+03    0.334147398998175E+01    0.181132842331630E+00
    0.351880000000000E+03    0.336871933479495E+01    0.181134006256816E+00
    0.358160000000000E+03    0.564143612296976E+01    0.180904985486408E+00
    0.358180000000000E+03    0.566867223166969E+01    0.180899826441925E+00
    0.364440000000000E+03    0.161808724330535E+01    0.179899227369971E+00
    0.364460000000000E+03    0.164528325535940E+01    0.179901044752446E+00
    0.370720000000000E+03    0.387893517773256E+01    0.180594960696561E+00
    0.370740000000000E+03    0.390615896226575E+01    0.180597626678438E+00
    0.377000000000000E+03    0.615077784114419E+01    0.181466060006173E+00
    0.377020000000000E+03    0.617803649276857E+01    0.181464586068687E+00
    0.383280000000000E+03    0.213569018931048E+01    0.180218355402098E+00
    0.383300000000000E+03    0.216289885732022E+01    0.180216480554812E+00
    0.389560000000000E+03    0.439426550580311E+01    0.179993853375821E+00
    0.389580000000000E+03    0.442146529353090E+01    0.179994372223443E+00
    0.395860000000000E+03    0.402663430344091E+00    0.181294812578694E+00
    0.395880000000000E+03    0.429915294037187E+00    0.181298217081981E+00
    0.402140000000000E+03    0.267593027106693E+01    0.180883509443714E+00
    0.402160000000000E+03    0.270316556192370E+01    0.180881150968335E+00
    0.408420000000000E+03    0.493984512870497E+01    0.179992665932935E+00
    0.408440000000000E+03    0.496704478256663E+01    0.179989098322240E+00
    0.414700000000000E+03    0.914100588045812E+00    0.180552468366600E+00
    0.414720000000000E+03    0.941322830661875E+00    0.180557916383212E+00
    0.420980000000000E+03    0.318466935136689E+01    0.181184822039619E+00
    0.421000000000000E+03    0.321191674520708E+01    0.181185029856127E+00
    0.427260000000000E+03    0.545598517104600E+01    0.180655712427976E+00
    0.427280000000000E+03    0.548321129842896E+01    0.180650241419202E+00
    0.433540000000000E+03    0.143080075388139E+01    0.179951207649679E+00
    0.433560000000000E+03    0.145799872778434E+01    0.179954297030919E+00
    0.439840000000000E+03    0.372097167863342E+01    0.180807308910923E+00
    0.439860000000000E+03    0.374820402145008E+01    0.180809854666179E+00
    0.446120000000000E+03    0.599401373273122E+01    0.181355567917689E+00
    0.446140000000000E+03    0.602126792219156E+01    0.181352596309601E+00
    0.452400000000000E+03    0.197626605327309E+01    0.180049187280351E+00
    0.452420000000000E+03    0.200346799443275E+01    0.180048247142217E+00
    0.458680000000000E+03    0.423467645546782E+01    0.180142650240861E+00
    0.458700000000000E+03    0.426188219268806E+01    0.180144217057189E+00
    0.464960000000000E+03    0.218543993122694E+00    0.181431517603628E+00
    0.464980000000000E+03    0.245801314566961E+00    0.181433558730104E+00
    0.471240000000000E+03    0.249097283265962E+01    0.180684263632343E+00
    0.471260000000000E+03    0.251820008789980E+01    0.180681625369370E+00
    0.477540000000000E+03    0.477981853300696E+01    0.179908152908580E+00
    0.477560000000000E+03    0.480701485171130E+01    0.179905842580096E+00
    0.483820000000000E+03    0.755684477726732E+00    0.180809320402846E+00
    0.483840000000000E+03    0.782916932224452E+00    0.180814605958002E+00
    0.490100000000000E+03    0.302791760794355E+01    0.181162773185455E+00
    0.490120000000000E+03    0.305516409380846E+01    0.181162009888638E+00
    0.496380000000000E+03    0.529720541404697E+01    0.180404176007338E+00
    0.496400000000000E+03    0.532442148811856E+01    0.180398845520967E+00
    0.502660000000000E+03    0.127089593838048E+01    0.180079494431128E+00
    0.502680000000000E+03    0.129809922293271E+01    0.180083714512263E+00
    0.508940000000000E+03    0.353628878298628E+01    0.180985949547492E+00
    0.508960000000000E+03    0.356352818825201E+01    0.180988017317190E+00
    0.515240000000000E+03    0.583691507652270E+01    0.181177019616601E+00
    0.515260000000000E+03    0.586416210313428E+01    0.181172819114318E+00
    0.521520000000000E+03    0.181645111883108E+01    0.179937489195360E+00
    0.521540000000000E+03    0.184364859750099E+01    0.179937735381924E+00
    0.527800000000000E+03    0.407552679111222E+01    0.180336659099886E+00
    0.527820000000000E+03    0.410274032930238E+01    0.180338961126106E+00
    0.534080000000000E+03    0.618939415726345E-01    0.181495965095683E+00
    0.534100000000000E+03    0.891538079532666E-01    0.181496405144456E+00
    0.540360000000000E+03    0.233268671897417E+01    0.180465238746106E+00
    0.540380000000000E+03    0.235990527077729E+01    0.180462724032946E+00
    0.546640000000000E+03    0.459253599200167E+01    0.179903582856207E+00
    0.546660000000000E+03    0.461973213293993E+01    0.179902594531105E+00
    0.552940000000000E+03    0.597798888472653E+00    0.181054003912158E+00
    0.552960000000000E+03    0.625041144398892E+00    0.181058677682964E+00
    0.559220000000000E+03    0.287100158292003E+01    0.181069885104499E+00
    0.559240000000000E+03    0.289824432357500E+01    0.181068262197534E+00
    0.565500000000000E+03    0.513787523209635E+01    0.180183204682063E+00
    0.565520000000000E+03    0.516508248072330E+01    0.180178461124143E+00
    0.571780000000000E+03    0.111130724907639E+01    0.180271633895279E+00
    0.571800000000000E+03    0.113851821021785E+01    0.180276660587266E+00
    0.578060000000000E+03    0.337920185712210E+01    0.181115522377488E+00
    0.578080000000000E+03    0.340644648699083E+01    0.181116838471737E+00
    0.584340000000000E+03    0.565211024688324E+01    0.180954983205411E+00
    0.584360000000000E+03    0.567934842366935E+01    0.180949950211129E+00
    0.590620000000000E+03    0.162919771230156E+01    0.179896962941325E+00
    0.590640000000000E+03    0.165639347443494E+01    0.179898506884109E+00
    0.596920000000000E+03    0.391689172379927E+01    0.180554242128772E+00
    0.596940000000000E+03    0.394411394581846E+01    0.180556891068500E+00
    0.603200000000000E+03    0.618844924613825E+01    0.181477313033818E+00
    0.603220000000000E+03    0.621570836067747E+01    0.181476123003525E+00
    0.609480000000000E+03    0.217380836481516E+01    0.180253704458896E+00
    0.609500000000000E+03    0.220101842936185E+01    0.180251699662673E+00
    0.615760000000000E+03    0.443249428797833E+01    0.179972535754293E+00
    0.615780000000000E+03    0.445969320896506E+01    0.179972839745592E+00
    0.622040000000000E+03    0.413136757919688E+00    0.181258160100547E+00
    0.622060000000000E+03    0.440387152493486E+00    0.181261821923867E+00
    0.628320000000000E+03    0.268647253428128E+01    0.180918106164401E+00
    0.628340000000000E+03    0.271370919981632E+01    0.180915823947875E+00
    0.634620000000000E+03    0.497805882820228E+01    0.180014622420959E+00
    0.634640000000000E+03    0.500525934321581E+01    0.180010846323538E+00
    0.640900000000000E+03    0.952103034241304E+00    0.180506575487717E+00
    0.640920000000000E+03    0.979323453082998E+00    0.180511998087805E+00
    0.647180000000000E+03    0.322228056570100E+01    0.181179602639605E+00
    0.647200000000000E+03    0.324952771604035E+01    0.181179995849421E+00
    0.653460000000000E+03    0.549388290836839E+01    0.180699954702805E+00
    0.653480000000000E+03    0.552111083250088E+01    0.180694502476485E+00
    0.659740000000000E+03    0.146898667642415E+01    0.179935112793286E+00
    0.659760000000000E+03    0.149618412675932E+01    0.179937982649078E+00
    0.666020000000000E+03    0.373150055800158E+01    0.180766568272657E+00
    0.666040000000000E+03    0.375873128448200E+01    0.180769164199867E+00
    0.672320000000000E+03    0.603162172121336E+01    0.181380573193776E+00
    0.672340000000000E+03    0.605887692907106E+01    0.181377840429095E+00
    0.678600000000000E+03    0.201434709817113E+01    0.180075368000162E+00
    0.678620000000000E+03    0.204155008175246E+01    0.180074239489718E+00
    0.684880000000000E+03    0.427272485088452E+01    0.180110954297337E+00
    0.684900000000000E+03    0.429992932560049E+01    0.180112355804677E+00
    0.691160000000000E+03    0.256089036793469E+00    0.181410095466426E+00
    0.691180000000000E+03    0.283345512961887E+00    0.181412399297693E+00
    0.697440000000000E+03    0.252872394600536E+01    0.180721926431089E+00
    0.697460000000000E+03    0.255595276164991E+01    0.180719316589022E+00
    0.703720000000000E+03    0.479075729079648E+01    0.179918785310130E+00
    0.703740000000000E+03    0.481795401786655E+01    0.179916215002708E+00
    0.710000000000000E+03    0.766246640822260E+00    0.180758097276329E+00
    0.710020000000000E+03    0.793477069545929E+00    0.180763470356212E+00
    0.716300000000000E+03    0.306544384394715E+01    0.181171164218293E+00
    0.716320000000000E+03    0.309269065227170E+01    0.181170584377508E+00
    0.722580000000000E+03    0.533513264693795E+01    0.180447168151541E+00
    0.722600000000000E+03    0.536235049617414E+01    0.180441767144335E+00
    0.728860000000000E+03    0.130894421776691E+01    0.180050877623786E+00
    0.728880000000000E+03    0.133614619821424E+01    0.180054902261612E+00
    0.735140000000000E+03    0.357387001575523E+01    0.180955570722416E+00
    0.735160000000000E+03    0.360110830262465E+01    0.180957763795629E+00
    0.741420000000000E+03    0.584725454888769E+01    0.181216710986753E+00
    0.741440000000000E+03    0.587450315423143E+01    0.181212737185173E+00
    0.747700000000000E+03    0.182731047584082E+01    0.179952521220269E+00
    0.747720000000000E+03    0.185450856790533E+01    0.179952519517783E+00
    0.754000000000000E+03    0.411339801873692E+01    0.180298612418580E+00
    0.754020000000000E+03    0.414061000352217E+01    0.180300809968050E+00
    0.760280000000000E+03    0.993346043435395E-01    0.181489488240642E+00
    0.760300000000000E+03    0.126594226006318E+00    0.181490222770127E+00
    0.766560000000000E+03    0.237045877505420E+01    0.180504571124543E+00
    0.766580000000000E+03    0.239767882178603E+01    0.180502004676600E+00
    0.772840000000000E+03    0.463055291112573E+01    0.179897023757020E+00
    0.772860000000000E+03    0.465774878410548E+01    0.179895795296458E+00
    0.779120000000000E+03    0.608152572241124E+00    0.181006560310628E+00
    0.779140000000000E+03    0.635393006613413E+00    0.181011397946823E+00
    0.785400000000000E+03    0.288123266464527E+01    0.181092229115914E+00
    0.785420000000000E+03    0.290847628510915E+01    0.181090749210884E+00
    0.791700000000000E+03    0.517578759483126E+01    0.180218143665126E+00
    0.791720000000000E+03    0.520299624526183E+01    0.180213264082714E+00
    0.797980000000000E+03    0.114919102236286E+01    0.180232884614799E+00
    0.798000000000000E+03    0.117640042562743E+01    0.180237790852517E+00
    0.804260000000000E+03    0.341663231169446E+01    0.181095824805797E+00
    0.804280000000000E+03    0.344387616909034E+01    0.181097304807258E+00
    0.810540000000000E+03    0.568968309437309E+01    0.180996970778271E+00
    0.810560000000000E+03    0.571692291945192E+01    0.180992046887592E+00
    0.816820000000000E+03    0.166717674464235E+01    0.179897926895899E+00
    0.816840000000000E+03    0.169437267993658E+01    0.179899236119533E+00
    0.823100000000000E+03    0.392736264914583E+01    0.180511875721052E+00
    0.823120000000000E+03    0.395458317940165E+01    0.180514476372621E+00
    0.829400000000000E+03    0.622581871982243E+01    0.181486333364868E+00
    0.829420000000000E+03    0.625307816931559E+01    0.181485426032097E+00
    0.835680000000000E+03    0.221160658518943E+01    0.180289760167605E+00
    0.835700000000000E+03    0.223881811011347E+01    0.180287642777530E+00
    0.841960000000000E+03    0.447044210732224E+01    0.179953842158946E+00
    0.841980000000000E+03    0.449764027302899E+01    0.179953925393115E+00
    0.848240000000000E+03    0.450602349749033E+00    0.181225052019892E+00
    0.848260000000000E+03    0.477851439186907E+00    0.181228928819729E+00
    0.854520000000000E+03    0.272397327228691E+01    0.180949159524999E+00
    0.854540000000000E+03    0.275121114495096E+01    0.180946980686825E+00
    0.860800000000000E+03    0.498881352105491E+01    0.180043557403723E+00
    0.860820000000000E+03    0.501601530439666E+01    0.180039575362761E+00
    0.867080000000000E+03    0.962691644012693E+00    0.180457784401941E+00
    0.867100000000000E+03    0.989910064684636E+00    0.180463174347872E+00
    0.873380000000000E+03    0.325970071772485E+01    0.181173689894678E+00
    0.873400000000000E+03    0.328694766316016E+01    0.181174260833287E+00
    0.879660000000000E+03    0.553160609393785E+01    0.180746896941018E+00
    0.879680000000000E+03    0.555883588763345E+01    0.180741475305472E+00
    0.885940000000000E+03    0.150701120486815E+01    0.179923190647839E+00
    0.885960000000000E+03    0.153420818002724E+01    0.179925831174426E+00
    0.892220000000000E+03    0.376914713917586E+01    0.180730241384041E+00
    0.892240000000000E+03    0.379637639634734E+01    0.180732868188587E+00
    0.898500000000000E+03    0.604182661404047E+01    0.181405385000054E+00
    0.898520000000000E+03    0.606908278123956E+01    0.181402963486640E+00
    0.904780000000000E+03    0.202508996399388E+01    0.180105606110051E+00
    0.904800000000000E+03    0.205229413663960E+01    0.180104273175770E+00
    0.911080000000000E+03    0.431065155161446E+01    0.180080825870300E+00
    0.911100000000000E+03    0.433785482361009E+01    0.180082054315509E+00
    0.917360000000000E+03    0.293542860053321E+00    0.181388265665075E+00
    0.917380000000000E+03    0.320798448900405E+00    0.181390822094259E+00
    0.923640000000000E+03    0.256635232908775E+01    0.180759360259947E+00
    0.923660000000000E+03    0.259358264524508E+01    0.180756792027088E+00
    0.929920000000000E+03    0.482878488513552E+01    0.179930470491059E+00
    0.929940000000000E+03    0.485598206910777E+01    0.179927668383603E+00
    0.936200000000000E+03    0.803933769442210E+00    0.180711142667342E+00
    0.936220000000000E+03    0.831162365449700E+00    0.180716559162754E+00
    0.942480000000000E+03    0.307563166586715E+01    0.181179953288135E+00
    0.942500000000000E+03    0.310287889949382E+01    0.181179582054761E+00
    0.948780000000000E+03    0.537297978407582E+01    0.180492165423241E+00
    0.948800000000000E+03    0.540019949002794E+01    0.180486696821456E+00
    0.955060000000000E+03    0.134698231972925E+01    0.180025811275384E+00
    0.955080000000000E+03    0.137418340907152E+01    0.180029656043275E+00
    0.961340000000000E+03    0.361150609199217E+01    0.180926106751909E+00
    0.961360000000000E+03    0.363874329040777E+01    0.180928423991407E+00
    0.967620000000000E+03    0.588488984777769E+01    0.181253093269105E+00
    0.967640000000000E+03    0.591213990106667E+01    0.181249325566063E+00
    0.973900000000000E+03    0.186544972167985E+01    0.179972503491720E+00
    0.973920000000000E+03    0.189264855744523E+01    0.179972275157275E+00
    0.980180000000000E+03    0.412419267263022E+01    0.180261307106920E+00
    0.980200000000000E+03    0.415140320211458E+01    0.180263373628714E+00
    0.986480000000000E+03    0.136934739021171E+00    0.181483205766688E+00
    0.986500000000000E+03    0.164194094006916E+00    0.181484228260865E+00
    0.992760000000000E+03    0.240841412146392E+01    0.180546739914362E+00
    0.992780000000000E+03    0.243563592119267E+01    0.180544147248755E+00
    0.999040000000000E+03    0.466886185719932E+01    0.179897023591278E+00
    0.999060000000000E+03    0.469605769134887E+01    0.179895546287588E+00
    0.100532000000000E+04    0.646063642637500E+00    0.180966050190420E+00
    0.100534000000000E+04    0.673302421606650E+00    0.180971016860623E+00
    0.101160000000000E+04    0.291901295881053E+01    0.181114652379057E+00
    0.101162000000000E+04    0.294625740230435E+01    0.181113331007162E+00
    0.101788000000000E+04    0.518682196700070E+01    0.180262312304745E+00
    0.101790000000000E+04    0.521403240450650E+01    0.180257293578058E+00
    0.102416000000000E+04    0.116026246970932E+01    0.180194026230699E+00
    0.102418000000000E+04    0.118747032584815E+01    0.180198794954526E+00
    0.103046000000000E+04    0.345449571235963E+01    0.181077601107508E+00
    0.103048000000000E+04    0.348173884690823E+01    0.181079233693739E+00
    0.103674000000000E+04    0.572771257318414E+01    0.181042690157748E+00
    0.103676000000000E+04    0.575495423959956E+01    0.181037898823519E+00
    0.104302000000000E+04    0.170567891326687E+01    0.179905338998707E+00
    0.104304000000000E+04    0.173287513377409E+01    0.179906404665205E+00
    0.104930000000000E+04    0.396561079274443E+01    0.180474283569694E+00
    0.104932000000000E+04    0.399282981570877E+01    0.180476841320592E+00
    0.105558000000000E+04    0.623650004618685E+01    0.181496254063232E+00
    0.105560000000000E+04    0.626375988893142E+01    0.181495687219656E+00
    0.106186000000000E+04    0.222279613087562E+01    0.180332765988002E+00
    0.106188000000000E+04    0.225000937005234E+01    0.180330520626752E+00
    0.106816000000000E+04    0.450905396282474E+01    0.179939851889047E+00
    0.106818000000000E+04    0.453625156856469E+01    0.179939704975807E+00
    0.107444000000000E+04    0.488759378027680E+00    0.181191647550828E+00
    0.107446000000000E+04    0.516007134166102E+00    0.181195724487521E+00
    0.108072000000000E+04    0.276217188831242E+01    0.180982459610619E+00
    0.108074000000000E+04    0.278941109660877E+01    0.180980393640932E+00
    0.108700000000000E+04    0.502751095425538E+01    0.180074235509042E+00
    0.108702000000000E+04    0.505471395854829E+01    0.180070061993408E+00
    0.109328000000000E+04    0.100127582821415E+01    0.180416348365111E+00
    0.109330000000000E+04    0.102849258982906E+01    0.180421678814917E+00
    0.109956000000000E+04    0.327066551989992E+01    0.181166883201803E+00
    0.109958000000000E+04    0.329791219162212E+01    0.181167629621852E+00
    0.110586000000000E+04    0.557012416233238E+01    0.180797116767172E+00
    0.110588000000000E+04    0.559735600136219E+01    0.180791755171616E+00
    0.111214000000000E+04    0.154589430492933E+01    0.179917650114704E+00
    0.111216000000000E+04    0.157309084378858E+01    0.179920042422370E+00
    0.111842000000000E+04    0.380760823516675E+01    0.180690475722784E+00
    0.111844000000000E+04    0.383483590708875E+01    0.180693136412995E+00
    0.112470000000000E+04    0.608008919785539E+01    0.181427638327877E+00
    0.112472000000000E+04    0.610734626912063E+01    0.181425482590606E+00
    0.113098000000000E+04    0.206386099876022E+01    0.180138675661922E+00
    0.113100000000000E+04    0.209106650051126E+01    0.180137169641134E+00
    0.113726000000000E+04    0.432227720584979E+01    0.180053458455694E+00
    0.113728000000000E+04    0.434947932716796E+01    0.180054471111501E+00
    0.114354000000000E+04    0.304612042496501E+00    0.181361443292515E+00
    0.114356000000000E+04    0.331866580467704E+00    0.181364305033961E+00
    0.114984000000000E+04    0.260486591688436E+01    0.180798975411009E+00
    0.114986000000000E+04    0.263209779419390E+01    0.180796457818480E+00
    0.115612000000000E+04    0.486773153985359E+01    0.179946315098255E+00
    0.115614000000000E+04    0.489492935182216E+01    0.179943276459915E+00
    0.116240000000000E+04    0.842618287428877E+00    0.180665713459163E+00
    0.116242000000000E+04    0.869845023554717E+00    0.180671155411721E+00
    0.116868000000000E+04    0.311398766725256E+01    0.181184093904640E+00
    0.116870000000000E+04    0.314123500176697E+01    0.181183875940166E+00
    0.117496000000000E+04    0.538448583346030E+01    0.180543725199541E+00
    0.117498000000000E+04    0.541170754124801E+01    0.180538250374295E+00
    0.118124000000000E+04    0.135870390872810E+01    0.179998640360132E+00
    0.118126000000000E+04    0.138590380916003E+01    0.180002253641669E+00
    0.118754000000000E+04    0.364993568626210E+01    0.180892124558196E+00
    0.118756000000000E+04    0.367717141872208E+01    0.180894502556250E+00
    0.119382000000000E+04    0.592324401775613E+01    0.181284990370367E+00
    0.119384000000000E+04    0.595049536062493E+01    0.181281441871657E+00
    0.120010000000000E+04    0.190429553097033E+01    0.179992110842842E+00
    0.120012000000000E+04    0.193149519529152E+01    0.179991667274713E+00
    0.120638000000000E+04    0.416289828448521E+01    0.180223658837400E+00
    0.120640000000000E+04    0.419010727073055E+01    0.180225590224355E+00
    0.121266000000000E+04    0.147905053013801E+00    0.181469665853810E+00
    0.121268000000000E+04    0.175163889112355E+00    0.181471023100331E+00
    0.121894000000000E+04    0.241970440443765E+01    0.180588737578087E+00
    0.121896000000000E+04    0.244692783258301E+01    0.180586101263714E+00
    0.122524000000000E+04    0.470767994356902E+01    0.179895865180828E+00
    0.122526000000000E+04    0.473487578254867E+01    0.179894144657422E+00
    0.123152000000000E+04    0.684457117491093E+00    0.180919779016755E+00
    0.123154000000000E+04    0.711693989196419E+00    0.180924847459950E+00
    0.123780000000000E+04    0.295721244044398E+01    0.181130353623202E+00
    0.123782000000000E+04    0.298445761760399E+01    0.181129188823440E+00
    0.124408000000000E+04    0.522547486160192E+01    0.180302259383137E+00
    0.124410000000000E+04    0.525268686000777E+01    0.180297135712865E+00
    0.125036000000000E+04    0.119893905971935E+01    0.180156888285958E+00
    0.125038000000000E+04    0.122614545106239E+01    0.180161508697268E+00
    0.125664000000000E+04    0.346544209775971E+01    0.181050440946969E+00
    0.125666000000000E+04    0.349268407050045E+01    0.181052207577315E+00
    0.126294000000000E+04    0.576595236481899E+01    0.181081829676182E+00
    0.126296000000000E+04    0.579319557997428E+01    0.181077201956357E+00
    0.126922000000000E+04    0.174435608453155E+01    0.179910779598583E+00
    0.126924000000000E+04    0.177155251149316E+01    0.179911599150293E+00
    0.127550000000000E+04    0.400397562766057E+01    0.180430955363714E+00
    0.127552000000000E+04    0.403119293376653E+01    0.180433459192945E+00
    0.128178000000000E+04    0.627448442204559E+01    0.181498460866396E+00
    0.128180000000000E+04    0.185588981630644E-01    0.181498179663590E+00
    0.128806000000000E+04    0.226116732074593E+01    0.180369873379168E+00
    0.128808000000000E+04    0.228838205336706E+01    0.180367537625347E+00
    0.129434000000000E+04    0.452042332210453E+01    0.179925238341019E+00
    0.129436000000000E+04    0.454762034719147E+01    0.179924829976182E+00
    0.130062000000000E+04    0.499547404533359E+00    0.181146321151722E+00
    0.130064000000000E+04    0.526793327316000E+00    0.181150613353586E+00
    0.130692000000000E+04    0.280014782482340E+01    0.181008209144765E+00
    0.130694000000000E+04    0.282738810750311E+01    0.181006265613107E+00
    0.131320000000000E+04    0.506590608867759E+01    0.180101284020954E+00
    0.131322000000000E+04    0.509311008902705E+01    0.180096928620723E+00
    0.131948000000000E+04    0.103949896377139E+01    0.180370326023520E+00
    0.131950000000000E+04    0.106671384778838E+01    0.180375577128396E+00
    0.132576000000000E+04    0.330842789196754E+01    0.181151991030863E+00
    0.132578000000000E+04    0.333567399297317E+01    0.181152923583709E+00
    0.133204000000000E+04    0.558084819684450E+01    0.180844069930469E+00
    0.133206000000000E+04    0.560808186684108E+01    0.180838800132417E+00
    0.133832000000000E+04    0.155698122575836E+01    0.179903048479169E+00
    0.133834000000000E+04    0.158417739479000E+01    0.179905188486766E+00
    0.134462000000000E+04    0.384551834988952E+01    0.180650381031763E+00
    0.134464000000000E+04    0.387274433133121E+01    0.180653060206382E+00
    0.135090000000000E+04    0.611772791738190E+01    0.181443442812220E+00
    0.135092000000000E+04    0.614498566283942E+01    0.181441556189477E+00
    0.135718000000000E+04    0.210195966150923E+01    0.180169310931852E+00
    0.135720000000000E+04    0.212916638516936E+01    0.180167649579590E+00
    0.136346000000000E+04    0.436040010776719E+01    0.180025358110199E+00
    0.136348000000000E+04    0.438760116104208E+01    0.180026175579243E+00
    0.136974000000000E+04    0.342247146908676E+00    0.181333572534726E+00
    0.136976000000000E+04    0.369500565095677E+00    0.181336675640105E+00
    0.137602000000000E+04    0.261537467686162E+01    0.180835725198112E+00
    0.137604000000000E+04    0.264260802593958E+01    0.180833263177551E+00
    0.138232000000000E+04    0.490589264216328E+01    0.179962290737568E+00
    0.138234000000000E+04    0.493309108349399E+01    0.179959027237746E+00
    0.138860000000000E+04    0.880465210242392E+00    0.180617368153793E+00
    0.138862000000000E+04    0.907689917315111E+00    0.180622802476103E+00
    0.139488000000000E+04    0.315148061244986E+01    0.181183816696543E+00
    0.139490000000000E+04    0.317872796243978E+01    0.181183775201837E+00
    0.140116000000000E+04    0.542231414284038E+01    0.180585786654277E+00
    0.140118000000000E+04    0.544953762686850E+01    0.180580307196553E+00
    0.140744000000000E+04    0.139676985915776E+01    0.179976325694764E+00
    0.140746000000000E+04    0.142396895186221E+01    0.179979734211642E+00
    0.141372000000000E+04    0.366029894344911E+01    0.180853469809855E+00
    0.141374000000000E+04    0.368753312763852E+01    0.180855916974540E+00
    0.142000000000000E+04    0.593347228455650E+01    0.181315886784213E+00
    0.142002000000000E+04    0.596072487411197E+01    0.181312607620805E+00
    0.142630000000000E+04    0.194222925494910E+01    0.180011908635113E+00
    0.142632000000000E+04    0.196942971361909E+01    0.180011256552941E+00
    0.143258000000000E+04    0.420070747021214E+01    0.180187264764929E+00
    0.143260000000000E+04    0.422791495230513E+01    0.180189057188148E+00
    0.143886000000000E+04    0.185224758910181E+00    0.181452996000079E+00
    0.143888000000000E+04    0.212483034381421E+00    0.181454621337572E+00
    0.144514000000000E+04    0.245729181815113E+01    0.180626418395337E+00
    0.144516000000000E+04    0.248451681686424E+01    0.180623777997618E+00
    0.145142000000000E+04    0.471840128610006E+01    0.179899207596671E+00
    0.145144000000000E+04    0.474559721665401E+01    0.179897221042791E+00
    0.145770000000000E+04    0.694724732501982E+00    0.180868471469193E+00
    0.145772000000000E+04    0.721959574650100E+00    0.180873670316542E+00
    0.146400000000000E+04    0.299450370131694E+01    0.181143628546091E+00
    0.146402000000000E+04    0.302174941647741E+01    0.181142633165850E+00
    0.147028000000000E+04    0.526317248090868E+01    0.180340895144048E+00
    0.147030000000000E+04    0.529038604277184E+01    0.180335673808658E+00
    0.147656000000000E+04    0.123670044496680E+01    0.180123627081585E+00
    0.147658000000000E+04    0.126390546454468E+01    0.180128088694259E+00
    0.148284000000000E+04    0.350273157730157E+01    0.181023619118758E+00
    0.148286000000000E+04    0.352997254929642E+01    0.181025518873932E+00
    0.148912000000000E+04    0.577606947265781E+01    0.181125102539142E+00
    0.148914000000000E+04    0.580331444972262E+01    0.181120662077561E+00
    0.149540000000000E+04    0.175494505576148E+01    0.179918154072592E+00
    0.149542000000000E+04    0.178214170298565E+01    0.179918716114584E+00
    0.150170000000000E+04    0.404152695439279E+01    0.180390911175319E+00
    0.150172000000000E+04    0.406874278267264E+01    0.180393364179205E+00
    0.150798000000000E+04    0.284781427299095E-01    0.181498951449067E+00
    0.150800000000000E+04    0.557381087965041E-01    0.181498953193087E+00
    0.151426000000000E+04    0.229873143860277E+01    0.180408211240935E+00
    0.151428000000000E+04    0.232594770721607E+01    0.180405796496079E+00
    0.152054000000000E+04    0.455819894571505E+01    0.179913527702690E+00
    0.152056000000000E+04    0.458539545446047E+01    0.179912884593046E+00
    0.152682000000000E+04    0.536888569388793E+00    0.181108767845332E+00
    0.152684000000000E+04    0.564133045119888E+00    0.181113234997137E+00
    0.153310000000000E+04    0.281020249270887E+01    0.181037669786894E+00
    0.153312000000000E+04    0.283744383869589E+01    0.181035853115616E+00
    0.153940000000000E+04    0.510363730339350E+01    0.180131865821450E+00
    0.153942000000000E+04    0.513084251950113E+01    0.180127338181715E+00
    0.154568000000000E+04    0.107714025253108E+01    0.180329678875397E+00
    0.154570000000000E+04    0.110435354280844E+01    0.180334849530526E+00
    0.155196000000000E+04    0.334565926069808E+01    0.181139102662159E+00
    0.155198000000000E+04    0.337290484699633E+01    0.181140204519118E+00
    0.155824000000000E+04    0.561830565844912E+01    0.180889491917909E+00
    0.155826000000000E+04    0.564554117775197E+01    0.180884286189212E+00
    0.156452000000000E+04    0.159481319266342E+01    0.179899197135758E+00
    0.156454000000000E+04    0.162200918175768E+01    0.179901097897922E+00
    0.157080000000000E+04    0.385578996462118E+01    0.180609186898733E+00
    0.157082000000000E+04    0.388301438595818E+01    0.180611848524810E+00
    0.157708000000000E+04    0.612773225196042E+01    0.181461229633479E+00
    0.157710000000000E+04    0.615499070082888E+01    0.181459662081934E+00
    0.158338000000000E+04    0.213969119117382E+01    0.180203680113911E+00
    0.158340000000000E+04    0.216689927730249E+01    0.180201876687350E+00
    0.158966000000000E+04    0.439821988294034E+01    0.180002481981695E+00
    0.158968000000000E+04    0.442542000588082E+01    0.180003097037052E+00
    0.159594000000000E+04    0.379584156314195E+00    0.181305245851883E+00
    0.159596000000000E+04    0.406836445739373E+00    0.181308582473372E+00
    0.160222000000000E+04    0.265282072478067E+01    0.180870652088195E+00
    0.160224000000000E+04    0.268005544996277E+01    0.180868259180836E+00
    0.160850000000000E+04    0.491657918845021E+01    0.179985651453936E+00
    0.160852000000000E+04    0.494377865675506E+01    0.179982160650274E+00
    0.161478000000000E+04    0.890924480913782E+00    0.180567830304063E+00
    0.161480000000000E+04    0.918147279515324E+00    0.180573282859392E+00
    0.162108000000000E+04    0.318884530183732E+01    0.181185021539872E+00
    0.162110000000000E+04    0.321609268553448E+01    0.181185160768107E+00
    0.162736000000000E+04    0.546000948469145E+01    0.180633062552603E+00
    0.162738000000000E+04    0.548723470839195E+01    0.180627575408949E+00
    0.163364000000000E+04    0.143470316779531E+01    0.179958788495415E+00
    0.163366000000000E+04    0.146190158591889E+01    0.179961984153117E+00
    0.163992000000000E+04    0.369782056767190E+01    0.180819263553794E+00
    0.163994000000000E+04    0.372505337759048E+01    0.180821783136215E+00
    0.164620000000000E+04    0.597090527302316E+01    0.181345828890619E+00
    0.164622000000000E+04    0.599815910144707E+01    0.181342782560314E+00
    0.165248000000000E+04    0.195298641934460E+01    0.180038886725623E+00
    0.165250000000000E+04    0.198018791931463E+01    0.180038008386029E+00
    0.165878000000000E+04    0.423861021978428E+01    0.180155429245175E+00
    0.165880000000000E+04    0.426581650193157E+01    0.180157078745457E+00
    0.166506000000000E+04    0.222687241840504E+00    0.181438707581943E+00
    0.166508000000000E+04    0.249944827739910E+00    0.181440611541427E+00
    0.167134000000000E+04    0.249499963425114E+01    0.180666841279469E+00
    0.167136000000000E+04    0.252222623853004E+01    0.180664209474740E+00
    0.167762000000000E+04    0.475648654634961E+01    0.179905432508660E+00
    0.167764000000000E+04    0.478368270291821E+01    0.179903201703769E+00
    0.168390000000000E+04    0.732462632645365E+00    0.180824587517755E+00
    0.168392000000000E+04    0.759695765028027E+00    0.180829863710532E+00
    0.169018000000000E+04    0.300477711183294E+01    0.181158842407167E+00
    0.169020000000000E+04    0.303202330352269E+01    0.181158024093409E+00
    0.169648000000000E+04    0.530109504566553E+01    0.180382400318374E+00
    0.169650000000000E+04    0.532831025685709E+01    0.180377091445297E+00
    0.170276000000000E+04    0.127471859616617E+01    0.180092410268968E+00
    0.170278000000000E+04    0.130192237634765E+01    0.180096703586215E+00
    0.170904000000000E+04    0.354029578640893E+01    0.180996833573625E+00
    0.170906000000000E+04    0.356753570522824E+01    0.180998867547933E+00
    0.171532000000000E+04    0.581367906127434E+01    0.181163410147959E+00
    0.171534000000000E+04    0.584092556717314E+01    0.181159135185536E+00
    0.172160000000000E+04    0.179302451023523E+01    0.179930600489098E+00
    0.172162000000000E+04    0.182022172869438E+01    0.179930930584124E+00
    0.172788000000000E+04    0.405217264344310E+01    0.180350439111370E+00
    0.172790000000000E+04    0.407938671237707E+01    0.180352766002801E+00
    0.173416000000000E+04    0.386585327378270E-01    0.181495468814849E+00
    0.173418000000000E+04    0.659183832103736E-01    0.181495815278811E+00
    0.174046000000000E+04    0.233653141676859E+01    0.180446832939486E+00
    0.174048000000000E+04    0.236374920972503E+01    0.180444354071233E+00
    0.174674000000000E+04    0.459623220284448E+01    0.179903630281046E+00
    0.174676000000000E+04    0.462342834008268E+01    0.179902751696725E+00
    0.175302000000000E+04    0.574462394900365E+00    0.181067820977374E+00
    0.175304000000000E+04    0.601705206365295E+00    0.181072445540050E+00
    0.175930000000000E+04    0.284768246079739E+01    0.181059826767639E+00
    0.175932000000000E+04    0.287492477683372E+01    0.181058143887125E+00
    0.176558000000000E+04    0.511438558572399E+01    0.180170379119123E+00
    0.176560000000000E+04    0.514159241769858E+01    0.180165695351666E+00
    0.177186000000000E+04    0.108781917070428E+01    0.180283847299474E+00
    0.177188000000000E+04    0.111503058873041E+01    0.180288909614001E+00
    0.177816000000000E+04    0.338310888400520E+01    0.181122494394794E+00
    0.177818000000000E+04    0.341035379686582E+01    0.181123746655180E+00
    0.178444000000000E+04    0.565592096359705E+01    0.180932422352269E+00
    0.178446000000000E+04    0.568315817165649E+01    0.180927330492848E+00
    0.179072000000000E+04    0.163281331450844E+01    0.179896595635060E+00
    0.179074000000000E+04    0.166000921102432E+01    0.179898258143013E+00
    0.179700000000000E+04    0.389342756691758E+01    0.180567979031590E+00
    0.179702000000000E+04    0.392065033160225E+01    0.180570630233002E+00
    0.180328000000000E+04    0.616507945815829E+01    0.181472992771893E+00
    0.180330000000000E+04    0.619233839324306E+01    0.181471708183508E+00
    0.180956000000000E+04    0.215025709223073E+01    0.180240755958081E+00
    0.180958000000000E+04    0.217746651693778E+01    0.180238794747292E+00
    0.181586000000000E+04    0.443605633046172E+01    0.179977938622172E+00
    0.181588000000000E+04    0.446325546146045E+01    0.179978344113461E+00
    0.182214000000000E+04    0.416893580419128E+00    0.181271178660275E+00
    0.182216000000000E+04    0.444144506533576E+00    0.181274736134077E+00
    0.182842000000000E+04    0.269016418461479E+01    0.180900857577185E+00
    0.182844000000000E+04    0.271740013383078E+01    0.180898555727530E+00
    0.183470000000000E+04    0.495432178949613E+01    0.180004271247469E+00
    0.183472000000000E+04    0.498152192184307E+01    0.180000568470013E+00
    0.184098000000000E+04    0.928388749853184E+00    0.180519973523138E+00
    0.184100000000000E+04    0.955609500655555E+00    0.180525388744804E+00
    0.184726000000000E+04    0.319864833814518E+01    0.181177656459165E+00
    0.184728000000000E+04    0.322589544772472E+01    0.181177972471608E+00
    0.185354000000000E+04    0.547010561645902E+01    0.180678851458176E+00
    0.185356000000000E+04    0.549733278629219E+01    0.180673389337399E+00
    0.185984000000000E+04    0.147227387307976E+01    0.179940935333315E+00
    0.185986000000000E+04    0.149947156328108E+01    0.179943911773899E+00
    0.186612000000000E+04    0.373494954749776E+01    0.180781056880660E+00
    0.186614000000000E+04    0.376218083672074E+01    0.180783634356786E+00
    0.187240000000000E+04    0.600786367931596E+01    0.181368937623888E+00
    0.187242000000000E+04    0.603511843640172E+01    0.181366129415663E+00
    0.187868000000000E+04    0.199037631002102E+01    0.180062026315893E+00
    0.187870000000000E+04    0.201757866690014E+01    0.180060960062959E+00
    0.188496000000000E+04    0.424871326401490E+01    0.180119185444338E+00
    0.188498000000000E+04    0.427591811964203E+01    0.180120651900347E+00
    0.189124000000000E+04    0.232246754505923E+00    0.181416356946331E+00
    0.189126000000000E+04    0.259503453618436E+00    0.181418568132583E+00
    0.189754000000000E+04    0.253200982324506E+01    0.180702756231931E+00
    0.189756000000000E+04    0.255923786101084E+01    0.180700144892719E+00
    0.190382000000000E+04    0.479384139936519E+01    0.179911244248419E+00
    0.190384000000000E+04    0.482103778573173E+01    0.179908781566925E+00
    0.191010000000000E+04    0.769453827873804E+00    0.180778009972365E+00
    0.191012000000000E+04    0.796685104315202E+00    0.180783348057912E+00
    0.191638000000000E+04    0.304149956176252E+01    0.181166820703140E+00
    0.191640000000000E+04    0.306874604620680E+01    0.181166180061782E+00
    0.192266000000000E+04    0.531096582765440E+01    0.180426780026767E+00
    0.192268000000000E+04    0.533818280288324E+01    0.180421408304418E+00
    0.192894000000000E+04    0.128469287714688E+01    0.180057625279360E+00
    0.192896000000000E+04    0.131189526181606E+01    0.180061733939719E+00
    0.193524000000000E+04    0.357699327762248E+01    0.180965906120015E+00
    0.193526000000000E+04    0.360423194959503E+01    0.180968048190487E+00
    0.194152000000000E+04    0.585035200960147E+01    0.181196246149043E+00
    0.194154000000000E+04    0.587759984152399E+01    0.181192160311476E+00
    0.194780000000000E+04    0.183012158515248E+01    0.179941965950660E+00
    0.194782000000000E+04    0.185731918415195E+01    0.179942074840673E+00
    0.195408000000000E+04    0.408905577424639E+01    0.180310548882150E+00
    0.195410000000000E+04    0.411626837984568E+01    0.180312803913322E+00
    0.196036000000000E+04    0.751306481020038E-01    0.181489343944208E+00
    0.196038000000000E+04    0.102390237150757E+00    0.181489958938033E+00
    0.196664000000000E+04    0.234609514506201E+01    0.180485563028892E+00
    0.196666000000000E+04    0.237331449924250E+01    0.180483015799308E+00
    0.197294000000000E+04    0.463325476155887E+01    0.179895659842105E+00
    0.197296000000000E+04    0.466045055590121E+01    0.179894546260209E+00
    0.197922000000000E+04    0.611032904952026E+00    0.181025933974572E+00
    0.197924000000000E+04    0.638274056879709E+00    0.181030698102356E+00
    0.198550000000000E+04    0.288412574112226E+01    0.181079960536745E+00
    0.198552000000000E+04    0.291136885042488E+01    0.181078416161706E+00
    0.199178000000000E+04    0.515121958200643E+01    0.180201855163683E+00
    0.199180000000000E+04    0.517842758710913E+01    0.180197033441026E+00
    0.199806000000000E+04    0.112459755752161E+01    0.180245030606244E+00
    0.199808000000000E+04    0.115180742965549E+01    0.180249986277063E+00
    0.200434000000000E+04    0.339218840743388E+01    0.181101466258285E+00
    0.200436000000000E+04    0.341943249943688E+01    0.181102882503233E+00
    0.201062000000000E+04    0.566514552093122E+01    0.180977331855887E+00
    0.201064000000000E+04    0.569238452604804E+01    0.180972368467145E+00
    0.201692000000000E+04    0.166963985677421E+01    0.179895368803075E+00
    0.201694000000000E+04    0.169683569143808E+01    0.179896797156953E+00
    0.202320000000000E+04    0.392993448099332E+01    0.180528243515112E+00
    0.202322000000000E+04    0.395715557571748E+01    0.180530878731899E+00
    0.202948000000000E+04    0.620124014712383E+01    0.181479701647867E+00
    0.202950000000000E+04    0.622849931891415E+01    0.181478686275240E+00
    0.203576000000000E+04    0.218681153279022E+01    0.180270735279339E+00
    0.203578000000000E+04    0.221402231509410E+01    0.180268656882899E+00
    0.204204000000000E+04    0.444558100243739E+01    0.179958548915017E+00
    0.204206000000000E+04    0.447277962085764E+01    0.179958735471052E+00
    0.204832000000000E+04    0.425914606716560E+00    0.181236359531160E+00
    0.204834000000000E+04    0.453164122492126E+00    0.181240145271600E+00
    0.205462000000000E+04    0.272647450205613E+01    0.180930994552912E+00
    0.205464000000000E+04    0.275371166891910E+01    0.180928781599799E+00
    0.206090000000000E+04    0.499103740005012E+01    0.180025749857556E+00
    0.206092000000000E+04    0.501823835457935E+01    0.180021851516507E+00
    0.206718000000000E+04    0.964938357193660E+00    0.180477492405326E+00
    0.206720000000000E+04    0.992157577361922E+00    0.180482898209833E+00
    0.207346000000000E+04    0.323484603230872E+01    0.181173003842731E+00
    0.207348000000000E+04    0.326209292945305E+01    0.181173492234622E+00
    0.207974000000000E+04    0.550659082557877E+01    0.180722952303714E+00
    0.207976000000000E+04    0.553381980731365E+01    0.180717521605258E+00
    0.208602000000000E+04    0.148186737897731E+01    0.179926403714286E+00
    0.208604000000000E+04    0.150906449116155E+01    0.179929146310613E+00
    0.209232000000000E+04    0.377136479001001E+01    0.180745829314891E+00
    0.209234000000000E+04    0.379859466758580E+01    0.180748451836282E+00
    0.209860000000000E+04    0.604412712385147E+01    0.181391611171939E+00
    0.209862000000000E+04    0.607138281375092E+01    0.181389045327284E+00
    0.210488000000000E+04    0.202713108368744E+01    0.180089604460867E+00
    0.210490000000000E+04    0.205433461059965E+01    0.180088365770273E+00
    0.211116000000000E+04    0.428546272456697E+01    0.180091476572248E+00
    0.211118000000000E+04    0.431266643597064E+01    0.180092778451585E+00
    0.211744000000000E+04    0.268531705661189E+00    0.181395646534856E+00
    0.211746000000000E+04    0.295787579849275E+00    0.181398100339053E+00
    0.212372000000000E+04    0.254124778567575E+01    0.180741491157838E+00
    0.212374000000000E+04    0.256847737541375E+01    0.180738893416019E+00
    0.213000000000000E+04    0.480348414786977E+01    0.179923801668252E+00
    0.213002000000000E+04    0.483068103645110E+01    0.179921094547039E+00
    0.213630000000000E+04    0.805975898512315E+00    0.180733750303980E+00
    0.213632000000000E+04    0.833205416767669E+00    0.180739134014283E+00
    0.214258000000000E+04    0.307777034838045E+01    0.181173529311819E+00
    0.214260000000000E+04    0.310501723897869E+01    0.181173044649141E+00
    0.214886000000000E+04    0.534764028338805E+01    0.180469886998353E+00
    0.214888000000000E+04    0.537485900218508E+01    0.180464466100257E+00
    0.215514000000000E+04    0.132153974296170E+01    0.180033660210802E+00
    0.215516000000000E+04    0.134874115634648E+01    0.180037586235677E+00
    0.216142000000000E+04    0.358618492256710E+01    0.180935981235744E+00
    0.216144000000000E+04    0.361342241489911E+01    0.180938224735854E+00
    0.216770000000000E+04    0.585953607908323E+01    0.181234975687593E+00
    0.216772000000000E+04    0.588678544030608E+01    0.181231109954867E+00
    0.217400000000000E+04    0.186703573839532E+01    0.179959664653356E+00
    0.217402000000000E+04    0.189423411280950E+01    0.179959556452947E+00
    0.218028000000000E+04    0.412581951702532E+01    0.180276249593301E+00
    0.218030000000000E+04    0.415303060707083E+01    0.180278380979635E+00
    0.218656000000000E+04    0.111472953245539E+00    0.181482468565951E+00
    0.218658000000000E+04    0.138732306401380E+00    0.181483367151397E+00
    0.219284000000000E+04    0.238276634723252E+01    0.180524595775600E+00
    0.219286000000000E+04    0.240998726809403E+01    0.180522007757597E+00
    0.219912000000000E+04    0.464302439555649E+01    0.179894119573174E+00
    0.219914000000000E+04    0.467022015841258E+01    0.179892752320746E+00
    0.220540000000000E+04    0.620366417631431E+00    0.180981347781527E+00
    0.220542000000000E+04    0.647605772543557E+00    0.180986265313019E+00
    0.221170000000000E+04    0.292058047765613E+01    0.181100098510313E+00
    0.221172000000000E+04    0.294782442330188E+01    0.181098707192495E+00
    0.221798000000000E+04    0.518813799579220E+01    0.180238678802954E+00
    0.221800000000000E+04    0.521534750486853E+01    0.180233722510448E+00
    0.222426000000000E+04    0.116150141943672E+01    0.180209709263709E+00
    0.222428000000000E+04    0.118870976416565E+01    0.180214530875959E+00
    0.223054000000000E+04    0.342866132276185E+01    0.181082293224615E+00
    0.223056000000000E+04    0.345590464218412E+01    0.181083844488495E+00
    0.223682000000000E+04    0.570175912392324E+01    0.181018503138832E+00
    0.223684000000000E+04    0.572899986192215E+01    0.181013672388927E+00
    0.224310000000000E+04    0.167948810790540E+01    0.179897623232497E+00
    0.224312000000000E+04    0.170668399544365E+01    0.179898793281410E+00
    0.224940000000000E+04    0.396668313683358E+01    0.180489335993876E+00
    0.224942000000000E+04    0.399390278610599E+01    0.180491937000077E+00
    0.225568000000000E+04    0.623770581157896E+01    0.181487930727824E+00
    0.225570000000000E+04    0.626496531645307E+01    0.181487184036231E+00
    0.226196000000000E+04    0.222370151567884E+01    0.180307715483335E+00
    0.226198000000000E+04    0.225091376908404E+01    0.180305531414331E+00
    0.226824000000000E+04    0.448260661126415E+01    0.179943024487380E+00
    0.226826000000000E+04    0.450980429768470E+01    0.179942978632113E+00
    0.227452000000000E+04    0.462460071204532E+00    0.181202332119693E+00
    0.227454000000000E+04    0.489708335714568E+00    0.181206320678521E+00
    0.228080000000000E+04    0.273582740970005E+01    0.180964099573969E+00
    0.228082000000000E+04    0.276306588079342E+01    0.180961981227494E+00
    0.228708000000000E+04    0.500087415648977E+01    0.180056417972149E+00
    0.228710000000000E+04    0.502807634371493E+01    0.180052328379258E+00
    0.229338000000000E+04    0.100183694162388E+01    0.180435733699441E+00
    0.229340000000000E+04    0.102905446897057E+01    0.180441088648365E+00
    0.229966000000000E+04    0.327137166921557E+01    0.181165948498710E+00
    0.229968000000000E+04    0.329861831138442E+01    0.181166621238116E+00
    0.230594000000000E+04    0.554338745449468E+01    0.180769533752729E+00
    0.230596000000000E+04    0.557061816682153E+01    0.180764138649226E+00
    0.231222000000000E+04    0.151893588909752E+01    0.179913917411410E+00
    0.231224000000000E+04    0.154613249138401E+01    0.179916429745082E+00
    0.231850000000000E+04    0.378082048169472E+01    0.180706432723190E+00
    0.231852000000000E+04    0.380804878771050E+01    0.180709073091018E+00
    0.232478000000000E+04    0.605334854534794E+01    0.181413731397031E+00
    0.232480000000000E+04    0.608060504706327E+01    0.181411433395059E+00
    0.233108000000000E+04    0.206403966499965E+01    0.180117013461851E+00
    0.233110000000000E+04    0.209124429384474E+01    0.180115609944674E+00
    0.233736000000000E+04    0.432236669847089E+01    0.180061863286337E+00
    0.233738000000000E+04    0.434956923261916E+01    0.180062988970285E+00
    0.234364000000000E+04    0.304952406396296E+00    0.181373003477265E+00
    0.234366000000000E+04    0.332207392472810E+00    0.181375710633689E+00
    0.234992000000000E+04    0.257782800256246E+01    0.180776994629770E+00
    0.234994000000000E+04    0.260505896763607E+01    0.180774441610842E+00
    0.235620000000000E+04    0.484045767003317E+01    0.179935495559538E+00
    0.235622000000000E+04    0.486765515940579E+01    0.179932572923591E+00
    0.236248000000000E+04    0.815462821872643E+00    0.180685564859080E+00
    0.236250000000000E+04    0.842690347560620E+00    0.180690998909105E+00
    0.236878000000000E+04    0.311420399571352E+01    0.181179840407608E+00
    0.236880000000000E+04    0.314145118195711E+01    0.181179528789703E+00
    0.237506000000000E+04    0.538445818885702E+01    0.180513734193446E+00
    0.237508000000000E+04    0.541167865106490E+01    0.180508277223484E+00
    0.238134000000000E+04    0.135853234310161E+01    0.180010657534742E+00
    0.238136000000000E+04    0.138573285462553E+01    0.180014393750144E+00
    0.238762000000000E+04    0.362275835291257E+01    0.180906256219533E+00
    0.238764000000000E+04    0.364999451455606E+01    0.180908598496628E+00
    0.239390000000000E+04    0.589603440275596E+01    0.181265909613514E+00
    0.239392000000000E+04    0.592328498370080E+01    0.181262258795638E+00
    0.240018000000000E+04    0.187680295150631E+01    0.179977849300242E+00
    0.240020000000000E+04    0.190400205393780E+01    0.179977506820430E+00
    0.240648000000000E+04    0.416263446313997E+01    0.180240306591145E+00
    0.240650000000000E+04    0.418984413031922E+01    0.180242323526699E+00
    0.241276000000000E+04    0.147875194005792E+00    0.181473745268755E+00
    0.241278000000000E+04    0.175134196378167E+00    0.181474919304099E+00
    0.241904000000000E+04    0.241945545118642E+01    0.180562483509177E+00
    0.241906000000000E+04    0.244667784059493E+01    0.180559873060692E+00
    0.242532000000000E+04    0.468002353919610E+01    0.179893166495959E+00
    0.242534000000000E+04    0.470721934034646E+01    0.179891568796496E+00
    0.243160000000000E+04    0.656959738441856E+00    0.180938332580298E+00
    0.243162000000000E+04    0.684197362014856E+00    0.180943357536018E+00
    0.243788000000000E+04    0.292977192117769E+01    0.181118870700604E+00
    0.243790000000000E+04    0.295701663237514E+01    0.181117621259869E+00
    0.244416000000000E+04    0.519777322430355E+01    0.180279772691004E+00
    0.244418000000000E+04    0.522498431912982E+01    0.180274703119477E+00
    0.245046000000000E+04    0.119838551932298E+01    0.180175484918906E+00
    0.245048000000000E+04    0.122559264003712E+01    0.180180188079493E+00
    0.245674000000000E+04    0.346511593378318E+01    0.181060938050113E+00
    0.245676000000000E+04    0.349235838658933E+01    0.181062631001310E+00
    0.246302000000000E+04    0.573831764619808E+01    0.181058527228713E+00
    0.246304000000000E+04    0.576555998336426E+01    0.181053830931275E+00
    0.246930000000000E+04    0.171648006380519E+01    0.179903862029049E+00
    0.246932000000000E+04    0.174367623007674E+01    0.179904801606920E+00
    0.247558000000000E+04    0.397620087905489E+01    0.180449609478335E+00
    0.247560000000000E+04    0.400341883170813E+01    0.180452137138473E+00
    0.248186000000000E+04    0.624684316256753E+01    0.181493775209491E+00
    0.248188000000000E+04    0.627410301819100E+01    0.181493347950932E+00
    0.248816000000000E+04    0.226052898432317E+01    0.180346132005170E+00
    0.248818000000000E+04    0.228774276196191E+01    0.180343864422159E+00
    0.249444000000000E+04    0.451963325918859E+01    0.179929312694797E+00
    0.249446000000000E+04    0.454683041644375E+01    0.179929047504805E+00
    0.250072000000000E+04    0.499043488692223E+00    0.181168040579673E+00
    0.250074000000000E+04    0.526290328601135E+00    0.181172217043638E+00
    0.250700000000000E+04    0.277239497578421E+01    0.180992444539735E+00
    0.250702000000000E+04    0.279963455997677E+01    0.180990433895930E+00
    0.251328000000000E+04    0.503787503352714E+01    0.180084194439832E+00
    0.251330000000000E+04    0.506507832058605E+01    0.180079929555317E+00
    0.251956000000000E+04    0.101149464282207E+01    0.180388836200937E+00
    0.251958000000000E+04    0.103871036938790E+01    0.180394136011748E+00
    0.252586000000000E+04    0.330786960608975E+01    0.181156559186080E+00
    0.252588000000000E+04    0.333511582804840E+01    0.181157394636105E+00
