    0.000000000000000E+00    0.190000000000000E+01    0.190000000000000E+00
    0.200000000000000E-01    0.192759998780542E+01    0.189999456661895E+00
    0.630000000000000E+01    0.431126686820718E+01    0.190095197420317E+00
    0.632000000000000E+01    0.433887070898949E+01    0.190096406308449E+00
    0.125800000000000E+02    0.419879939184426E+00    0.191454651673437E+00
    0.126000000000000E+02    0.447538197865192E+00    0.191458266311157E+00
    0.188600000000000E+02    0.282180499960522E+01    0.191226556226327E+00
    0.188800000000000E+02    0.284945401071524E+01    0.191224743779063E+00
    0.251400000000000E+02    0.521617501838571E+01    0.190325500602172E+00
    0.251600000000000E+02    0.524378794916868E+01    0.190320394495740E+00
    0.314200000000000E+02    0.131491291614068E+01    0.190030822208487E+00
    0.314400000000000E+02    0.134251423164568E+01    0.190034760710440E+00
    0.377000000000000E+02    0.370507400585396E+01    0.190943149097423E+00
    0.377200000000000E+02    0.373271176829572E+01    0.190945698050504E+00
    0.440000000000000E+02    0.613374896779211E+01    0.191670435211493E+00
    0.440200000000000E+02    0.616141581114412E+01    0.191668667592958E+00
    0.502800000000000E+02    0.224674192156880E+01    0.190399828219875E+00
    0.503000000000000E+02    0.227435783842891E+01    0.190397570663817E+00
    0.565600000000000E+02    0.463175136123841E+01    0.189876019558418E+00
    0.565800000000000E+02    0.465934640506021E+01    0.189874818317450E+00
    0.628400000000000E+02    0.734316743166616E+00    0.190942783259057E+00
    0.628600000000000E+02    0.761954552127079E+00    0.190948052232718E+00
    0.691200000000000E+02    0.313423579804243E+01    0.191402111919797E+00
    0.691400000000000E+02    0.316189187340510E+01    0.191402043088090E+00
    0.754000000000000E+02    0.553380508182013E+01    0.190888256200564E+00
    0.754200000000000E+02    0.556144052607861E+01    0.190882878316344E+00
    0.817000000000000E+02    0.166347953260214E+01    0.189875439834547E+00
    0.817200000000000E+02    0.169107456747732E+01    0.189876929903317E+00
    0.879800000000000E+02    0.404884230350197E+01    0.190446941462109E+00
    0.880000000000000E+02    0.407646023384432E+01    0.190449335761318E+00
    0.942600000000000E+02    0.162403873156620E+00    0.191689121766730E+00
    0.942800000000000E+02    0.190071482457540E+00    0.191690510971970E+00
    0.100540000000000E+03    0.256314975490025E+01    0.190900762389431E+00
    0.100560000000000E+03    0.259078570957587E+01    0.190898193333812E+00
    0.106820000000000E+03    0.495278466040818E+01    0.190000861891045E+00
    0.106840000000000E+03    0.498038462781435E+01    0.189997128548173E+00
    0.113100000000000E+03    0.105168032192927E+01    0.190374526131940E+00
    0.113120000000000E+03    0.107929540969894E+01    0.190379718432354E+00
    0.119400000000000E+03    0.347424908518772E+01    0.191256797192924E+00
    0.119420000000000E+03    0.350189937461050E+01    0.191258503517939E+00
    0.125680000000000E+03    0.587616653978458E+01    0.191411692242990E+00
    0.125700000000000E+03    0.590382299762109E+01    0.191407785836784E+00
    0.131960000000000E+03    0.198415867343394E+01    0.190062732130753E+00
    0.131980000000000E+03    0.201176112737051E+01    0.190061760573874E+00
    0.138240000000000E+03    0.436777057678736E+01    0.190026091961500E+00
    0.138260000000000E+03    0.439537165646479E+01    0.190026871028104E+00
    0.144520000000000E+03    0.475086387212599E+00    0.191366064232560E+00
    0.144540000000000E+03    0.502741111186282E+00    0.191370138762319E+00
    0.150800000000000E+03    0.287691580863034E+01    0.191287127703442E+00
    0.150820000000000E+03    0.290456724792111E+01    0.191285623389135E+00
    0.157080000000000E+03    0.527249194050424E+01    0.190432908705708E+00
    0.157100000000000E+03    0.530010916127961E+01    0.190427608408952E+00
    0.163380000000000E+03    0.139920577593503E+01    0.189974135494388E+00
    0.163400000000000E+03    0.142680480158876E+01    0.189977638668311E+00
    0.169660000000000E+03    0.378827758629205E+01    0.190849727225793E+00
    0.169680000000000E+03    0.381591169977580E+01    0.190852393523603E+00
    0.175940000000000E+03    0.618870716859283E+01    0.191704813765334E+00
    0.175960000000000E+03    0.621637535134869E+01    0.191703654681022E+00
    0.182220000000000E+03    0.230283920310220E+01    0.190500368348036E+00
    0.182240000000000E+03    0.233045915402678E+01    0.190497923683066E+00
    0.188500000000000E+03    0.468857505810951E+01    0.189872968054239E+00
    0.188520000000000E+03    0.471616993327063E+01    0.189871218656908E+00
    0.194780000000000E+03    0.790120640397674E+00    0.190823597313356E+00
    0.194800000000000E+03    0.817753716778782E+00    0.190829006311867E+00
    0.201080000000000E+03    0.321686795091358E+01    0.191398856946886E+00
    0.201100000000000E+03    0.324452383547123E+01    0.191399168685568E+00
    0.207360000000000E+03    0.561715921646356E+01    0.191000627930058E+00
    0.207380000000000E+03    0.564479917193444E+01    0.190995408389645E+00
    0.213640000000000E+03    0.172027591935154E+01    0.189886099362658E+00
    0.213660000000000E+03    0.174787136354723E+01    0.189887050427857E+00
    0.219920000000000E+03    0.410496653780632E+01    0.190347247658778E+00
    0.219940000000000E+03    0.413258048879453E+01    0.190349421246074E+00
    0.226200000000000E+03    0.217343792909901E+00    0.191649013625410E+00
    0.226220000000000E+03    0.245009812515548E+00    0.191651025094630E+00
    0.232480000000000E+03    0.261862284899547E+01    0.190994588150631E+00
    0.232500000000000E+03    0.264626253993100E+01    0.190992133552725E+00
    0.238780000000000E+03    0.503705100199204E+01    0.190064411379002E+00
    0.238800000000000E+03    0.506465356318694E+01    0.190060260039530E+00
    0.245060000000000E+03    0.113563544562260E+01    0.190276822866305E+00
    0.245080000000000E+03    0.116324641147463E+01    0.190281767390151E+00
    0.251340000000000E+03    0.352935176625283E+01    0.191189109380486E+00
    0.251360000000000E+03    0.355699937180697E+01    0.191191104403514E+00
    0.257620000000000E+03    0.593126205027528E+01    0.191494782173006E+00
    0.257640000000000E+03    0.595892179093795E+01    0.191491367060369E+00
    0.263900000000000E+03    0.204054649940269E+01    0.190135024190643E+00
    0.263920000000000E+03    0.206815186672372E+01    0.190133647418727E+00
    0.270180000000000E+03    0.442427785484233E+01    0.189968314580094E+00
    0.270200000000000E+03    0.445187655869080E+01    0.189968619806768E+00
    0.276480000000000E+03    0.557922214569942E+00    0.191270219519403E+00
    0.276500000000000E+03    0.585573217609920E+00    0.191274670528575E+00
    0.282760000000000E+03    0.295950463015663E+01    0.191333560487060E+00
    0.282780000000000E+03    0.298715794478954E+01    0.191332382091761E+00
    0.289040000000000E+03    0.535617207486337E+01    0.190539538868284E+00
    0.289060000000000E+03    0.538379355010579E+01    0.190534110873069E+00
    0.295320000000000E+03    0.145579801174421E+01    0.189926717502484E+00
    0.295340000000000E+03    0.148339508535736E+01    0.189929739538752E+00
    0.301600000000000E+03    0.384376409662269E+01    0.190748011049636E+00
    0.301620000000000E+03    0.387139407082225E+01    0.190750677577145E+00
    0.307880000000000E+03    0.624341155175745E+01    0.191721551181689E+00
    0.307900000000000E+03    0.627108040473269E+01    0.191721070138782E+00
    0.314160000000000E+03    0.235858670132842E+01    0.190602710638308E+00
    0.314180000000000E+03    0.238621072581623E+01    0.190600136393420E+00
    0.320460000000000E+03    0.477275572283440E+01    0.189881648377031E+00
    0.320480000000000E+03    0.480035096106388E+01    0.189879382534104E+00
    0.326740000000000E+03    0.873441671503599E+00    0.190709623836136E+00
    0.326760000000000E+03    0.901070172541267E+00    0.190715077301272E+00
    0.333020000000000E+03    0.327161597789217E+01    0.191381106171187E+00
    0.333040000000000E+03    0.329927120974764E+01    0.191381792598126E+00
    0.339300000000000E+03    0.567255161758828E+01    0.191114598939667E+00
    0.339320000000000E+03    0.570019620879623E+01    0.191109623235585E+00
    0.345580000000000E+03    0.177684211376595E+01    0.189912104032365E+00
    0.345600000000000E+03    0.180443856401416E+01    0.189912529602382E+00
    0.351860000000000E+03    0.416102739856052E+01    0.190254121488508E+00
    0.351880000000000E+03    0.418863760170530E+01    0.190256010768047E+00
    0.358160000000000E+03    0.299808040438450E+00    0.191596404598093E+00
    0.358180000000000E+03    0.327471950978918E+00    0.191598965400672E+00
    0.364440000000000E+03    0.270144002139926E+01    0.191079305481744E+00
    0.364460000000000E+03    0.272908311464147E+01    0.191077034234581E+00
    0.370720000000000E+03    0.509343124217605E+01    0.190142605804019E+00
    0.370740000000000E+03    0.512103687528111E+01    0.190138075589414E+00
    0.377000000000000E+03    0.119188962804799E+01    0.190181826237711E+00
    0.377020000000000E+03    0.121949691408122E+01    0.190186491346887E+00
    0.383280000000000E+03    0.358440514485585E+01    0.191114769999956E+00
    0.383300000000000E+03    0.361204977940997E+01    0.191116991017587E+00
    0.389560000000000E+03    0.598616495298120E+01    0.191567520401155E+00
    0.389580000000000E+03    0.601382761168111E+01    0.191564641073004E+00
    0.395860000000000E+03    0.212436936562437E+01    0.190216443868305E+00
    0.395880000000000E+03    0.215197797823225E+01    0.190214731503371E+00
    0.402140000000000E+03    0.450837354513726E+01    0.189923722545373E+00
    0.402160000000000E+03    0.453597048498989E+01    0.189923550495504E+00
    0.408420000000000E+03    0.613170798044735E+00    0.191164620505145E+00
    0.408440000000000E+03    0.640817498266870E+00    0.191169424692046E+00
    0.414700000000000E+03    0.301431712943406E+01    0.191369426369181E+00
    0.414720000000000E+03    0.304197182816210E+01    0.191368602666453E+00
    0.420980000000000E+03    0.541203633799887E+01    0.190655183850790E+00
    0.421000000000000E+03    0.543966246437571E+01    0.190649703939921E+00
    0.427260000000000E+03    0.151236883571733E+01    0.189893811119076E+00
    0.427280000000000E+03    0.153996461168401E+01    0.189896321145079E+00
    0.433540000000000E+03    0.389931595799987E+01    0.190643560925950E+00
    0.433560000000000E+03    0.392694176574867E+01    0.190646192872211E+00
    0.439840000000000E+03    0.425548691110862E-01    0.191724866017836E+00
    0.439860000000000E+03    0.702238898684300E-01    0.191724989701630E+00
    0.446120000000000E+03    0.244180921305849E+01    0.190702801331287E+00
    0.446140000000000E+03    0.246943723529648E+01    0.190700181783173E+00
    0.452400000000000E+03    0.482932058611846E+01    0.189908479288160E+00
    0.452420000000000E+03    0.485691690052761E+01    0.189905692164243E+00
    0.458680000000000E+03    0.929216089132069E+00    0.190591025704639E+00
    0.458700000000000E+03    0.956839649213634E+00    0.190596438475693E+00
    0.464960000000000E+03    0.332632869386771E+01    0.191348555509485E+00
    0.464980000000000E+03    0.335398265583160E+01    0.191349620259071E+00
    0.471240000000000E+03    0.572772039432175E+01    0.191222738265699E+00
    0.471260000000000E+03    0.575536922986896E+01    0.191218073033466E+00
    0.477540000000000E+03    0.186079628884272E+01    0.189948352891927E+00
    0.477560000000000E+03    0.188839422382227E+01    0.189948294306840E+00
    0.483820000000000E+03    0.424462464400654E+01    0.190168298204432E+00
    0.483840000000000E+03    0.427223137414046E+01    0.190169871225297E+00
    0.490100000000000E+03    0.354485863883497E+00    0.191528219596984E+00
    0.490120000000000E+03    0.382147150975698E+00    0.191531344582717E+00
    0.496380000000000E+03    0.275635406037316E+01    0.191158402803922E+00
    0.496400000000000E+03    0.278400030566354E+01    0.191156338522017E+00
    0.502660000000000E+03    0.514954182625513E+01    0.190230699060407E+00
    0.502680000000000E+03    0.517715097328187E+01    0.190225850323486E+00
    0.508940000000000E+03    0.124805819578376E+01    0.190097881034280E+00
    0.508960000000000E+03    0.127566218590925E+01    0.190102203405162E+00
    0.515240000000000E+03    0.366698330526685E+01    0.191031596646715E+00
    0.515260000000000E+03    0.369462461452338E+01    0.191034022238297E+00
    0.521520000000000E+03    0.606844836173093E+01    0.191624715057713E+00
    0.521540000000000E+03    0.609611335107513E+01    0.191622368646944E+00
    0.527800000000000E+03    0.218024361652749E+01    0.190305408105083E+00
    0.527820000000000E+03    0.220785570852979E+01    0.190303388743093E+00
    0.534080000000000E+03    0.456469170329490E+01    0.189892068967998E+00
    0.534100000000000E+03    0.459228751425701E+01    0.189891385777875E+00
    0.540360000000000E+03    0.668304290923629E+00    0.191053396309477E+00
    0.540380000000000E+03    0.695946495497651E+00    0.191058471078465E+00
    0.546640000000000E+03    0.306887342476421E+01    0.191390440901369E+00
    0.546660000000000E+03    0.309652902472817E+01    0.191389985031733E+00
    0.552940000000000E+03    0.549519328668976E+01    0.190766650336480E+00
    0.552960000000000E+03    0.552282386511047E+01    0.190761178869537E+00
    0.559220000000000E+03    0.159629273500741E+01    0.189876172724542E+00
    0.559240000000000E+03    0.162388782642824E+01    0.189878176980725E+00
    0.565500000000000E+03    0.398236463082822E+01    0.190542333772698E+00
    0.565520000000000E+03    0.400998628995410E+01    0.190544882150693E+00
    0.571780000000000E+03    0.969307436404279E-01    0.191711138272149E+00
    0.571800000000000E+03    0.124599241476176E+00    0.191711916625762E+00
    0.578060000000000E+03    0.249698955776353E+01    0.190802782137514E+00
    0.578080000000000E+03    0.252462159404536E+01    0.190800151935655E+00
    0.584340000000000E+03    0.488551160478846E+01    0.189946784024298E+00
    0.584360000000000E+03    0.491310943123847E+01    0.189943502283687E+00
    0.590620000000000E+03    0.984812520113564E+00    0.190476205443634E+00
    0.590640000000000E+03    0.101243167080793E+01    0.190481555643138E+00
    0.596920000000000E+03    0.340847436906677E+01    0.191306734000882E+00
    0.596940000000000E+03    0.343612664868317E+01    0.191308131518826E+00
    0.603200000000000E+03    0.581018717189829E+01    0.191319525598106E+00
    0.603220000000000E+03    0.583783993394150E+01    0.191315206377501E+00
    0.609480000000000E+03    0.191686729012224E+01    0.189998736835271E+00
    0.609500000000000E+03    0.194446709960130E+01    0.189998191078789E+00
    0.615760000000000E+03    0.430046353557043E+01    0.190089059480837E+00
    0.615780000000000E+03    0.432806714041647E+01    0.190090251644136E+00
    0.622040000000000E+03    0.409003556221592E+00    0.191448125614026E+00
    0.622060000000000E+03    0.436661641448495E+00    0.191451760404672E+00
    0.628320000000000E+03    0.281091265678162E+01    0.191226381549727E+00
    0.628340000000000E+03    0.283856167301030E+01    0.191224570328451E+00
    0.634620000000000E+03    0.523291022869080E+01    0.190323011327967E+00
    0.634640000000000E+03    0.526052306797567E+01    0.190317906265688E+00
    0.640900000000000E+03    0.133161244671908E+01    0.190028929312193E+00
    0.640920000000000E+03    0.135921368780544E+01    0.190032862308132E+00
    0.647180000000000E+03    0.372173937451248E+01    0.190940620422657E+00
    0.647200000000000E+03    0.374937690515014E+01    0.190943190419931E+00
    0.653460000000000E+03    0.612268276210318E+01    0.191668554936545E+00
    0.653480000000000E+03    0.615034947260858E+01    0.191666818866623E+00
    0.659740000000000E+03    0.223566439511114E+01    0.190398823777710E+00
    0.659760000000000E+03    0.226328029739284E+01    0.190396553278950E+00
    0.666020000000000E+03    0.462069133565194E+01    0.189872640297274E+00
    0.666040000000000E+03    0.464828650985214E+01    0.189871427513413E+00
    0.672320000000000E+03    0.750831340525110E+00    0.190940905571475E+00
    0.672340000000000E+03    0.778469058616338E+00    0.190946164382663E+00
    0.678600000000000E+03    0.315070285630372E+01    0.191398506873164E+00
    0.678620000000000E+03    0.317835877619643E+01    0.191398437152923E+00
    0.684880000000000E+03    0.555022042670691E+01    0.190883571914383E+00
    0.684900000000000E+03    0.557785568488976E+01    0.190878191411704E+00
    0.691160000000000E+03    0.165225400357474E+01    0.189871549989173E+00
    0.691180000000000E+03    0.167984889913816E+01    0.189873022930941E+00
    0.697440000000000E+03    0.403753884940738E+01    0.190440484107309E+00
    0.697460000000000E+03    0.406515645283184E+01    0.190442867288146E+00
    0.703720000000000E+03    0.151007335898385E+00    0.191684326232077E+00
    0.703740000000000E+03    0.178674800233807E+00    0.191685741162798E+00
    0.710000000000000E+03    0.255173777700747E+01    0.190900237504549E+00
    0.710020000000000E+03    0.257937368508806E+01    0.190897664725150E+00
    0.716300000000000E+03    0.496895861330017E+01    0.189996264733056E+00
    0.716320000000000E+03    0.499655839640673E+01    0.189992534928171E+00
    0.722580000000000E+03    0.106781137050143E+01    0.190372066733320E+00
    0.722600000000000E+03    0.109542634240404E+01    0.190377252342299E+00
    0.728860000000000E+03    0.346268184549069E+01    0.191251083230676E+00
    0.728880000000000E+03    0.349033191375338E+01    0.191252796566294E+00
    0.735140000000000E+03    0.586455160070932E+01    0.191411255481301E+00
    0.735160000000000E+03    0.589220802549266E+01    0.191407362188274E+00
    0.741420000000000E+03    0.197251489511154E+01    0.190059619899052E+00
    0.741440000000000E+03    0.200011717367101E+01    0.190058637381939E+00
    0.747700000000000E+03    0.435610095777065E+01    0.190021524041905E+00
    0.747720000000000E+03    0.438370197777999E+01    0.190022298119128E+00
    0.754000000000000E+03    0.490997135205816E+00    0.191364336575804E+00
    0.754020000000000E+03    0.518651776274510E+00    0.191368391144906E+00
    0.760280000000000E+03    0.289277950605697E+01    0.191283140628004E+00
    0.760300000000000E+03    0.292043078150368E+01    0.191281633375044E+00
    0.766560000000000E+03    0.528829280287482E+01    0.190427074376522E+00
    0.766580000000000E+03    0.531590978879376E+01    0.190421769391948E+00
    0.772840000000000E+03    0.138736290807515E+01    0.189968719442435E+00
    0.772860000000000E+03    0.141496174278700E+01    0.189972213865242E+00
    0.779120000000000E+03    0.377634323443226E+01    0.190843560641735E+00
    0.779140000000000E+03    0.380397695659235E+01    0.190846201081408E+00
    0.785400000000000E+03    0.617668328865989E+01    0.191700886395082E+00
    0.785420000000000E+03    0.620435134466652E+01    0.191699775308090E+00
    0.791700000000000E+03    0.231842306357180E+01    0.190496445129435E+00
    0.791720000000000E+03    0.234604283987801E+01    0.190494006272162E+00
    0.797980000000000E+03    0.470410434175278E+01    0.189868668542495E+00
    0.798000000000000E+03    0.473169907333477E+01    0.189866932287119E+00
    0.804260000000000E+03    0.805629710021549E+00    0.190822665308108E+00
    0.804280000000000E+03    0.833262720287848E+00    0.190828062726245E+00
    0.810540000000000E+03    0.320468308318368E+01    0.191394615982818E+00
    0.810560000000000E+03    0.323233885507170E+01    0.191394932016557E+00
    0.816820000000000E+03    0.560496187320246E+01    0.191000559646692E+00
    0.816840000000000E+03    0.563260184651085E+01    0.190995342661061E+00
    0.823100000000000E+03    0.170804482554468E+01    0.189882015376999E+00
    0.823120000000000E+03    0.173564004136483E+01    0.189882957503853E+00
    0.829400000000000E+03    0.412031936625817E+01    0.190344914181858E+00
    0.829420000000000E+03    0.414793336354160E+01    0.190347116013633E+00
    0.835680000000000E+03    0.232698241640946E+00    0.191647561450988E+00
    0.835700000000000E+03    0.260364189149641E+00    0.191649545470873E+00
    0.841960000000000E+03    0.263393658652444E+01    0.190991154578265E+00
    0.841980000000000E+03    0.266157616527357E+01    0.190988699221633E+00
    0.848240000000000E+03    0.502470451349541E+01    0.190063582874620E+00
    0.848260000000000E+03    0.505230697232037E+01    0.190059428042845E+00
    0.854520000000000E+03    0.112327352756574E+01    0.190271819039059E+00
    0.854540000000000E+03    0.115088453313228E+01    0.190276782260249E+00
    0.860800000000000E+03    0.351697411124883E+01    0.191187994159760E+00
    0.860820000000000E+03    0.354462152584210E+01    0.191189988630531E+00
    0.867080000000000E+03    0.591882994353500E+01    0.191493745547753E+00
    0.867100000000000E+03    0.594648965339661E+01    0.191490341560726E+00
    0.873380000000000E+03    0.205571615358940E+01    0.190131906476874E+00
    0.873400000000000E+03    0.208332139923323E+01    0.190130541016438E+00
    0.879660000000000E+03    0.443941287936468E+01    0.189966137832563E+00
    0.879680000000000E+03    0.446701155034248E+01    0.189966459194547E+00
    0.885940000000000E+03    0.545422288775171E+00    0.191267052059233E+00
    0.885960000000000E+03    0.573073067945870E+00    0.191271522296943E+00
    0.892220000000000E+03    0.294695413479690E+01    0.191331168575449E+00
    0.892240000000000E+03    0.297460731990213E+01    0.191329987157815E+00
    0.898500000000000E+03    0.534360882642591E+01    0.190539149346776E+00
    0.898520000000000E+03    0.537123038583650E+01    0.190533726612980E+00
    0.904780000000000E+03    0.144323660724194E+01    0.189923069473256E+00
    0.904800000000000E+03    0.147083354037295E+01    0.189926080903308E+00
    0.911080000000000E+03    0.385877745956986E+01    0.190746710765923E+00
    0.911100000000000E+03    0.388640740513688E+01    0.190749397350035E+00
    0.917360000000000E+03    0.625842014625755E+01    0.191718695080020E+00
    0.917380000000000E+03    0.290340188462324E-02    0.191718182864519E+00
    0.923640000000000E+03    0.237353636161833E+01    0.190598393870520E+00
    0.923660000000000E+03    0.240116023073278E+01    0.190595824957685E+00
    0.929920000000000E+03    0.476006892359965E+01    0.189880982342932E+00
    0.929940000000000E+03    0.478766410237245E+01    0.189878711353717E+00
    0.936200000000000E+03    0.860707068445890E+00    0.190704824224795E+00
    0.936220000000000E+03    0.888335429929384E+00    0.190710281885272E+00
    0.942480000000000E+03    0.325885548101746E+01    0.191378607153932E+00
    0.942500000000000E+03    0.328651059813660E+01    0.191379292728690E+00
    0.948780000000000E+03    0.568739444693028E+01    0.191108914641770E+00
    0.948800000000000E+03    0.571503874121981E+01    0.191103919850351E+00
    0.955060000000000E+03    0.179160007094515E+01    0.189908476393229E+00
    0.955080000000000E+03    0.181919640366345E+01    0.189908915598316E+00
    0.961340000000000E+03    0.417576188059957E+01    0.190252972557641E+00
    0.961360000000000E+03    0.420337205198553E+01    0.190254876929125E+00
    0.967620000000000E+03    0.286891470122782E+00    0.191593776389538E+00
    0.967640000000000E+03    0.314555291322449E+00    0.191596358956055E+00
    0.973900000000000E+03    0.268850601137274E+01    0.191077385093615E+00
    0.973920000000000E+03    0.271614900954773E+01    0.191075098401021E+00
    0.980180000000000E+03    0.508047839266260E+01    0.190141947015967E+00
    0.980200000000000E+03    0.510808408420894E+01    0.190137420325658E+00
    0.986480000000000E+03    0.120653562429038E+01    0.190183224130047E+00
    0.986500000000000E+03    0.123414299208684E+01    0.190187892691921E+00
    0.992760000000000E+03    0.359905564457449E+01    0.191114663796737E+00
    0.992780000000000E+03    0.362670028626735E+01    0.191116898312716E+00
    0.999040000000000E+03    0.600080530105834E+01    0.191563516100671E+00
    0.999060000000000E+03    0.602846780255277E+01    0.191560609774822E+00
    0.100532000000000E+04    0.211133718821611E+01    0.190214663390410E+00
    0.100534000000000E+04    0.213894573134644E+01    0.190212944733041E+00
    0.101160000000000E+04    0.449532237342351E+01    0.189922481727377E+00
    0.101162000000000E+04    0.452291925546592E+01    0.189922303743457E+00
    0.101788000000000E+04    0.600086001710224E+00    0.191161646705047E+00
    0.101790000000000E+04    0.627732596123906E+00    0.191166460130011E+00
    0.102416000000000E+04    0.300121083235604E+01    0.191368019636103E+00
    0.102418000000000E+04    0.302886542526016E+01    0.191367193659957E+00
    0.103046000000000E+04    0.542652476263856E+01    0.190648757691795E+00
    0.103048000000000E+04    0.545415061304243E+01    0.190643271142838E+00
    0.103674000000000E+04    0.152680217176339E+01    0.189892803990197E+00
    0.103676000000000E+04    0.155439793346636E+01    0.189895330240457E+00
    0.104302000000000E+04    0.391379010523747E+01    0.190643928390276E+00
    0.104304000000000E+04    0.394141615110266E+01    0.190646601481119E+00
    0.104930000000000E+04    0.294036164307272E-01    0.191725364610361E+00
    0.104932000000000E+04    0.570726885109707E-01    0.191725502548281E+00
    0.105558000000000E+04    0.242866960884771E+01    0.190702026201969E+00
    0.105560000000000E+04    0.245629762463409E+01    0.190699392940232E+00
    0.106186000000000E+04    0.481617719096334E+01    0.189908370141691E+00
    0.106188000000000E+04    0.484377354296385E+01    0.189905579184001E+00
    0.106816000000000E+04    0.943686821910660E+00    0.190594247851869E+00
    0.106818000000000E+04    0.971310554309866E+00    0.190599658962907E+00
    0.107444000000000E+04    0.334081978412428E+01    0.191349007870539E+00
    0.107446000000000E+04    0.336847376920650E+01    0.191350070726599E+00
    0.108072000000000E+04    0.574219111265620E+01    0.191217848052161E+00
    0.108074000000000E+04    0.576983975270923E+01    0.191213162338938E+00
    0.108700000000000E+04    0.184761302901188E+01    0.189946782718709E+00
    0.108702000000000E+04    0.187521090051951E+01    0.189946719694534E+00
    0.109328000000000E+04    0.423142682465368E+01    0.190167483356511E+00
    0.109330000000000E+04    0.425903352497903E+01    0.190169050480446E+00
    0.109956000000000E+04    0.341265968844255E+00    0.191526637505745E+00
    0.109958000000000E+04    0.368927182098560E+00    0.191529774218352E+00
    0.110586000000000E+04    0.277076975569639E+01    0.191155123640949E+00
    0.110588000000000E+04    0.279841587978694E+01    0.191153059170932E+00
    0.111214000000000E+04    0.516391032577621E+01    0.190225726950309E+00
    0.111216000000000E+04    0.519151928719066E+01    0.190220883574269E+00
    0.111842000000000E+04    0.126241285971560E+01    0.190100430831339E+00
    0.111844000000000E+04    0.129001695365514E+01    0.190104761898312E+00
    0.112470000000000E+04    0.365372299927844E+01    0.191030917465673E+00
    0.112472000000000E+04    0.368136428230832E+01    0.191033336111113E+00
    0.113098000000000E+04    0.605517213740859E+01    0.191624187539949E+00
    0.113100000000000E+04    0.608283710427099E+01    0.191621849780543E+00
    0.113726000000000E+04    0.216696376771324E+01    0.190304240350094E+00
    0.113728000000000E+04    0.219457582406858E+01    0.190302216921123E+00
    0.114354000000000E+04    0.455140164078375E+01    0.189892111629303E+00
    0.114356000000000E+04    0.457899743340613E+01    0.189891424519554E+00
    0.114984000000000E+04    0.682629694515981E+00    0.191056040185553E+00
    0.114986000000000E+04    0.710271977647153E+00    0.191061088775826E+00
    0.115612000000000E+04    0.308319719550286E+01    0.191389053776223E+00
    0.115614000000000E+04    0.311085271754814E+01    0.191388602331455E+00
    0.116240000000000E+04    0.548184448974803E+01    0.190766328447360E+00
    0.116242000000000E+04    0.550947506387456E+01    0.190760851524246E+00
    0.116868000000000E+04    0.158294059627883E+01    0.189875269686708E+00
    0.116870000000000E+04    0.161053565281759E+01    0.189877273655119E+00
    0.117496000000000E+04    0.396900607040538E+01    0.190542357279570E+00
    0.117498000000000E+04    0.399662776651826E+01    0.190544895216285E+00
    0.118124000000000E+04    0.835831531730946E-01    0.191710878397617E+00
    0.118126000000000E+04    0.111251752693988E+00    0.191711659681365E+00
    0.118754000000000E+04    0.251130525664348E+01    0.190800969131291E+00
    0.118756000000000E+04    0.253893721217128E+01    0.190798350781730E+00
    0.119382000000000E+04    0.489980381721034E+01    0.189945168667001E+00
    0.119384000000000E+04    0.492740156122545E+01    0.189941901775076E+00
    0.120010000000000E+04    0.999126595135067E+00    0.190480829076903E+00
    0.120012000000000E+04    0.102674592728454E+01    0.190486176856389E+00
    0.120638000000000E+04    0.339517058839283E+01    0.191306833540802E+00
    0.120640000000000E+04    0.342282287087164E+01    0.191308224891197E+00
    0.121266000000000E+04    0.579688239320262E+01    0.191320400932837E+00
    0.121268000000000E+04    0.582453518773036E+01    0.191316088632250E+00
    0.121894000000000E+04    0.190357178261684E+01    0.189998009142281E+00
    0.121896000000000E+04    0.193117156602989E+01    0.189997460469209E+00
    0.122524000000000E+04    0.431478764612598E+01    0.190091486699980E+00
    0.122526000000000E+04    0.434239137198938E+01    0.190092700620244E+00
    0.123152000000000E+04    0.423380052771108E+00    0.191452037273485E+00
    0.123154000000000E+04    0.451038194849389E+00    0.191455640533445E+00
    0.123780000000000E+04    0.282527312566185E+01    0.191224828417315E+00
    0.123782000000000E+04    0.285292206818190E+01    0.191223015819920E+00
    0.124408000000000E+04    0.521962667502817E+01    0.190323858482769E+00
    0.124410000000000E+04    0.524723954029719E+01    0.190318754783365E+00
    0.125036000000000E+04    0.131833079718285E+01    0.190028005377039E+00
    0.125038000000000E+04    0.134593201726648E+01    0.190031940353932E+00
    0.125664000000000E+04    0.370846018350676E+01    0.190940542179133E+00
    0.125666000000000E+04    0.373609774025545E+01    0.190943102060302E+00
    0.126294000000000E+04    0.613707103621869E+01    0.191667327491607E+00
    0.126296000000000E+04    0.616473770448079E+01    0.191665559448094E+00
    0.126922000000000E+04    0.225001393579123E+01    0.190396634178461E+00
    0.126924000000000E+04    0.227762974971233E+01    0.190394377220577E+00
    0.127550000000000E+04    0.463499215085426E+01    0.189872847502224E+00
    0.127552000000000E+04    0.466258710116949E+01    0.189871647899528E+00
    0.128178000000000E+04    0.737509241689168E+00    0.190938949015005E+00
    0.128180000000000E+04    0.765146873543472E+00    0.190944208733973E+00
    0.128806000000000E+04    0.313738130241859E+01    0.191398496989466E+00
    0.128808000000000E+04    0.316503722277275E+01    0.191398417788349E+00
    0.129434000000000E+04    0.553689697861500E+01    0.190884304825194E+00
    0.129436000000000E+04    0.556453226101212E+01    0.190878933772432E+00
    0.130062000000000E+04    0.163893516603753E+01    0.189870513002836E+00
    0.130064000000000E+04    0.166653002259318E+01    0.189871984933186E+00
    0.130692000000000E+04    0.405183224070333E+01    0.190442729216450E+00
    0.130694000000000E+04    0.407944995050070E+01    0.190445125085910E+00
    0.131320000000000E+04    0.165347799873871E+00    0.191684891799988E+00
    0.131322000000000E+04    0.193015376399217E+00    0.191686267309040E+00
    0.131948000000000E+04    0.256606909480206E+01    0.190897708058004E+00
    0.131950000000000E+04    0.259370491827531E+01    0.190895143557840E+00
    0.132576000000000E+04    0.495566389404371E+01    0.189997390189683E+00
    0.132578000000000E+04    0.498326371682151E+01    0.189993660337000E+00
    0.133204000000000E+04    0.105451701931884E+01    0.190371303386587E+00
    0.133206000000000E+04    0.108213196691759E+01    0.190376494181690E+00
    0.133832000000000E+04    0.344938891932020E+01    0.191251226771302E+00
    0.133834000000000E+04    0.347703898683631E+01    0.191252927503104E+00
    0.134462000000000E+04    0.587890959194578E+01    0.191407947922461E+00
    0.134464000000000E+04    0.590656589335777E+01    0.191404034740795E+00
    0.135090000000000E+04    0.198682577702948E+01    0.190058377622982E+00
    0.135092000000000E+04    0.201442797156665E+01    0.190057407548707E+00
    0.135718000000000E+04    0.437038350895796E+01    0.190022412799091E+00
    0.135720000000000E+04    0.439798446347913E+01    0.190023198351070E+00
    0.136346000000000E+04    0.477658249623346E+00    0.191362543792982E+00
    0.136348000000000E+04    0.505312824464227E+00    0.191366610457591E+00
    0.136974000000000E+04    0.287943971744471E+01    0.191282887579764E+00
    0.136976000000000E+04    0.290709099139849E+01    0.191281369228286E+00
    0.137602000000000E+04    0.527495287160104E+01    0.190427756246442E+00
    0.137604000000000E+04    0.530256989532381E+01    0.190422461232473E+00
    0.138232000000000E+04    0.140161811668236E+01    0.189970893339709E+00
    0.138234000000000E+04    0.142921703602065E+01    0.189974399806873E+00
    0.138860000000000E+04    0.379063355530798E+01    0.190846058855578E+00
    0.138862000000000E+04    0.381826733747266E+01    0.190848714968827E+00
    0.139488000000000E+04    0.619097525891834E+01    0.191698367025479E+00
    0.139490000000000E+04    0.621864318643134E+01    0.191697227333476E+00
    0.140116000000000E+04    0.230502975529657E+01    0.190494321441828E+00
    0.140118000000000E+04    0.233264947479256E+01    0.190491876539938E+00
    0.140744000000000E+04    0.469069812801786E+01    0.189868170382710E+00
    0.140746000000000E+04    0.471829283929696E+01    0.189866431801484E+00
    0.141372000000000E+04    0.792206876639966E+00    0.190821126742187E+00
    0.141374000000000E+04    0.819839830895489E+00    0.190826532310136E+00
    0.142000000000000E+04    0.319125259120074E+01    0.191393562890870E+00
    0.142002000000000E+04    0.321890831591509E+01    0.191393862658630E+00
    0.142630000000000E+04    0.561915236012010E+01    0.190994558308479E+00
    0.142632000000000E+04    0.564679211904217E+01    0.190989337134627E+00
    0.143258000000000E+04    0.172220336888950E+01    0.189881686781860E+00
    0.143260000000000E+04    0.174979861507541E+01    0.189882645893063E+00
    0.143886000000000E+04    0.410684829754518E+01    0.190344550004212E+00
    0.143888000000000E+04    0.413446215083718E+01    0.190346732249835E+00
    0.144514000000000E+04    0.219190168749492E+00    0.191644997968337E+00
    0.144516000000000E+04    0.246856008725672E+00    0.191646990242383E+00
    0.145142000000000E+04    0.262040394077371E+01    0.190988773925276E+00
    0.145144000000000E+04    0.264804343975470E+01    0.190986310453348E+00
    0.145770000000000E+04    0.501114640231231E+01    0.190062353298529E+00
    0.145772000000000E+04    0.503874883417575E+01    0.190058205438713E+00
    0.146400000000000E+04    0.113729732453248E+01    0.190274239403726E+00
    0.146402000000000E+04    0.116490840579900E+01    0.190279205690600E+00
    0.147028000000000E+04    0.353103030780198E+01    0.191188336401765E+00
    0.147030000000000E+04    0.355867784873885E+01    0.191190316427458E+00
    0.147656000000000E+04    0.593289325851447E+01    0.191488758206296E+00
    0.147658000000000E+04    0.596055274068567E+01    0.191485328996289E+00
    0.148284000000000E+04    0.204209388153549E+01    0.190129051251808E+00
    0.148286000000000E+04    0.206969899611249E+01    0.190127683581004E+00
    0.148912000000000E+04    0.442575840217933E+01    0.189964317062122E+00
    0.148914000000000E+04    0.445335699937050E+01    0.189964635863808E+00
    0.149540000000000E+04    0.531735861795823E+00    0.191264587805118E+00
    0.149542000000000E+04    0.559386543748133E+00    0.191269065356699E+00
    0.150170000000000E+04    0.296089887817561E+01    0.191327734531633E+00
    0.150172000000000E+04    0.298855192458313E+01    0.191326548583808E+00
    0.150798000000000E+04    0.535748955720328E+01    0.190530620307127E+00
    0.150800000000000E+04    0.538511081131082E+01    0.190525195077951E+00
    0.151426000000000E+04    0.145708974688068E+01    0.189924985235592E+00
    0.151428000000000E+04    0.148468679213056E+01    0.189928018545718E+00
    0.152054000000000E+04    0.384502899713698E+01    0.190746596528379E+00
    0.152056000000000E+04    0.387265891362267E+01    0.190749267009283E+00
    0.152682000000000E+04    0.624466105594320E+01    0.191718123033379E+00
    0.152684000000000E+04    0.627232979667542E+01    0.191717610888405E+00
    0.153310000000000E+04    0.235975882757111E+01    0.190596146469108E+00
    0.153312000000000E+04    0.238738257684327E+01    0.190593581599632E+00
    0.153940000000000E+04    0.477387440463508E+01    0.189878502606026E+00
    0.153942000000000E+04    0.480146953635176E+01    0.189876254130469E+00
    0.154568000000000E+04    0.874508749102461E+00    0.190709731716697E+00
    0.154570000000000E+04    0.902137020664213E+00    0.190715153152005E+00
    0.155196000000000E+04    0.327262530918233E+01    0.191375430936016E+00
    0.155198000000000E+04    0.330028032765358E+01    0.191376117150374E+00
    0.155824000000000E+04    0.567346271549923E+01    0.191105514236749E+00
    0.155826000000000E+04    0.570110685754207E+01    0.191100530214201E+00
    0.156452000000000E+04    0.177761286248005E+01    0.189904161772484E+00
    0.156454000000000E+04    0.180520903332535E+01    0.189904603821226E+00
    0.157080000000000E+04    0.416174562896049E+01    0.190251533943034E+00
    0.157082000000000E+04    0.418935566711161E+01    0.190253435988451E+00
    0.157708000000000E+04    0.272817775777639E+00    0.191589934428203E+00
    0.157710000000000E+04    0.300481458488775E+00    0.191592519683815E+00
    0.158338000000000E+04    0.270203915500360E+01    0.191070926920323E+00
    0.158340000000000E+04    0.272968191057498E+01    0.191068640757239E+00
    0.158966000000000E+04    0.509390207569186E+01    0.190133167014112E+00
    0.158968000000000E+04    0.512150733552971E+01    0.190128652284096E+00
    0.159594000000000E+04    0.119231494050564E+01    0.190180444162810E+00
    0.159596000000000E+04    0.121992224336327E+01    0.190185127850295E+00
    0.160222000000000E+04    0.358480477646344E+01    0.191111886124173E+00
    0.160224000000000E+04    0.361244928760198E+01    0.191114103535441E+00
    0.160850000000000E+04    0.598651285568985E+01    0.191559816577285E+00
    0.160852000000000E+04    0.601417524406770E+01    0.191556910177638E+00
    0.161478000000000E+04    0.209697909029273E+01    0.190208940441254E+00
    0.161480000000000E+04    0.212458731366496E+01    0.190207217647467E+00
    0.162108000000000E+04    0.450852583865526E+01    0.189918949098004E+00
    0.162110000000000E+04    0.453612275678688E+01    0.189918808684637E+00
    0.162736000000000E+04    0.613347004017669E+00    0.191166606824748E+00
    0.162738000000000E+04    0.640993769485249E+00    0.191171395294572E+00
    0.163364000000000E+04    0.301447366275534E+01    0.191363746308932E+00
    0.163366000000000E+04    0.304212817759799E+01    0.191362907678563E+00
    0.163992000000000E+04    0.541212304664577E+01    0.190646005180499E+00
    0.163994000000000E+04    0.543974890168647E+01    0.190640527126883E+00
    0.164620000000000E+04    0.151238504596949E+01    0.189891319553426E+00
    0.164622000000000E+04    0.153998071068827E+01    0.189893852036663E+00
    0.165248000000000E+04    0.389932729158591E+01    0.190644565027364E+00
    0.165250000000000E+04    0.392695314542379E+01    0.190647204523700E+00
    0.165878000000000E+04    0.425591040816471E-01    0.191720691646527E+00
    0.165880000000000E+04    0.702279388492570E-01    0.191720777688117E+00
    0.166506000000000E+04    0.244172151344901E+01    0.190694221860109E+00
    0.166508000000000E+04    0.246934922302989E+01    0.190691595619798E+00
    0.167134000000000E+04    0.482913160592807E+01    0.189902707250535E+00
    0.167136000000000E+04    0.485672767426149E+01    0.189899947617886E+00
    0.167762000000000E+04    0.929026007819630E+00    0.190592934883425E+00
    0.167764000000000E+04    0.956649856283093E+00    0.190598375856748E+00
    0.168390000000000E+04    0.332619535542926E+01    0.191349319815174E+00
    0.168392000000000E+04    0.335384938349171E+01    0.191350374915408E+00
    0.169018000000000E+04    0.572754598336087E+01    0.191215367994030E+00
    0.169020000000000E+04    0.575519450907404E+01    0.191210687147476E+00
    0.169648000000000E+04    0.186053224921170E+01    0.189943987086117E+00
    0.169650000000000E+04    0.188813000060827E+01    0.189943953293492E+00
    0.170276000000000E+04    0.424434150387469E+01    0.190169712703434E+00
    0.170278000000000E+04    0.427194831620864E+01    0.190171305260735E+00
    0.170904000000000E+04    0.354241086635284E+00    0.191529889022641E+00
    0.170906000000000E+04    0.381902372676450E+00    0.191532989589970E+00
    0.171532000000000E+04    0.275605077183263E+01    0.191152465703268E+00
    0.171534000000000E+04    0.278369671287146E+01    0.191150388878963E+00
    0.172160000000000E+04    0.514912385086836E+01    0.190222708325583E+00
    0.172162000000000E+04    0.517673266530210E+01    0.190217875255499E+00
    0.172788000000000E+04    0.124759195934485E+01    0.190098560076646E+00
    0.172790000000000E+04    0.127519605999123E+01    0.190102898321316E+00
    0.173416000000000E+04    0.363895590197308E+01    0.191032044439505E+00
    0.173418000000000E+04    0.366659728963123E+01    0.191034462664452E+00
    0.174046000000000E+04    0.606804828593340E+01    0.191618863385479E+00
    0.174048000000000E+04    0.609571299552408E+01    0.191616489516116E+00
    0.174674000000000E+04    0.217975000973229E+01    0.190298508080895E+00
    0.174676000000000E+04    0.220736187935336E+01    0.190296504701907E+00
    0.175302000000000E+04    0.456412099504905E+01    0.189890146896549E+00
    0.175304000000000E+04    0.459171659833419E+01    0.189889482651579E+00
    0.175930000000000E+04    0.667752022310196E+00    0.191055953221751E+00
    0.175932000000000E+04    0.695394370772647E+00    0.191061019958875E+00
    0.176558000000000E+04    0.306832937933677E+01    0.191387913867340E+00
    0.176560000000000E+04    0.309598485075139E+01    0.191387440518063E+00
    0.177186000000000E+04    0.546695780450318E+01    0.190762776238402E+00
    0.177188000000000E+04    0.549458836853864E+01    0.190757313051900E+00
    0.177816000000000E+04    0.159566308233980E+01    0.189877468821392E+00
    0.177818000000000E+04    0.162325821043169E+01    0.189879502408117E+00
    0.178444000000000E+04    0.398177766807339E+01    0.190547746254612E+00
    0.178446000000000E+04    0.400939962879420E+01    0.190550299806050E+00
    0.179072000000000E+04    0.964284677124851E-01    0.191713048853203E+00
    0.179074000000000E+04    0.124097034599345E+00    0.191713790594634E+00
    0.179700000000000E+04    0.249643835119423E+01    0.190797056044443E+00
    0.179702000000000E+04    0.252407011585683E+01    0.190794426870726E+00
    0.180328000000000E+04    0.488491497772657E+01    0.189944657813786E+00
    0.180330000000000E+04    0.491251281585983E+01    0.189941405596105E+00
    0.180956000000000E+04    0.984245859327984E+00    0.190482110051766E+00
    0.180958000000000E+04    0.101186521036379E+01    0.190487456734343E+00
    0.181586000000000E+04    0.340797213902943E+01    0.191309918290389E+00
    0.181588000000000E+04    0.343562456475502E+01    0.191311300653018E+00
    0.182214000000000E+04    0.580966758862451E+01    0.191313623268280E+00
    0.182216000000000E+04    0.583732006215496E+01    0.191309283010683E+00
    0.182842000000000E+04    0.191628332798018E+01    0.189995404154636E+00
    0.182844000000000E+04    0.194388313283298E+01    0.189994890074976E+00
    0.183470000000000E+04    0.429990997011146E+01    0.190093685925594E+00
    0.183472000000000E+04    0.432751370320238E+01    0.190094896335186E+00
    0.184098000000000E+04    0.408520232456794E+00    0.191453364132199E+00
    0.184100000000000E+04    0.436178545536222E+00    0.191456971281955E+00
    0.184726000000000E+04    0.281044174909175E+01    0.191223608616990E+00
    0.184728000000000E+04    0.283809065426385E+01    0.191221783952292E+00
    0.185354000000000E+04    0.520477083807100E+01    0.190323165783163E+00
    0.185356000000000E+04    0.523238367380554E+01    0.190318072313650E+00
    0.185984000000000E+04    0.133108336634996E+01    0.190033243199031E+00
    0.185986000000000E+04    0.135868478693919E+01    0.190037199592444E+00
    0.186612000000000E+04    0.372127776428124E+01    0.190945768121664E+00
    0.186614000000000E+04    0.374891560741207E+01    0.190948322412176E+00
    0.187240000000000E+04    0.612229618579295E+01    0.191667396802533E+00
    0.187242000000000E+04    0.614996300189432E+01    0.191665616460013E+00
    0.187868000000000E+04    0.223526759156084E+01    0.190396973317346E+00
    0.187870000000000E+04    0.226288340092697E+01    0.190394721025230E+00
    0.188496000000000E+04    0.462025554181628E+01    0.189875879008337E+00
    0.188498000000000E+04    0.464785055619632E+01    0.189874684050820E+00
    0.189124000000000E+04    0.722817790011050E+00    0.190942986044047E+00
    0.189126000000000E+04    0.750455612483165E+00    0.190948260147401E+00
    0.189754000000000E+04    0.315038778646158E+01    0.191400062217290E+00
    0.189756000000000E+04    0.317804375613650E+01    0.191399979034975E+00
    0.190382000000000E+04    0.554990062728166E+01    0.190880197691540E+00
    0.190384000000000E+04    0.557753580290637E+01    0.190874808574713E+00
    0.191010000000000E+04    0.165190169370771E+01    0.189873426329511E+00
    0.191012000000000E+04    0.167949650730225E+01    0.189874920031006E+00
    0.191638000000000E+04    0.403723529532317E+01    0.190446471825214E+00
    0.191640000000000E+04    0.406485325185213E+01    0.190448873901823E+00
    0.192266000000000E+04    0.150802922357798E+00    0.191688353614476E+00
    0.192268000000000E+04    0.178470487076538E+00    0.191689741254892E+00
    0.192894000000000E+04    0.255152295540529E+01    0.190897374034978E+00
    0.192896000000000E+04    0.257915877691312E+01    0.190894793872350E+00
    0.193524000000000E+04    0.496872416360657E+01    0.189995451401105E+00
    0.193526000000000E+04    0.499632390498618E+01    0.189991741133127E+00
    0.194152000000000E+04    0.106761793107307E+01    0.190379522301025E+00
    0.194154000000000E+04    0.109523325676173E+01    0.190384718451289E+00
    0.194780000000000E+04    0.346258375121533E+01    0.191257274307488E+00
    0.194782000000000E+04    0.349023391974788E+01    0.191258984130454E+00
    0.195408000000000E+04    0.586443916746748E+01    0.191407384232140E+00
    0.195410000000000E+04    0.589209540281900E+01    0.191403472319340E+00
    0.196036000000000E+04    0.197235944381464E+01    0.190057716774494E+00
    0.196038000000000E+04    0.199996172884130E+01    0.190056753307280E+00
    0.196664000000000E+04    0.435594090119048E+01    0.190025301243239E+00
    0.196666000000000E+04    0.438354194376871E+01    0.190026085958088E+00
    0.197294000000000E+04    0.490904856480938E+00    0.191369608602161E+00
    0.197296000000000E+04    0.518559732367976E+00    0.191373652319494E+00
    0.197922000000000E+04    0.289270859180579E+01    0.191281506310612E+00
    0.197924000000000E+04    0.292035977965998E+01    0.191279984774339E+00
    0.198550000000000E+04    0.528819138918334E+01    0.190422961249480E+00
    0.198552000000000E+04    0.531580831008023E+01    0.190417670300340E+00
    0.199178000000000E+04    0.138728073441052E+01    0.189972847097170E+00
    0.199180000000000E+04    0.141487971799143E+01    0.189976360747614E+00
    0.199806000000000E+04    0.377632776697874E+01    0.190849689526951E+00
    0.199808000000000E+04    0.380396175756277E+01    0.190852327564520E+00
    0.200434000000000E+04    0.617672982492559E+01    0.191701391130492E+00
    0.200436000000000E+04    0.620439794110416E+01    0.191700246922945E+00
    0.201062000000000E+04    0.229083107523775E+01    0.190496623522839E+00
    0.201064000000000E+04    0.231845084669112E+01    0.190494178241312E+00
    0.201692000000000E+04    0.470412053761902E+01    0.189870364980563E+00
    0.201694000000000E+04    0.473171532214246E+01    0.189868652675264E+00
    0.202320000000000E+04    0.805707469904064E+00    0.190829623823502E+00
    0.202322000000000E+04    0.833340750271873E+00    0.190835013178799E+00
    0.202948000000000E+04    0.320481773144411E+01    0.191396510456507E+00
    0.202950000000000E+04    0.323247357743685E+01    0.191396814156654E+00
    0.203576000000000E+04    0.560508658191429E+01    0.190996977425279E+00
    0.203578000000000E+04    0.563272640801188E+01    0.190991750743366E+00
    0.204204000000000E+04    0.170814072708072E+01    0.189883032498765E+00
    0.204206000000000E+04    0.173573598449775E+01    0.189883998421278E+00
    0.204832000000000E+04    0.409284695194083E+01    0.190348550316621E+00
    0.204834000000000E+04    0.412046109042922E+01    0.190350743094614E+00
    0.205462000000000E+04    0.232913267799631E+00    0.191651200650516E+00
    0.205464000000000E+04    0.260579358875930E+00    0.191653155826840E+00
    0.206090000000000E+04    0.263415066553489E+01    0.190988896782406E+00
    0.206092000000000E+04    0.266179015403486E+01    0.190986437737798E+00
    0.206718000000000E+04    0.502488723160468E+01    0.190061878121173E+00
    0.206720000000000E+04    0.505248962107362E+01    0.190057739517024E+00
    0.207346000000000E+04    0.112348534341982E+01    0.190277702012286E+00
    0.207348000000000E+04    0.115109658346455E+01    0.190282675626438E+00
    0.207974000000000E+04    0.351725577782508E+01    0.191192497101835E+00
    0.207976000000000E+04    0.354490338467349E+01    0.191194479442147E+00
    0.208602000000000E+04    0.591913928393114E+01    0.191492278752769E+00
    0.208604000000000E+04    0.594679892868271E+01    0.191488852277531E+00
    0.209232000000000E+04    0.205599322235003E+01    0.190130326599312E+00
    0.209234000000000E+04    0.208359840522644E+01    0.190128976884290E+00
    0.209860000000000E+04    0.443971049171387E+01    0.189969204494274E+00
    0.209862000000000E+04    0.446730935521555E+01    0.189969550140000E+00
    0.210488000000000E+04    0.545806012540652E+00    0.191273854798558E+00
    0.210490000000000E+04    0.573457062304897E+00    0.191278307582337E+00
    0.211116000000000E+04    0.294738050478782E+01    0.191331641194416E+00
    0.211118000000000E+04    0.297503371921084E+01    0.191330448227452E+00
    0.211744000000000E+04    0.534401921255267E+01    0.190536589561351E+00
    0.211746000000000E+04    0.537164067739741E+01    0.190531166811614E+00
    0.212372000000000E+04    0.144362104946913E+01    0.189927996075856E+00
    0.212374000000000E+04    0.147121804603739E+01    0.189931024151820E+00
    0.213000000000000E+04    0.383155328746716E+01    0.190746631760998E+00
    0.213002000000000E+04    0.385918320366409E+01    0.190749294282133E+00
    0.213630000000000E+04    0.625884683705544E+01    0.191718516600401E+00
    0.213632000000000E+04    0.333010072836259E-02    0.191717981415655E+00
    0.214258000000000E+04    0.237391049297776E+01    0.190594960807982E+00
    0.214260000000000E+04    0.240153411514348E+01    0.190592394873546E+00
    0.214886000000000E+04    0.476037489374676E+01    0.189879542863741E+00
    0.214888000000000E+04    0.478797003280806E+01    0.189877296481124E+00
    0.215514000000000E+04    0.861049227993135E+00    0.190709118274583E+00
    0.215516000000000E+04    0.888677730473319E+00    0.190714576270277E+00
    0.216142000000000E+04    0.325921670408479E+01    0.191378245379850E+00
    0.216144000000000E+04    0.328687182185195E+01    0.191378914097246E+00
    0.216770000000000E+04    0.566007735918993E+01    0.191108213738739E+00
    0.216772000000000E+04    0.568772162535970E+01    0.191103235900796E+00
    0.217400000000000E+04    0.179186302983999E+01    0.189906262097799E+00
    0.217402000000000E+04    0.181945924811544E+01    0.189906721873899E+00
    0.218028000000000E+04    0.417602225870951E+01    0.190255564317022E+00
    0.218030000000000E+04    0.420363252783181E+01    0.190257484282987E+00
    0.218656000000000E+04    0.287176759984959E+00    0.191593771060321E+00
    0.218658000000000E+04    0.314840550917779E+00    0.191596317465307E+00
    0.219284000000000E+04    0.268875348005531E+01    0.191072567172844E+00
    0.219286000000000E+04    0.271639632768802E+01    0.191070282269972E+00
    0.219912000000000E+04    0.508064924055861E+01    0.190136451991098E+00
    0.219914000000000E+04    0.510825462915773E+01    0.190131941423566E+00
    0.220540000000000E+04    0.117907321455550E+01    0.190181121760182E+00
    0.220542000000000E+04    0.120668056278600E+01    0.190185807423905E+00
    0.221170000000000E+04    0.359924916768523E+01    0.191116711705034E+00
    0.221172000000000E+04    0.362689386242573E+01    0.191118931835526E+00
    0.221798000000000E+04    0.600098711211058E+01    0.191558941218819E+00
    0.221800000000000E+04    0.602864944512748E+01    0.191556005696399E+00
    0.222426000000000E+04    0.211144515733713E+01    0.190209590436918E+00
    0.222428000000000E+04    0.213905348820981E+01    0.190207885612223E+00
    0.223054000000000E+04    0.449539433410746E+01    0.189922493058719E+00
    0.223056000000000E+04    0.452299124201591E+01    0.189922340465463E+00
    0.223682000000000E+04    0.600198972321323E+00    0.191165415326229E+00
    0.223684000000000E+04    0.627845690737558E+00    0.191170213179268E+00
    0.224310000000000E+04    0.300132629135533E+01    0.191364491209822E+00
    0.224312000000000E+04    0.302898081900548E+01    0.191363645690961E+00
    0.224940000000000E+04    0.542660746969341E+01    0.190642607424326E+00
    0.224942000000000E+04    0.545423315953667E+01    0.190637123014647E+00
    0.225568000000000E+04    0.152684809254242E+01    0.189894773955016E+00
    0.225570000000000E+04    0.155444385500141E+01    0.189897321361428E+00
    0.226196000000000E+04    0.391381510386782E+01    0.190646957593406E+00
    0.226198000000000E+04    0.394144103535064E+01    0.190649601454875E+00
    0.226824000000000E+04    0.294028988423634E-01    0.191719918511745E+00
    0.226826000000000E+04    0.570716972788432E-01    0.191720025159454E+00
    0.227452000000000E+04    0.242856788480094E+01    0.190694052493188E+00
    0.227454000000000E+04    0.245619559240731E+01    0.190691422067013E+00
    0.228080000000000E+04    0.481597821569494E+01    0.189903431251229E+00
    0.228082000000000E+04    0.484357431332501E+01    0.189900669868072E+00
    0.228708000000000E+04    0.915865472550195E+00    0.190591626249762E+00
    0.228710000000000E+04    0.943489265717290E+00    0.190597072861484E+00
    0.229338000000000E+04    0.334068454693488E+01    0.191350124636889E+00
    0.229340000000000E+04    0.336833860420802E+01    0.191351178110208E+00
    0.229966000000000E+04    0.574202507230257E+01    0.191211420048452E+00
    0.229968000000000E+04    0.576967344006471E+01    0.191206719468254E+00
    0.230594000000000E+04    0.184736927896802E+01    0.189943331117985E+00
    0.230596000000000E+04    0.187496700410929E+01    0.189943292772173E+00
    0.231222000000000E+04    0.423117560956462E+01    0.190169782009640E+00
    0.231224000000000E+04    0.425878242435647E+01    0.190171368474774E+00
    0.231850000000000E+04    0.341063435367232E+00    0.191529135546307E+00
    0.231852000000000E+04    0.368724691737498E+00    0.191532247136588E+00
    0.232478000000000E+04    0.274287607014685E+01    0.191152371094130E+00
    0.232480000000000E+04    0.277052200623393E+01    0.191150287347988E+00
    0.233108000000000E+04    0.516355832209592E+01    0.190218799687193E+00
    0.233110000000000E+04    0.519116698005109E+01    0.190213971539599E+00
    0.233736000000000E+04    0.126202042020350E+01    0.190101621309651E+00
    0.233738000000000E+04    0.128962466289067E+01    0.190105968365775E+00
    0.234364000000000E+04    0.365340808473775E+01    0.191033674767035E+00
    0.234366000000000E+04    0.368104948013570E+01    0.191036081307150E+00
    0.234992000000000E+04    0.605484210093846E+01    0.191618605912551E+00
    0.234994000000000E+04    0.608250681661821E+01    0.191616240643688E+00
    0.235620000000000E+04    0.216654850884606E+01    0.190297730785318E+00
    0.235622000000000E+04    0.219416036228449E+01    0.190295722519258E+00
    0.236248000000000E+04    0.455091794362761E+01    0.189890635706863E+00
    0.236250000000000E+04    0.457851355460616E+01    0.189889967411351E+00
    0.236878000000000E+04    0.682178799641861E+00    0.191059486190451E+00
    0.236880000000000E+04    0.709821292791730E+00    0.191064536437682E+00
    0.237506000000000E+04    0.308276352049143E+01    0.191386848706102E+00
    0.237508000000000E+04    0.311041894382515E+01    0.191386374272502E+00
    0.238134000000000E+04    0.548134202347910E+01    0.190758877306410E+00
    0.238136000000000E+04    0.550897230436840E+01    0.190753408269132E+00
    0.238762000000000E+04    0.158238137782928E+01    0.189874369880682E+00
    0.238764000000000E+04    0.160997635560307E+01    0.189876399343973E+00
    0.239390000000000E+04    0.396846222116983E+01    0.190545536032365E+00
    0.239392000000000E+04    0.399608410864721E+01    0.190548087425454E+00
    0.240018000000000E+04    0.830758418474034E-01    0.191710269584460E+00
    0.240020000000000E+04    0.110744273502405E+00    0.191711013188666E+00
    0.240648000000000E+04    0.251069452946649E+01    0.190792267684344E+00
    0.240650000000000E+04    0.253832616282216E+01    0.190789645427394E+00
    0.241276000000000E+04    0.489910467065465E+01    0.189939845996614E+00
    0.241278000000000E+04    0.492670222534844E+01    0.189936607793684E+00
    0.241904000000000E+04    0.998408960029337E+00    0.190484427010574E+00
    0.241906000000000E+04    0.102602845133651E+01    0.190489786581767E+00
    0.242532000000000E+04    0.339452181280785E+01    0.191308436171634E+00
    0.242534000000000E+04    0.342217428450567E+01    0.191309857095335E+00
    0.243160000000000E+04    0.579621289759098E+01    0.191313703983433E+00
    0.243162000000000E+04    0.582386536520653E+01    0.191309364863259E+00
    0.243788000000000E+04    0.190282758406511E+01    0.189994228023373E+00
    0.243790000000000E+04    0.193042734254368E+01    0.189993711546651E+00
    0.244416000000000E+04    0.428644807141927E+01    0.190093753120560E+00
    0.244418000000000E+04    0.431405180818911E+01    0.190094959638539E+00
    0.245046000000000E+04    0.422706163070870E+00    0.191456080914902E+00
    0.245048000000000E+04    0.450364586690739E+00    0.191459660327194E+00
    0.245674000000000E+04    0.282461575072102E+01    0.191220966153746E+00
    0.245676000000000E+04    0.285226454989697E+01    0.191219141682681E+00
    0.246302000000000E+04    0.521889831846374E+01    0.190318143142653E+00
    0.246304000000000E+04    0.524651095842091E+01    0.190313053608321E+00
    0.246930000000000E+04    0.131758879035260E+01    0.190031978355993E+00
    0.246932000000000E+04    0.134519015954947E+01    0.190035936479283E+00
    0.247558000000000E+04    0.370778064859860E+01    0.190945902497658E+00
    0.247560000000000E+04    0.373541843191015E+01    0.190948453595877E+00
    0.248186000000000E+04    0.610876555854384E+01    0.191667244370819E+00
    0.248188000000000E+04    0.613643225750138E+01    0.191665477229874E+00
    0.248816000000000E+04    0.224932067602367E+01    0.190392187760689E+00
    0.248818000000000E+04    0.227693630359954E+01    0.190389945777513E+00
    0.249444000000000E+04    0.463426765279928E+01    0.189873758905300E+00
    0.249446000000000E+04    0.466186260415134E+01    0.189872586124999E+00
    0.250072000000000E+04    0.736860491272182E+00    0.190947075657809E+00
    0.250074000000000E+04    0.764498479607937E+00    0.190952335883649E+00
    0.250700000000000E+04    0.313678762281779E+01    0.191399142961500E+00
    0.250702000000000E+04    0.316444355788690E+01    0.191399047814152E+00
    0.251328000000000E+04    0.553628247581355E+01    0.190879466447924E+00
    0.251330000000000E+04    0.556391763048578E+01    0.190874085344651E+00
    0.251956000000000E+04    0.163827100016351E+01    0.189872024084512E+00
    0.251958000000000E+04    0.166586575246447E+01    0.189873518084677E+00
    0.252586000000000E+04    0.405119883491943E+01    0.190448613191852E+00
    0.252588000000000E+04    0.407881683256073E+01    0.190451024193742E+00
    0.253214000000000E+04    0.164788761690033E+00    0.191687343476593E+00
    0.253216000000000E+04    0.192456343813319E+00    0.191688690581428E+00
    0.253842000000000E+04    0.256545725713841E+01    0.190892162185861E+00
    0.253844000000000E+04    0.259309284108849E+01    0.190889591135983E+00
    0.254470000000000E+04    0.495497773495345E+01    0.189993662924491E+00
    0.254472000000000E+04    0.498257741139423E+01    0.189989958710515E+00
    0.255098000000000E+04    0.105384638983332E+01    0.190376985011736E+00
    0.255100000000000E+04    0.108146153767620E+01    0.190382180401291E+00
    0.255726000000000E+04    0.344878185695188E+01    0.191254029872191E+00
    0.255728000000000E+04    0.347643205317854E+01    0.191255725924713E+00
    0.256354000000000E+04    0.585064594382220E+01    0.191407165881854E+00
    0.256356000000000E+04    0.587830219326361E+01    0.191403255766339E+00
    0.256984000000000E+04    0.198615020521720E+01    0.190055045450973E+00
    0.256986000000000E+04    0.201375231486236E+01    0.190054107281310E+00
    0.257612000000000E+04    0.436973852451138E+01    0.190026987739813E+00
    0.257614000000000E+04    0.439733973124612E+01    0.190027805239344E+00
    0.258240000000000E+04    0.477093469900865E+00    0.191369541765508E+00
    0.258242000000000E+04    0.504748289086820E+00    0.191373572829449E+00
    0.258868000000000E+04    0.287887848198216E+01    0.191279294105348E+00
    0.258870000000000E+04    0.290652959166709E+01    0.191277767176181E+00
    0.259496000000000E+04    0.527431486167325E+01    0.190420671052056E+00
    0.259498000000000E+04    0.530193160539920E+01    0.190415371626388E+00
    0.260124000000000E+04    0.137335434343140E+01    0.189970841413873E+00
    0.260126000000000E+04    0.140095325855691E+01    0.189974361828359E+00
    0.260754000000000E+04    0.379002622418511E+01    0.190851554179092E+00
    0.260756000000000E+04    0.381766029301434E+01    0.190854198559132E+00
    0.261382000000000E+04    0.619044494338777E+01    0.191697772792876E+00
    0.261384000000000E+04    0.621811300064473E+01    0.191696581545833E+00
