    0.000000000000000E+00    0.190000000000000E+01    0.200000000000000E+00
    0.200000000000000E-01    0.192799998777041E+01    0.199999455269670E+00
    0.630000000000000E+01    0.443674649136290E+01    0.199969608094562E+00
    0.632000000000000E+01    0.446474530151161E+01    0.199969976296514E+00
    0.125800000000000E+02    0.668171679585271E+00    0.201261553458281E+00
    0.126000000000000E+02    0.696222215942225E+00    0.201266577630348E+00
    0.188600000000000E+02    0.319739367201845E+01    0.201708570367102E+00
    0.188800000000000E+02    0.322546201254813E+01    0.201708823860651E+00
    0.251400000000000E+02    0.572766002517365E+01    0.201424368387447E+00
    0.251600000000000E+02    0.575571692436018E+01    0.201419652133481E+00
    0.314200000000000E+02    0.196103776883583E+01    0.200063366154512E+00
    0.314400000000000E+02    0.198904028271092E+01    0.200062455082168E+00
    0.377000000000000E+02    0.446988124509531E+01    0.199920236099190E+00
    0.377200000000000E+02    0.449787802189705E+01    0.199920177270490E+00
    0.440000000000000E+02    0.728087668471836E+00    0.201149092219816E+00
    0.440200000000000E+02    0.756133820493254E+00    0.201154298986199E+00
    0.502800000000000E+02    0.325650534827250E+01    0.201694848046450E+00
    0.503000000000000E+02    0.328457311467216E+01    0.201695426177830E+00
    0.565600000000000E+02    0.578730773037479E+01    0.201525984222708E+00
    0.565800000000000E+02    0.581536870805984E+01    0.201521553703815E+00
    0.628400000000000E+02    0.202201285728864E+01    0.200136301804694E+00
    0.628600000000000E+02    0.205001826873288E+01    0.200135050657346E+00
    0.691200000000000E+02    0.453109958556122E+01    0.199882521568225E+00
    0.691400000000000E+02    0.455909488550060E+01    0.199882041021731E+00
    0.754000000000000E+02    0.760114735432694E+00    0.201029302674637E+00
    0.754200000000000E+02    0.788156021282916E+00    0.201034660149313E+00
    0.817000000000000E+02    0.331563405023999E+01    0.201669389762317E+00
    0.817200000000000E+02    0.334370081513462E+01    0.201670273889693E+00
    0.879800000000000E+02    0.584685836792097E+01    0.201620351499465E+00
    0.880000000000000E+02    0.587492323794616E+01    0.201616251641362E+00
    0.942600000000000E+02    0.208292568410636E+01    0.200218068000810E+00
    0.942800000000000E+02    0.211093434720374E+01    0.200216510799731E+00
    0.100540000000000E+03    0.459240404135716E+01    0.199857236623175E+00
    0.100560000000000E+03    0.462039831529597E+01    0.199856320674564E+00
    0.106820000000000E+03    0.820347311513729E+00    0.200913433311288E+00
    0.106840000000000E+03    0.848383951449449E+00    0.200918865154288E+00
    0.113100000000000E+03    0.334678698142170E+01    0.201632281465508E+00
    0.113120000000000E+03    0.337485227369763E+01    0.201633457763840E+00
    0.119400000000000E+03    0.590635931117762E+01    0.201709564772938E+00
    0.119420000000000E+03    0.593442767767050E+01    0.201705836596164E+00
    0.125680000000000E+03    0.214372563756058E+01    0.200304743030574E+00
    0.125700000000000E+03    0.217173767715119E+01    0.200302905998488E+00
    0.131960000000000E+03    0.465369997816845E+01    0.199841370920503E+00
    0.131980000000000E+03    0.468169367217212E+01    0.199840013094699E+00
    0.138240000000000E+03    0.880664708034601E+00    0.200797978024259E+00
    0.138260000000000E+03    0.908696735814715E+00    0.200803435825167E+00
    0.144520000000000E+03    0.340603191704176E+01    0.201587289050496E+00
    0.144540000000000E+03    0.343409544206034E+01    0.201588756765055E+00
    0.150800000000000E+03    0.593768976929232E+01    0.201792674077521E+00
    0.150820000000000E+03    0.596576145244390E+01    0.201789366899120E+00
    0.157080000000000E+03    0.217643524239099E+01    0.200400333919719E+00
    0.157100000000000E+03    0.220445116670473E+01    0.200398253003859E+00
    0.163380000000000E+03    0.471509559919966E+01    0.199841062290338E+00
    0.163400000000000E+03    0.474308929056789E+01    0.199839257612328E+00
    0.169660000000000E+03    0.941169859933609E+00    0.200683190714816E+00
    0.169680000000000E+03    0.969197269110680E+00    0.200688615989654E+00
    0.175940000000000E+03    0.346538546303375E+01    0.201530839688659E+00
    0.175960000000000E+03    0.349344673064823E+01    0.201532557602235E+00
    0.182220000000000E+03    0.599703464358083E+01    0.201861450104947E+00
    0.182240000000000E+03    0.602510906134336E+01    0.201858596430921E+00
    0.188500000000000E+03    0.223706725703869E+01    0.200498579019422E+00
    0.188520000000000E+03    0.226508714399677E+01    0.200496299564633E+00
    0.194780000000000E+03    0.474848012626848E+01    0.199852877303077E+00
    0.194800000000000E+03    0.477647418090015E+01    0.199850609319532E+00
    0.201080000000000E+03    0.100177747983798E+01    0.200572053909987E+00
    0.201100000000000E+03    0.102980052010707E+01    0.200577411399719E+00
    0.207360000000000E+03    0.352480387115389E+01    0.201465481801019E+00
    0.207380000000000E+03    0.355286246755213E+01    0.201467442437536E+00
    0.213640000000000E+03    0.605630818587395E+01    0.201920403877993E+00
    0.213660000000000E+03    0.608438500582008E+01    0.201918004341868E+00
    0.219920000000000E+03    0.229757993146904E+01    0.200600002301280E+00
    0.219940000000000E+03    0.232560387540275E+01    0.200597570137686E+00
    0.226200000000000E+03    0.480985702530029E+01    0.199875311178554E+00
    0.226220000000000E+03    0.483785201049301E+01    0.199872613770240E+00
    0.232480000000000E+03    0.103450546225127E+01    0.200460442780343E+00
    0.232500000000000E+03    0.106252397466682E+01    0.200465680620962E+00
    0.238780000000000E+03    0.358430885760822E+01    0.201391369744425E+00
    0.238800000000000E+03    0.361236454533923E+01    0.201393535896252E+00
    0.245060000000000E+03    0.611555692133823E+01    0.201969813308447E+00
    0.245080000000000E+03    0.614363571863407E+01    0.201967906153421E+00
    0.251340000000000E+03    0.235799154024176E+01    0.200704342686073E+00
    0.251360000000000E+03    0.238601953498340E+01    0.200701799876505E+00
    0.257620000000000E+03    0.487119756758813E+01    0.199908252255446E+00
    0.257640000000000E+03    0.489919386170601E+01    0.199905134319771E+00
    0.263900000000000E+03    0.109531982389973E+01    0.200357362256013E+00
    0.263920000000000E+03    0.112333421876485E+01    0.200362426153452E+00
    0.270180000000000E+03    0.361580466048537E+01    0.201307051958883E+00
    0.270200000000000E+03    0.364385698926685E+01    0.201309389664711E+00
    0.276480000000000E+03    0.617469413321339E+01    0.202006678353059E+00
    0.276500000000000E+03    0.620277441883178E+01    0.202005265677100E+00
    0.282760000000000E+03    0.241821852332527E+01    0.200806352611540E+00
    0.282780000000000E+03    0.244625064873452E+01    0.200803747536370E+00
    0.289040000000000E+03    0.493250086896501E+01    0.199954957608993E+00
    0.289060000000000E+03    0.496049913299299E+01    0.199951446677346E+00
    0.295320000000000E+03    0.115627155419389E+01    0.200262834513255E+00
    0.295340000000000E+03    0.118428216322087E+01    0.200267679300910E+00
    0.301600000000000E+03    0.367550199837461E+01    0.201219838712174E+00
    0.301620000000000E+03    0.370355077967406E+01    0.201222315306477E+00
    0.307880000000000E+03    0.620575932389653E+01    0.202032731606508E+00
    0.307900000000000E+03    0.623384071107699E+01    0.202031871185523E+00
    0.314160000000000E+03    0.245036833093724E+01    0.200914144857620E+00
    0.314180000000000E+03    0.247840481442779E+01    0.200911503683413E+00
    0.320460000000000E+03    0.499380140054376E+01    0.200013014471579E+00
    0.320480000000000E+03    0.502180185268560E+01    0.200009124846102E+00
    0.326740000000000E+03    0.121733524070396E+01    0.200176042303011E+00
    0.326760000000000E+03    0.124534236083923E+01    0.200180625231192E+00
    0.333020000000000E+03    0.373532300735377E+01    0.201125810055874E+00
    0.333040000000000E+03    0.376336808730383E+01    0.201128393622685E+00
    0.339300000000000E+03    0.626492787127211E+01    0.202046691690230E+00
    0.339320000000000E+03    0.982428335544228E-02    0.202046361671390E+00
    0.345580000000000E+03    0.251042814133325E+01    0.201015309234037E+00
    0.345600000000000E+03    0.253846862760867E+01    0.201012682483823E+00
    0.351860000000000E+03    0.502702330733388E+01    0.200084448288967E+00
    0.351880000000000E+03    0.505502663678601E+01    0.200080209935549E+00
    0.358160000000000E+03    0.127847341510801E+01    0.200097071444040E+00
    0.358180000000000E+03    0.130647735004493E+01    0.200101352136779E+00
    0.364440000000000E+03    0.379523867871717E+01    0.201027773338968E+00
    0.364460000000000E+03    0.382327985646077E+01    0.201030430738723E+00
    0.370720000000000E+03    0.408733381788124E-01    0.202047333855418E+00
    0.370740000000000E+03    0.689552531990785E-01    0.202047519497720E+00
    0.377000000000000E+03    0.257035591443207E+01    0.201113539865237E+00
    0.377020000000000E+03    0.259840036648166E+01    0.201110986252551E+00
    0.383280000000000E+03    0.508818687609585E+01    0.200162232237435E+00
    0.383300000000000E+03    0.511619332808084E+01    0.200157679128931E+00
    0.389560000000000E+03    0.131167265506258E+01    0.200023552772446E+00
    0.389580000000000E+03    0.133967350301452E+01    0.200027482949718E+00
    0.395860000000000E+03    0.385524407816433E+01    0.200925963841537E+00
    0.395880000000000E+03    0.388328116987248E+01    0.200928641019355E+00
    0.402140000000000E+03    0.999748147922901E-01    0.202034703017947E+00
    0.402160000000000E+03    0.128056292281485E+00    0.202035419461719E+00
    0.408420000000000E+03    0.263014673969451E+01    0.201207697017085E+00
    0.408440000000000E+03    0.265819492920912E+01    0.201205242059445E+00
    0.414700000000000E+03    0.514919189632542E+01    0.200247013281507E+00
    0.414720000000000E+03    0.517720168361916E+01    0.200242195172537E+00
    0.420980000000000E+03    0.137289099432905E+01    0.199963934628167E+00
    0.421000000000000E+03    0.140088958936758E+01    0.199967507560550E+00
    0.427260000000000E+03    0.388729972167368E+01    0.200818239435421E+00
    0.427280000000000E+03    0.391533253191039E+01    0.200820887545190E+00
    0.433540000000000E+03    0.130986406385887E+00    0.202011212153805E+00
    0.433560000000000E+03    0.159066900113999E+00    0.202012486465339E+00
    0.439840000000000E+03    0.268978883258683E+01    0.201296068870349E+00
    0.439860000000000E+03    0.271784056463787E+01    0.201293744398387E+00
    0.446120000000000E+03    0.521011337810842E+01    0.200341315754623E+00
    0.446140000000000E+03    0.523812704729301E+01    0.200336271909449E+00
    0.452400000000000E+03    0.143420318411506E+01    0.199918606740726E+00
    0.452420000000000E+03    0.146219996915238E+01    0.199921788538717E+00
    0.458680000000000E+03    0.394757977755330E+01    0.200716839417136E+00
    0.458700000000000E+03    0.397560850431250E+01    0.200719426513504E+00
    0.464960000000000E+03    0.190192723337191E+00    0.201976168677198E+00
    0.464980000000000E+03    0.218271812213629E+00    0.201977936445413E+00
    0.471240000000000E+03    0.272137206725756E+01    0.201381068814829E+00
    0.471260000000000E+03    0.274942722100980E+01    0.201378917569150E+00
    0.477540000000000E+03    0.527101352641557E+01    0.200443533480188E+00
    0.477560000000000E+03    0.529903122388680E+01    0.200438296601958E+00
    0.483820000000000E+03    0.149555471907786E+01    0.199881721267918E+00
    0.483840000000000E+03    0.152354987351907E+01    0.199884482680129E+00
    0.490100000000000E+03    0.400795334832446E+01    0.200611477199225E+00
    0.490120000000000E+03    0.403597792779715E+01    0.200613966289180E+00
    0.496380000000000E+03    0.249415988527403E+00    0.201930541953094E+00
    0.496400000000000E+03    0.277493257585775E+00    0.201932807996945E+00
    0.502660000000000E+03    0.278091312348056E+01    0.201458088657582E+00
    0.502680000000000E+03    0.280897140570835E+01    0.201456130969602E+00
    0.508940000000000E+03    0.530379301766868E+01    0.200556679001981E+00
    0.508960000000000E+03    0.533181518914182E+01    0.200551318066475E+00
    0.515240000000000E+03    0.155700728759791E+01    0.199859033810598E+00
    0.515260000000000E+03    0.158500167301509E+01    0.199861373936965E+00
    0.521520000000000E+03    0.406856958140736E+01    0.200513144048980E+00
    0.521540000000000E+03    0.409659015856585E+01    0.200515481812136E+00
    0.527800000000000E+03    0.308805586668655E+00    0.201872728799689E+00
    0.527820000000000E+03    0.336880553447031E+00    0.201875466046232E+00
    0.534080000000000E+03    0.284046140045223E+01    0.201524753506366E+00
    0.534100000000000E+03    0.286852234088747E+01    0.201523030520784E+00
    0.540360000000000E+03    0.536454345664072E+01    0.200668025076261E+00
    0.540380000000000E+03    0.539257008000880E+01    0.200662573657734E+00
    0.546640000000000E+03    0.159052669113566E+01    0.199845494205855E+00
    0.546660000000000E+03    0.161852055958900E+01    0.199847381418885E+00
    0.552940000000000E+03    0.412929589517967E+01    0.200414045132440E+00
    0.552960000000000E+03    0.415731244767642E+01    0.200416192721011E+00
    0.559220000000000E+03    0.368252087194264E+00    0.201804597212755E+00
    0.559240000000000E+03    0.396324489697008E+00    0.201807760621603E+00
    0.565500000000000E+03    0.289995978384945E+01    0.201583691969537E+00
    0.565520000000000E+03    0.292802308109856E+01    0.201582228304225E+00
    0.571780000000000E+03    0.542521854569281E+01    0.200783551554135E+00
    0.571800000000000E+03    0.545324978283713E+01    0.200778066770585E+00
    0.578060000000000E+03    0.165208673242080E+01    0.199847107278323E+00
    0.578080000000000E+03    0.168008063504999E+01    0.199848548172325E+00
    0.584340000000000E+03    0.416218892946438E+01    0.200317952368884E+00
    0.584360000000000E+03    0.419020168232760E+01    0.200319850543446E+00
    0.590620000000000E+03    0.399789090654622E+00    0.201724633618713E+00
    0.590640000000000E+03    0.427858173345157E+00    0.201728257021100E+00
    0.596920000000000E+03    0.295941685319565E+01    0.201631651595281E+00
    0.596940000000000E+03    0.298748198747785E+01    0.201630471941514E+00
    0.603200000000000E+03    0.548574657595486E+01    0.200898954247360E+00
    0.603220000000000E+03    0.551378243170109E+01    0.200893485289163E+00
    0.609480000000000E+03    0.171358218760031E+01    0.199858916797583E+00
    0.609500000000000E+03    0.174157655593001E+01    0.199859911822667E+00
    0.615760000000000E+03    0.422315948490586E+01    0.200229010791746E+00
    0.615780000000000E+03    0.425116867499162E+01    0.200230640710477E+00
    0.622040000000000E+03    0.459413418524264E+00    0.201636738930620E+00
    0.622060000000000E+03    0.487479024052845E+00    0.201640735984423E+00
    0.628320000000000E+03    0.299071185116429E+01    0.201668943135518E+00
    0.628340000000000E+03    0.301877853706071E+01    0.201668054037249E+00
    0.634620000000000E+03    0.554614147081577E+01    0.201015139047405E+00
    0.634640000000000E+03    0.557418198094490E+01    0.201009735306489E+00
    0.640900000000000E+03    0.177503914538795E+01    0.199883601543214E+00
    0.640920000000000E+03    0.180303447326833E+01    0.199884158976306E+00
    0.647180000000000E+03    0.428419593020169E+01    0.200146048163842E+00
    0.647200000000000E+03    0.431220182425500E+01    0.200147373794392E+00
    0.653460000000000E+03    0.519113244963819E+00    0.201543003749760E+00
    0.653480000000000E+03    0.547175059714277E+00    0.201547342452192E+00
    0.659740000000000E+03    0.305000733445945E+01    0.201694970673563E+00
    0.659760000000000E+03    0.307807508618953E+01    0.201694386353478E+00
    0.666020000000000E+03    0.557834727441411E+01    0.201136540087272E+00
    0.666040000000000E+03    0.560639271028504E+01    0.201131275999012E+00
    0.672320000000000E+03    0.183645753465316E+01    0.199920646299399E+00
    0.672340000000000E+03    0.186445431590414E+01    0.199920778107450E+00
    0.678600000000000E+03    0.434535213714673E+01    0.200072889221751E+00
    0.678620000000000E+03    0.437335508243859E+01    0.200073876517442E+00
    0.684880000000000E+03    0.578939089185837E+00    0.201441554525533E+00
    0.684900000000000E+03    0.606996834903271E+00    0.201446183977780E+00
    0.691160000000000E+03    0.310930303056614E+01    0.201710068022777E+00
    0.691180000000000E+03    0.313737140605883E+01    0.201709814664705E+00
    0.697440000000000E+03    0.563848137142440E+01    0.201250123612665E+00
    0.697460000000000E+03    0.566653132244448E+01    0.201245017484333E+00
    0.703720000000000E+03    0.186978838278139E+01    0.199967083213420E+00
    0.703740000000000E+03    0.189778696840096E+01    0.199966791616576E+00
    0.710000000000000E+03    0.437857904921157E+01    0.200006858331217E+00
    0.710020000000000E+03    0.440657949725085E+01    0.200007466940405E+00
    0.716300000000000E+03    0.638884794086266E+00    0.201336305530618E+00
    0.716320000000000E+03    0.666938334670590E+00    0.201341190964794E+00
    0.722580000000000E+03    0.316861769058357E+01    0.201715481291632E+00
    0.722600000000000E+03    0.319668630924843E+01    0.201715537839458E+00
    0.728860000000000E+03    0.569853226642329E+01    0.201360457461985E+00
    0.728880000000000E+03    0.572658660461821E+01    0.201355579167621E+00
    0.735140000000000E+03    0.193112386872463E+01    0.200025851803829E+00
    0.735160000000000E+03    0.195912487050532E+01    0.200025169352613E+00
    0.741420000000000E+03    0.443993254467500E+01    0.199952755310332E+00
    0.741440000000000E+03    0.446793066895361E+01    0.199952959131100E+00
    0.747700000000000E+03    0.670879728305181E+00    0.201218511385880E+00
    0.747720000000000E+03    0.698928533357730E+00    0.201223623182550E+00
    0.754000000000000E+03    0.322788860266746E+01    0.201707308626673E+00
    0.754020000000000E+03    0.325595689734268E+01    0.201707687771370E+00
    0.760280000000000E+03    0.575841553587702E+01    0.201464840635174E+00
    0.760300000000000E+03    0.578647411040242E+01    0.201460223562849E+00
    0.766560000000000E+03    0.199232339353739E+01    0.200093244737666E+00
    0.766580000000000E+03    0.202032703085752E+01    0.200092204999515E+00
    0.772840000000000E+03    0.450125873650950E+01    0.199906332218695E+00
    0.772860000000000E+03    0.452925498783111E+01    0.199906122321081E+00
    0.779120000000000E+03    0.731011399753243E+00    0.201103434758578E+00
    0.779140000000000E+03    0.759055625670044E+00    0.201108707579636E+00
    0.785400000000000E+03    0.325906752026094E+01    0.201686727761442E+00
    0.785420000000000E+03    0.328713498457455E+01    0.201687426603361E+00
    0.791700000000000E+03    0.581814030468490E+01    0.201564176523344E+00
    0.791720000000000E+03    0.584620283675736E+01    0.201559857109310E+00
    0.797980000000000E+03    0.205334948680252E+01    0.200167170239370E+00
    0.798000000000000E+03    0.208135604268114E+01    0.200165802591180E+00
    0.804260000000000E+03    0.456260226925929E+01    0.199872356194556E+00
    0.804280000000000E+03    0.459059730880813E+01    0.199871723576740E+00
    0.810540000000000E+03    0.791254186549850E+00    0.200989339018747E+00
    0.810560000000000E+03    0.819293859909749E+00    0.200994724001028E+00
    0.816820000000000E+03    0.331836992394301E+01    0.201659118909579E+00
    0.816840000000000E+03    0.334643630566984E+01    0.201660117938325E+00
    0.823100000000000E+03    0.584975061443379E+01    0.201661292612603E+00
    0.823120000000000E+03    0.587781700278947E+01    0.201657344860962E+00
    0.829400000000000E+03    0.211437706023253E+01    0.200251786861216E+00
    0.829420000000000E+03    0.214238708060520E+01    0.200250126746144E+00
    0.835680000000000E+03    0.462406852604727E+01    0.199852136949193E+00
    0.835700000000000E+03    0.465206259408706E+01    0.199851055649715E+00
    0.841960000000000E+03    0.851621772383396E+00    0.200872289854915E+00
    0.841980000000000E+03    0.879656553661107E+00    0.200877703951313E+00
    0.848240000000000E+03    0.337765527335910E+01    0.201616269059930E+00
    0.848260000000000E+03    0.340571994096968E+01    0.201617565481887E+00
    0.854520000000000E+03    0.590923179804417E+01    0.201743605131253E+00
    0.854540000000000E+03    0.593730148386408E+01    0.201740055261962E+00
    0.860800000000000E+03    0.214715772947716E+01    0.200341883419852E+00
    0.860820000000000E+03    0.217517134683339E+01    0.200339938530249E+00
    0.867080000000000E+03    0.465740438069156E+01    0.199841996923698E+00
    0.867100000000000E+03    0.468539804112424E+01    0.199840453136790E+00
    0.873380000000000E+03    0.911997485816983E+00    0.200754710325762E+00
    0.873400000000000E+03    0.940027778734247E+00    0.200760162223642E+00
    0.879660000000000E+03    0.343693996598972E+01    0.201566890941750E+00
    0.879680000000000E+03    0.346500265945770E+01    0.201568453737458E+00
    0.885940000000000E+03    0.596860179206487E+01    0.201818824533553E+00
    0.885960000000000E+03    0.599667449513186E+01    0.201815687773349E+00
    0.892220000000000E+03    0.220783286684082E+01    0.200436963581864E+00
    0.892240000000000E+03    0.223585028313778E+01    0.200434806037994E+00
    0.898500000000000E+03    0.471875110521864E+01    0.199843872382734E+00
    0.898520000000000E+03    0.474674482252408E+01    0.199841880104415E+00
    0.904780000000000E+03    0.944491200037419E+00    0.200636173556519E+00
    0.904800000000000E+03    0.972516769749063E+00    0.200641591004600E+00
    0.911080000000000E+03    0.349627998732831E+01    0.201506702300841E+00
    0.911100000000000E+03    0.352434024659669E+01    0.201508518617361E+00
    0.917360000000000E+03    0.602788659205953E+01    0.201884184649781E+00
    0.917380000000000E+03    0.605596196122428E+01    0.201881492833047E+00
    0.923640000000000E+03    0.226838760269652E+01    0.200536699230377E+00
    0.923660000000000E+03    0.229640897538593E+01    0.200534362309944E+00
    0.929920000000000E+03    0.478009840813479E+01    0.199858714614758E+00
    0.929940000000000E+03    0.480809271487647E+01    0.199856286548781E+00
    0.936200000000000E+03    0.100511697390198E+01    0.200525907719733E+00
    0.936220000000000E+03    0.103313810144368E+01    0.200531226096800E+00
    0.942480000000000E+03    0.352762116358326E+01    0.201435008784279E+00
    0.942500000000000E+03    0.355567859562871E+01    0.201437045151921E+00
    0.948780000000000E+03    0.608710506750708E+01    0.201939783494424E+00
    0.948800000000000E+03    0.611518266042845E+01    0.201937560911214E+00
    0.955060000000000E+03    0.232879878585095E+01    0.200637581683561E+00
    0.955080000000000E+03    0.235682414733924E+01    0.200635107346550E+00
    0.961340000000000E+03    0.484142489734859E+01    0.199884607658692E+00
    0.961360000000000E+03    0.486942037371045E+01    0.199881755871597E+00
    0.967620000000000E+03    0.106588118099035E+01    0.200422365115326E+00
    0.967640000000000E+03    0.109389816863882E+01    0.200427540039288E+00
    0.973900000000000E+03    0.358716333269535E+01    0.201359913843176E+00
    0.973920000000000E+03    0.361521776977065E+01    0.201362146471515E+00
    0.980180000000000E+03    0.611825720960314E+01    0.201986859350631E+00
    0.980200000000000E+03    0.614633668157603E+01    0.201985157994201E+00
    0.986480000000000E+03    0.238918828310352E+01    0.200742428124098E+00
    0.986500000000000E+03    0.241721786711241E+01    0.200739868849154E+00
    0.992760000000000E+03    0.490281931078971E+01    0.199925592905510E+00
    0.992780000000000E+03    0.493081636298484E+01    0.199922324179140E+00
    0.999040000000000E+03    0.112679422718406E+01    0.200322043982684E+00
    0.999060000000000E+03    0.115480715779722E+01    0.200327019397217E+00
    0.100532000000000E+04    0.364681780750493E+01    0.201275673632827E+00
    0.100534000000000E+04    0.367486889960787E+01    0.201278080074663E+00
    0.101160000000000E+04    0.617744513969001E+01    0.202018921336457E+00
    0.101162000000000E+04    0.620552588800979E+01    0.202017740213604E+00
    0.101788000000000E+04    0.242141952125394E+01    0.200849541816429E+00
    0.101790000000000E+04    0.244945343402878E+01    0.200846910333070E+00
    0.102416000000000E+04    0.493615154653003E+01    0.199979245742387E+00
    0.102418000000000E+04    0.496415063956442E+01    0.199975574311265E+00
    0.103046000000000E+04    0.118780449684004E+01    0.200229939834919E+00
    0.103048000000000E+04    0.121581382639329E+01    0.200234689785615E+00
    0.103674000000000E+04    0.370658010949160E+01    0.201185502279232E+00
    0.103676000000000E+04    0.373462744917242E+01    0.201188039842562E+00
    0.104302000000000E+04    0.623658008572647E+01    0.202037982635122E+00
    0.104304000000000E+04    0.626466160410405E+01    0.202037321310798E+00
    0.104930000000000E+04    0.248150675054399E+01    0.200951054244109E+00
    0.104932000000000E+04    0.250954473535216E+01    0.200948415627870E+00
    0.105558000000000E+04    0.499736016151996E+01    0.200039322680115E+00
    0.105560000000000E+04    0.502536166726804E+01    0.200035288110056E+00
    0.106186000000000E+04    0.122082783695055E+01    0.200140652835252E+00
    0.106188000000000E+04    0.124883356013720E+01    0.200145124492928E+00
    0.106816000000000E+04    0.376635304169258E+01    0.201088849862800E+00
    0.106818000000000E+04    0.379439662162940E+01    0.201091467315583E+00
    0.107444000000000E+04    0.124833990548723E-01    0.202046755215537E+00
    0.107446000000000E+04    0.405653782986519E-01    0.202046611001758E+00
    0.108072000000000E+04    0.254149552319836E+01    0.201052466376197E+00
    0.108074000000000E+04    0.256953756442340E+01    0.201049864128990E+00
    0.108700000000000E+04    0.505854938945754E+01    0.200111945624783E+00
    0.108702000000000E+04    0.508655378410708E+01    0.200107585013951E+00
    0.109328000000000E+04    0.128194254179198E+01    0.200067316706368E+00
    0.109330000000000E+04    0.130994493385856E+01    0.200071453508820E+00
    0.109956000000000E+04    0.379816070184461E+01    0.200983782234030E+00
    0.109958000000000E+04    0.382620010898563E+01    0.200986438501841E+00
    0.110586000000000E+04    0.714727315919390E-01    0.202041314978155E+00
    0.110588000000000E+04    0.995543927022027E-01    0.202041699245517E+00
    0.111214000000000E+04    0.260118783263442E+01    0.201146848291897E+00
    0.111216000000000E+04    0.262923364797098E+01    0.201144321319903E+00
    0.111842000000000E+04    0.511944246878556E+01    0.200189840971088E+00
    0.111844000000000E+04    0.514744999245454E+01    0.200185187889136E+00
    0.112470000000000E+04    0.134296556136428E+01    0.199998540384539E+00
    0.112472000000000E+04    0.137096555787548E+01    0.200002350140484E+00
    0.113098000000000E+04    0.385808596000265E+01    0.200883746094978E+00
    0.113100000000000E+04    0.388612143562682E+01    0.200886429161008E+00
    0.113726000000000E+04    0.102400969132077E+00    0.202025801858135E+00
    0.113728000000000E+04    0.130482028934239E+00    0.202026745644482E+00
    0.114354000000000E+04    0.263279519614753E+01    0.201242265479187E+00
    0.114356000000000E+04    0.266084480088966E+01    0.201239842479211E+00
    0.114984000000000E+04    0.518034572157922E+01    0.200279333824964E+00
    0.114986000000000E+04    0.520835683234282E+01    0.200274424519636E+00
    0.115612000000000E+04    0.140415861767451E+01    0.199945174830885E+00
    0.115614000000000E+04    0.143215648290720E+01    0.199948606178561E+00
    0.116240000000000E+04    0.391816887156892E+01    0.200780213389175E+00
    0.116242000000000E+04    0.394620015862574E+01    0.200782852976669E+00
    0.116868000000000E+04    0.161463380807845E+00    0.201998736131425E+00
    0.116870000000000E+04    0.189543382732154E+00    0.202000184503203E+00
    0.117496000000000E+04    0.269236688577416E+01    0.201328280595869E+00
    0.117498000000000E+04    0.272041992518598E+01    0.201326014742643E+00
    0.118124000000000E+04    0.521317818185435E+01    0.200381874380658E+00
    0.118126000000000E+04    0.524119344970791E+01    0.200376751757393E+00
    0.118754000000000E+04    0.146538326936911E+01    0.199902884654279E+00
    0.118756000000000E+04    0.149337925167879E+01    0.199905909216589E+00
    0.119382000000000E+04    0.397833159614902E+01    0.200674216324800E+00
    0.119384000000000E+04    0.400635862296190E+01    0.200676774869898E+00
    0.120010000000000E+04    0.220484097367034E+00    0.201956734252730E+00
    0.120012000000000E+04    0.248562412869660E+00    0.201958684839722E+00
    0.120638000000000E+04    0.275174131393783E+01    0.201406247137478E+00
    0.120640000000000E+04    0.277979749456858E+01    0.201404173833659E+00
    0.121266000000000E+04    0.527377840147051E+01    0.200483063319867E+00
    0.121268000000000E+04    0.530179765842445E+01    0.200477771271871E+00
    0.121894000000000E+04    0.149851627515113E+01    0.199866050342850E+00
    0.121896000000000E+04    0.152651086722494E+01    0.199868649069320E+00
    0.122524000000000E+04    0.403854668583131E+01    0.200572571849963E+00
    0.122526000000000E+04    0.406656966937112E+01    0.200575020174192E+00
    0.123152000000000E+04    0.279517489986119E+00    0.201905988982072E+00
    0.123154000000000E+04    0.307593773138933E+00    0.201908415439990E+00
    0.123780000000000E+04    0.281101937068752E+01    0.201477860111263E+00
    0.123782000000000E+04    0.283907842963777E+01    0.201475989207695E+00
    0.124408000000000E+04    0.533426779198862E+01    0.200590494344863E+00
    0.124410000000000E+04    0.536229131564437E+01    0.200585090274021E+00
    0.125036000000000E+04    0.155968473783128E+01    0.199846869473133E+00
    0.125038000000000E+04    0.158767866773792E+01    0.199849040450472E+00
    0.125664000000000E+04    0.407085783364232E+01    0.200469677735283E+00
    0.125666000000000E+04    0.409887659631158E+01    0.200471938350585E+00
    0.126294000000000E+04    0.338589072840705E+00    0.201844680274315E+00
    0.126296000000000E+04    0.366662954774711E+00    0.201847566269707E+00
    0.126922000000000E+04    0.287020017018335E+01    0.201541064506028E+00
    0.126924000000000E+04    0.289826174168229E+01    0.201539440642849E+00
    0.127550000000000E+04    0.539462785237174E+01    0.200702018571882E+00
    0.127552000000000E+04    0.542265584690927E+01    0.200696545340808E+00
    0.128178000000000E+04    0.162084074075574E+01    0.199839755098647E+00
    0.128180000000000E+04    0.164883435200090E+01    0.199841485019759E+00
    0.128806000000000E+04    0.413127925737194E+01    0.200372444651859E+00
    0.128808000000000E+04    0.415929420185876E+01    0.200374501684886E+00
    0.129434000000000E+04    0.369669557228917E+00    0.201770838150779E+00
    0.129436000000000E+04    0.397740472130863E+00    0.201774190973204E+00
    0.130062000000000E+04    0.290124958090109E+01    0.201596043471209E+00
    0.130064000000000E+04    0.292931335017352E+01    0.201594670021700E+00
    0.130692000000000E+04    0.545487215240792E+01    0.200816514329258E+00
    0.130694000000000E+04    0.548290474594751E+01    0.200811026837343E+00
    0.131320000000000E+04    0.168199035214911E+01    0.199844892083676E+00
    0.131322000000000E+04    0.170998413500774E+01    0.199846178022147E+00
    0.131948000000000E+04    0.419181710179100E+01    0.200280680464776E+00
    0.131950000000000E+04    0.421982837516771E+01    0.200282496521363E+00
    0.132576000000000E+04    0.428889527017645E+00    0.201689866968470E+00
    0.132578000000000E+04    0.456957193949847E+00    0.201693608192958E+00
    0.133204000000000E+04    0.296028889631998E+01    0.201639262839398E+00
    0.133206000000000E+04    0.298835441496249E+01    0.201638186677253E+00
    0.133832000000000E+04    0.548695521899003E+01    0.200937777810313E+00
    0.133834000000000E+04    0.551499267388272E+01    0.200932329348634E+00
    0.134462000000000E+04    0.174308998271977E+01    0.199860731870364E+00
    0.134464000000000E+04    0.177108431573834E+01    0.199861580061172E+00
    0.135090000000000E+04    0.425244014391365E+01    0.200194923304264E+00
    0.135092000000000E+04    0.428044803307216E+01    0.200196467576525E+00
    0.135718000000000E+04    0.488182021455486E+00    0.201600992698902E+00
    0.135720000000000E+04    0.516246119025254E+00    0.201605088875100E+00
    0.136346000000000E+04    0.301927717357262E+01    0.201672822272737E+00
    0.136348000000000E+04    0.304734405689601E+01    0.201672033095517E+00
    0.136974000000000E+04    0.554692199660690E+01    0.201052746082009E+00
    0.136976000000000E+04    0.557496402065658E+01    0.201047390876958E+00
    0.137602000000000E+04    0.177615971732212E+01    0.199888682601042E+00
    0.137604000000000E+04    0.180415526829461E+01    0.199889081949284E+00
    0.138232000000000E+04    0.431315211885294E+01    0.200115849774387E+00
    0.138234000000000E+04    0.434115672993585E+01    0.200117070474992E+00
    0.138860000000000E+04    0.547541870937494E+00    0.201504437556611E+00
    0.138862000000000E+04    0.575602157011645E+00    0.201508871250574E+00
    0.139488000000000E+04    0.307820624801366E+01    0.201695473679804E+00
    0.139490000000000E+04    0.310627402565842E+01    0.201695002099246E+00
    0.140116000000000E+04    0.560674525959485E+01    0.201166857705914E+00
    0.140118000000000E+04    0.563479185286906E+01    0.201161632161436E+00
    0.140744000000000E+04    0.183715605377461E+01    0.199928696901940E+00
    0.140746000000000E+04    0.186515318750821E+01    0.199928680841401E+00
    0.141372000000000E+04    0.434592013178462E+01    0.200043606121074E+00
    0.141374000000000E+04    0.437392189733851E+01    0.200044458640441E+00
    0.142000000000000E+04    0.578961665508359E+00    0.201397954310368E+00
    0.142002000000000E+04    0.607017690442035E+00    0.201402698652385E+00
    0.142630000000000E+04    0.313711569248812E+01    0.201707001597789E+00
    0.142632000000000E+04    0.316518392563694E+01    0.201706843891102E+00
    0.143258000000000E+04    0.566645011009177E+01    0.201278590898046E+00
    0.143260000000000E+04    0.569450119066050E+01    0.201273552214842E+00
    0.143886000000000E+04    0.189809295548571E+01    0.199979452076344E+00
    0.143888000000000E+04    0.192609209010902E+01    0.199979034486739E+00
    0.144514000000000E+04    0.440677761608572E+01    0.199982239294415E+00
    0.144516000000000E+04    0.443477692842134E+01    0.199982719264320E+00
    0.145142000000000E+04    0.638537961311158E+00    0.201290207377910E+00
    0.145144000000000E+04    0.666589664011326E+00    0.201295183584254E+00
    0.145770000000000E+04    0.316793519935027E+01    0.201706825846505E+00
    0.145772000000000E+04    0.319600345103686E+01    0.201706987977795E+00
    0.146400000000000E+04    0.572604175119113E+01    0.201386865889841E+00
    0.146402000000000E+04    0.575409718891615E+01    0.201382049411158E+00
    0.147028000000000E+04    0.195894256231395E+01    0.200039073724312E+00
    0.147030000000000E+04    0.198694399471196E+01    0.200038282146788E+00
    0.147656000000000E+04    0.446771207294114E+01    0.199929242115301E+00
    0.147658000000000E+04    0.449570942214359E+01    0.199929330480951E+00
    0.148284000000000E+04    0.698276164002891E+00    0.201181564943359E+00
    0.148286000000000E+04    0.726323534122912E+00    0.201186735307277E+00
    0.148912000000000E+04    0.322692068795413E+01    0.201698405038434E+00
    0.148914000000000E+04    0.325498861957385E+01    0.201698878524033E+00
    0.149540000000000E+04    0.575757366286507E+01    0.201496036326348E+00
    0.149542000000000E+04    0.578563350726245E+01    0.201491530722088E+00
    0.150170000000000E+04    0.201990132581113E+01    0.200111535237269E+00
    0.150172000000000E+04    0.204790573008177E+01    0.200110393288259E+00
    0.150798000000000E+04    0.452887410851690E+01    0.199891417441239E+00
    0.150800000000000E+04    0.455686977306186E+01    0.199891081258937E+00
    0.151426000000000E+04    0.758245356490534E+00    0.201066264654226E+00
    0.151428000000000E+04    0.786288104222422E+00    0.201071573792194E+00
    0.152054000000000E+04    0.328598194657116E+01    0.201676083306789E+00
    0.152056000000000E+04    0.331404898657001E+01    0.201676877039740E+00
    0.152682000000000E+04    0.581707684417279E+01    0.201593436455148E+00
    0.152684000000000E+04    0.584514055280715E+01    0.201589240912424E+00
    0.153310000000000E+04    0.205270027738561E+01    0.200190110134370E+00
    0.153312000000000E+04    0.208070774821817E+01    0.200188632853747E+00
    0.153940000000000E+04    0.459003680987917E+01    0.199860793824318E+00
    0.153942000000000E+04    0.461803138733558E+01    0.199860031349036E+00
    0.154568000000000E+04    0.818331626033341E+00    0.200952001846681E+00
    0.154570000000000E+04    0.846369808140025E+00    0.200957405495818E+00
    0.155196000000000E+04    0.334510389878551E+01    0.201645077361402E+00
    0.155198000000000E+04    0.337316971880136E+01    0.201646171100685E+00
    0.155824000000000E+04    0.587653072997000E+01    0.201683957423523E+00
    0.155826000000000E+04    0.590459803603562E+01    0.201680112816806E+00
    0.156452000000000E+04    0.211350089909320E+01    0.200276852272272E+00
    0.156454000000000E+04    0.214151190103394E+01    0.200275097650058E+00
    0.157080000000000E+04    0.462332667644523E+01    0.199845763134110E+00
    0.157082000000000E+04    0.465132052763101E+01    0.199844533433549E+00
    0.157708000000000E+04    0.850540189968342E+00    0.200829435122776E+00
    0.157710000000000E+04    0.878573455399419E+00    0.200834890422982E+00
    0.158338000000000E+04    0.340428341438064E+01    0.201601972050759E+00
    0.158340000000000E+04    0.343234752243006E+01    0.201603350772179E+00
    0.158966000000000E+04    0.593589058890984E+01    0.201765522887781E+00
    0.158968000000000E+04    0.596396116745973E+01    0.201762080680560E+00
    0.159594000000000E+04    0.217419385440598E+01    0.200368921438013E+00
    0.159596000000000E+04    0.220220856035940E+01    0.200366917965896E+00
    0.160222000000000E+04    0.468461144027970E+01    0.199839647368076E+00
    0.160224000000000E+04    0.471260497835237E+01    0.199837968828157E+00
    0.160850000000000E+04    0.910918707903420E+00    0.200715208949333E+00
    0.160852000000000E+04    0.938947468700462E+00    0.200720660550861E+00
    0.161478000000000E+04    0.343546932828349E+01    0.201547621735909E+00
    0.161480000000000E+04    0.346353112254928E+01    0.201549267992151E+00
    0.162108000000000E+04    0.599515509503453E+01    0.201837015369997E+00
    0.162110000000000E+04    0.602322851792223E+01    0.201834002045869E+00
    0.162736000000000E+04    0.223473310030340E+01    0.200463852265615E+00
    0.162738000000000E+04    0.226275158551516E+01    0.200461635694094E+00
    0.163364000000000E+04    0.474586950824096E+01    0.199844716110085E+00
    0.163366000000000E+04    0.477386331693515E+01    0.199842592421096E+00
    0.163992000000000E+04    0.971348778020456E+00    0.200601096263926E+00
    0.163994000000000E+04    0.999372893827513E+00    0.200606478115369E+00
    0.164620000000000E+04    0.349469770189307E+01    0.201483177355062E+00
    0.164622000000000E+04    0.352275709750757E+01    0.201485077990674E+00
    0.165248000000000E+04    0.602623509207297E+01    0.201901907231799E+00
    0.165250000000000E+04    0.605431116392401E+01    0.201899376658296E+00
    0.165878000000000E+04    0.229514053194180E+01    0.200564565745735E+00
    0.165880000000000E+04    0.232316303368498E+01    0.200562198083116E+00
    0.166506000000000E+04    0.480708841008391E+01    0.199862437981971E+00
    0.166508000000000E+04    0.483508284979143E+01    0.199859881631281E+00
    0.167134000000000E+04    0.103189006210096E+01    0.200492788997492E+00
    0.167136000000000E+04    0.105990992377974E+01    0.200498069926552E+00
    0.167762000000000E+04    0.355401476161887E+01    0.201411795063469E+00
    0.167764000000000E+04    0.358207114965398E+01    0.201413902628052E+00
    0.168390000000000E+04    0.608527907181815E+01    0.201951784231827E+00
    0.168392000000000E+04    0.611335710792309E+01    0.201949735363042E+00
    0.169018000000000E+04    0.232732134850994E+01    0.200666918083720E+00
    0.169020000000000E+04    0.235534796649881E+01    0.200664398603367E+00
    0.169648000000000E+04    0.486820917297837E+01    0.199891541780219E+00
    0.169650000000000E+04    0.489620490356901E+01    0.199888568509480E+00
    0.170276000000000E+04    0.109245090834747E+01    0.200389340177281E+00
    0.170278000000000E+04    0.112046651932587E+01    0.200394457164909E+00
    0.170904000000000E+04    0.361330170551173E+01    0.201330969344282E+00
    0.170906000000000E+04    0.364135498837686E+01    0.201333253492878E+00
    0.171532000000000E+04    0.614420169030109E+01    0.201990911202232E+00
    0.171534000000000E+04    0.617228133066556E+01    0.201989361276636E+00
    0.172160000000000E+04    0.238734113730470E+01    0.200769995307002E+00
    0.172162000000000E+04    0.241537187506356E+01    0.200767406507295E+00
    0.172788000000000E+04    0.490123315422170E+01    0.199936435574362E+00
    0.172790000000000E+04    0.492923056856898E+01    0.199933044257676E+00
    0.173416000000000E+04    0.112501818391183E+01    0.200286338093111E+00
    0.173418000000000E+04    0.115302972384234E+01    0.200291262883777E+00
    0.174046000000000E+04    0.367266745332654E+01    0.201246534976925E+00
    0.174048000000000E+04    0.370071747406200E+01    0.201249009936513E+00
    0.174674000000000E+04    0.620310420598662E+01    0.202022031703100E+00
    0.174676000000000E+04    0.623118507277468E+01    0.202020973994248E+00
    0.175302000000000E+04    0.244730267189016E+01    0.200874382207084E+00
    0.175304000000000E+04    0.247533757874862E+01    0.200871749894192E+00
    0.175930000000000E+04    0.496229356155072E+01    0.199990571376598E+00
    0.175932000000000E+04    0.499029310410560E+01    0.199986795448588E+00
    0.176558000000000E+04    0.118582543109960E+01    0.200197793945751E+00
    0.176560000000000E+04    0.121383346997345E+01    0.200202467841657E+00
    0.177186000000000E+04    0.370416835342940E+01    0.201152961177305E+00
    0.177188000000000E+04    0.373221439139206E+01    0.201155519626275E+00
    0.177816000000000E+04    0.626198206486742E+01    0.202037266380618E+00
    0.177818000000000E+04    0.687807370513838E-02    0.202036741454166E+00
    0.178444000000000E+04    0.250709981963291E+01    0.200974840289333E+00
    0.178446000000000E+04    0.253513875611452E+01    0.200972212137821E+00
    0.179072000000000E+04    0.502322232753022E+01    0.200053182694456E+00
    0.179074000000000E+04    0.505122438431272E+01    0.200049053424521E+00
    0.179700000000000E+04    0.124661780534916E+01    0.200115933854966E+00
    0.179702000000000E+04    0.127462253975636E+01    0.200120322001271E+00
    0.180328000000000E+04    0.376371776046290E+01    0.201055425369996E+00
    0.180330000000000E+04    0.379175999976405E+01    0.201058051602053E+00
    0.180956000000000E+04    0.954800702811553E-02    0.202042679848122E+00
    0.180958000000000E+04    0.376298407486502E-01    0.202042707782995E+00
    0.181586000000000E+04    0.256680111590731E+01    0.201075173720363E+00
    0.181588000000000E+04    0.259484404267323E+01    0.201072596677990E+00
    0.182214000000000E+04    0.508412694372464E+01    0.200127859783420E+00
    0.182216000000000E+04    0.511213197111874E+01    0.200123415038150E+00
    0.182842000000000E+04    0.130752668645800E+01    0.200044318528493E+00
    0.182844000000000E+04    0.133552842118070E+01    0.200048374342980E+00
    0.183470000000000E+04    0.382342293692864E+01    0.200954860416699E+00
    0.183472000000000E+04    0.385146119669798E+01    0.200957532512863E+00
    0.184098000000000E+04    0.683945876094185E-01    0.202035480881456E+00
    0.184100000000000E+04    0.964760205524726E-01    0.202036031981796E+00
    0.184726000000000E+04    0.259829120601398E+01    0.201172178537191E+00
    0.184728000000000E+04    0.262633803856534E+01    0.201169676074638E+00
    0.185354000000000E+04    0.511688599780882E+01    0.200214604029298E+00
    0.185356000000000E+04    0.514489450639758E+01    0.200209874967338E+00
    0.185984000000000E+04    0.136844317402984E+01    0.199981340471146E+00
    0.185986000000000E+04    0.139644248636159E+01    0.199985052306907E+00
    0.186612000000000E+04    0.388323826010674E+01    0.200853742017745E+00
    0.186614000000000E+04    0.391127257790504E+01    0.200856432778579E+00
    0.187240000000000E+04    0.127267620350722E+00    0.202017536879991E+00
    0.187242000000000E+04    0.155348345302627E+00    0.202018591785161E+00
    0.187868000000000E+04    0.265777104607150E+01    0.201262688907053E+00
    0.187870000000000E+04    0.268582148748283E+01    0.201260309261001E+00
    0.188496000000000E+04    0.517761058302722E+01    0.200305838604150E+00
    0.188498000000000E+04    0.520562272215648E+01    0.200300863063075E+00
    0.189124000000000E+04    0.140148248450760E+01    0.199927100594296E+00
    0.189126000000000E+04    0.142947965328995E+01    0.199930420218987E+00
    0.189754000000000E+04    0.394318173500415E+01    0.200750186469197E+00
    0.189756000000000E+04    0.397121170287210E+01    0.200752812059389E+00
    0.190382000000000E+04    0.186128187456234E+00    0.201985366930173E+00
    0.190384000000000E+04    0.214207667917890E+00    0.201986943753548E+00
    0.191010000000000E+04    0.271710629023391E+01    0.201346943893812E+00
    0.191012000000000E+04    0.274516010957586E+01    0.201344725280284E+00
    0.191638000000000E+04    0.523819532328207E+01    0.200403927938587E+00
    0.191640000000000E+04    0.526621140123234E+01    0.200398754465256E+00
    0.192266000000000E+04    0.146251906233329E+01    0.199887771891911E+00
    0.192268000000000E+04    0.149051462355555E+01    0.199890686197269E+00
    0.192894000000000E+04    0.397518712395322E+01    0.200643897806943E+00
    0.192896000000000E+04    0.400321292576155E+01    0.200646415155342E+00
    0.193524000000000E+04    0.245056221661798E+00    0.201943799624199E+00
    0.193526000000000E+04    0.273134043099162E+00    0.201945872783228E+00
    0.194152000000000E+04    0.277637029445350E+01    0.201425161404580E+00
    0.194154000000000E+04    0.280442713778848E+01    0.201423137109775E+00
    0.194780000000000E+04    0.529867168609735E+01    0.200507477297594E+00
    0.194782000000000E+04    0.532669188066939E+01    0.200502154968207E+00
    0.195408000000000E+04    0.152355604382683E+01    0.199858231481285E+00
    0.195410000000000E+04    0.155155046071832E+01    0.199860722580675E+00
    0.196036000000000E+04    0.403534628759235E+01    0.200541511918205E+00
    0.196038000000000E+04    0.406336799654173E+01    0.200543898462094E+00
    0.196664000000000E+04    0.275912819350197E+00    0.201886231319497E+00
    0.196666000000000E+04    0.303988274346921E+00    0.201888783233022E+00
    0.197294000000000E+04    0.283548118142744E+01    0.201491671369867E+00
    0.197296000000000E+04    0.286354078054092E+01    0.201489883020909E+00
    0.197922000000000E+04    0.535900557901459E+01    0.200615567530677E+00
    0.197924000000000E+04    0.538703009391020E+01    0.200610140214254E+00
    0.198550000000000E+04    0.158456966420954E+01    0.199841731973337E+00
    0.198552000000000E+04    0.161256336109727E+01    0.199843791512463E+00
    0.199178000000000E+04    0.409552925937533E+01    0.200442201601876E+00
    0.199180000000000E+04    0.412354706706265E+01    0.200444430625538E+00
    0.199806000000000E+04    0.334852304740707E+00    0.201823503191895E+00
    0.199808000000000E+04    0.362925269702828E+00    0.201826509002910E+00
    0.200434000000000E+04    0.286642234777219E+01    0.201553067467836E+00
    0.200436000000000E+04    0.289448441342802E+01    0.201551503631816E+00
    0.201062000000000E+04    0.539112772550880E+01    0.200731618742015E+00
    0.201064000000000E+04    0.541915690231826E+01    0.200726137949620E+00
    0.201692000000000E+04    0.164553077366008E+01    0.199836863393606E+00
    0.201694000000000E+04    0.167352428725371E+01    0.199838484266529E+00
    0.202320000000000E+04    0.415576931709984E+01    0.200345770381448E+00
    0.202322000000000E+04    0.418378312751565E+01    0.200347773487826E+00
    0.202948000000000E+04    0.393783754242122E+00    0.201747847786516E+00
    0.202950000000000E+04    0.421853888722580E+00    0.201751279970296E+00
    0.203576000000000E+04    0.292532736426574E+01    0.201606549395084E+00
    0.203578000000000E+04    0.295339159046853E+01    0.201605249907554E+00
    0.204204000000000E+04    0.545117942924162E+01    0.200848675658597E+00
    0.204206000000000E+04    0.547921327448694E+01    0.200843200495781E+00
    0.204832000000000E+04    0.167854849349669E+01    0.199845187317530E+00
    0.204834000000000E+04    0.170654232869265E+01    0.199846351657614E+00
    0.205462000000000E+04    0.421622202407980E+01    0.200256750635513E+00
    0.205464000000000E+04    0.424423229916420E+01    0.200258500963405E+00
    0.206090000000000E+04    0.452944689333890E+00    0.201667014988939E+00
    0.206092000000000E+04    0.481011533964647E+00    0.201670848356101E+00
    0.206718000000000E+04    0.298428024095074E+01    0.201647720201245E+00
    0.206720000000000E+04    0.301234608653795E+01    0.201646715562676E+00
    0.207346000000000E+04    0.551117188261696E+01    0.200963958919582E+00
    0.207348000000000E+04    0.553921036780775E+01    0.200958526871563E+00
    0.207974000000000E+04    0.173957210820481E+01    0.199865574278185E+00
    0.207976000000000E+04    0.176756673065211E+01    0.199866298509672E+00
    0.208602000000000E+04    0.424878836532753E+01    0.200171232175761E+00
    0.208604000000000E+04    0.427679525412213E+01    0.200172675454765E+00
    0.209232000000000E+04    0.512198919496313E+00    0.201577400625883E+00
    0.209234000000000E+04    0.540262108970182E+00    0.201581589591495E+00
    0.209860000000000E+04    0.304318209071653E+01    0.201678102790645E+00
    0.209862000000000E+04    0.307124916471685E+01    0.201677397220936E+00
    0.210488000000000E+04    0.557105222532482E+01    0.201079456647648E+00
    0.210490000000000E+04    0.559909538707279E+01    0.201074126595060E+00
    0.211116000000000E+04    0.180058338789240E+01    0.199897383361927E+00
    0.211118000000000E+04    0.182857928341946E+01    0.199897679112391E+00
    0.211744000000000E+04    0.430949161754734E+01    0.200095622023114E+00
    0.211746000000000E+04    0.433749542663418E+01    0.200096740068589E+00
    0.212372000000000E+04    0.543512103993635E+00    0.201475496890377E+00
    0.212374000000000E+04    0.571571267926174E+00    0.201480026041244E+00
    0.213000000000000E+04    0.307403818141029E+01    0.201699692938758E+00
    0.213002000000000E+04    0.310210611634830E+01    0.201699295782331E+00
    0.213630000000000E+04    0.563085153126258E+01    0.201193936600332E+00
    0.213632000000000E+04    0.565889922356337E+01    0.201188747899179E+00
    0.214258000000000E+04    0.186155801549194E+01    0.199940558273844E+00
    0.214260000000000E+04    0.188955561969442E+01    0.199940442057313E+00
    0.214886000000000E+04    0.437029037325101E+01    0.200027172190200E+00
    0.214888000000000E+04    0.439829149303796E+01    0.200027939042133E+00
    0.215514000000000E+04    0.603019942931496E+00    0.201372506307588E+00
    0.215516000000000E+04    0.631074944109514E+00    0.201377306708637E+00
    0.216142000000000E+04    0.313294512763559E+01    0.201707981137493E+00
    0.216144000000000E+04    0.316101341417243E+01    0.201707900842386E+00
    0.216770000000000E+04    0.566249306064810E+01    0.201310630885679E+00
    0.216772000000000E+04    0.569054545983545E+01    0.201305664059719E+00
    0.217400000000000E+04    0.192249658400442E+01    0.199993729253893E+00
    0.217402000000000E+04    0.195049626328819E+01    0.199993218063073E+00
    0.218028000000000E+04    0.443118534951782E+01    0.199968009640777E+00
    0.218030000000000E+04    0.445918411924822E+01    0.199968397725832E+00
    0.218656000000000E+04    0.662646024027708E+00    0.201263637093855E+00
    0.218658000000000E+04    0.690696665525138E+00    0.201268659304524E+00
    0.219284000000000E+04    0.319186776786455E+01    0.201706402051778E+00
    0.219286000000000E+04    0.321993603069450E+01    0.201706651604555E+00
    0.219912000000000E+04    0.572208111762029E+01    0.201417316670647E+00
    0.219914000000000E+04    0.575013773933051E+01    0.201412576708970E+00
    0.220540000000000E+04    0.195536244182631E+01    0.200057388366387E+00
    0.220542000000000E+04    0.198336471570155E+01    0.200056490771543E+00
    0.221170000000000E+04    0.449216991806088E+01    0.199919749604260E+00
    0.221172000000000E+04    0.452016670866533E+01    0.199919731404801E+00
    0.221798000000000E+04    0.722392600778221E+00    0.201150892125410E+00
    0.221800000000000E+04    0.750438738838056E+00    0.201156096445786E+00
    0.222426000000000E+04    0.325079721045313E+01    0.201692628165237E+00
    0.222428000000000E+04    0.327886492833932E+01    0.201693187885177E+00
    0.223054000000000E+04    0.578154588749476E+01    0.201518746281941E+00
    0.223056000000000E+04    0.580960657815012E+01    0.201514301957681E+00
    0.223682000000000E+04    0.201615571120965E+01    0.200129975432116E+00
    0.223684000000000E+04    0.204416087596701E+01    0.200128741692908E+00
    0.224310000000000E+04    0.452519744147048E+01    0.199881676382436E+00
    0.224312000000000E+04    0.455319268361245E+01    0.199881214338423E+00
    0.224940000000000E+04    0.782269110271045E+00    0.201037082353680E+00
    0.224942000000000E+04    0.810310743993341E+00    0.201042417671289E+00
    0.225568000000000E+04    0.330976182692666E+01    0.201668689494870E+00
    0.225570000000000E+04    0.333782843888639E+01    0.201669568481009E+00
    0.226196000000000E+04    0.584089558328515E+01    0.201612686406303E+00
    0.226198000000000E+04    0.586896004469190E+01    0.201608568051429E+00
    0.226824000000000E+04    0.207682118530965E+01    0.200208973333199E+00
    0.226826000000000E+04    0.210482951072026E+01    0.200207426394285E+00
    0.227452000000000E+04    0.458622858762419E+01    0.199854560545635E+00
    0.227454000000000E+04    0.461422277076372E+01    0.199853667675514E+00
    0.228080000000000E+04    0.814185104333774E+00    0.200916299085244E+00
    0.228082000000000E+04    0.842221864979365E+00    0.200921730716618E+00
    0.228708000000000E+04    0.334064359170907E+01    0.201631359313999E+00
    0.228710000000000E+04    0.336870885015833E+01    0.201632515591080E+00
    0.229338000000000E+04    0.590015959104721E+01    0.201701030132264E+00
    0.229340000000000E+04    0.592822762658852E+01    0.201697284515843E+00
    0.229966000000000E+04    0.213743290568209E+01    0.200296455871131E+00
    0.229968000000000E+04    0.216544469190103E+01    0.200294634177624E+00
    0.230594000000000E+04    0.464734166342578E+01    0.199839615704121E+00
    0.230596000000000E+04    0.467533524457349E+01    0.199838281799139E+00
    0.231222000000000E+04    0.874310944565877E+00    0.200800614323863E+00
    0.231224000000000E+04    0.902343072325493E+00    0.200806072543035E+00
    0.231850000000000E+04    0.339968767326582E+01    0.201585640191600E+00
    0.231852000000000E+04    0.342775111355650E+01    0.201587083650262E+00
    0.232478000000000E+04    0.593128553034103E+01    0.201784294064508E+00
    0.232480000000000E+04    0.595935688941654E+01    0.201780975665376E+00
    0.233108000000000E+04    0.219791964747628E+01    0.200388376790716E+00
    0.233110000000000E+04    0.222593504324777E+01    0.200386321494365E+00
    0.233736000000000E+04    0.470847443035291E+01    0.199836186273218E+00
    0.233738000000000E+04    0.473646799692006E+01    0.199834412749640E+00
    0.234364000000000E+04    0.934583014114651E+00    0.200688004453482E+00
    0.234366000000000E+04    0.962610632805081E+00    0.200693440326452E+00
    0.234992000000000E+04    0.345883307424901E+01    0.201531555880521E+00
    0.234994000000000E+04    0.348689436742643E+01    0.201533260880945E+00
    0.235620000000000E+04    0.599045196570069E+01    0.201854537630906E+00
    0.235622000000000E+04    0.601852611123559E+01    0.201851643020806E+00
    0.236248000000000E+04    0.223035946062919E+01    0.200488931251491E+00
    0.236250000000000E+04    0.225837893315020E+01    0.200486669093311E+00
    0.236878000000000E+04    0.476968504170145E+01    0.199847023328182E+00
    0.236880000000000E+04    0.479767891679694E+01    0.199844800947666E+00
    0.237506000000000E+04    0.994968757347579E+00    0.200576674246841E+00
    0.237508000000000E+04    0.102299169986145E+01    0.200582016571673E+00
    0.238134000000000E+04    0.351798415025860E+01    0.201463969986707E+00
    0.238136000000000E+04    0.354604273966561E+01    0.201465914204849E+00
    0.238762000000000E+04    0.604944355566568E+01    0.201911762739517E+00
    0.238764000000000E+04    0.607751998322192E+01    0.201909336684581E+00
    0.239390000000000E+04    0.229055651932094E+01    0.200587580759377E+00
    0.239392000000000E+04    0.231857996598819E+01    0.200585159617544E+00
    0.240018000000000E+04    0.480271172238281E+01    0.199868603098776E+00
    0.240020000000000E+04    0.483070643709425E+01    0.199865935722105E+00
    0.240648000000000E+04    0.105532407386090E+01    0.200466590401570E+00
    0.240650000000000E+04    0.108334277507811E+01    0.200471825881887E+00
    0.241276000000000E+04    0.357713160897356E+01    0.201391879466032E+00
    0.241278000000000E+04    0.360518733311574E+01    0.201394034156890E+00
    0.241904000000000E+04    0.610832758155993E+01    0.201960481597591E+00
    0.241906000000000E+04    0.613640597415133E+01    0.201958540250834E+00
    0.242532000000000E+04    0.235061166924834E+01    0.200689781810939E+00
    0.242534000000000E+04    0.237863919652546E+01    0.200687246732833E+00
    0.243160000000000E+04    0.486370338319239E+01    0.199901365533299E+00
    0.243162000000000E+04    0.489169936658345E+01    0.199898278041879E+00
    0.243788000000000E+04    0.108779468027933E+01    0.200360095473856E+00
    0.243790000000000E+04    0.111580922773737E+01    0.200365175969039E+00
    0.244416000000000E+04    0.360832517023937E+01    0.201309288946604E+00
    0.244418000000000E+04    0.363637743964910E+01    0.201311621821780E+00
    0.245046000000000E+04    0.616713868647184E+01    0.201996419767995E+00
    0.245048000000000E+04    0.619521852336220E+01    0.201994975808600E+00
    0.245674000000000E+04    0.241049433951230E+01    0.200791272678106E+00
    0.245676000000000E+04    0.243852593266638E+01    0.200788667313834E+00
    0.246302000000000E+04    0.492459259377165E+01    0.199944365510840E+00
    0.246304000000000E+04    0.495259030233365E+01    0.199940879303598E+00
    0.246930000000000E+04    0.114829088803708E+01    0.200264044683752E+00
    0.246932000000000E+04    0.117630156422501E+01    0.200268912350997E+00
    0.247558000000000E+04    0.366755047114520E+01    0.201220754665071E+00
    0.247560000000000E+04    0.369559930033529E+01    0.201223218486669E+00
    0.248186000000000E+04    0.619778093872992E+01    0.202023092325242E+00
    0.248188000000000E+04    0.622586206703090E+01    0.202022171589997E+00
    0.248816000000000E+04    0.247027422306519E+01    0.200896449340687E+00
    0.248818000000000E+04    0.249830997804293E+01    0.200893817229234E+00
    0.249444000000000E+04    0.498552269196443E+01    0.200001572278953E+00
    0.249446000000000E+04    0.501352272177655E+01    0.199997702523210E+00
    0.250072000000000E+04    0.120898978896776E+01    0.200177172596542E+00
    0.250074000000000E+04    0.123699698849714E+01    0.200181783315824E+00
    0.250700000000000E+04    0.372707256819695E+01    0.201129777621696E+00
    0.250702000000000E+04    0.375511803421614E+01    0.201132396821404E+00
    0.251328000000000E+04    0.625669927005538E+01    0.202042191426165E+00
    0.251330000000000E+04    0.159552018885734E-02    0.202041801636224E+00
    0.251956000000000E+04    0.250206426763680E+01    0.201000461511093E+00
    0.251958000000000E+04    0.253010421155159E+01    0.200997828670207E+00
    0.252586000000000E+04    0.504649972818743E+01    0.200068370964964E+00
    0.252588000000000E+04    0.507450240117078E+01    0.200064170721942E+00
    0.253214000000000E+04    0.126986920692480E+01    0.200098617523102E+00
    0.253216000000000E+04    0.129787322721722E+01    0.200102932795200E+00
    0.253842000000000E+04    0.378671508450770E+01    0.201033321907420E+00
    0.253844000000000E+04    0.381475648531659E+01    0.201035970944033E+00
    0.254470000000000E+04    0.323688796770512E-01    0.202042832738047E+00
    0.254472000000000E+04    0.604505975120446E-01    0.202042978606298E+00
    0.255098000000000E+04    0.256171613959532E+01    0.201099084466380E+00
    0.255100000000000E+04    0.258975995702531E+01    0.201096513849033E+00
    0.255726000000000E+04    0.507935723445189E+01    0.200149890468598E+00
    0.255728000000000E+04    0.510736320333353E+01    0.200145373893053E+00
    0.256354000000000E+04    0.130279914118819E+01    0.200025983237064E+00
    0.256356000000000E+04    0.133080019668705E+01    0.200029954936721E+00
    0.256984000000000E+04    0.384645275800221E+01    0.200932921510155E+00
    0.256986000000000E+04    0.387449015858965E+01    0.200935608011136E+00
    0.257612000000000E+04    0.912337301256230E-01    0.202033189443660E+00
    0.257614000000000E+04    0.119315070856373E+00    0.202033851484966E+00
    0.258240000000000E+04    0.262128660776625E+01    0.201194233385658E+00
    0.258242000000000E+04    0.264933431341524E+01    0.201191755071356E+00
    0.258868000000000E+04    0.514017387464219E+01    0.200234918664675E+00
    0.258870000000000E+04    0.516818319746335E+01    0.200230129022853E+00
    0.259496000000000E+04    0.136380261615386E+01    0.199966677050405E+00
    0.259498000000000E+04    0.139180134775415E+01    0.199970292110111E+00
    0.260124000000000E+04    0.387831491135557E+01    0.200828138322918E+00
    0.260126000000000E+04    0.390634809147195E+01    0.200830785407056E+00
    0.260754000000000E+04    0.150145222941774E+00    0.202011488802507E+00
    0.260756000000000E+04    0.178225725776429E+00    0.202012670083774E+00
    0.261382000000000E+04    0.268077610606451E+01    0.201283517185934E+00
    0.261384000000000E+04    0.270882737654756E+01    0.201281179108174E+00
    0.262010000000000E+04    0.520091005400172E+01    0.200327776856167E+00
    0.262012000000000E+04    0.522892307619122E+01    0.200322748780948E+00
    0.262638000000000E+04    0.142488618475090E+01    0.199918580968686E+00
    0.262640000000000E+04    0.145288299728327E+01    0.199921809908033E+00
    0.263266000000000E+04    0.393832555845893E+01    0.200724181956896E+00
    0.263268000000000E+04    0.396635455679279E+01    0.200726774649384E+00
    0.263894000000000E+04    0.181009202889982E+00    0.201976342787286E+00
    0.263896000000000E+04    0.209088364235868E+00    0.201978066455046E+00
    0.264524000000000E+04    0.274017533520237E+01    0.201366746750461E+00
    0.264526000000000E+04    0.276822992282268E+01    0.201364574989242E+00
    0.265152000000000E+04    0.526156105052087E+01    0.200427636748153E+00
    0.265154000000000E+04    0.528957808319501E+01    0.200422424012162E+00
    0.265780000000000E+04    0.148601736804676E+01    0.199881720029765E+00
    0.265782000000000E+04    0.151401267941628E+01    0.199884536867454E+00
    0.266408000000000E+04    0.399848004292789E+01    0.200621017825060E+00
    0.266410000000000E+04    0.402650494106274E+01    0.200623514847574E+00
    0.267036000000000E+04    0.240022411870996E+00    0.201931851860330E+00
    0.267038000000000E+04    0.268099751806403E+00    0.201934064181641E+00
    0.267664000000000E+04    0.277142575172729E+01    0.201443951792812E+00
    0.267666000000000E+04    0.279948341568115E+01    0.201441968743693E+00
    0.268294000000000E+04    0.532211830392453E+01    0.200533612167220E+00
    0.268296000000000E+04    0.535013964476502E+01    0.200528259912914E+00
    0.268922000000000E+04    0.154718665006794E+01    0.199856938207086E+00
    0.268924000000000E+04    0.157518091650900E+01    0.199859327792002E+00
    0.269550000000000E+04    0.405875660712309E+01    0.200519316296096E+00
    0.269552000000000E+04    0.408677743208773E+01    0.200521673974509E+00
    0.270178000000000E+04    0.299074370720973E+00    0.201874522127366E+00
    0.270180000000000E+04    0.327149399386599E+00    0.201877191672441E+00
    0.270806000000000E+04    0.283063832391008E+01    0.201510908561278E+00
    0.270808000000000E+04    0.285869869916314E+01    0.201509170702962E+00
    0.271434000000000E+04    0.535450765719906E+01    0.200648662376632E+00
    0.271436000000000E+04    0.538253352140009E+01    0.200643216445013E+00
    0.272062000000000E+04    0.158030884060236E+01    0.199840305834187E+00
    0.272064000000000E+04    0.160830242597331E+01    0.199842247431704E+00
    0.272692000000000E+04    0.411911930990618E+01    0.200420514800397E+00
    0.272694000000000E+04    0.414713634121017E+01    0.200422708132424E+00
    0.273320000000000E+04    0.358199714270540E+00    0.201810044111467E+00
    0.273322000000000E+04    0.386272181694039E+00    0.201813160215117E+00
