    0.000000000000000E+00    0.190000000000000E+01    0.210000000000000E+00
    0.200000000000000E-01    0.192839998774093E+01    0.209999453877894E+00
    0.630000000000000E+01    0.456222120497621E+01    0.209838850601462E+00
    0.632000000000000E+01    0.459061475647808E+01    0.209838266497817E+00
    0.125800000000000E+02    0.915610338643589E+00    0.210886567073964E+00
    0.126000000000000E+02    0.944045838976347E+00    0.210892002475436E+00
    0.188600000000000E+02    0.356813213831316E+01    0.211782783900264E+00
    0.188800000000000E+02    0.359660350235034E+01    0.211784938756796E+00
    0.251400000000000E+02    0.623046364733370E+01    0.212525042290020E+00
    0.251600000000000E+02    0.625896463591773E+01    0.212524382057699E+00
    0.314200000000000E+02    0.260759353153183E+01    0.211519378985103E+00
    0.314400000000000E+02    0.263605425380262E+01    0.211516889226288E+00
    0.377000000000000E+02    0.525620741139691E+01    0.210550133566796E+00
    0.377200000000000E+02    0.528462933018140E+01    0.210544881525369E+00
    0.440000000000000E+02    0.163526131598175E+01    0.209792478112325E+00
    0.440200000000000E+02    0.166365304109162E+01    0.209794181093460E+00
    0.502800000000000E+02    0.427023712851297E+01    0.210217686541393E+00
    0.503000000000000E+02    0.429864595404564E+01    0.210219125028119E+00
    0.565600000000000E+02    0.631609534125943E+00    0.211631810015460E+00
    0.565800000000000E+02    0.660074837929699E+00    0.211636693504223E+00
    0.628400000000000E+02    0.329120823594033E+01    0.212140429689987E+00
    0.628600000000000E+02    0.331969386499736E+01    0.212141253188454E+00
    0.691200000000000E+02    0.595447699837671E+01    0.212236882167131E+00
    0.691400000000000E+02    0.598296643714016E+01    0.212233714109984E+00
    0.754000000000000E+02    0.232467823073239E+01    0.210852062534960E+00
    0.754200000000000E+02    0.235311226152389E+01    0.210849544074239E+00
    0.817000000000000E+02    0.499361457017729E+01    0.209990496162685E+00
    0.817200000000000E+02    0.502201413812553E+01    0.209986618091725E+00
    0.879800000000000E+02    0.134172572298802E+01    0.209991709512408E+00
    0.880000000000000E+02    0.137012541918328E+01    0.209995576112177E+00
    0.942600000000000E+02    0.398219087333166E+01    0.210844594328651E+00
    0.942800000000000E+02    0.401062473938885E+01    0.210847144125069E+00
    0.100540000000000E+03    0.352325670700196E+00    0.212233207128393E+00
    0.100560000000000E+03    0.380815046028914E+00    0.212236341050272E+00
    0.106820000000000E+03    0.301557534152951E+01    0.212142416021003E+00
    0.106840000000000E+03    0.304406100990803E+01    0.212141628797936E+00
    0.113100000000000E+03    0.567523496665220E+01    0.211635653373815E+00
    0.113120000000000E+03    0.570370031694497E+01    0.211630731140486E+00
    0.119400000000000E+03    0.206507983756879E+01    0.210221298982562E+00
    0.119420000000000E+03    0.209348864185750E+01    0.210219895927001E+00
    0.125680000000000E+03    0.470004794438486E+01    0.209788339533655E+00
    0.125700000000000E+03    0.472843946843736E+01    0.209786642995599E+00
    0.131960000000000E+03    0.105064128733576E+01    0.210543578446686E+00
    0.131980000000000E+03    0.107906310701989E+01    0.210548807690974E+00
    0.138240000000000E+03    0.369915414481511E+01    0.211511714755853E+00
    0.138260000000000E+03    0.372761466405058E+01    0.211514234962069E+00
    0.144520000000000E+03    0.762256209383168E-01    0.212522941294356E+00
    0.144540000000000E+03    0.104726557530540E+00    0.212523578470234E+00
    0.150800000000000E+03    0.273856395384243E+01    0.211786696718403E+00
    0.150820000000000E+03    0.276703536325786E+01    0.211784583237564E+00
    0.157080000000000E+03    0.539115144674776E+01    0.210890898918793E+00
    0.157100000000000E+03    0.541958699383289E+01    0.210885427983818E+00
    0.163380000000000E+03    0.177298307378800E+01    0.209840901938885E+00
    0.163400000000000E+03    0.180137670861544E+01    0.209841499026099E+00
    0.169660000000000E+03    0.440677828157689E+01    0.209993451815518E+00
    0.169680000000000E+03    0.443517803816292E+01    0.209994001667219E+00
    0.175940000000000E+03    0.764034301723967E+00    0.211278145104808E+00
    0.175960000000000E+03    0.792485448463282E+00    0.211283457896335E+00
    0.182220000000000E+03    0.342055080074346E+01    0.212008354970960E+00
    0.182240000000000E+03    0.344903116452673E+01    0.212009879161349E+00
    0.188500000000000E+03    0.608394979387214E+01    0.212418670673179E+00
    0.188520000000000E+03    0.611244661680877E+01    0.212416635777164E+00
    0.194780000000000E+03    0.245783907761546E+01    0.211177973596338E+00
    0.194800000000000E+03    0.248628612367514E+01    0.211175329664610E+00
    0.201080000000000E+03    0.513044742060589E+01    0.210218239460878E+00
    0.201100000000000E+03    0.515885606006634E+01    0.210213565378930E+00
    0.207360000000000E+03    0.147912643899332E+01    0.209845647491314E+00
    0.207380000000000E+03    0.150752014540075E+01    0.209848534345510E+00
    0.213640000000000E+03    0.411645520332968E+01    0.210523592054885E+00
    0.213660000000000E+03    0.414487620243995E+01    0.210525739589668E+00
    0.219920000000000E+03    0.482455881012982E+00    0.211973750808761E+00
    0.219940000000000E+03    0.510934915686391E+00    0.211977860412215E+00
    0.226200000000000E+03    0.314446693431466E+01    0.212186191284848E+00
    0.226220000000000E+03    0.317295436332762E+01    0.212186183577821E+00
    0.232480000000000E+03    0.580635623535397E+01    0.211950875236535E+00
    0.232500000000000E+03    0.583483424405631E+01    0.211946650756909E+00
    0.238780000000000E+03    0.220043323607405E+01    0.210499099238618E+00
    0.238800000000000E+03    0.222885305907158E+01    0.210497038317889E+00
    0.245060000000000E+03    0.483756005722449E+01    0.209831257438015E+00
    0.245080000000000E+03    0.486595340916006E+01    0.209828469616428E+00
    0.251340000000000E+03    0.118638853866491E+01    0.210245379942321E+00
    0.251360000000000E+03    0.121479843238797E+01    0.210250101114390E+00
    0.257620000000000E+03    0.383089042739749E+01    0.211202048165331E+00
    0.257640000000000E+03    0.385933856177161E+01    0.211204717706236E+00
    0.263900000000000E+03    0.205026110527172E+00    0.212431021952323E+00
    0.263920000000000E+03    0.233523405999222E+00    0.212432906583429E+00
    0.270180000000000E+03    0.286836930720909E+01    0.211994737382602E+00
    0.270200000000000E+03    0.289684901142704E+01    0.211993189904012E+00
    0.276480000000000E+03    0.555307949573887E+01    0.211244078851755E+00
    0.276500000000000E+03    0.558152923432698E+01    0.211238682901822E+00
    0.282760000000000E+03    0.190998322441385E+01    0.209980521612189E+00
    0.282780000000000E+03    0.193838224889339E+01    0.209980081903428E+00
    0.289040000000000E+03    0.454366382093377E+01    0.209843584029576E+00
    0.289060000000000E+03    0.457205756539679E+01    0.209843105526220E+00
    0.295320000000000E+03    0.897327777386693E+00    0.210917093088416E+00
    0.295340000000000E+03    0.925764570592150E+00    0.210922549751958E+00
    0.301600000000000E+03    0.355017550604845E+01    0.211801759856493E+00
    0.301620000000000E+03    0.357864760580122E+01    0.211803856556244E+00
    0.307880000000000E+03    0.621260364691580E+01    0.212516475870483E+00
    0.307900000000000E+03    0.624110432550077E+01    0.212515692755685E+00
    0.314160000000000E+03    0.258942801933421E+01    0.211486111682834E+00
    0.314180000000000E+03    0.261788732486588E+01    0.211483592840123E+00
    0.320460000000000E+03    0.526597585293388E+01    0.210508455821970E+00
    0.320480000000000E+03    0.529439609170186E+01    0.210503237556064E+00
    0.326740000000000E+03    0.161633644301725E+01    0.209787767974758E+00
    0.326760000000000E+03    0.164472799617869E+01    0.209789583107343E+00
    0.333020000000000E+03    0.425141893372535E+01    0.210238864158165E+00
    0.333040000000000E+03    0.427982850652870E+01    0.210240369326258E+00
    0.339300000000000E+03    0.613146507734996E+00    0.211659701564170E+00
    0.339320000000000E+03    0.641613006259888E+00    0.211664544940930E+00
    0.345580000000000E+03    0.327297385252137E+01    0.212145238186359E+00
    0.345600000000000E+03    0.330145965713041E+01    0.212145985627737E+00
    0.351860000000000E+03    0.593611300219629E+01    0.212209893507819E+00
    0.351880000000000E+03    0.596460134889003E+01    0.212206616135290E+00
    0.358160000000000E+03    0.233429889239704E+01    0.210811652506567E+00
    0.358180000000000E+03    0.236273129502212E+01    0.210809179404332E+00
    0.364440000000000E+03    0.497439129930763E+01    0.209967232858569E+00
    0.364460000000000E+03    0.500278990954359E+01    0.209963443905838E+00
    0.370720000000000E+03    0.132247097568290E+01    0.210007562911176E+00
    0.370740000000000E+03    0.135087138414929E+01    0.210011525379990E+00
    0.377000000000000E+03    0.396323970933781E+01    0.210874270949226E+00
    0.377020000000000E+03    0.399167464666436E+01    0.210876837558621E+00
    0.383280000000000E+03    0.333704692878428E+00    0.212251343437960E+00
    0.383300000000000E+03    0.362194833549779E+00    0.212254380571232E+00
    0.389560000000000E+03    0.299697267944396E+01    0.212128301763078E+00
    0.389580000000000E+03    0.302545776535896E+01    0.212127439824934E+00
    0.395860000000000E+03    0.568475001214006E+01    0.211590909114347E+00
    0.395880000000000E+03    0.571321357131228E+01    0.211585901590003E+00
    0.402140000000000E+03    0.204564266401292E+01    0.210190390037707E+00
    0.402160000000000E+03    0.207405024554544E+01    0.210189073779548E+00
    0.408420000000000E+03    0.468037702690901E+01    0.209784923148462E+00
    0.408440000000000E+03    0.470876838126026E+01    0.209783340873504E+00
    0.414700000000000E+03    0.103118839002366E+01    0.210574285517189E+00
    0.414720000000000E+03    0.105961150461917E+01    0.210579558788356E+00
    0.420980000000000E+03    0.368008255686993E+01    0.211538705447644E+00
    0.421000000000000E+03    0.370854403565431E+01    0.211541200033845E+00
    0.427260000000000E+03    0.573377930510333E-01    0.212522735713864E+00
    0.427280000000000E+03    0.858387168151467E-01    0.212523236263126E+00
    0.433540000000000E+03    0.271944533133785E+01    0.211755247731018E+00
    0.433560000000000E+03    0.274791549169151E+01    0.211753082781924E+00
    0.439840000000000E+03    0.539999474153171E+01    0.210842983092152E+00
    0.439860000000000E+03    0.542842847497798E+01    0.210837510022233E+00
    0.446120000000000E+03    0.175299556432344E+01    0.209826419767798E+00
    0.446140000000000E+03    0.178138853922439E+01    0.209827131519570E+00
    0.452400000000000E+03    0.438677412276729E+01    0.210008554169270E+00
    0.452420000000000E+03    0.441517449727814E+01    0.210009208363819E+00
    0.458680000000000E+03    0.744419881151998E+00    0.211312465913651E+00
    0.458700000000000E+03    0.772872483208403E+00    0.211317765458272E+00
    0.464960000000000E+03    0.340124631366143E+01    0.212021514045364E+00
    0.464980000000000E+03    0.342972719456475E+01    0.212022971852020E+00
    0.471240000000000E+03    0.606461796585734E+01    0.212399021157409E+00
    0.471260000000000E+03    0.609311393159260E+01    0.212396855317623E+00
    0.477540000000000E+03    0.246648927117292E+01    0.211133827204602E+00
    0.477560000000000E+03    0.249493448932367E+01    0.211131197465929E+00
    0.483820000000000E+03    0.511017230137077E+01    0.210184144686170E+00
    0.483840000000000E+03    0.513857970334197E+01    0.210179551931643E+00
    0.490100000000000E+03    0.145871738810081E+01    0.209852342300639E+00
    0.490120000000000E+03    0.148711153963484E+01    0.209855351551980E+00
    0.496380000000000E+03    0.409633055045970E+01    0.210556085424365E+00
    0.496400000000000E+03    0.412475271607843E+01    0.210558287142712E+00
    0.502660000000000E+03    0.462734274008767E+00    0.212002609111646E+00
    0.502680000000000E+03    0.491214503722290E+00    0.212006623917836E+00
    0.508940000000000E+03    0.312491758334795E+01    0.212183519235730E+00
    0.508960000000000E+03    0.315340491238715E+01    0.212183407151178E+00
    0.515240000000000E+03    0.581504514786809E+01    0.211910785163414E+00
    0.515260000000000E+03    0.584352154977034E+01    0.211906426736261E+00
    0.521520000000000E+03    0.218013693930641E+01    0.210462357706551E+00
    0.521540000000000E+03    0.220855538443971E+01    0.210460357774189E+00
    0.527800000000000E+03    0.481693349168461E+01    0.209819647031937E+00
    0.527820000000000E+03    0.484532629353680E+01    0.209816972176614E+00
    0.534080000000000E+03    0.116581795732179E+01    0.210271909353770E+00
    0.534100000000000E+03    0.119422873873327E+01    0.210276690171177E+00
    0.540360000000000E+03    0.381068414541073E+01    0.211232503855272E+00
    0.540380000000000E+03    0.383913350495277E+01    0.211235168214879E+00
    0.546640000000000E+03    0.185118841866029E+00    0.212439934245345E+00
    0.546660000000000E+03    0.213616479499478E+00    0.212441685105981E+00
    0.552940000000000E+03    0.287681147435330E+01    0.211967302988867E+00
    0.552960000000000E+03    0.290529010778266E+01    0.211965700988350E+00
    0.559220000000000E+03    0.553257437199920E+01    0.211197286294080E+00
    0.559240000000000E+03    0.556102221152253E+01    0.211191858224497E+00
    0.565500000000000E+03    0.188897999971721E+01    0.209952857466074E+00
    0.565520000000000E+03    0.191737799068096E+01    0.209952535371174E+00
    0.571780000000000E+03    0.452259190031737E+01    0.209854061878994E+00
    0.571800000000000E+03    0.455098613447433E+01    0.209853714359696E+00
    0.578060000000000E+03    0.876605787122116E+00    0.210955743551647E+00
    0.578080000000000E+03    0.905044085208942E+00    0.210961195955587E+00
    0.584340000000000E+03    0.352985991842979E+01    0.211826055906260E+00
    0.584360000000000E+03    0.355833300366771E+01    0.211828095630969E+00
    0.590620000000000E+03    0.619240234178051E+01    0.212505280714956E+00
    0.590640000000000E+03    0.622090253987324E+01    0.212504337968241E+00
    0.596920000000000E+03    0.259732637731690E+01    0.211444180050375E+00
    0.596940000000000E+03    0.262578405851457E+01    0.211441659542247E+00
    0.603200000000000E+03    0.524492519933074E+01    0.210468429366089E+00
    0.603220000000000E+03    0.527334387961571E+01    0.210463256176537E+00
    0.609480000000000E+03    0.159497526048756E+01    0.209786013001962E+00
    0.609500000000000E+03    0.162336658938887E+01    0.209787953455471E+00
    0.615760000000000E+03    0.423022340093814E+01    0.210267122350691E+00
    0.615780000000000E+03    0.425863416368998E+01    0.210268720777636E+00
    0.622040000000000E+03    0.592426431080639E+00    0.211696154136355E+00
    0.622060000000000E+03    0.620894351857032E+00    0.211700916691911E+00
    0.628320000000000E+03    0.325251163374173E+01    0.212151065883459E+00
    0.628340000000000E+03    0.328099768790696E+01    0.212151730844797E+00
    0.634620000000000E+03    0.594400512610275E+01    0.212175848819820E+00
    0.634640000000000E+03    0.597249211338521E+01    0.212172410990501E+00
    0.640900000000000E+03    0.231318060654519E+01    0.210769524517560E+00
    0.640920000000000E+03    0.234161129305778E+01    0.210767090522873E+00
    0.647180000000000E+03    0.495284948090205E+01    0.209943970586648E+00
    0.647200000000000E+03    0.498124724796537E+01    0.209940295973232E+00
    0.653460000000000E+03    0.130089041348333E+01    0.210029993318124E+00
    0.653480000000000E+03    0.132929147259017E+01    0.210034048086605E+00
    0.659740000000000E+03    0.394199466160580E+01    0.210907871482429E+00
    0.659760000000000E+03    0.397043103194085E+01    0.210910460346585E+00
    0.666020000000000E+03    0.312877605485369E+00    0.212271767795098E+00
    0.666040000000000E+03    0.341368544609736E+00    0.212274677193998E+00
    0.672320000000000E+03    0.300461708422779E+01    0.212108985416984E+00
    0.672340000000000E+03    0.303310137719563E+01    0.212108043104788E+00
    0.678600000000000E+03    0.566350686192834E+01    0.211544626808664E+00
    0.678620000000000E+03    0.569196862047772E+01    0.211539561711434E+00
    0.684880000000000E+03    0.202381239786678E+01    0.210155940773782E+00
    0.684900000000000E+03    0.205221846228051E+01    0.210154714779631E+00
    0.691160000000000E+03    0.465826512786418E+01    0.209780893361190E+00
    0.691180000000000E+03    0.468665636419814E+01    0.209779451986115E+00
    0.697440000000000E+03    0.100931208294821E+01    0.210609199073731E+00
    0.697460000000000E+03    0.103773655693919E+01    0.210614512532269E+00
    0.703720000000000E+03    0.365863107980954E+01    0.211568100015926E+00
    0.703740000000000E+03    0.368709385165437E+01    0.211570551009579E+00
    0.710000000000000E+03    0.361420637201491E-01    0.212522208944139E+00
    0.710020000000000E+03    0.646429949367757E-01    0.212522549359661E+00
    0.716300000000000E+03    0.272644032920289E+01    0.211716197622618E+00
    0.716320000000000E+03    0.275490887227568E+01    0.211713986994817E+00
    0.722580000000000E+03    0.537795930583979E+01    0.210793406121120E+00
    0.722600000000000E+03    0.540639105291666E+01    0.210787953472056E+00
    0.728860000000000E+03    0.173054529690012E+01    0.209812443486973E+00
    0.728880000000000E+03    0.175893777351325E+01    0.209813297181929E+00
    0.735140000000000E+03    0.436438982345658E+01    0.210030762325863E+00
    0.735160000000000E+03    0.439279107083098E+01    0.210031532679886E+00
    0.741420000000000E+03    0.722484297111578E+00    0.211353677183543E+00
    0.741440000000000E+03    0.750938543566235E+00    0.211358936895522E+00
    0.747700000000000E+03    0.337967397238140E+01    0.212036857513406E+00
    0.747720000000000E+03    0.340815545170199E+01    0.212038220989047E+00
    0.754000000000000E+03    0.607150713709098E+01    0.212372236898942E+00
    0.754020000000000E+03    0.610000202508149E+01    0.212369895761256E+00
    0.760280000000000E+03    0.244438324969815E+01    0.211088438831798E+00
    0.760300000000000E+03    0.247282664017484E+01    0.211085808200471E+00
    0.766560000000000E+03    0.508748812387421E+01    0.210147878204269E+00
    0.766580000000000E+03    0.511589395408828E+01    0.210143376467551E+00
    0.772840000000000E+03    0.143582926391241E+01    0.209861843213007E+00
    0.772860000000000E+03    0.146422381236721E+01    0.209864987622617E+00
    0.779120000000000E+03    0.407374820653536E+01    0.210590755864037E+00
    0.779140000000000E+03    0.410217185870829E+01    0.210593015838531E+00
    0.785400000000000E+03    0.440654758347137E+00    0.212032782020803E+00
    0.785420000000000E+03    0.469136236263694E+00    0.212036683668740E+00
    0.791700000000000E+03    0.313145370734401E+01    0.212174331430602E+00
    0.791720000000000E+03    0.315994063260314E+01    0.212174131228905E+00
    0.797980000000000E+03    0.579274104139063E+01    0.211864521073157E+00
    0.798000000000000E+03    0.582121557229016E+01    0.211860083705338E+00
    0.804260000000000E+03    0.215721127234633E+01    0.210418137827379E+00
    0.804280000000000E+03    0.218562793834872E+01    0.210416214337375E+00
    0.810540000000000E+03    0.479359738394942E+01    0.209804175974792E+00
    0.810560000000000E+03    0.482198951312648E+01    0.209801644497831E+00
    0.816820000000000E+03    0.114263616374410E+01    0.210303564827147E+00
    0.816840000000000E+03    0.117104840654724E+01    0.210308441752488E+00
    0.823100000000000E+03    0.378799385406796E+01    0.211271496705517E+00
    0.823120000000000E+03    0.381644474549648E+01    0.211274145469182E+00
    0.829400000000000E+03    0.191298036361559E+00    0.212453315785394E+00
    0.829420000000000E+03    0.219796286980909E+00    0.212454872695457E+00
    0.835680000000000E+03    0.285437294644476E+01    0.211938505201666E+00
    0.835700000000000E+03    0.288285040202163E+01    0.211936809715185E+00
    0.841960000000000E+03    0.550959596901430E+01    0.211144702804043E+00
    0.841980000000000E+03    0.553804167608951E+01    0.211139257095328E+00
    0.848240000000000E+03    0.186546802494809E+01    0.209926965310050E+00
    0.848260000000000E+03    0.189386508444318E+01    0.209926777707230E+00
    0.854520000000000E+03    0.449898647607552E+01    0.209866397740776E+00
    0.854540000000000E+03    0.452738113686110E+01    0.209866186212613E+00
    0.860800000000000E+03    0.853407591774385E+00    0.210999922514545E+00
    0.860820000000000E+03    0.881847705671817E+00    0.211005382036190E+00
    0.867080000000000E+03    0.350713258844553E+01    0.211852879925467E+00
    0.867100000000000E+03    0.353560670724733E+01    0.211854840045503E+00
    0.873380000000000E+03    0.619829838974715E+01    0.212490223696505E+00
    0.873400000000000E+03    0.622679814740195E+01    0.212489077830332E+00
    0.879660000000000E+03    0.257434604684590E+01    0.211400793331196E+00
    0.879680000000000E+03    0.260280200263310E+01    0.211398234090845E+00
    0.885940000000000E+03    0.522135502345986E+01    0.210423583364201E+00
    0.885960000000000E+03    0.524977186883098E+01    0.210418478892218E+00
    0.892220000000000E+03    0.157111457011433E+01    0.209786726729203E+00
    0.892240000000000E+03    0.159950606937923E+01    0.209788823482086E+00
    0.898500000000000E+03    0.420659956888903E+01    0.210301254336584E+00
    0.898520000000000E+03    0.423501164844174E+01    0.210302940675694E+00
    0.904780000000000E+03    0.569344679597407E+00    0.211738079770219E+00
    0.904800000000000E+03    0.597814326833941E+00    0.211742767025724E+00
    0.911080000000000E+03    0.325822269668947E+01    0.212158547486078E+00
    0.911100000000000E+03    0.328670891231945E+01    0.212159111748129E+00
    0.917360000000000E+03    0.592102465657285E+01    0.212138868396637E+00
    0.917380000000000E+03    0.594951016785899E+01    0.212135303404625E+00
    0.923640000000000E+03    0.228961457610490E+01    0.210721734533790E+00
    0.923660000000000E+03    0.231804339625910E+01    0.210719335197862E+00
    0.929920000000000E+03    0.492879706926965E+01    0.209917567691692E+00
    0.929940000000000E+03    0.495719381041386E+01    0.209914030060256E+00
    0.936200000000000E+03    0.127689436853689E+01    0.210055607663031E+00
    0.936220000000000E+03    0.130529665700601E+01    0.210059787769843E+00
    0.942480000000000E+03    0.391850530323836E+01    0.210953603863364E+00
    0.942500000000000E+03    0.394694350250961E+01    0.210956216901319E+00
    0.948780000000000E+03    0.318402182238970E+00    0.212302141048108E+00
    0.948800000000000E+03    0.346894331121348E+00    0.212304861708237E+00
    0.955060000000000E+03    0.298169665553019E+01    0.212092760694753E+00
    0.955080000000000E+03    0.301018029806437E+01    0.212091716836896E+00
    0.961340000000000E+03    0.564017615935768E+01    0.211496548940763E+00
    0.961360000000000E+03    0.566863599353997E+01    0.211491418668468E+00
    0.967620000000000E+03    0.199990659280843E+01    0.210122140739856E+00
    0.967640000000000E+03    0.202831131645098E+01    0.210121028677179E+00
    0.973900000000000E+03    0.463416547627025E+01    0.209785712316491E+00
    0.973920000000000E+03    0.466255688922092E+01    0.209784425966283E+00
    0.980180000000000E+03    0.985563207411587E+00    0.210654284832390E+00
    0.980200000000000E+03    0.101398948166593E+01    0.210659639261932E+00
    0.986480000000000E+03    0.366390513257011E+01    0.211608939912048E+00
    0.986500000000000E+03    0.369236953415862E+01    0.211611350210821E+00
    0.992760000000000E+03    0.417379805564906E-01    0.212523171807778E+00
    0.992780000000000E+03    0.702389118837345E-01    0.212523305007089E+00
    0.999040000000000E+03    0.270326759699378E+01    0.211679403902585E+00
    0.999060000000000E+03    0.273173469325570E+01    0.211677138399858E+00
    0.100532000000000E+04    0.535420889437523E+01    0.210744624885426E+00
    0.100534000000000E+04    0.538263858685173E+01    0.210739187729028E+00
    0.101160000000000E+04    0.170634227677351E+01    0.209800288451140E+00
    0.101162000000000E+04    0.173473431448565E+01    0.209801295277088E+00
    0.101788000000000E+04    0.434030521086424E+01    0.210058934242551E+00
    0.101790000000000E+04    0.436870754070878E+01    0.210059828507386E+00
    0.102416000000000E+04    0.698928330450826E+00    0.211401379578042E+00
    0.102418000000000E+04    0.727384579374529E+00    0.211406585883373E+00
    0.103046000000000E+04    0.338507290125176E+01    0.212059192857830E+00
    0.103048000000000E+04    0.341355527700421E+01    0.212060463808777E+00
    0.103674000000000E+04    0.604842680473530E+01    0.212347956240107E+00
    0.103676000000000E+04    0.607692069029486E+01    0.212345428035696E+00
    0.104302000000000E+04    0.242080052565120E+01    0.211041347433589E+00
    0.104304000000000E+04    0.244924211160765E+01    0.211038730249722E+00
    0.104930000000000E+04    0.506338940771866E+01    0.210113385897567E+00
    0.104932000000000E+04    0.509179385483367E+01    0.210108985880674E+00
    0.105558000000000E+04    0.141160067974442E+01    0.209878939093784E+00
    0.105560000000000E+04    0.143999592184855E+01    0.209882222943998E+00
    0.106186000000000E+04    0.404993150842984E+01    0.210634201098580E+00
    0.106188000000000E+04    0.407835685551163E+01    0.210636525776873E+00
    0.106816000000000E+04    0.445856025123703E+00    0.212072389064452E+00
    0.106818000000000E+04    0.474338995162270E+00    0.212076138451550E+00
    0.107444000000000E+04    0.310832938918884E+01    0.212167902152587E+00
    0.107446000000000E+04    0.313681609248283E+01    0.212167586976849E+00
    0.108072000000000E+04    0.576930931838297E+01    0.211819663466452E+00
    0.108074000000000E+04    0.579778206469132E+01    0.211815128617204E+00
    0.108700000000000E+04    0.213316638498054E+01    0.210375994015362E+00
    0.108702000000000E+04    0.216158133621298E+01    0.210374153163553E+00
    0.109328000000000E+04    0.476919215399539E+01    0.209793819542035E+00
    0.109330000000000E+04    0.479758386143430E+01    0.209791442642703E+00
    0.109956000000000E+04    0.111841552060764E+01    0.210341252332830E+00
    0.109958000000000E+04    0.114682918265589E+01    0.210346198595278E+00
    0.110586000000000E+04    0.379274714628400E+01    0.211315671869888E+00
    0.110588000000000E+04    0.382119984517658E+01    0.211318327454151E+00
    0.111214000000000E+04    0.167997966587563E+00    0.212465576266775E+00
    0.111216000000000E+04    0.196496617885714E+00    0.212466956341556E+00
    0.111842000000000E+04    0.283089873502900E+01    0.211907132405512E+00
    0.111844000000000E+04    0.285937497104305E+01    0.211905358348618E+00
    0.112470000000000E+04    0.548558612709803E+01    0.211091420484764E+00
    0.112472000000000E+04    0.551402970439381E+01    0.211085951309162E+00
    0.113098000000000E+04    0.184089318486394E+01    0.209901741579131E+00
    0.113100000000000E+04    0.186928918392005E+01    0.209901699952159E+00
    0.113726000000000E+04    0.447437865442998E+01    0.209883007475758E+00
    0.113728000000000E+04    0.450277413508684E+01    0.209882954830514E+00
    0.114354000000000E+04    0.829277909450184E+00    0.211048462804948E+00
    0.114356000000000E+04    0.857719956227129E+00    0.211053914509128E+00
    0.114984000000000E+04    0.351196974098639E+01    0.211884998505008E+00
    0.114986000000000E+04    0.354044484259202E+01    0.211886918458975E+00
    0.115612000000000E+04    0.617471469966563E+01    0.212473461823433E+00
    0.115614000000000E+04    0.620321359884065E+01    0.212472141373567E+00
    0.116240000000000E+04    0.255024844061040E+01    0.211350057527689E+00
    0.116242000000000E+04    0.257870238954501E+01    0.211347465573157E+00
    0.116868000000000E+04    0.519660140833025E+01    0.210374159666034E+00
    0.116870000000000E+04    0.522501628915620E+01    0.210369124515373E+00
    0.117496000000000E+04    0.154602057465240E+01    0.209786755466749E+00
    0.117498000000000E+04    0.157441210209345E+01    0.209789013513137E+00
    0.118124000000000E+04    0.418175316124757E+01    0.210337006621221E+00
    0.118126000000000E+04    0.421016663330374E+01    0.210338790116269E+00
    0.118754000000000E+04    0.573516154714071E+00    0.211783654728749E+00
    0.118756000000000E+04    0.601987713987228E+00    0.211788210255166E+00
    0.119382000000000E+04    0.323422808995406E+01    0.212161174264130E+00
    0.119384000000000E+04    0.326271453654931E+01    0.212161616342515E+00
    0.120010000000000E+04    0.589683005108395E+01    0.212098074994721E+00
    0.120012000000000E+04    0.592531390458225E+01    0.212094373477041E+00
    0.120638000000000E+04    0.226475355663979E+01    0.210671837731659E+00
    0.120640000000000E+04    0.229318024561849E+01    0.210669494422238E+00
    0.121266000000000E+04    0.490338061901457E+01    0.209889832854492E+00
    0.121268000000000E+04    0.493177613726539E+01    0.209886427412681E+00
    0.121894000000000E+04    0.125145559182056E+01    0.210082682971257E+00
    0.121896000000000E+04    0.127985899692271E+01    0.210086985464303E+00
    0.122524000000000E+04    0.392198467713251E+01    0.211000099369727E+00
    0.122526000000000E+04    0.395042462977631E+01    0.211002748116388E+00
    0.123152000000000E+04    0.293902317238462E+00    0.212324316489831E+00
    0.123154000000000E+04    0.322395377199655E+00    0.212326875398939E+00
    0.123780000000000E+04    0.295717342549142E+01    0.212069166701774E+00
    0.123782000000000E+04    0.298565613486471E+01    0.212068012290598E+00
    0.124408000000000E+04    0.561511957788707E+01    0.211438129681581E+00
    0.124410000000000E+04    0.564357702116422E+01    0.211432932414115E+00
    0.125036000000000E+04    0.197418061930193E+01    0.210081877882598E+00
    0.125038000000000E+04    0.200258386511359E+01    0.210080902397730E+00
    0.125664000000000E+04    0.460821675671582E+01    0.209788120792575E+00
    0.125666000000000E+04    0.463660825237275E+01    0.209786998959691E+00
    0.126294000000000E+04    0.988398077302463E+00    0.210707037515289E+00
    0.126296000000000E+04    0.101682649683198E+01    0.210712421250379E+00
    0.126922000000000E+04    0.363886138399653E+01    0.211645973376876E+00
    0.126924000000000E+04    0.366732716778529E+01    0.211648330551196E+00
    0.127550000000000E+04    0.169384907144376E-01    0.212519129616423E+00
    0.127552000000000E+04    0.454392977962925E-01    0.212519062956827E+00
    0.128178000000000E+04    0.267811395572221E+01    0.211634080614429E+00
    0.128180000000000E+04    0.270657924592456E+01    0.211631751121998E+00
    0.128806000000000E+04    0.532838936326903E+01    0.210688018428496E+00
    0.128808000000000E+04    0.535681679527374E+01    0.210682617206978E+00
    0.129434000000000E+04    0.168004238456660E+01    0.209787536299347E+00
    0.129436000000000E+04    0.170843390641812E+01    0.209788713827250E+00
    0.130062000000000E+04    0.431411843231513E+01    0.210088520239867E+00
    0.130064000000000E+04    0.434252197912201E+01    0.210089549816689E+00
    0.130692000000000E+04    0.701780477769034E+00    0.211456569834228E+00
    0.130694000000000E+04    0.730238890982946E+00    0.211461700356729E+00
    0.131320000000000E+04    0.335986413722298E+01    0.212075024912810E+00
    0.131322000000000E+04    0.338834697781112E+01    0.212076204780344E+00
    0.131948000000000E+04    0.602309346823972E+01    0.212313009804534E+00
    0.131950000000000E+04    0.605158595525518E+01    0.212310335207842E+00
    0.132576000000000E+04    0.239482236823096E+01    0.210984366208077E+00
    0.132578000000000E+04    0.242326168591671E+01    0.210981761567040E+00
    0.133204000000000E+04    0.503676080378659E+01    0.210071967818438E+00
    0.133206000000000E+04    0.506516360716296E+01    0.210067691196161E+00
    0.133832000000000E+04    0.138481629690887E+01    0.209896359845541E+00
    0.133834000000000E+04    0.141321223493719E+01    0.209899801063967E+00
    0.134462000000000E+04    0.405198871368225E+01    0.210681754074864E+00
    0.134464000000000E+04    0.408041598270938E+01    0.210684152730218E+00
    0.135090000000000E+04    0.420102389897465E+00    0.212108932703497E+00
    0.135092000000000E+04    0.448586966937455E+00    0.212112520891035E+00
    0.135718000000000E+04    0.308275645665344E+01    0.212157817731996E+00
    0.135720000000000E+04    0.311124273069186E+01    0.212157375125975E+00
    0.136346000000000E+04    0.574333424483098E+01    0.211765989207052E+00
    0.136348000000000E+04    0.577180479182653E+01    0.211761343275187E+00
    0.136974000000000E+04    0.210646017588215E+01    0.210326385348291E+00
    0.136976000000000E+04    0.213487318418015E+01    0.210324651285079E+00
    0.137602000000000E+04    0.474209386601297E+01    0.209782529612104E+00
    0.137604000000000E+04    0.477048511189446E+01    0.209780323191709E+00
    0.138232000000000E+04    0.111997734260785E+01    0.210390350390080E+00
    0.138234000000000E+04    0.114839309438617E+01    0.210395390123534E+00
    0.138860000000000E+04    0.376651028503079E+01    0.211362976775349E+00
    0.138862000000000E+04    0.379496473670474E+01    0.211365604445451E+00
    0.139488000000000E+04    0.142161515253520E+00    0.212476665257566E+00
    0.139490000000000E+04    0.170660610110190E+00    0.212477853538713E+00
    0.140116000000000E+04    0.280485572869043E+01    0.211869285161198E+00
    0.140118000000000E+04    0.283333045881659E+01    0.211867404180469E+00
    0.140744000000000E+04    0.545892591884149E+01    0.211027531657034E+00
    0.140746000000000E+04    0.548736715914970E+01    0.211022060784107E+00
    0.141372000000000E+04    0.181368298770030E+01    0.209877291013250E+00
    0.141374000000000E+04    0.184207806326299E+01    0.209877416028387E+00
    0.142000000000000E+04    0.444712565527698E+01    0.209904259684655E+00
    0.142002000000000E+04    0.447552182827576E+01    0.209904363164054E+00
    0.142630000000000E+04    0.830995131015470E+00    0.211108695060552E+00
    0.142632000000000E+04    0.859439577790226E+00    0.211114112442161E+00
    0.143258000000000E+04    0.348580273149332E+01    0.211912778625470E+00
    0.143260000000000E+04    0.351427926101474E+01    0.211914575414437E+00
    0.143886000000000E+04    0.614873110283361E+01    0.212457668865370E+00
    0.143888000000000E+04    0.617722941776992E+01    0.212456157988642E+00
    0.144514000000000E+04    0.252377381865426E+01    0.211299323084548E+00
    0.144516000000000E+04    0.255222564889755E+01    0.211296705877392E+00
    0.145142000000000E+04    0.516944595198675E+01    0.210325623254292E+00
    0.145144000000000E+04    0.519785888270826E+01    0.210320682998843E+00
    0.145770000000000E+04    0.151857154561503E+01    0.209793290216803E+00
    0.145772000000000E+04    0.154696333163838E+01    0.209795723370145E+00
    0.146400000000000E+04    0.418306207982005E+01    0.210383759016983E+00
    0.146402000000000E+04    0.421147745716371E+01    0.210385664335041E+00
    0.147028000000000E+04    0.547090862468849E+00    0.211833236639903E+00
    0.147030000000000E+04    0.575564320162357E+00    0.211837683863269E+00
    0.147656000000000E+04    0.320811072388324E+01    0.212165937090344E+00
    0.147658000000000E+04    0.323659720504747E+01    0.212166261645385E+00
    0.148284000000000E+04    0.587043977281155E+01    0.212051766541395E+00
    0.148286000000000E+04    0.589892179891467E+01    0.212047909118083E+00
    0.148912000000000E+04    0.223766421082473E+01    0.210615754041302E+00
    0.148914000000000E+04    0.226608879199739E+01    0.210613473786818E+00
    0.149540000000000E+04    0.487578910953926E+01    0.209866563805658E+00
    0.149542000000000E+04    0.490418372552404E+01    0.209863328195493E+00
    0.150170000000000E+04    0.125237867756550E+01    0.210123974283614E+00
    0.150172000000000E+04    0.128078372887558E+01    0.210128406047895E+00
    0.150798000000000E+04    0.389509560108991E+01    0.211051695818970E+00
    0.150800000000000E+04    0.392353769592000E+01    0.211054356603645E+00
    0.151426000000000E+04    0.267605361554615E+00    0.212351347242257E+00
    0.151428000000000E+04    0.296099566147404E+00    0.212353719347589E+00
    0.152054000000000E+04    0.293087777060100E+01    0.212045281111817E+00
    0.152056000000000E+04    0.295935948878059E+01    0.212044014790281E+00
    0.152682000000000E+04    0.558828456978972E+01    0.211378667981407E+00
    0.152684000000000E+04    0.561673961979932E+01    0.211373411000718E+00
    0.153310000000000E+04    0.194665821259650E+01    0.210044085063667E+00
    0.153312000000000E+04    0.197505993912910E+01    0.210043252655533E+00
    0.153940000000000E+04    0.460888468283974E+01    0.209794795141180E+00
    0.153942000000000E+04    0.463727646985535E+01    0.209793872171065E+00
    0.154568000000000E+04    0.961122969286862E+00    0.210761718008753E+00
    0.154570000000000E+04    0.989553556878036E+00    0.210767133274590E+00
    0.155196000000000E+04    0.361221529094291E+01    0.211687397300144E+00
    0.155198000000000E+04    0.364068279035882E+01    0.211689682168135E+00
    0.155824000000000E+04    0.627379239740958E+01    0.212515245834805E+00
    0.155826000000000E+04    0.191077038798539E-01    0.212514959067766E+00
    0.156452000000000E+04    0.265144057761927E+01    0.211588358283997E+00
    0.156454000000000E+04    0.267990404346665E+01    0.211585965649326E+00
    0.157080000000000E+04    0.530105183725027E+01    0.210632239511226E+00
    0.157082000000000E+04    0.532947702466845E+01    0.210626885513118E+00
    0.157708000000000E+04    0.165225591279841E+01    0.209780024743049E+00
    0.157710000000000E+04    0.168064713477952E+01    0.209781384767136E+00
    0.158338000000000E+04    0.431493713512918E+01    0.210127050133918E+00
    0.158340000000000E+04    0.434334222679354E+01    0.210128237705479E+00
    0.158966000000000E+04    0.674861842718201E+00    0.211512963374923E+00
    0.158968000000000E+04    0.703322510079033E+00    0.211518019514154E+00
    0.159594000000000E+04    0.333342802237075E+01    0.212094269331904E+00
    0.159596000000000E+04    0.336191162282921E+01    0.212095329552188E+00
    0.160222000000000E+04    0.599659954271510E+01    0.212280214074361E+00
    0.160224000000000E+04    0.602509071325494E+01    0.212277357881198E+00
    0.160850000000000E+04    0.236770020374388E+01    0.210929175638922E+00
    0.160852000000000E+04    0.239613731400914E+01    0.210926594775420E+00
    0.161478000000000E+04    0.500902673808559E+01    0.210035019721949E+00
    0.161480000000000E+04    0.503742806352147E+01    0.210030879547571E+00
    0.162108000000000E+04    0.138539316285369E+01    0.209924636774891E+00
    0.162110000000000E+04    0.141379023782838E+01    0.209928243763537E+00
    0.162736000000000E+04    0.402468522954405E+01    0.210734157837578E+00
    0.162738000000000E+04    0.405311458913275E+01    0.210736614161417E+00
    0.163364000000000E+04    0.393457712834334E+00    0.212148996615919E+00
    0.163366000000000E+04    0.421943903427291E+00    0.212152420088608E+00
    0.163992000000000E+04    0.305628464985648E+01    0.212147893752361E+00
    0.163994000000000E+04    0.308477054405694E+01    0.212147321328835E+00
    0.164620000000000E+04    0.571646501927125E+01    0.211712697625210E+00
    0.164622000000000E+04    0.574493343668109E+01    0.211707943758383E+00
    0.165248000000000E+04    0.207888950623374E+01    0.210280675037290E+00
    0.165250000000000E+04    0.210730069404963E+01    0.210279053589795E+00
    0.165878000000000E+04    0.474257626402959E+01    0.209775429547936E+00
    0.165880000000000E+04    0.477096722306987E+01    0.209773419615895E+00
    0.166506000000000E+04    0.109238826952651E+01    0.210440748712767E+00
    0.166508000000000E+04    0.112080604970015E+01    0.210445866993780E+00
    0.167134000000000E+04    0.373959642386671E+01    0.211413607975024E+00
    0.167136000000000E+04    0.376805297429019E+01    0.211416198901751E+00
    0.167762000000000E+04    0.115731606373174E+00    0.212490248879016E+00
    0.167764000000000E+04    0.144231268949170E+00    0.212491227890521E+00
    0.168390000000000E+04    0.277824939433276E+01    0.211834037422740E+00
    0.168392000000000E+04    0.280672271025605E+01    0.211832065063819E+00
    0.169018000000000E+04    0.543167650118767E+01    0.210971364953827E+00
    0.169020000000000E+04    0.546011527879773E+01    0.210965880643031E+00
    0.169648000000000E+04    0.181421650491029E+01    0.209855446062613E+00
    0.169650000000000E+04    0.184261072032177E+01    0.209855760471551E+00
    0.170276000000000E+04    0.444769023596746E+01    0.209930537696748E+00
    0.170278000000000E+04    0.447608744775880E+01    0.209930823354900E+00
    0.170904000000000E+04    0.803768619397943E+00    0.211167853864987E+00
    0.170906000000000E+04    0.832215490175258E+00    0.211173247411996E+00
    0.171532000000000E+04    0.345918133048872E+01    0.211946170849343E+00
    0.171534000000000E+04    0.348765904768061E+01    0.211947877773424E+00
    0.172160000000000E+04    0.612219763895973E+01    0.212437204993609E+00
    0.172162000000000E+04    0.615069511627098E+01    0.212435492707341E+00
    0.172788000000000E+04    0.249671423079099E+01    0.211245420514782E+00
    0.172790000000000E+04    0.252516399124033E+01    0.211242786593173E+00
    0.173416000000000E+04    0.514173927990623E+01    0.210277822606248E+00
    0.173418000000000E+04    0.517015031121446E+01    0.210272975427930E+00
    0.174046000000000E+04    0.151899732430911E+01    0.209807137613841E+00
    0.174048000000000E+04    0.154738967252342E+01    0.209809761732290E+00
    0.174674000000000E+04    0.415549880007120E+01    0.210432406431697E+00
    0.174676000000000E+04    0.418391609697119E+01    0.210434410133847E+00
    0.175302000000000E+04    0.520224910465004E+00    0.211883444119961E+00
    0.175304000000000E+04    0.548700451699460E+00    0.211887759058209E+00
    0.175930000000000E+04    0.318160874956038E+01    0.212170122709124E+00
    0.175932000000000E+04    0.321009555378760E+01    0.212170304000693E+00
    0.176558000000000E+04    0.584373495394902E+01    0.212008586633236E+00
    0.176560000000000E+04    0.587221522378240E+01    0.212004586626045E+00
    0.177186000000000E+04    0.221027778296548E+01    0.210564952809253E+00
    0.177188000000000E+04    0.223870021565472E+01    0.210562747276495E+00
    0.177816000000000E+04    0.487633180896046E+01    0.209844630737149E+00
    0.177818000000000E+04    0.490472561716115E+01    0.209841578449830E+00
    0.178444000000000E+04    0.122469146915773E+01    0.210165860295057E+00
    0.178446000000000E+04    0.125309815451101E+01    0.210170409056272E+00
    0.179072000000000E+04    0.386804351590172E+01    0.211106835540988E+00
    0.179074000000000E+04    0.389648784840529E+01    0.211109508102846E+00
    0.179700000000000E+04    0.241146766827569E+00    0.212379340470983E+00
    0.179702000000000E+04    0.269641978528398E+00    0.212381511188959E+00
    0.180328000000000E+04    0.290438188871167E+01    0.212020251450022E+00
    0.180330000000000E+04    0.293286263258688E+01    0.212018874806417E+00
    0.180956000000000E+04    0.556127742474473E+01    0.211321721743418E+00
    0.180958000000000E+04    0.558973024381066E+01    0.211316404972598E+00
    0.181586000000000E+04    0.194739956468447E+01    0.210010292827343E+00
    0.181588000000000E+04    0.197579983168407E+01    0.210009626488553E+00
    0.182214000000000E+04    0.458109806387256E+01    0.209809117524563E+00
    0.182216000000000E+04    0.460949047689837E+01    0.209808381654436E+00
    0.182842000000000E+04    0.933848445563399E+00    0.210820108742692E+00
    0.182844000000000E+04    0.962281321156297E+00    0.210825539646807E+00
    0.183470000000000E+04    0.358560104112257E+01    0.211730565733785E+00
    0.183472000000000E+04    0.361407031377757E+01    0.211732784415313E+00
    0.184098000000000E+04    0.624748580063260E+01    0.212512990788311E+00
    0.184100000000000E+04    0.627598632209538E+01    0.212512497174958E+00
    0.184726000000000E+04    0.262472585228443E+01    0.211541053804750E+00
    0.184728000000000E+04    0.265318740400562E+01    0.211538614923351E+00
    0.185354000000000E+04    0.527367587669005E+01    0.210577708457186E+00
    0.185356000000000E+04    0.530209894420113E+01    0.210572402058984E+00
    0.185984000000000E+04    0.165283447486763E+01    0.209777019499203E+00
    0.185986000000000E+04    0.168122542278206E+01    0.209778568686549E+00
    0.186612000000000E+04    0.428735687822882E+01    0.210166451295831E+00
    0.186614000000000E+04    0.431576362216720E+01    0.210167779086620E+00
    0.187240000000000E+04    0.647975912615493E+00    0.211569720500812E+00
    0.187242000000000E+04    0.676438799091102E+00    0.211574691857889E+00
    0.187868000000000E+04    0.330701790344892E+01    0.212111969316427E+00
    0.187870000000000E+04    0.333550240379691E+01    0.212112901127542E+00
    0.188496000000000E+04    0.597016772337975E+01    0.212248899818751E+00
    0.188498000000000E+04    0.599865765750565E+01    0.212245849204989E+00
    0.189124000000000E+04    0.234065914930352E+01    0.210876725000882E+00
    0.189126000000000E+04    0.236909410870385E+01    0.210874182244754E+00
    0.189754000000000E+04    0.500983516420774E+01    0.209999222642163E+00
    0.189756000000000E+04    0.503823516613056E+01    0.209995233442497E+00
    0.190382000000000E+04    0.135777789057693E+01    0.209953631544767E+00
    0.190384000000000E+04    0.138617604479487E+01    0.209957382638226E+00
    0.191010000000000E+04    0.399762221125093E+01    0.210788547883213E+00
    0.191012000000000E+04    0.402605384196295E+01    0.210791063727292E+00
    0.191638000000000E+04    0.367078105040491E+00    0.212189509442673E+00
    0.191640000000000E+04    0.395565746302509E+00    0.212192776461010E+00
    0.192266000000000E+04    0.303003253616589E+01    0.212136106702545E+00
    0.192268000000000E+04    0.305851796274328E+01    0.212135421003687E+00
    0.192894000000000E+04    0.568980476044999E+01    0.211659125521704E+00
    0.192896000000000E+04    0.571827105099737E+01    0.211654259720510E+00
    0.193524000000000E+04    0.207994118146598E+01    0.210235511790091E+00
    0.193526000000000E+04    0.210835053438814E+01    0.210234028690767E+00
    0.194152000000000E+04    0.471492483118391E+01    0.209773737044521E+00
    0.194154000000000E+04    0.474331583538788E+01    0.209771914297668E+00
    0.194780000000000E+04    0.106509100795847E+01    0.210492220870728E+00
    0.194782000000000E+04    0.109351075541326E+01    0.210497401388238E+00
    0.195408000000000E+04    0.371295362434148E+01    0.211463087926897E+00
    0.195410000000000E+04    0.374141222006529E+01    0.211465647730886E+00
    0.196036000000000E+04    0.895445010673939E-01    0.212501345185745E+00
    0.196038000000000E+04    0.118044570140228E+00    0.212502120513961E+00
    0.196664000000000E+04    0.275184445931563E+01    0.211796871560099E+00
    0.196666000000000E+04    0.278031629061024E+01    0.211794811612776E+00
    0.197294000000000E+04    0.543309166971176E+01    0.210908179472382E+00
    0.197296000000000E+04    0.546152790064343E+01    0.210902691959803E+00
    0.197922000000000E+04    0.178663977947190E+01    0.209836555106676E+00
    0.197924000000000E+04    0.181503323944344E+01    0.209837038632662E+00
    0.198550000000000E+04    0.442019680782687E+01    0.209959744997563E+00
    0.198552000000000E+04    0.444859524700314E+01    0.209960196276718E+00
    0.199178000000000E+04    0.776892099272573E+00    0.211226417465152E+00
    0.199180000000000E+04    0.805341253259940E+00    0.211231772757022E+00
    0.199806000000000E+04    0.343287927182837E+01    0.211976193840158E+00
    0.199808000000000E+04    0.346135835090809E+01    0.211977781936387E+00
    0.200434000000000E+04    0.609603304558459E+01    0.212418232515801E+00
    0.200436000000000E+04    0.612452975070300E+01    0.212416325197304E+00
    0.201062000000000E+04    0.247004292269139E+01    0.211194707120399E+00
    0.201064000000000E+04    0.249849063962893E+01    0.211192061142384E+00
    0.201692000000000E+04    0.514285642012646E+01    0.210229741337227E+00
    0.201694000000000E+04    0.517126553412118E+01    0.210225003317337E+00
    0.202320000000000E+04    0.149148642793079E+01    0.209821315329141E+00
    0.202322000000000E+04    0.151987932118163E+01    0.209824108595916E+00
    0.202948000000000E+04    0.412843113912504E+01    0.210482604125283E+00
    0.202950000000000E+04    0.415685049224112E+01    0.210484698452597E+00
    0.203576000000000E+04    0.493858787385307E+00    0.211932728314679E+00
    0.203578000000000E+04    0.522336181481933E+00    0.211936921867958E+00
    0.204204000000000E+04    0.315554016158831E+01    0.212172670805937E+00
    0.204206000000000E+04    0.318402705931794E+01    0.212172721308557E+00
    0.204832000000000E+04    0.581740658101080E+01    0.211963123125503E+00
    0.204834000000000E+04    0.584588504247859E+01    0.211958983490409E+00
    0.205462000000000E+04    0.221170485603352E+01    0.210513388144228E+00
    0.205464000000000E+04    0.224012533850600E+01    0.210511278637228E+00
    0.206090000000000E+04    0.484889411629501E+01    0.209827757329176E+00
    0.206092000000000E+04    0.487728716147103E+01    0.209824869418154E+00
    0.206718000000000E+04    0.119741458727185E+01    0.210207318925308E+00
    0.206720000000000E+04    0.122582300134263E+01    0.210211983003876E+00
    0.207346000000000E+04    0.384142034445404E+01    0.211160313795818E+00
    0.207348000000000E+04    0.386986680496238E+01    0.211162983012032E+00
    0.207974000000000E+04    0.215079520998188E+00    0.212404102046129E+00
    0.207976000000000E+04    0.243575741881614E+00    0.212406095555111E+00
    0.208602000000000E+04    0.287828676494155E+01    0.211995110753288E+00
    0.208604000000000E+04    0.290676652077354E+01    0.211993613268332E+00
    0.209232000000000E+04    0.556309166792653E+01    0.211258938733550E+00
    0.209234000000000E+04    0.559154193582754E+01    0.211253560381378E+00
    0.209860000000000E+04    0.192015151502119E+01    0.209979958622285E+00
    0.209862000000000E+04    0.194855070322910E+01    0.209979448540339E+00
    0.210488000000000E+04    0.455375309086321E+01    0.209824633882312E+00
    0.210490000000000E+04    0.458214603846682E+01    0.209824066731231E+00
    0.211116000000000E+04    0.907010569984777E+00    0.210877372919821E+00
    0.211118000000000E+04    0.935445840171269E+00    0.210882825049630E+00
    0.211744000000000E+04    0.355942734511564E+01    0.211771763261358E+00
    0.211746000000000E+04    0.358789822707286E+01    0.211773898839840E+00
    0.212372000000000E+04    0.622157686341689E+01    0.212507475337918E+00
    0.212374000000000E+04    0.625007718247161E+01    0.212506786220238E+00
    0.213000000000000E+04    0.259844966679157E+01    0.211495833154961E+00
    0.213002000000000E+04    0.262690942810150E+01    0.211493337977430E+00
    0.213630000000000E+04    0.527517299547708E+01    0.210520837983744E+00
    0.213632000000000E+04    0.530359374176487E+01    0.210515585640287E+00
    0.214258000000000E+04    0.162556169745858E+01    0.209776957888742E+00
    0.214260000000000E+04    0.165395281238989E+01    0.209778693925591E+00
    0.214886000000000E+04    0.426037137888216E+01    0.210209153747198E+00
    0.214888000000000E+04    0.428877975109117E+01    0.210210601030160E+00
    0.215514000000000E+04    0.621668158757529E+00    0.211624940119991E+00
    0.215516000000000E+04    0.650133322841612E+00    0.211629825755564E+00
    0.216142000000000E+04    0.328117514641872E+01    0.212128148246532E+00
    0.216144000000000E+04    0.330966023470501E+01    0.212128949909687E+00
    0.216770000000000E+04    0.594422126895961E+01    0.212214258368580E+00
    0.216772000000000E+04    0.597270982221698E+01    0.212211050014500E+00
    0.217400000000000E+04    0.234254636693822E+01    0.210823144183430E+00
    0.217402000000000E+04    0.237097922722660E+01    0.210820649925772E+00
    0.218028000000000E+04    0.498273513093227E+01    0.209969185258866E+00
    0.218030000000000E+04    0.501113384568407E+01    0.209965337987369E+00
    0.218656000000000E+04    0.133068885392140E+01    0.209984725450983E+00
    0.218658000000000E+04    0.135908831436245E+01    0.209988628575907E+00
    0.219284000000000E+04    0.397109429745615E+01    0.210842105247296E+00
    0.219286000000000E+04    0.399952802430244E+01    0.210844652746273E+00
    0.219912000000000E+04    0.341194652404738E+00    0.212227027922556E+00
    0.219914000000000E+04    0.369683835590422E+00    0.212230136841137E+00
    0.220540000000000E+04    0.300428357077590E+01    0.212124664883070E+00
    0.220542000000000E+04    0.303276833506516E+01    0.212123862742280E+00
    0.221170000000000E+04    0.569206338256527E+01    0.211599903755446E+00
    0.221172000000000E+04    0.572052729756115E+01    0.211594932966050E+00
    0.221798000000000E+04    0.205306159645897E+01    0.210193739623799E+00
    0.221800000000000E+04    0.208146931539977E+01    0.210192372385022E+00
    0.222426000000000E+04    0.468774753629395E+01    0.209772953503475E+00
    0.222428000000000E+04    0.471613842403258E+01    0.209771304939200E+00
    0.223054000000000E+04    0.103827717399872E+01    0.210543687437677E+00
    0.223056000000000E+04    0.106669904724276E+01    0.210548940671891E+00
    0.223682000000000E+04    0.368678680920675E+01    0.211510011767267E+00
    0.223684000000000E+04    0.371524719025729E+01    0.211512516933569E+00
    0.224310000000000E+04    0.637658039831877E-01    0.212508876213809E+00
    0.224312000000000E+04    0.922662242046499E-01    0.212509446597710E+00
    0.224940000000000E+04    0.275429895292473E+01    0.211755940249893E+00
    0.224942000000000E+04    0.278276910210752E+01    0.211753818629010E+00
    0.225568000000000E+04    0.540643619730508E+01    0.210850918220672E+00
    0.225570000000000E+04    0.543487014206221E+01    0.210845438743702E+00
    0.226196000000000E+04    0.175947410710069E+01    0.209820248840431E+00
    0.226198000000000E+04    0.178786691219648E+01    0.209820906416351E+00
    0.226824000000000E+04    0.439309746451863E+01    0.209988362285868E+00
    0.226826000000000E+04    0.442149701947437E+01    0.209988964777802E+00
    0.227452000000000E+04    0.750409551671964E+00    0.211283811606244E+00
    0.227454000000000E+04    0.778861020605746E+00    0.211289129826068E+00
    0.228080000000000E+04    0.340693469721919E+01    0.212002834876544E+00
    0.228082000000000E+04    0.343541479652185E+01    0.212004317260384E+00
    0.228708000000000E+04    0.607014922639610E+01    0.212393841321053E+00
    0.228710000000000E+04    0.609864516180096E+01    0.212391719877550E+00
    0.229338000000000E+04    0.247210072621192E+01    0.211141511395919E+00
    0.229340000000000E+04    0.250054628292355E+01    0.211138877525245E+00
    0.229966000000000E+04    0.511587544558870E+01    0.210188220438106E+00
    0.229968000000000E+04    0.514428295796188E+01    0.210183569711524E+00
    0.230594000000000E+04    0.146432885174954E+01    0.209837230412368E+00
    0.230596000000000E+04    0.149272236933803E+01    0.209840195296931E+00
    0.231222000000000E+04    0.410173770555321E+01    0.210531325144885E+00
    0.231224000000000E+04    0.413015927996867E+01    0.210533529995449E+00
    0.231850000000000E+04    0.467885708380436E+00    0.211981317319109E+00
    0.231852000000000E+04    0.496365044963113E+00    0.211985376292288E+00
    0.232478000000000E+04    0.312985723952988E+01    0.212175319461979E+00
    0.232480000000000E+04    0.315834411181049E+01    0.212175247051502E+00
    0.233108000000000E+04    0.581991184572189E+01    0.211914258910901E+00
    0.233110000000000E+04    0.584838836529207E+01    0.211909958694057E+00
    0.233736000000000E+04    0.218508754865934E+01    0.210467030320725E+00
    0.233738000000000E+04    0.221350617445569E+01    0.210465004549744E+00
    0.234364000000000E+04    0.482187576991100E+01    0.209814669539128E+00
    0.234366000000000E+04    0.485026833247503E+01    0.209811952032309E+00
    0.234992000000000E+04    0.117063366964248E+01    0.210252444725405E+00
    0.234994000000000E+04    0.119904385628433E+01    0.210257214150004E+00
    0.235620000000000E+04    0.381526802512371E+01    0.211213098359406E+00
    0.235622000000000E+04    0.384371659496901E+01    0.211215761022180E+00
    0.236248000000000E+04    0.189485409376630E+00    0.212428062206972E+00
    0.236250000000000E+04    0.217982604738609E+00    0.212429867530259E+00
    0.236878000000000E+04    0.288111607795554E+01    0.211969117274056E+00
    0.236880000000000E+04    0.290959460785552E+01    0.211967540670315E+00
    0.237506000000000E+04    0.553688197102019E+01    0.211202361530978E+00
    0.237508000000000E+04    0.556532997347222E+01    0.211196947222201E+00
    0.238134000000000E+04    0.189333889529871E+01    0.209951343376406E+00
    0.238136000000000E+04    0.192173693964651E+01    0.209950984410184E+00
    0.238762000000000E+04    0.452685983839729E+01    0.209841559241831E+00
    0.238764000000000E+04    0.455525349636810E+01    0.209841163872404E+00
    0.239390000000000E+04    0.880645945616379E+00    0.210934281186313E+00
    0.239392000000000E+04    0.909083444834778E+00    0.210939742666379E+00
    0.240018000000000E+04    0.353366499378444E+01    0.211809710547807E+00
    0.240020000000000E+04    0.356213735420761E+01    0.211811763840052E+00
    0.240648000000000E+04    0.622454126695402E+01    0.212498324367078E+00
    0.240650000000000E+04    0.625304123016804E+01    0.212497401698803E+00
    0.241276000000000E+04    0.260096931807175E+01    0.211446873407486E+00
    0.241278000000000E+04    0.262942710037441E+01    0.211444350534291E+00
    0.241904000000000E+04    0.524859205609573E+01    0.210470740853177E+00
    0.241906000000000E+04    0.527701080252700E+01    0.210465557463748E+00
    0.242532000000000E+04    0.159863454486913E+01    0.209778024462328E+00
    0.242534000000000E+04    0.162702568887289E+01    0.209779933567960E+00
    0.243160000000000E+04    0.423372579866964E+01    0.210250533496307E+00
    0.243162000000000E+04    0.426213585780215E+01    0.210252100631053E+00
    0.243788000000000E+04    0.595695201111084E+00    0.211678029906956E+00
    0.243790000000000E+04    0.624162429394801E+00    0.211682823978246E+00
    0.244416000000000E+04    0.325560357816175E+01    0.212140817212574E+00
    0.244418000000000E+04    0.328408917735942E+01    0.212141493271125E+00
    0.245046000000000E+04    0.594700759631314E+01    0.212174655661752E+00
    0.245048000000000E+04    0.597549456324487E+01    0.212171258983108E+00
    0.245674000000000E+04    0.231621716056225E+01    0.210771796127945E+00
    0.245676000000000E+04    0.234464793881443E+01    0.210769345740226E+00
    0.246302000000000E+04    0.495586652875818E+01    0.209940770115722E+00
    0.246304000000000E+04    0.498426409717149E+01    0.209937070821411E+00
    0.246930000000000E+04    0.130383363120745E+01    0.210015238260410E+00
    0.246932000000000E+04    0.133223430584303E+01    0.210019278892354E+00
    0.247558000000000E+04    0.394478271780736E+01    0.210893376151652E+00
    0.247560000000000E+04    0.397321850936396E+01    0.210895958889878E+00
    0.248186000000000E+04    0.315492206562340E+00    0.212260724778994E+00
    0.248188000000000E+04    0.343982710350701E+00    0.212263665587558E+00
    0.248816000000000E+04    0.300714995376302E+01    0.212106320843001E+00
    0.248818000000000E+04    0.303563414346945E+01    0.212105391895913E+00
    0.249444000000000E+04    0.566602815620035E+01    0.211547159283573E+00
    0.249446000000000E+04    0.569448998986582E+01    0.211542108795261E+00
    0.250072000000000E+04    0.202638971332044E+01    0.210156095987089E+00
    0.250074000000000E+04    0.205479588766821E+01    0.210154853188930E+00
    0.250700000000000E+04    0.466083507898202E+01    0.209776304042887E+00
    0.250702000000000E+04    0.468922610930622E+01    0.209774835296217E+00
    0.251328000000000E+04    0.101175727399368E+01    0.210595917350915E+00
    0.251330000000000E+04    0.104018120330102E+01    0.210601222296068E+00
    0.251956000000000E+04    0.366090592135106E+01    0.211555389738448E+00
    0.251958000000000E+04    0.368936818059501E+01    0.211557845657827E+00
    0.252586000000000E+04    0.667863194416896E-01    0.212516002987949E+00
    0.252588000000000E+04    0.952869966313301E-01    0.212516341424429E+00
    0.253214000000000E+04    0.272855251789588E+01    0.211716554864476E+00
    0.253216000000000E+04    0.275702107465895E+01    0.211714352572571E+00
    0.253842000000000E+04    0.538007309515297E+01    0.210796272761222E+00
    0.253844000000000E+04    0.540850487933631E+01    0.210790816025436E+00
    0.254470000000000E+04    0.173263731166207E+01    0.209807706060647E+00
    0.254472000000000E+04    0.176102959971377E+01    0.209808533413294E+00
    0.255098000000000E+04    0.436638664640759E+01    0.210020605430391E+00
    0.255100000000000E+04    0.439478749720320E+01    0.210021356730228E+00
    0.255726000000000E+04    0.724326913906680E+00    0.211340514100945E+00
    0.255728000000000E+04    0.752780633667044E+00    0.211345781178654E+00
    0.256354000000000E+04    0.338137773776998E+01    0.212027991886101E+00
    0.256356000000000E+04    0.340985886517910E+01    0.212029369339839E+00
    0.256984000000000E+04    0.607313382150460E+01    0.212369516486389E+00
    0.256986000000000E+04    0.610162860406126E+01    0.212367197505541E+00
    0.257612000000000E+04    0.244600477390668E+01    0.211088376680478E+00
    0.257614000000000E+04    0.247444817070254E+01    0.211085745103919E+00
    0.258240000000000E+04    0.508912110967958E+01    0.210147015510414E+00
    0.258242000000000E+04    0.511752693939570E+01    0.210142501266626E+00
    0.258868000000000E+04    0.143741563999856E+01    0.209854805986445E+00
    0.258870000000000E+04    0.146580986109893E+01    0.209857928613402E+00
    0.259496000000000E+04    0.407521349212402E+01    0.210579820411047E+00
    0.259498000000000E+04    0.410363674619293E+01    0.210582075417739E+00
    0.260124000000000E+04    0.441984193178087E+00    0.212023210116886E+00
    0.260126000000000E+04    0.470465206029530E+00    0.212027126443881E+00
    0.260754000000000E+04    0.313266724267942E+01    0.212168468084782E+00
    0.260756000000000E+04    0.316115394257213E+01    0.212168280346226E+00
    0.261382000000000E+04    0.579392659687664E+01    0.211864542703017E+00
    0.261384000000000E+04    0.582240115746936E+01    0.211860120892865E+00
    0.262010000000000E+04    0.215838239006507E+01    0.210417227992518E+00
    0.262012000000000E+04    0.218679892495902E+01    0.210415289348297E+00
    0.262638000000000E+04    0.479471723882671E+01    0.209799858997348E+00
    0.262640000000000E+04    0.482310918744497E+01    0.209797314413488E+00
    0.263266000000000E+04    0.114366113023016E+01    0.210293121114809E+00
    0.263268000000000E+04    0.117207300786959E+01    0.210297990253415E+00
    0.263894000000000E+04    0.378890147469065E+01    0.211261238062293E+00
    0.263896000000000E+04    0.381735192692622E+01    0.211263891265315E+00
    0.264524000000000E+04    0.192068131911583E+00    0.212445151554019E+00
    0.264526000000000E+04    0.220566012251311E+00    0.212446725450268E+00
    0.265152000000000E+04    0.285505943007729E+01    0.211934502283200E+00
    0.265154000000000E+04    0.288353677582654E+01    0.211932808489908E+00
    0.265780000000000E+04    0.551025782014358E+01    0.211143385100282E+00
    0.265782000000000E+04    0.553870347764087E+01    0.211137940696638E+00
    0.266408000000000E+04    0.186610381639775E+01    0.209923478458870E+00
    0.266410000000000E+04    0.189450074046363E+01    0.209923283249082E+00
    0.267036000000000E+04    0.449955992193509E+01    0.209859649955360E+00
    0.267038000000000E+04    0.452795428590434E+01    0.209859425200847E+00
    0.267664000000000E+04    0.853868712555595E+00    0.210990089860399E+00
    0.267666000000000E+04    0.882308479308904E+00    0.210995550069382E+00
    0.268294000000000E+04    0.353596218542816E+01    0.211847181965627E+00
    0.268296000000000E+04    0.356443594713210E+01    0.211849174828551E+00
    0.268922000000000E+04    0.619852471440436E+01    0.212483817204593E+00
    0.268924000000000E+04    0.622702405663495E+01    0.212482697092270E+00
    0.269550000000000E+04    0.257446393302871E+01    0.211394438215235E+00
    0.269552000000000E+04    0.260291965470424E+01    0.211391874092632E+00
    0.270178000000000E+04    0.522139888174934E+01    0.210417786712091E+00
    0.270180000000000E+04    0.524981550043549E+01    0.210412675215494E+00
    0.270806000000000E+04    0.157107325003653E+01    0.209778927406419E+00
    0.270808000000000E+04    0.159946446348431E+01    0.209781018990327E+00
    0.271434000000000E+04    0.420646019919377E+01    0.210292695603380E+00
    0.271436000000000E+04    0.423487188792933E+01    0.210294377729302E+00
    0.272062000000000E+04    0.569077349618965E+00    0.211728415630571E+00
    0.272064000000000E+04    0.597546703034368E+00    0.211733095372155E+00
    0.272692000000000E+04    0.325788625103132E+01    0.212151634724807E+00
    0.272694000000000E+04    0.328637235631868E+01    0.212152212885434E+00
    0.273320000000000E+04    0.592064576280654E+01    0.212134385695821E+00
    0.273322000000000E+04    0.594913107188404E+01    0.212130822858162E+00
    0.273948000000000E+04    0.228917632695902E+01    0.210717188874235E+00
    0.273950000000000E+04    0.231760495351182E+01    0.210714790213548E+00
    0.274576000000000E+04    0.492828781765502E+01    0.209912889693710E+00
    0.274578000000000E+04    0.495668425978602E+01    0.209909344176124E+00
    0.275204000000000E+04    0.127628417973938E+01    0.210048309418755E+00
    0.275206000000000E+04    0.130468621615864E+01    0.210052488572908E+00
    0.275832000000000E+04    0.391782744998181E+01    0.210947014200278E+00
    0.275834000000000E+04    0.394626537367230E+01    0.210949625314573E+00
    0.276462000000000E+04    0.317627314007041E+00    0.212294942021328E+00
    0.276464000000000E+04    0.346119182894199E+00    0.212297671719265E+00
    0.277090000000000E+04    0.298085238190743E+01    0.212087102001252E+00
    0.277092000000000E+04    0.300933583515916E+01    0.212086052734194E+00
    0.277718000000000E+04    0.563924844155827E+01    0.211489975699967E+00
    0.277720000000000E+04    0.566770796388073E+01    0.211484842026790E+00
    0.278346000000000E+04    0.199891738976476E+01    0.210115762778652E+00
    0.278348000000000E+04    0.202732199324009E+01    0.210114659159434E+00
    0.278974000000000E+04    0.463313436939961E+01    0.209780874877703E+00
    0.278976000000000E+04    0.466152556068027E+01    0.209779585538489E+00
