    0.000000000000000E+00    0.190000000000000E+01    0.220000000000000E+00
    0.200000000000000E-01    0.192879998771553E+01    0.219999452486552E+00
    0.630000000000000E+01    0.468770285072852E+01    0.219707539869359E+00
    0.632000000000000E+01    0.471649113860175E+01    0.219705947005669E+00
    0.125800000000000E+02    0.116244279123499E+01    0.220359759008764E+00
    0.126000000000000E+02    0.119125717492500E+01    0.220364583452766E+00
    0.188600000000000E+02    0.393398555117285E+01    0.221310425224078E+00
    0.188800000000000E+02    0.396283805127694E+01    0.221313047627074E+00
    0.251400000000000E+02    0.435710391134066E+00    0.222750012090063E+00
    0.251600000000000E+02    0.464620457586584E+00    0.222753810209079E+00
    0.314200000000000E+02    0.323305787105128E+01    0.223006273787138E+00
    0.314400000000000E+02    0.326197811890981E+01    0.223006804555865E+00
    0.377000000000000E+02    0.603278735631984E+01    0.223157054615925E+00
    0.377200000000000E+02    0.606171363286249E+01    0.223154604362206E+00
    0.440000000000000E+02    0.257022314353171E+01    0.221908499445713E+00
    0.440200000000000E+02    0.259909935203200E+01    0.221905927683616E+00
    0.502800000000000E+02    0.534926951031395E+01    0.220929576955223E+00
    0.503000000000000E+02    0.537810669072854E+01    0.220924162468592E+00
    0.565600000000000E+02    0.182890175099979E+01    0.219857641901981E+00
    0.565800000000000E+02    0.185769605409439E+01    0.219857738169640E+00
    0.628400000000000E+02    0.458712831352624E+01    0.219746947014870E+00
    0.628600000000000E+02    0.461591816508667E+01    0.219746057419173E+00
    0.691200000000000E+02    0.106381838956406E+01    0.220607011950990E+00
    0.691400000000000E+02    0.109264278940557E+01    0.220612175308138E+00
    0.754000000000000E+02    0.383873915276786E+01    0.221589207672084E+00
    0.754200000000000E+02    0.386760271109213E+01    0.221591871134983E+00
    0.817000000000000E+02    0.372658317865074E+00    0.222959927233068E+00
    0.817200000000000E+02    0.401576941462892E+00    0.222963100384463E+00
    0.879800000000000E+02    0.317145717856218E+01    0.223035464324411E+00
    0.880000000000000E+02    0.320037862538751E+01    0.223035546850072E+00
    0.942600000000000E+02    0.597044795079458E+01    0.222993351736480E+00
    0.942800000000000E+02    0.599936763317359E+01    0.222990206606515E+00
    0.100540000000000E+03    0.247606154785365E+01    0.221643223703589E+00
    0.100560000000000E+03    0.250492720242772E+01    0.221640582653091E+00
    0.106820000000000E+03    0.525165820936792E+01    0.220656790621345E+00
    0.106840000000000E+03    0.528048439583219E+01    0.220651569301467E+00
    0.113100000000000E+03    0.172877327978762E+01    0.219762245991861E+00
    0.113120000000000E+03    0.175756376073818E+01    0.219763019376660E+00
    0.119400000000000E+03    0.451577579164493E+01    0.219836118962135E+00
    0.119420000000000E+03    0.454456937680166E+01    0.219835935540375E+00
    0.125680000000000E+03    0.994944975118329E+00    0.220886043480852E+00
    0.125700000000000E+03    0.102378044310652E+01    0.220891403407933E+00
    0.131960000000000E+03    0.377336633100168E+01    0.221861551542482E+00
    0.131980000000000E+03    0.380224084548274E+01    0.221864183944526E+00
    0.138240000000000E+03    0.281411245612873E+00    0.223129323814681E+00
    0.138260000000000E+03    0.310336461910850E+00    0.223131846870298E+00
    0.144520000000000E+03    0.308102430935907E+01    0.223014640150419E+00
    0.144540000000000E+03    0.310994484528726E+01    0.223014244795441E+00
    0.150800000000000E+03    0.587869471729263E+01    0.222792228694063E+00
    0.150820000000000E+03    0.590760638536597E+01    0.222788489344380E+00
    0.157080000000000E+03    0.238105482657539E+01    0.221364887529387E+00
    0.157100000000000E+03    0.240990927282385E+01    0.221362278357947E+00
    0.163380000000000E+03    0.518203955140797E+01    0.220398609730751E+00
    0.163400000000000E+03    0.521085543550049E+01    0.220393692880964E+00
    0.169660000000000E+03    0.165709916288438E+01    0.219714129914263E+00
    0.169680000000000E+03    0.168588772624770E+01    0.219715609887500E+00
    0.175940000000000E+03    0.441582688775810E+01    0.219968530324940E+00
    0.175960000000000E+03    0.444462565599824E+01    0.219968981183136E+00
    0.182220000000000E+03    0.897834227877240E+00    0.221172073136354E+00
    0.182240000000000E+03    0.926681214039832E+00    0.221177529590460E+00
    0.188500000000000E+03    0.367972431533991E+01    0.222116693724240E+00
    0.188520000000000E+03    0.370860902610514E+01    0.222119186993293E+00
    0.194780000000000E+03    0.190407972168600E+00    0.223260099726233E+00
    0.194800000000000E+03    0.219338436802104E+00    0.223261931392281E+00
    0.201080000000000E+03    0.301927228512750E+01    0.222953922526119E+00
    0.201100000000000E+03    0.304819031932800E+01    0.222953070023344E+00
    0.207360000000000E+03    0.581510079045466E+01    0.222554563632344E+00
    0.207380000000000E+03    0.584400289146777E+01    0.222550272491965E+00
    0.213640000000000E+03    0.231394891758094E+01    0.221082844952083E+00
    0.213660000000000E+03    0.234279217391361E+01    0.221080385436505E+00
    0.219920000000000E+03    0.508289200471393E+01    0.220176965645683E+00
    0.219940000000000E+03    0.511169919934764E+01    0.220172467643943E+00
    0.226200000000000E+03    0.155647938338024E+01    0.219715506434618E+00
    0.226220000000000E+03    0.158526800937193E+01    0.219717687074244E+00
    0.232480000000000E+03    0.431634850116171E+01    0.220143178821177E+00
    0.232500000000000E+03    0.434515427355973E+01    0.220144211676824E+00
    0.238780000000000E+03    0.830395018591673E+00    0.221474459169682E+00
    0.238800000000000E+03    0.859254098676615E+00    0.221479871682506E+00
    0.245060000000000E+03    0.361569120197544E+01    0.222352241283547E+00
    0.245080000000000E+03    0.364458532730265E+01    0.222354528852096E+00
    0.251340000000000E+03    0.128621732318038E+00    0.223347910203842E+00
    0.251360000000000E+03    0.157555696630197E+00    0.223348972420136E+00
    0.257620000000000E+03    0.292831225759699E+01    0.222849111892697E+00
    0.257640000000000E+03    0.295722613808942E+01    0.222847821425529E+00
    0.263900000000000E+03    0.572189281945339E+01    0.222294664136092E+00
    0.263920000000000E+03    0.575078454969116E+01    0.222289929951989E+00
    0.270180000000000E+03    0.221715856479238E+01    0.220811187624285E+00
    0.270200000000000E+03    0.224599093203892E+01    0.220808964519720E+00
    0.276480000000000E+03    0.501193184794391E+01    0.219988827819671E+00
    0.276500000000000E+03    0.504073134259119E+01    0.219984840339231E+00
    0.282760000000000E+03    0.148460766491939E+01    0.219770877372691E+00
    0.282780000000000E+03    0.151339854442466E+01    0.219773748835506E+00
    0.289040000000000E+03    0.424620446396563E+01    0.220355188633909E+00
    0.289060000000000E+03    0.427501870501362E+01    0.220356740411911E+00
    0.295320000000000E+03    0.734875596653637E+00    0.221772702962788E+00
    0.295340000000000E+03    0.763746629876607E+00    0.221777969622610E+00
    0.301600000000000E+03    0.352336995373531E+01    0.222558988210095E+00
    0.301620000000000E+03    0.355227226317703E+01    0.222560982997586E+00
    0.307880000000000E+03    0.380135569549225E-01    0.223388710023229E+00
    0.307900000000000E+03    0.669491553258013E-01    0.223389008015115E+00
    0.314160000000000E+03    0.283692280955370E+01    0.222705493824445E+00
    0.314180000000000E+03    0.286583095930041E+01    0.222703812029918E+00
    0.320460000000000E+03    0.565673940891622E+01    0.222009300601125E+00
    0.320480000000000E+03    0.568561970347855E+01    0.222004197088391E+00
    0.326740000000000E+03    0.214831429459207E+01    0.220551012920007E+00
    0.326760000000000E+03    0.217713628774646E+01    0.220549145085009E+00
    0.333020000000000E+03    0.491168549348589E+01    0.219848132954306E+00
    0.333040000000000E+03    0.494047934447013E+01    0.219844734662266E+00
    0.339300000000000E+03    0.138409504535980E+01    0.219872992631732E+00
    0.339320000000000E+03    0.141289006241550E+01    0.219876503486559E+00
    0.345580000000000E+03    0.414791473286112E+01    0.220595228517652E+00
    0.345600000000000E+03    0.417673852539355E+01    0.220597200148508E+00
    0.351860000000000E+03    0.640132757459014E+00    0.222063000070001E+00
    0.351880000000000E+03    0.669015377266760E+00    0.222068006015929E+00
    0.358160000000000E+03    0.346045018004281E+01    0.222733205847302E+00
    0.358180000000000E+03    0.348935953931937E+01    0.222734856540470E+00
    0.364440000000000E+03    0.625954375790218E+01    0.223383779296038E+00
    0.364460000000000E+03    0.529364555097800E-02    0.223383283737273E+00
    0.370720000000000E+03    0.277389522402370E+01    0.222522366619627E+00
    0.370740000000000E+03    0.280279603423230E+01    0.222520348371715E+00
    0.377000000000000E+03    0.556181898303271E+01    0.221714038177578E+00
    0.377020000000000E+03    0.559068755679402E+01    0.221708704060631E+00
    0.383280000000000E+03    0.204984727235774E+01    0.220315697667916E+00
    0.383300000000000E+03    0.207865985958131E+01    0.220314258067804E+00
    0.389560000000000E+03    0.481108536426632E+01    0.219754440596069E+00
    0.389580000000000E+03    0.483987549632411E+01    0.219751698685418E+00
    0.395860000000000E+03    0.131265245984684E+01    0.220027055593405E+00
    0.395880000000000E+03    0.134145348385414E+01    0.220031136087799E+00
    0.402140000000000E+03    0.407910461303175E+01    0.220855454312883E+00
    0.402160000000000E+03    0.410793888003309E+01    0.220857759152934E+00
    0.408420000000000E+03    0.575009598247220E+00    0.222343566225046E+00
    0.408440000000000E+03    0.603903444365756E+00    0.222348183562178E+00
    0.414700000000000E+03    0.336900589042125E+01    0.222868224645890E+00
    0.414720000000000E+03    0.339792057380066E+01    0.222869471137406E+00
    0.420980000000000E+03    0.616874152205196E+01    0.223331097445344E+00
    0.421000000000000E+03    0.619767479298923E+01    0.223329839850443E+00
    0.427260000000000E+03    0.268124674758963E+01    0.222309039638853E+00
    0.427280000000000E+03    0.271013901939568E+01    0.222306744393747E+00
    0.433540000000000E+03    0.546589007702244E+01    0.221412965590997E+00
    0.433560000000000E+03    0.549474650678928E+01    0.221407503687364E+00
    0.439840000000000E+03    0.197926604063275E+01    0.220106865928955E+00
    0.439860000000000E+03    0.200807028390057E+01    0.220105965821497E+00
    0.446120000000000E+03    0.473884313579254E+01    0.219705647371912E+00
    0.446140000000000E+03    0.476763131700250E+01    0.219703603094055E+00
    0.452400000000000E+03    0.121261323200554E+01    0.220215757208230E+00
    0.452420000000000E+03    0.124142198300467E+01    0.220220337688479E+00
    0.458680000000000E+03    0.398208867404162E+01    0.221131317562785E+00
    0.458700000000000E+03    0.401093389212315E+01    0.221133842403485E+00
    0.464960000000000E+03    0.481556277650043E+00    0.222598756882701E+00
    0.464980000000000E+03    0.510460329914849E+00    0.222602908328437E+00
    0.471240000000000E+03    0.327773756739759E+01    0.222964314085663E+00
    0.471260000000000E+03    0.330665613858264E+01    0.222965118147600E+00
    0.477540000000000E+03    0.610654081426287E+01    0.223233314504757E+00
    0.477560000000000E+03    0.613547012429603E+01    0.223231293918584E+00
    0.483820000000000E+03    0.261668515433234E+01    0.222066537079888E+00
    0.483840000000000E+03    0.264556774833045E+01    0.222064043464773E+00
    0.490100000000000E+03    0.539787330601871E+01    0.221109280585516E+00
    0.490120000000000E+03    0.542671758750225E+01    0.221103807709643E+00
    0.496380000000000E+03    0.187923636878008E+01    0.219937823965617E+00
    0.496400000000000E+03    0.190803385478455E+01    0.219937514024812E+00
    0.502660000000000E+03    0.463777908505972E+01    0.219713454926572E+00
    0.502680000000000E+03    0.466656762407069E+01    0.219712122818141E+00
    0.508940000000000E+03    0.111311486452371E+01    0.220443565102204E+00
    0.508960000000000E+03    0.114193254524548E+01    0.220448523037469E+00
    0.515240000000000E+03    0.391469342122525E+01    0.221413233497519E+00
    0.515260000000000E+03    0.394355000267751E+01    0.221415886434947E+00
    0.521520000000000E+03    0.417675587876374E+00    0.222828787725337E+00
    0.521540000000000E+03    0.446589047096268E+00    0.222832353484706E+00
    0.527800000000000E+03    0.321561758514940E+01    0.223018467690592E+00
    0.527820000000000E+03    0.324453829781498E+01    0.223018815778413E+00
    0.534080000000000E+03    0.601507059059202E+01    0.223094043011528E+00
    0.534100000000000E+03    0.604399430790613E+01    0.223091299995589E+00
    0.540360000000000E+03    0.252248086790178E+01    0.221805478006101E+00
    0.540380000000000E+03    0.255135300715460E+01    0.221802867363031E+00
    0.546640000000000E+03    0.530015491076495E+01    0.220820606258812E+00
    0.546660000000000E+03    0.532898764065442E+01    0.220815246746478E+00
    0.552940000000000E+03    0.180750873417537E+01    0.219811188563763E+00
    0.552960000000000E+03    0.183630118554311E+01    0.219811546513342E+00
    0.559220000000000E+03    0.456559536769885E+01    0.219770258872879E+00
    0.559240000000000E+03    0.459438615849081E+01    0.219769643658889E+00
    0.565500000000000E+03    0.104310028401949E+01    0.220706376582339E+00
    0.565520000000000E+03    0.107192863898945E+01    0.220711630217146E+00
    0.571780000000000E+03    0.381931244721261E+01    0.221691103604925E+00
    0.571800000000000E+03    0.384818014924178E+01    0.221693771086745E+00
    0.578060000000000E+03    0.325475012026459E+00    0.223023399498302E+00
    0.578080000000000E+03    0.354395998578752E+00    0.223026347117012E+00
    0.584340000000000E+03    0.312456308359253E+01    0.223026737692929E+00
    0.584360000000000E+03    0.315348415063193E+01    0.223026614501986E+00
    0.590620000000000E+03    0.592302515678250E+01    0.222914487317904E+00
    0.590640000000000E+03    0.595194167542070E+01    0.222911115563996E+00
    0.596920000000000E+03    0.245621379841828E+01    0.221528418248558E+00
    0.596940000000000E+03    0.248507485062987E+01    0.221525799322585E+00
    0.603200000000000E+03    0.523038053850155E+01    0.220546918217899E+00
    0.603220000000000E+03    0.525920237887021E+01    0.220541793392903E+00
    0.609480000000000E+03    0.170654481766019E+01    0.219732207966167E+00
    0.609500000000000E+03    0.173533395931770E+01    0.219733251321834E+00
    0.615760000000000E+03    0.446478334661947E+01    0.219876635632119E+00
    0.615780000000000E+03    0.449357841490291E+01    0.219876694716591E+00
    0.622040000000000E+03    0.944921963320439E+00    0.220986726709239E+00
    0.622060000000000E+03    0.973761570628426E+00    0.220992147497982E+00
    0.628320000000000E+03    0.372462520314571E+01    0.221957128383020E+00
    0.628340000000000E+03    0.375350349100597E+01    0.221959710402842E+00
    0.634620000000000E+03    0.262578398748246E+00    0.223180784546634E+00
    0.634640000000000E+03    0.291505738555429E+00    0.223183026784135E+00
    0.640900000000000E+03    0.306232277712058E+01    0.222990301001753E+00
    0.640920000000000E+03    0.309124232977342E+01    0.222989722744592E+00
    0.647180000000000E+03    0.585924672409749E+01    0.222694851599378E+00
    0.647200000000000E+03    0.588815444864440E+01    0.222690879517155E+00
    0.653460000000000E+03    0.236015660537305E+01    0.221246738282155E+00
    0.653480000000000E+03    0.238900638847269E+01    0.221244184671284E+00
    0.659740000000000E+03    0.513093215002777E+01    0.220302498676570E+00
    0.659760000000000E+03    0.515974416930419E+01    0.220297728609688E+00
    0.666020000000000E+03    0.160526510569434E+01    0.219702198133665E+00
    0.666040000000000E+03    0.163405323938241E+01    0.219703957492315E+00
    0.672320000000000E+03    0.439311360028182E+01    0.220028812144695E+00
    0.672340000000000E+03    0.442191472168474E+01    0.220029509357014E+00
    0.678600000000000E+03    0.876297953435937E+00    0.221287207193864E+00
    0.678620000000000E+03    0.905149611958564E+00    0.221292655503560E+00
    0.684880000000000E+03    0.365953873987326E+01    0.222210019448239E+00
    0.684900000000000E+03    0.368842723687362E+01    0.222212458035042E+00
    0.691160000000000E+03    0.171119644788746E+00    0.223296283539430E+00
    0.691180000000000E+03    0.200051534425256E+00    0.223297785309375E+00
    0.697440000000000E+03    0.297095278456277E+01    0.222910400388802E+00
    0.697460000000000E+03    0.299986917960314E+01    0.222909361223374E+00
    0.703720000000000E+03    0.576587998030834E+01    0.222448525719846E+00
    0.703740000000000E+03    0.579477784382073E+01    0.222444046747668E+00
    0.710000000000000E+03    0.226323266095142E+01    0.220966961864848E+00
    0.710020000000000E+03    0.229207123872470E+01    0.220964588533128E+00
    0.716300000000000E+03    0.505968442398262E+01    0.220090082361291E+00
    0.716320000000000E+03    0.508848804005743E+01    0.220085777141532E+00
    0.722580000000000E+03    0.153273856277133E+01    0.219726500275647E+00
    0.722600000000000E+03    0.156152757548898E+01    0.219728962391471E+00
    0.728860000000000E+03    0.429317542906119E+01    0.220219559883384E+00
    0.728880000000000E+03    0.432198428596689E+01    0.220220819130320E+00
    0.735140000000000E+03    0.779697854358119E+00    0.221588098468695E+00
    0.735160000000000E+03    0.808561481945617E+00    0.221593470500378E+00
    0.741420000000000E+03    0.356624218061324E+01    0.222433782343081E+00
    0.741440000000000E+03    0.359513958869570E+01    0.222435962898266E+00
    0.747700000000000E+03    0.798582883621748E-01    0.223364625981648E+00
    0.747720000000000E+03    0.108792920163069E+00    0.223365383714236E+00
    0.754000000000000E+03    0.290813917047285E+01    0.222787789173387E+00
    0.754020000000000E+03    0.293705060374714E+01    0.222786341456576E+00
    0.760280000000000E+03    0.570060968626944E+01    0.222173676637738E+00
    0.760300000000000E+03    0.572949661033499E+01    0.222168777777436E+00
    0.766560000000000E+03    0.219428606640076E+01    0.220696223943625E+00
    0.766580000000000E+03    0.222311383341912E+01    0.220694134356331E+00
    0.772840000000000E+03    0.495906530847878E+01    0.219921672107818E+00
    0.772860000000000E+03    0.498786213598623E+01    0.219917920266262E+00
    0.779120000000000E+03    0.143149965091106E+01    0.219800870797495E+00
    0.779140000000000E+03    0.146029173505553E+01    0.219804008487784E+00
    0.785400000000000E+03    0.419387857469360E+01    0.220445367498861E+00
    0.785420000000000E+03    0.422269643950222E+01    0.220447097658451E+00
    0.791700000000000E+03    0.712809307046655E+00    0.221892673030616E+00
    0.791720000000000E+03    0.741685119025988E+00    0.221897832904875E+00
    0.797980000000000E+03    0.350250031161590E+01    0.222630322039655E+00
    0.798000000000000E+03    0.353140554561219E+01    0.222632182159773E+00
    0.804260000000000E+03    0.176862085361336E-01    0.223387422067525E+00
    0.804280000000000E+03    0.466217592138491E-01    0.223387387019797E+00
    0.810540000000000E+03    0.281603285288725E+01    0.222628624394086E+00
    0.810560000000000E+03    0.284493791688305E+01    0.222626797400926E+00
    0.816820000000000E+03    0.560567906123015E+01    0.221884907630793E+00
    0.816840000000000E+03    0.563455439600830E+01    0.221879701190385E+00
    0.823100000000000E+03    0.209571924364946E+01    0.220445675618040E+00
    0.823120000000000E+03    0.212453701729669E+01    0.220443968338746E+00
    0.829400000000000E+03    0.488688370365207E+01    0.219796318770291E+00
    0.829420000000000E+03    0.491567551395315E+01    0.219793193252849E+00
    0.835680000000000E+03    0.135932586137028E+01    0.219927899925408E+00
    0.835700000000000E+03    0.138812305018382E+01    0.219931661788810E+00
    0.841960000000000E+03    0.412415639134974E+01    0.220698739457393E+00
    0.841980000000000E+03    0.415298436509238E+01    0.220700863242913E+00
    0.848240000000000E+03    0.617900819345778E+00    0.222180419316010E+00
    0.848260000000000E+03    0.646788201151367E+00    0.222185269933260E+00
    0.854520000000000E+03    0.341041946629912E+01    0.222790680670197E+00
    0.854540000000000E+03    0.343933106613122E+01    0.222792164967803E+00
    0.860800000000000E+03    0.620979183865643E+01    0.223363662676171E+00
    0.860820000000000E+03    0.623872641123398E+01    0.223362853518702E+00
    0.867080000000000E+03    0.272340109278616E+01    0.222433765370685E+00
    0.867100000000000E+03    0.275229838854125E+01    0.222431615859708E+00
    0.873380000000000E+03    0.553880172441359E+01    0.221581422795020E+00
    0.873400000000000E+03    0.556766490170367E+01    0.221576006029520E+00
    0.879660000000000E+03    0.202526177162213E+01    0.220220035519383E+00
    0.879680000000000E+03    0.205407054272769E+01    0.220218820047424E+00
    0.885940000000000E+03    0.478569247380665E+01    0.219723841473440E+00
    0.885960000000000E+03    0.481448136561266E+01    0.219721390057604E+00
    0.892220000000000E+03    0.125877462670655E+01    0.220096310822332E+00
    0.892240000000000E+03    0.128757860051246E+01    0.220100616483424E+00
    0.898500000000000E+03    0.402644577042543E+01    0.220968377914686E+00
    0.898520000000000E+03    0.405528450264683E+01    0.220970781547940E+00
    0.904780000000000E+03    0.523789952829247E+00    0.222450511956474E+00
    0.904800000000000E+03    0.552687866973429E+00    0.222454907858952E+00
    0.911080000000000E+03    0.334760759710207E+01    0.222909481162459E+00
    0.911100000000000E+03    0.337652398129330E+01    0.222910557853282E+00
    0.917360000000000E+03    0.614743425990923E+01    0.223290548148731E+00
    0.917380000000000E+03    0.617636586207686E+01    0.223288954746473E+00
    0.923640000000000E+03    0.265891676105821E+01    0.222203548390455E+00
    0.923660000000000E+03    0.268780479725433E+01    0.222201169060875E+00
    0.929920000000000E+03    0.544205530386807E+01    0.221278240660089E+00
    0.929940000000000E+03    0.547090641028535E+01    0.221272755538439E+00
    0.936200000000000E+03    0.192514717358108E+01    0.220026933681458E+00
    0.936220000000000E+03    0.195394808248852E+01    0.220026266039644E+00
    0.942480000000000E+03    0.468413525267965E+01    0.219697741738114E+00
    0.942500000000000E+03    0.471292317784605E+01    0.219695997858019E+00
    0.948780000000000E+03    0.118726856673425E+01    0.220308651601886E+00
    0.948800000000000E+03    0.121608100788808E+01    0.220313410723361E+00
    0.955060000000000E+03    0.395809049202967E+01    0.221248958215063E+00
    0.955080000000000E+03    0.398694050767585E+01    0.221251553188966E+00
    0.961340000000000E+03    0.459073076312052E+00    0.222700058166824E+00
    0.961360000000000E+03    0.487981169605973E+00    0.222703969502257E+00
    0.967620000000000E+03    0.325600871202914E+01    0.222989413844723E+00
    0.967640000000000E+03    0.328492826171646E+01    0.222990026604675E+00
    0.973900000000000E+03    0.605573344490949E+01    0.223174829507005E+00
    0.973920000000000E+03    0.608466061107515E+01    0.223172496647435E+00
    0.980180000000000E+03    0.256477017015004E+01    0.221956292282395E+00
    0.980200000000000E+03    0.259364835216297E+01    0.221953729287334E+00
    0.986480000000000E+03    0.537329323693416E+01    0.220979001665815E+00
    0.986500000000000E+03    0.540213229598567E+01    0.220973559025610E+00
    0.992760000000000E+03    0.185336617038911E+01    0.219876408172871E+00
    0.992780000000000E+03    0.188216123100756E+01    0.219876386560290E+00
    0.999040000000000E+03    0.461161448167945E+01    0.219730094170602E+00
    0.999060000000000E+03    0.464040364329185E+01    0.219729074017365E+00
    0.100532000000000E+04    0.108782334822854E+01    0.220553448858389E+00
    0.100534000000000E+04    0.111664561095472E+01    0.220558555490649E+00
    0.101160000000000E+04    0.386206428182481E+01    0.221532595111504E+00
    0.101162000000000E+04    0.389092570316075E+01    0.221535274255394E+00
    0.101788000000000E+04    0.366424972633240E+00    0.222916297984321E+00
    0.101790000000000E+04    0.395341697269487E+00    0.222919626292108E+00
    0.102416000000000E+04    0.316488701501157E+01    0.223027101549706E+00
    0.102418000000000E+04    0.319380801859188E+01    0.223027244975686E+00
    0.103046000000000E+04    0.599287763327948E+01    0.223018606064854E+00
    0.103048000000000E+04    0.602179839347536E+01    0.223015575096851E+00
    0.103674000000000E+04    0.249897685476026E+01    0.221687210555637E+00
    0.103676000000000E+04    0.252784428651989E+01    0.221684579921547E+00
    0.104302000000000E+04    0.527512833663491E+01    0.220699208151847E+00
    0.104304000000000E+04    0.530395623649429E+01    0.220693938313323E+00
    0.104930000000000E+04    0.175261324299754E+01    0.219772205300411E+00
    0.104932000000000E+04    0.178140411634126E+01    0.219772856960166E+00
    0.105558000000000E+04    0.451069970707817E+01    0.219810521972263E+00
    0.105560000000000E+04    0.453949210720657E+01    0.219810194389346E+00
    0.106186000000000E+04    0.989282743486910E+00    0.220823317692299E+00
    0.106188000000000E+04    0.101811583258450E+01    0.220828661597477E+00
    0.106816000000000E+04    0.379586170856896E+01    0.221809405787802E+00
    0.106818000000000E+04    0.382473401902553E+01    0.221812064316144E+00
    0.107444000000000E+04    0.303304979654058E+00    0.223096050710967E+00
    0.107446000000000E+04    0.332228874340672E+00    0.223098702495324E+00
    0.108072000000000E+04    0.310272833107570E+01    0.223015331987077E+00
    0.108074000000000E+04    0.313164893547287E+01    0.223015009706448E+00
    0.108700000000000E+04    0.590060475603741E+01    0.222821571353263E+00
    0.108702000000000E+04    0.592951772031097E+01    0.222817931744025E+00
    0.109328000000000E+04    0.240351992173760E+01    0.221408479640546E+00
    0.109330000000000E+04    0.243237617112140E+01    0.221405867108715E+00
    0.109956000000000E+04    0.517620871354256E+01    0.220439506141739E+00
    0.109958000000000E+04    0.520502620020648E+01    0.220434527833967E+00
    0.110586000000000E+04    0.168032177725831E+01    0.219713453477597E+00
    0.110588000000000E+04    0.170911031369155E+01    0.219714812502010E+00
    0.111214000000000E+04    0.443883596582555E+01    0.219935745063144E+00
    0.111216000000000E+04    0.446763341783549E+01    0.219936088829319E+00
    0.111842000000000E+04    0.920249531253148E+00    0.221115959313251E+00
    0.111844000000000E+04    0.949094291682968E+00    0.221121407326740E+00
    0.112470000000000E+04    0.370147573703071E+01    0.222068601255068E+00
    0.112472000000000E+04    0.373035847078813E+01    0.222071127767092E+00
    0.113098000000000E+04    0.211654731362842E+00    0.223233925081571E+00
    0.113100000000000E+04    0.240584320225707E+00    0.223235854158814E+00
    0.113726000000000E+04    0.301154744614428E+01    0.222963702468958E+00
    0.113728000000000E+04    0.304046600281185E+01    0.222962936498549E+00
    0.114354000000000E+04    0.580772175774086E+01    0.222597298744682E+00
    0.114356000000000E+04    0.583662570945648E+01    0.222593098654798E+00
    0.114984000000000E+04    0.233601967664799E+01    0.221125295716243E+00
    0.114986000000000E+04    0.236486459609569E+01    0.221122809440985E+00
    0.115612000000000E+04    0.510545092383109E+01    0.220204385791991E+00
    0.115614000000000E+04    0.513425930352651E+01    0.220199811930498E+00
    0.116240000000000E+04    0.157924405435938E+01    0.219711259640534E+00
    0.116242000000000E+04    0.160803254575421E+01    0.219713327863366E+00
    0.116868000000000E+04    0.433887569843137E+01    0.220110180627386E+00
    0.116870000000000E+04    0.436768012196512E+01    0.220111120084376E+00
    0.117496000000000E+04    0.823496400331351E+00    0.221417870769757E+00
    0.117498000000000E+04    0.852353234303337E+00    0.221423310856202E+00
    0.118124000000000E+04    0.360818907587645E+01    0.222311479193099E+00
    0.118126000000000E+04    0.363708153296511E+01    0.222313797296182E+00
    0.118754000000000E+04    0.149654322060314E+00    0.223334014825197E+00
    0.118756000000000E+04    0.178587920812333E+00    0.223335177428253E+00
    0.119382000000000E+04    0.294945062198894E+01    0.222870285556124E+00
    0.119384000000000E+04    0.297836540179196E+01    0.222869068519429E+00
    0.120010000000000E+04    0.574346809432313E+01    0.222340566036787E+00
    0.120012000000000E+04    0.577236162684039E+01    0.222335894393844E+00
    0.120638000000000E+04    0.223934122981973E+01    0.220856529823791E+00
    0.120640000000000E+04    0.226817542672802E+01    0.220854260784554E+00
    0.121266000000000E+04    0.500580434322637E+01    0.220021333011717E+00
    0.121268000000000E+04    0.503460513917003E+01    0.220017252108118E+00
    0.121894000000000E+04    0.147858506785906E+01    0.219756081380377E+00
    0.121896000000000E+04    0.150737535151711E+01    0.219758833881481E+00
    0.122524000000000E+04    0.426868152790462E+01    0.220318214187903E+00
    0.122526000000000E+04    0.429749444159461E+01    0.220319704234171E+00
    0.123152000000000E+04    0.756784574063204E+00    0.221723883323038E+00
    0.123154000000000E+04    0.785653633156244E+00    0.221729179890886E+00
    0.123780000000000E+04    0.354476852092353E+01    0.222527600949963E+00
    0.123782000000000E+04    0.357366961218986E+01    0.222529654556331E+00
    0.124408000000000E+04    0.591838607772388E-01    0.223386389778155E+00
    0.124410000000000E+04    0.881193664413331E-01    0.223386812617223E+00
    0.125036000000000E+04    0.285828233678831E+01    0.222734086991227E+00
    0.125038000000000E+04    0.288719165856787E+01    0.222732469177133E+00
    0.125664000000000E+04    0.564972252755888E+01    0.222064519220279E+00
    0.125666000000000E+04    0.567860505896465E+01    0.222059482587424E+00
    0.126294000000000E+04    0.217081976137911E+01    0.220595836729435E+00
    0.126296000000000E+04    0.219964353921637E+01    0.220593909758414E+00
    0.126922000000000E+04    0.493462503729279E+01    0.219870185969178E+00
    0.126924000000000E+04    0.496341977101292E+01    0.219866682752972E+00
    0.127550000000000E+04    0.140705349803943E+01    0.219853914983030E+00
    0.127552000000000E+04    0.143584775022100E+01    0.219857319897671E+00
    0.128178000000000E+04    0.417048234239542E+01    0.220553753401372E+00
    0.128180000000000E+04    0.419930448992500E+01    0.220555662224909E+00
    0.128806000000000E+04    0.662101406438524E+00    0.222015601719262E+00
    0.128808000000000E+04    0.690982085274754E+00    0.222020644151285E+00
    0.129434000000000E+04    0.345304668405197E+01    0.222705689428763E+00
    0.129436000000000E+04    0.348195494345873E+01    0.222707394615650E+00
    0.130062000000000E+04    0.625197062372854E+01    0.223389114546904E+00
    0.130064000000000E+04    0.628090627569600E+01    0.223388776124356E+00
    0.130692000000000E+04    0.279556360777156E+01    0.222558068397864E+00
    0.130694000000000E+04    0.282446582954231E+01    0.222556115237806E+00
    0.131320000000000E+04    0.558402477373352E+01    0.221766819011198E+00
    0.131322000000000E+04    0.561289536757658E+01    0.221761508067557E+00
    0.131948000000000E+04    0.207264464696891E+01    0.220355195093404E+00
    0.131950000000000E+04    0.210145881648396E+01    0.220353679764702E+00
    0.132576000000000E+04    0.483422547955479E+01    0.219767155705853E+00
    0.132578000000000E+04    0.486301610434884E+01    0.219764293233859E+00
    0.133204000000000E+04    0.130690814239028E+01    0.219994106460250E+00
    0.133206000000000E+04    0.133570801502083E+01    0.219998098242383E+00
    0.133832000000000E+04    0.407289379852477E+01    0.220810327438187E+00
    0.133834000000000E+04    0.410172618162937E+01    0.220812572255001E+00
    0.134462000000000E+04    0.597023458014291E+00    0.222299608998737E+00
    0.134464000000000E+04    0.625915545607540E+00    0.222304293312063E+00
    0.135090000000000E+04    0.339064232140072E+01    0.222850152437802E+00
    0.135092000000000E+04    0.341955634290866E+01    0.222851474812589E+00
    0.135718000000000E+04    0.619035122969672E+01    0.223346110429289E+00
    0.135720000000000E+04    0.621928506603672E+01    0.223344984527456E+00
    0.136346000000000E+04    0.270323857969220E+01    0.222350931639197E+00
    0.136348000000000E+04    0.273213255467795E+01    0.222348677204318E+00
    0.136974000000000E+04    0.548850835178564E+01    0.221468193487120E+00
    0.136976000000000E+04    0.551736699294361E+01    0.221462747477031E+00
    0.137602000000000E+04    0.197368607030307E+01    0.220144284035116E+00
    0.137604000000000E+04    0.200249180121295E+01    0.220143268426524E+00
    0.138232000000000E+04    0.476235988791723E+01    0.219712391653325E+00
    0.138234000000000E+04    0.479114834793972E+01    0.219710226482673E+00
    0.138860000000000E+04    0.123591835571710E+01    0.220182135326143E+00
    0.138862000000000E+04    0.126472553302460E+01    0.220186617743786E+00
    0.139488000000000E+04    0.400484766154887E+01    0.221083523182114E+00
    0.139490000000000E+04    0.403369107034928E+01    0.221086023069822E+00
    0.140116000000000E+04    0.503742174770423E+00    0.222557917812145E+00
    0.140118000000000E+04    0.532644601779111E+00    0.222562156731300E+00
    0.140744000000000E+04    0.329960508105751E+01    0.222953099417813E+00
    0.140746000000000E+04    0.332852325431122E+01    0.222954012529235E+00
    0.141372000000000E+04    0.609954989287962E+01    0.223259259586001E+00
    0.141374000000000E+04    0.612848028851113E+01    0.223257380292737E+00
    0.142000000000000E+04    0.261021040238120E+01    0.222115558675697E+00
    0.142002000000000E+04    0.263909492707535E+01    0.222113086849088E+00
    0.142630000000000E+04    0.542094054781455E+01    0.221163955622260E+00
    0.142632000000000E+04    0.544978711139674E+01    0.221158472644305E+00
    0.143258000000000E+04    0.190288682409710E+01    0.219967691535626E+00
    0.143260000000000E+04    0.193168548387393E+01    0.219967271494565E+00
    0.143886000000000E+04    0.466158422463286E+01    0.219709660107725E+00
    0.143888000000000E+04    0.469037261312860E+01    0.219708203309762E+00
    0.144514000000000E+04    0.113665292753012E+01    0.220403286490882E+00
    0.144516000000000E+04    0.116546914250875E+01    0.220408194469036E+00
    0.145142000000000E+04    0.390881225270687E+01    0.221362562011432E+00
    0.145144000000000E+04    0.393766681188481E+01    0.221365190013505E+00
    0.145770000000000E+04    0.411166567693272E+00    0.222791093078163E+00
    0.145772000000000E+04    0.440078298403023E+00    0.222794798253931E+00
    0.146400000000000E+04    0.323773132753649E+01    0.223014043227105E+00
    0.146402000000000E+04    0.326665186787750E+01    0.223014482673481E+00
    0.147028000000000E+04    0.603733963658624E+01    0.223124435941756E+00
    0.147030000000000E+04    0.606626467689830E+01    0.223121833857961E+00
    0.147656000000000E+04    0.254533795333191E+01    0.221858087778527E+00
    0.147658000000000E+04    0.257421220716469E+01    0.221855491905667E+00
    0.148284000000000E+04    0.532369971510252E+01    0.220875701453986E+00
    0.148286000000000E+04    0.535253464017887E+01    0.220870315420240E+00
    0.148912000000000E+04    0.180278609011566E+01    0.219834417138621E+00
    0.148914000000000E+04    0.183157940612227E+01    0.219834637173509E+00
    0.149540000000000E+04    0.456093724414814E+01    0.219758813271207E+00
    0.149542000000000E+04    0.458972762219810E+01    0.219758059697746E+00
    0.150170000000000E+04    0.106687384970746E+01    0.220661334775724E+00
    0.150172000000000E+04    0.109570040072913E+01    0.220666541291280E+00
    0.150798000000000E+04    0.384248334751828E+01    0.221643609934682E+00
    0.150800000000000E+04    0.387134915151637E+01    0.221646286449592E+00
    0.151426000000000E+04    0.348138519165332E+00    0.222995348002695E+00
    0.151428000000000E+04    0.377058412734186E+00    0.222998418783699E+00
    0.152054000000000E+04    0.314709390420603E+01    0.223032174920804E+00
    0.152056000000000E+04    0.317601515818114E+01    0.223032141801933E+00
    0.152682000000000E+04    0.594583573695172E+01    0.222954742502141E+00
    0.152684000000000E+04    0.597475393469313E+01    0.222951490740979E+00
    0.153310000000000E+04    0.245083505574939E+01    0.221588115944799E+00
    0.153312000000000E+04    0.247969847159720E+01    0.221585475143398E+00
    0.153940000000000E+04    0.525454585839088E+01    0.220598684423800E+00
    0.153942000000000E+04    0.528336971728140E+01    0.220593507831802E+00
    0.154568000000000E+04    0.173117876413289E+01    0.219747408895058E+00
    0.154570000000000E+04    0.175996865923298E+01    0.219748325764733E+00
    0.155196000000000E+04    0.448939776603402E+01    0.219856128212747E+00
    0.155198000000000E+04    0.451819202358638E+01    0.219856063378333E+00
    0.155824000000000E+04    0.969061450909976E+00    0.220937240534158E+00
    0.155826000000000E+04    0.997899057769246E+00    0.220942636328244E+00
    0.156452000000000E+04    0.374815267696931E+01    0.221911997441707E+00
    0.156454000000000E+04    0.377702916280214E+01    0.221914604975052E+00
    0.157080000000000E+04    0.256724464788931E+00    0.223156752131200E+00
    0.157082000000000E+04    0.285650947812428E+00    0.223159144645185E+00
    0.157708000000000E+04    0.305648080511992E+01    0.223007216717934E+00
    0.157710000000000E+04    0.308540106330156E+01    0.223006710381340E+00
    0.158338000000000E+04    0.588274338403198E+01    0.222744879974201E+00
    0.158340000000000E+04    0.591165310214865E+01    0.222741012174782E+00
    0.158966000000000E+04    0.238439236578552E+01    0.221307097311830E+00
    0.158968000000000E+04    0.241324458241979E+01    0.221304523481751E+00
    0.159594000000000E+04    0.515588450197765E+01    0.220352860545248E+00
    0.159596000000000E+04    0.518469852607041E+01    0.220348015324406E+00
    0.160222000000000E+04    0.163059337144387E+01    0.219709305507357E+00
    0.160224000000000E+04    0.165938177111912E+01    0.219710923443498E+00
    0.160850000000000E+04    0.438951061493162E+01    0.219999989580993E+00
    0.160852000000000E+04    0.441831064084090E+01    0.220000554818964E+00
    0.161478000000000E+04    0.872070027281097E+00    0.221228094051997E+00
    0.161480000000000E+04    0.900919083711415E+00    0.221233532213637E+00
    0.162108000000000E+04    0.368349146689388E+01    0.222165461986464E+00
    0.162110000000000E+04    0.371237813103198E+01    0.222167928729386E+00
    0.162736000000000E+04    0.194675121514138E+00    0.223278951026718E+00
    0.162738000000000E+04    0.223606522026330E+00    0.223280606751797E+00
    0.163364000000000E+04    0.299463646255163E+01    0.222935141870264E+00
    0.163366000000000E+04    0.302355382098813E+01    0.222934198436311E+00
    0.163992000000000E+04    0.579006283457329E+01    0.222505014705280E+00
    0.163994000000000E+04    0.581896295387560E+01    0.222500633290893E+00
    0.164620000000000E+04    0.228820681842535E+01    0.221027986915311E+00
    0.164622000000000E+04    0.231704785458260E+01    0.221025567329968E+00
    0.165248000000000E+04    0.505650837773783E+01    0.220136927091646E+00
    0.165250000000000E+04    0.508531377455984E+01    0.220132514848235E+00
    0.165878000000000E+04    0.155862948088270E+01    0.219722705178695E+00
    0.165880000000000E+04    0.158741845007353E+01    0.219725034609708E+00
    0.166506000000000E+04    0.431880783335691E+01    0.220182996683536E+00
    0.166508000000000E+04    0.434761512272416E+01    0.220184146591083E+00
    0.167134000000000E+04    0.804673750768416E+00    0.221531732488928E+00
    0.167136000000000E+04    0.833535188081441E+00    0.221537128998781E+00
    0.167762000000000E+04    0.359064908160963E+01    0.222395083593347E+00
    0.167764000000000E+04    0.361954509897714E+01    0.222397358965558E+00
    0.168390000000000E+04    0.103984590108666E+00    0.223361749541807E+00
    0.168392000000000E+04    0.132919134448457E+00    0.223362666838299E+00
    0.169018000000000E+04    0.290359376208153E+01    0.222824155328656E+00
    0.169020000000000E+04    0.293250668086785E+01    0.222822779671054E+00
    0.169648000000000E+04    0.572562175678149E+01    0.222234695908831E+00
    0.169650000000000E+04    0.575451135287994E+01    0.222229859624472E+00
    0.170276000000000E+04    0.222018961703589E+01    0.220760272596094E+00
    0.170278000000000E+04    0.224901997387087E+01    0.220758122975588E+00
    0.170904000000000E+04    0.498564821853097E+01    0.219961875425710E+00
    0.170906000000000E+04    0.501444661719461E+01    0.219957997990982E+00
    0.171532000000000E+04    0.145826063512686E+01    0.219789193952976E+00
    0.171534000000000E+04    0.148705227840219E+01    0.219792195998646E+00
    0.172160000000000E+04    0.422028975509875E+01    0.220402851844413E+00
    0.172162000000000E+04    0.424910585550151E+01    0.220404487945811E+00
    0.172788000000000E+04    0.709664991811678E+00    0.221831743837018E+00
    0.172790000000000E+04    0.738538470372532E+00    0.221836964703141E+00
    0.173416000000000E+04    0.349881953159775E+01    0.222599111950463E+00
    0.173418000000000E+04    0.352772354329136E+01    0.222601040043032E+00
    0.174046000000000E+04    0.427457431633229E-01    0.223396365342456E+00
    0.174048000000000E+04    0.716816022450075E-01    0.223396495453530E+00
    0.174674000000000E+04    0.284145164789834E+01    0.222676712464794E+00
    0.174676000000000E+04    0.287035856778266E+01    0.222674963916977E+00
    0.175302000000000E+04    0.563184747710420E+01    0.221958299426897E+00
    0.175304000000000E+04    0.566072582137394E+01    0.221953138732853E+00
    0.175930000000000E+04    0.212281306852083E+01    0.220509784212666E+00
    0.175932000000000E+04    0.215163341697462E+01    0.220507987370083E+00
    0.176558000000000E+04    0.488581543482860E+01    0.219832679196340E+00
    0.176560000000000E+04    0.491460867173464E+01    0.219829401371983E+00
    0.177186000000000E+04    0.135831516331791E+01    0.219902333663446E+00
    0.177188000000000E+04    0.138711135942413E+01    0.219905958782839E+00
    0.177816000000000E+04    0.415149277425871E+01    0.220650275485730E+00
    0.177818000000000E+04    0.418031876783198E+01    0.220652327749079E+00
    0.178444000000000E+04    0.644513588697009E+00    0.222126176051906E+00
    0.178446000000000E+04    0.673398733592421E+00    0.222131104625812E+00
    0.179072000000000E+04    0.343653042687492E+01    0.222767336287056E+00
    0.179074000000000E+04    0.346544115001916E+01    0.222768911127467E+00
    0.179700000000000E+04    0.623586142614886E+01    0.223383810929516E+00
    0.179702000000000E+04    0.626479676744657E+01    0.223383178983212E+00
    0.180328000000000E+04    0.274999474175820E+01    0.222492233319172E+00
    0.180330000000000E+04    0.277889438523289E+01    0.222490159057813E+00
    0.180956000000000E+04    0.553741562802907E+01    0.221666797497334E+00
    0.180958000000000E+04    0.556628222723020E+01    0.221661423801865E+00
    0.181586000000000E+04    0.205365600407595E+01    0.220278953537570E+00
    0.181588000000000E+04    0.208246705235797E+01    0.220277620385596E+00
    0.182214000000000E+04    0.481462078517734E+01    0.219745088710162E+00
    0.182216000000000E+04    0.484341069338279E+01    0.219742481631622E+00
    0.182842000000000E+04    0.128763260653614E+01    0.220062211443449E+00
    0.182844000000000E+04    0.131643517475868E+01    0.220066392247642E+00
    0.183470000000000E+04    0.405470017794005E+01    0.220912647122954E+00
    0.183472000000000E+04    0.408353651586640E+01    0.220915010873759E+00
    0.184098000000000E+04    0.551265167739530E+00    0.222397911265607E+00
    0.184100000000000E+04    0.580160797623648E+00    0.222402392781363E+00
    0.184726000000000E+04    0.334572155303613E+01    0.222891832574683E+00
    0.184728000000000E+04    0.337463722983603E+01    0.222893002881529E+00
    0.185354000000000E+04    0.614558841276266E+01    0.223322231093550E+00
    0.185356000000000E+04    0.617452127622391E+01    0.223320848968266E+00
    0.185984000000000E+04    0.268666112355686E+01    0.222270526473129E+00
    0.185986000000000E+04    0.271555186956994E+01    0.222268208410691E+00
    0.186612000000000E+04    0.547074843605242E+01    0.221360382640199E+00
    0.186614000000000E+04    0.549960280381993E+01    0.221354896518655E+00
    0.187240000000000E+04    0.195474154000476E+01    0.220078351512420E+00
    0.187242000000000E+04    0.198354452579042E+01    0.220077543715723E+00
    0.187868000000000E+04    0.471414558558672E+01    0.219708167127065E+00
    0.187870000000000E+04    0.474293393250809E+01    0.219706251576811E+00
    0.188496000000000E+04    0.118820890897496E+01    0.220256869415251E+00
    0.188498000000000E+04    0.121701923802266E+01    0.220261521852299E+00
    0.189124000000000E+04    0.395827826412324E+01    0.221183735556880E+00
    0.189126000000000E+04    0.398712567795974E+01    0.221186285654425E+00
    0.189754000000000E+04    0.487334020335766E+00    0.222649096946454E+00
    0.189756000000000E+04    0.516240069138803E+00    0.222653135987934E+00
    0.190382000000000E+04    0.328390831201978E+01    0.222981498831464E+00
    0.190384000000000E+04    0.331282755787242E+01    0.222982235235116E+00
    0.191010000000000E+04    0.608382337848661E+01    0.223218158512941E+00
    0.191012000000000E+04    0.611275210797794E+01    0.223216021574563E+00
    0.191638000000000E+04    0.259359132390182E+01    0.222028666037836E+00
    0.191640000000000E+04    0.262247232939080E+01    0.222026140433449E+00
    0.192266000000000E+04    0.537422019545693E+01    0.221064379639551E+00
    0.192268000000000E+04    0.540306266562402E+01    0.221058921051500E+00
    0.192894000000000E+04    0.185514484852411E+01    0.219916774525348E+00
    0.192896000000000E+04    0.188394150447130E+01    0.219916570198909E+00
    0.193524000000000E+04    0.464240089188934E+01    0.219722571443247E+00
    0.193526000000000E+04    0.467118977337077E+01    0.219721370499434E+00
    0.194152000000000E+04    0.111815262809387E+01    0.220493403524050E+00
    0.194154000000000E+04    0.114697247817912E+01    0.220498431001455E+00
    0.194780000000000E+04    0.389158278508194E+01    0.221465085544566E+00
    0.194782000000000E+04    0.392044162146112E+01    0.221467774813772E+00
    0.195408000000000E+04    0.395181398616387E+00    0.222870814979898E+00
    0.195410000000000E+04    0.424096301744612E+00    0.222874290690192E+00
    0.196036000000000E+04    0.319338072220626E+01    0.223027974888047E+00
    0.196038000000000E+04    0.322230184412956E+01    0.223028245521048E+00
    0.196664000000000E+04    0.599277389961890E+01    0.223072953442098E+00
    0.196666000000000E+04    0.602169677990696E+01    0.223070117694274E+00
    0.197294000000000E+04    0.252864196252767E+01    0.221764065723107E+00
    0.197296000000000E+04    0.255751240822337E+01    0.221761460053511E+00
    0.197922000000000E+04    0.530578843445073E+01    0.220776784388630E+00
    0.197924000000000E+04    0.533461949593220E+01    0.220771454900393E+00
    0.198550000000000E+04    0.178395122113943E+01    0.219801621700727E+00
    0.198552000000000E+04    0.181274309443188E+01    0.219802082052518E+00
    0.199178000000000E+04    0.454203434619285E+01    0.219786868500853E+00
    0.199180000000000E+04    0.457082582179373E+01    0.219786362156617E+00
    0.199806000000000E+04    0.101998532188918E+01    0.220752968509580E+00
    0.199808000000000E+04    0.104881554588837E+01    0.220758258803006E+00
    0.200434000000000E+04    0.379678728200952E+01    0.221737464683490E+00
    0.200436000000000E+04    0.382565683074563E+01    0.221740119362651E+00
    0.201062000000000E+04    0.303475335188978E+00    0.223054760966645E+00
    0.201064000000000E+04    0.332397606119684E+00    0.223057617103338E+00
    0.201692000000000E+04    0.313167456642122E+01    0.223027953096951E+00
    0.201694000000000E+04    0.316059555652100E+01    0.223027765742531E+00
    0.202320000000000E+04    0.592993736041262E+01    0.222882507463889E+00
    0.202322000000000E+04    0.595885260221257E+01    0.222879023260622E+00
    0.202948000000000E+04    0.243374254938954E+01    0.221486760033909E+00
    0.202950000000000E+04    0.246260196232652E+01    0.221484131154126E+00
    0.203576000000000E+04    0.520742265039235E+01    0.220508289351879E+00
    0.203578000000000E+04    0.523624309654451E+01    0.220503225785437E+00
    0.204204000000000E+04    0.168336101699333E+01    0.219728526354845E+00
    0.204206000000000E+04    0.171215014872269E+01    0.219729688980442E+00
    0.204832000000000E+04    0.444175121033049E+01    0.219901267640240E+00
    0.204834000000000E+04    0.447054726437727E+01    0.219901425900160E+00
    0.205462000000000E+04    0.951215404726099E+00    0.221040604357919E+00
    0.205464000000000E+04    0.980057127683267E+00    0.221046030246800E+00
    0.206090000000000E+04    0.373153668427358E+01    0.222002797834781E+00
    0.206092000000000E+04    0.376041684149232E+01    0.222005369184744E+00
    0.206718000000000E+04    0.241073161689201E+00    0.223205264068169E+00
    0.206720000000000E+04    0.270001440855594E+00    0.223207406437326E+00
    0.207346000000000E+04    0.304090860191218E+01    0.222985270504280E+00
    0.207348000000000E+04    0.306982785112041E+01    0.222984616987855E+00
    0.207974000000000E+04    0.583757512458305E+01    0.222662360249603E+00
    0.207976000000000E+04    0.586648154885961E+01    0.222658310970267E+00
    0.208602000000000E+04    0.233799611941868E+01    0.221206251970547E+00
    0.208604000000000E+04    0.236684431274762E+01    0.221203709998504E+00
    0.209232000000000E+04    0.513713168005143E+01    0.220267474575438E+00
    0.209234000000000E+04    0.516594234303284E+01    0.220262776145172E+00
    0.209860000000000E+04    0.161125722790939E+01    0.219706700797923E+00
    0.209862000000000E+04    0.164004549054289E+01    0.219708573039469E+00
    0.210488000000000E+04    0.437051398681842E+01    0.220058203613376E+00
    0.210490000000000E+04    0.439931634266668E+01    0.220058990739215E+00
    0.211116000000000E+04    0.854225526307346E+00    0.221334847118998E+00
    0.211118000000000E+04    0.883079009125140E+00    0.221340294630517E+00
    0.211744000000000E+04    0.363797291764786E+01    0.222246526464250E+00
    0.211746000000000E+04    0.366686282046203E+01    0.222248913661219E+00
    0.212372000000000E+04    0.149910658149565E+00    0.223310920307725E+00
    0.212374000000000E+04    0.178843147204589E+00    0.223312333753504E+00
    0.213000000000000E+04    0.294974581991346E+01    0.222897701060762E+00
    0.213002000000000E+04    0.297866165876394E+01    0.222896590456864E+00
    0.213630000000000E+04    0.577326963972018E+01    0.222406828658558E+00
    0.213632000000000E+04    0.580216602806422E+01    0.222402260138561E+00
    0.214258000000000E+04    0.227011320760994E+01    0.220928629002521E+00
    0.214260000000000E+04    0.229895028256669E+01    0.220926298973392E+00
    0.214886000000000E+04    0.503735632682401E+01    0.220066666167019E+00
    0.214888000000000E+04    0.506615896291123E+01    0.220062423204347E+00
    0.215514000000000E+04    0.151032586038082E+01    0.219737160796628E+00
    0.215516000000000E+04    0.153911536375654E+01    0.219739732494578E+00
    0.216142000000000E+04    0.427111142271406E+01    0.220254934724307E+00
    0.216144000000000E+04    0.429992194114720E+01    0.220256282510856E+00
    0.216770000000000E+04    0.758213995130518E+00    0.221636925171254E+00
    0.216772000000000E+04    0.787079578075463E+00    0.221642281326749E+00
    0.217400000000000E+04    0.357419420787664E+01    0.222472037670897E+00
    0.217402000000000E+04    0.360309308344767E+01    0.222474177133342E+00
    0.218028000000000E+04    0.881514413872537E-01    0.223376193125182E+00
    0.218030000000000E+04    0.117086537195974E+00    0.223376819400658E+00
    0.218656000000000E+04    0.288747032405035E+01    0.222773465164343E+00
    0.218658000000000E+04    0.291638122143013E+01    0.222771954994561E+00
    0.219284000000000E+04    0.567962692075207E+01    0.222139509017796E+00
    0.219286000000000E+04    0.570851243412244E+01    0.222134557724811E+00
    0.219912000000000E+04    0.217285442252660E+01    0.220664886370771E+00
    0.219914000000000E+04    0.220168096642965E+01    0.220662847175922E+00
    0.220540000000000E+04    0.493734563828912E+01    0.219907936708385E+00
    0.220542000000000E+04    0.496614187974001E+01    0.219904265894688E+00
    0.221170000000000E+04    0.143859004143997E+01    0.219823009166788E+00
    0.221172000000000E+04    0.146738304455812E+01    0.219826243939606E+00
    0.221798000000000E+04    0.420138815729933E+01    0.220486700220903E+00
    0.221800000000000E+04    0.423020764603780E+01    0.220488499624245E+00
    0.222426000000000E+04    0.692022106989953E+00    0.221937554879951E+00
    0.222428000000000E+04    0.720899524596007E+00    0.221942646849358E+00
    0.223054000000000E+04    0.348216368500016E+01    0.222658305603218E+00
    0.223056000000000E+04    0.351107004875348E+01    0.222660119852918E+00
    0.223682000000000E+04    0.628075394315147E+01    0.223391104308135E+00
    0.223684000000000E+04    0.265041071029373E-01    0.223390965397778E+00
    0.224310000000000E+04    0.279577336297916E+01    0.222607677463219E+00
    0.224312000000000E+04    0.282467760092823E+01    0.222605810216281E+00
    0.224940000000000E+04    0.561394980174737E+01    0.221844760147176E+00
    0.224942000000000E+04    0.564282355421619E+01    0.221839502406202E+00
    0.225568000000000E+04    0.210348390468016E+01    0.220415110174836E+00
    0.225570000000000E+04    0.213230035436527E+01    0.220413472401383E+00
    0.226196000000000E+04    0.486558441525722E+01    0.219787961723994E+00
    0.226198000000000E+04    0.489437592987497E+01    0.219784928845170E+00
    0.226824000000000E+04    0.133812396572193E+01    0.219951234222526E+00
    0.226826000000000E+04    0.136692205305371E+01    0.219955071498775E+00
    0.227452000000000E+04    0.410335352360516E+01    0.220737893294451E+00
    0.227454000000000E+04    0.413218309628155E+01    0.220740060494609E+00
    0.228080000000000E+04    0.597634752374688E+00    0.222221428786496E+00
    0.228082000000000E+04    0.626523704622286E+00    0.222226232477767E+00
    0.228708000000000E+04    0.339053189513470E+01    0.222812161634082E+00
    0.228710000000000E+04    0.341944438915561E+01    0.222813584842223E+00
    0.229338000000000E+04    0.621898835918819E+01    0.223360772584893E+00
    0.229340000000000E+04    0.624792280902784E+01    0.223359842651876E+00
    0.229966000000000E+04    0.273235978652656E+01    0.222407328903624E+00
    0.229968000000000E+04    0.276125595620169E+01    0.222405149288276E+00
    0.230594000000000E+04    0.551845841185923E+01    0.221545148319179E+00
    0.230596000000000E+04    0.554732015926766E+01    0.221539722126650E+00
    0.231222000000000E+04    0.200451656837049E+01    0.220195697917791E+00
    0.231224000000000E+04    0.203332436035180E+01    0.220194544077792E+00
    0.231850000000000E+04    0.476477037928362E+01    0.219721531671303E+00
    0.231852000000000E+04    0.479355921749675E+01    0.219719174156419E+00
    0.232478000000000E+04    0.123803378408365E+01    0.220124646096024E+00
    0.232480000000000E+04    0.126683884681324E+01    0.220129017604742E+00
    0.233108000000000E+04    0.403496471906647E+01    0.221009944372674E+00
    0.233110000000000E+04    0.406380515784804E+01    0.221012388469691E+00
    0.233736000000000E+04    0.532915647123446E+00    0.222491717863478E+00
    0.233738000000000E+04    0.561815445986213E+00    0.222496079556134E+00
    0.234364000000000E+04    0.332820732531218E+01    0.222929262444027E+00
    0.234366000000000E+04    0.335712432262517E+01    0.222930286918324E+00
    0.234992000000000E+04    0.612808141893083E+01    0.223282731019965E+00
    0.234994000000000E+04    0.615701271313355E+01    0.223281055897333E+00
    0.235620000000000E+04    0.263933517790701E+01    0.222177839728360E+00
    0.235622000000000E+04    0.266822224168300E+01    0.222175418464054E+00
    0.236248000000000E+04    0.542208725019873E+01    0.221245087665596E+00
    0.236250000000000E+04    0.545093695943706E+01    0.221239604007432E+00
    0.236878000000000E+04    0.193365386325377E+01    0.220008392243696E+00
    0.236880000000000E+04    0.196245418364333E+01    0.220007817445749E+00
    0.237506000000000E+04    0.469258919752519E+01    0.219703841496138E+00
    0.237508000000000E+04    0.472137731883822E+01    0.219702198328416E+00
    0.238134000000000E+04    0.116717523450961E+01    0.220340446485281E+00
    0.238136000000000E+04    0.119598893900366E+01    0.220345261503002E+00
    0.238762000000000E+04    0.393849032996332E+01    0.221287726866136E+00
    0.238764000000000E+04    0.396734209693523E+01    0.221290359246570E+00
    0.239390000000000E+04    0.439973697210462E+00    0.222733829244377E+00
    0.239392000000000E+04    0.468883135168653E+00    0.222737675072198E+00
    0.240018000000000E+04    0.323719809571185E+01    0.223002216595889E+00
    0.240020000000000E+04    0.326611818245601E+01    0.223002771811720E+00
    0.240648000000000E+04    0.606587683600901E+01    0.223163907782262E+00
    0.240650000000000E+04    0.609480339298443E+01    0.223161479040195E+00
    0.241276000000000E+04    0.257457109370944E+01    0.221926010431546E+00
    0.241278000000000E+04    0.260344800319854E+01    0.221923444551771E+00
    0.241904000000000E+04    0.535385305432692E+01    0.220948693465313E+00
    0.241906000000000E+04    0.538269100705702E+01    0.220943270680072E+00
    0.242532000000000E+04    0.183367222017387E+01    0.219865667706029E+00
    0.242534000000000E+04    0.186246683269155E+01    0.219865717442324E+00
    0.243160000000000E+04    0.459191566850677E+01    0.219741934364052E+00
    0.243162000000000E+04    0.462070533582073E+01    0.219740998251069E+00
    0.243788000000000E+04    0.106842719535780E+01    0.220588450155728E+00
    0.243790000000000E+04    0.109725072477386E+01    0.220593585739418E+00
    0.244416000000000E+04    0.384306951600956E+01    0.221566814527514E+00
    0.244418000000000E+04    0.387193224533121E+01    0.221569477003795E+00
    0.245046000000000E+04    0.376744630048051E+00    0.222944991611892E+00
    0.245048000000000E+04    0.405662505797409E+00    0.222948225824238E+00
    0.245674000000000E+04    0.317539099627174E+01    0.223030963729621E+00
    0.245676000000000E+04    0.320431217824671E+01    0.223031057666538E+00
    0.246302000000000E+04    0.597438090823835E+01    0.223001466255719E+00
    0.246304000000000E+04    0.600330095562458E+01    0.222998373503561E+00
    0.246930000000000E+04    0.248016385941264E+01    0.221658316796854E+00
    0.246932000000000E+04    0.250903009411604E+01    0.221655682445953E+00
    0.247558000000000E+04    0.525593594804968E+01    0.220670954451639E+00
    0.247560000000000E+04    0.528476269847079E+01    0.220665713445505E+00
    0.248186000000000E+04    0.173317403402007E+01    0.219763941827491E+00
    0.248188000000000E+04    0.176196459156608E+01    0.219764668291522E+00
    0.248816000000000E+04    0.452009421850789E+01    0.219824943419793E+00
    0.248818000000000E+04    0.454888721235056E+01    0.219824705693292E+00
    0.249444000000000E+04    0.999045245201160E+00    0.220862769977180E+00
    0.249446000000000E+04    0.102787988758018E+01    0.220868127047457E+00
    0.250072000000000E+04    0.377721637251989E+01    0.221842444696496E+00
    0.250074000000000E+04    0.380609003382051E+01    0.221845082937654E+00
    0.250700000000000E+04    0.285032327182762E+00    0.223117235154739E+00
    0.250702000000000E+04    0.313957106656744E+00    0.223119812130775E+00
    0.251328000000000E+04    0.308459104943950E+01    0.223015585975267E+00
    0.251330000000000E+04    0.311351163387144E+01    0.223015209654177E+00
    0.251956000000000E+04    0.588231705623866E+01    0.222802738236362E+00
    0.251958000000000E+04    0.591122911377988E+01    0.222799035554184E+00
    0.252586000000000E+04    0.241371999544845E+01    0.221377248148336E+00
    0.252588000000000E+04    0.244257501833181E+01    0.221374653477355E+00
    0.253214000000000E+04    0.518604012664855E+01    0.220411311349649E+00
    0.253216000000000E+04    0.521485648555881E+01    0.220406368170144E+00
    0.253842000000000E+04    0.166117087482417E+01    0.219712826896639E+00
    0.253844000000000E+04    0.168995942266338E+01    0.219714265188747E+00
    0.254470000000000E+04    0.441983112209346E+01    0.219957127064567E+00
    0.254472000000000E+04    0.444862940419216E+01    0.219957539182864E+00
    0.255098000000000E+04    0.901590498340738E+00    0.221150440326230E+00
    0.255100000000000E+04    0.930436607926822E+00    0.221155893166388E+00
    0.255726000000000E+04    0.368324213213054E+01    0.222099486452077E+00
    0.255728000000000E+04    0.371212617829678E+01    0.222101998038827E+00
    0.256354000000000E+04    0.193737917707494E+00    0.223249972227678E+00
    0.256356000000000E+04    0.222667948140497E+00    0.223251837792103E+00
    0.256984000000000E+04    0.302256079045264E+01    0.222955368847170E+00
    0.256986000000000E+04    0.305147898180621E+01    0.222954550069915E+00
    0.257612000000000E+04    0.581850521495335E+01    0.222567102788440E+00
    0.257614000000000E+04    0.584740784129463E+01    0.222562831454577E+00
    0.258240000000000E+04    0.231752687998642E+01    0.221096926447929E+00
    0.258242000000000E+04    0.234637063765194E+01    0.221094463052345E+00
    0.258868000000000E+04    0.508661441123650E+01    0.220187448756723E+00
    0.258870000000000E+04    0.511542193825335E+01    0.220182922073781E+00
    0.259496000000000E+04    0.156023379090084E+01    0.219711671592745E+00
    0.259498000000000E+04    0.158902224151552E+01    0.219713809965886E+00
    0.260124000000000E+04    0.431999544792143E+01    0.220130006092708E+00
    0.260126000000000E+04    0.434880070828694E+01    0.220131008430933E+00
    0.260754000000000E+04    0.833821229907699E+00    0.221454701440034E+00
    0.260756000000000E+04    0.862679512028990E+00    0.221460117207923E+00
    0.261382000000000E+04    0.361890036192835E+01    0.222337411697435E+00
    0.261384000000000E+04    0.364779390346712E+01    0.222339717290978E+00
    0.262010000000000E+04    0.131690228849493E+00    0.223342033795371E+00
    0.262012000000000E+04    0.160623960978228E+00    0.223343137265899E+00
    0.262638000000000E+04    0.293138122226537E+01    0.222853481162664E+00
    0.262640000000000E+04    0.296029528679264E+01    0.222852214327721E+00
    0.263266000000000E+04    0.572509215168611E+01    0.222308208062318E+00
    0.263268000000000E+04    0.575398446071858E+01    0.222303499886008E+00
    0.263894000000000E+04    0.222054953396810E+01    0.220824506167847E+00
    0.263896000000000E+04    0.224938242288454E+01    0.220822265506622E+00
    0.264524000000000E+04    0.501545454004554E+01    0.219996413764550E+00
    0.264526000000000E+04    0.504425433261076E+01    0.219992396079927E+00
    0.265152000000000E+04    0.148813897547188E+01    0.219764460504937E+00
    0.265154000000000E+04    0.151692959329785E+01    0.219767294107498E+00
    0.265780000000000E+04    0.424960077089554E+01    0.220340595608461E+00
    0.265782000000000E+04    0.427841443718808E+01    0.220342121457281E+00
    0.266408000000000E+04    0.738051706920942E+00    0.221754241910468E+00
    0.266410000000000E+04    0.766921989145885E+00    0.221759520552263E+00
    0.267036000000000E+04    0.352634871906821E+01    0.222546108472512E+00
    0.267038000000000E+04    0.355525056519673E+01    0.222548117611146E+00
    0.267664000000000E+04    0.409001725538474E-01    0.223385191033488E+00
    0.267666000000000E+04    0.698357636988476E-01    0.223385522979488E+00
    0.268294000000000E+04    0.286878312054841E+01    0.222711903263013E+00
    0.268296000000000E+04    0.289769153984844E+01    0.222710250868593E+00
    0.268922000000000E+04    0.565984184483250E+01    0.222024522034220E+00
    0.268924000000000E+04    0.568872272935687E+01    0.222019440972406E+00
    0.269550000000000E+04    0.215160276524011E+01    0.220563467510992E+00
    0.269552000000000E+04    0.218042525474812E+01    0.220561578553145E+00
    0.270178000000000E+04    0.491509049629258E+01    0.219853657531985E+00
    0.270180000000000E+04    0.494388456551360E+01    0.219850225237819E+00
    0.270806000000000E+04    0.138748160963632E+01    0.219864914105714E+00
    0.270808000000000E+04    0.141627629843151E+01    0.219868391015752E+00
    0.271434000000000E+04    0.415115735310746E+01    0.220580503614682E+00
    0.271436000000000E+04    0.417998057575596E+01    0.220582453318728E+00
    0.272062000000000E+04    0.643156127856855E+00    0.222046171244857E+00
    0.272064000000000E+04    0.672037944710610E+00    0.222051165093361E+00
    0.272692000000000E+04    0.346330113743852E+01    0.222721931930735E+00
    0.272694000000000E+04    0.349221004331366E+01    0.222723612483118E+00
    0.273320000000000E+04    0.626232816180118E+01    0.223384869210858E+00
    0.273322000000000E+04    0.807806981674730E-02    0.223384415040180E+00
    0.273948000000000E+04    0.277676158854229E+01    0.222532983459093E+00
    0.273950000000000E+04    0.280566282598056E+01    0.222530994741608E+00
    0.274576000000000E+04    0.556485293689275E+01    0.221731458983905E+00
    0.274578000000000E+04    0.559372215975782E+01    0.221726129045329E+00
    0.275204000000000E+04    0.205303157428443E+01    0.220326894208543E+00
    0.275206000000000E+04    0.208184449099690E+01    0.220325426772746E+00
    0.275832000000000E+04    0.481435519409342E+01    0.219757408293085E+00
    0.275834000000000E+04    0.484314547748409E+01    0.219754631701365E+00
    0.276462000000000E+04    0.131590158207518E+01    0.220016346419274E+00
    0.276464000000000E+04    0.134470228744158E+01    0.220020402421629E+00
    0.277090000000000E+04    0.408222648495484E+01    0.220842967605898E+00
    0.277092000000000E+04    0.411106026225480E+01    0.220845258765935E+00
    0.277718000000000E+04    0.577962870475403E+00    0.222330891827833E+00
    0.277720000000000E+04    0.606856204504766E+00    0.222335531138688E+00
    0.278346000000000E+04    0.337185046322338E+01    0.222862870554326E+00
    0.278348000000000E+04    0.340076498169492E+01    0.222864138140913E+00
    0.278974000000000E+04    0.617160122004043E+01    0.223337118777738E+00
    0.278976000000000E+04    0.620053471991559E+01    0.223335907658183E+00
    0.279602000000000E+04    0.268422598968664E+01    0.222324218410748E+00
    0.279604000000000E+04    0.271311870425143E+01    0.222321941449588E+00
    0.280232000000000E+04    0.549788949272806E+01    0.221423625857295E+00
    0.280234000000000E+04    0.552674634456980E+01    0.221418153373516E+00
    0.280860000000000E+04    0.198258233665319E+01    0.220116640571692E+00
    0.280862000000000E+04    0.201138698106024E+01    0.220115707527285E+00
    0.281488000000000E+04    0.474223196589355E+01    0.219706893422316E+00
    0.281490000000000E+04    0.477102019864014E+01    0.219704810827960E+00
    0.282116000000000E+04    0.121593375815064E+01    0.220204413278177E+00
    0.282118000000000E+04    0.124474205445222E+01    0.220208969964339E+00
    0.282744000000000E+04    0.398524083041093E+01    0.221116426049070E+00
    0.282746000000000E+04    0.401408545428239E+01    0.221118940606504E+00
    0.283372000000000E+04    0.484519066522807E+00    0.222585669034257E+00
    0.283374000000000E+04    0.513422597744011E+00    0.222589848955723E+00
    0.284000000000000E+04    0.328059700562608E+01    0.222960374000656E+00
    0.284002000000000E+04    0.330951541862669E+01    0.222961201715684E+00
    0.284630000000000E+04    0.610940926571311E+01    0.223239889041251E+00
    0.284632000000000E+04    0.613833883930874E+01    0.223237908748664E+00
    0.285258000000000E+04    0.261969363560820E+01    0.222080268180569E+00
    0.285260000000000E+04    0.264857677903274E+01    0.222077783019723E+00
    0.285886000000000E+04    0.540107197513589E+01    0.221125559319699E+00
    0.285888000000000E+04    0.542991690677991E+01    0.221120083835169E+00
    0.286514000000000E+04    0.188260065451504E+01    0.219946007973829E+00
    0.286516000000000E+04    0.191139846894475E+01    0.219945663770177E+00
    0.287142000000000E+04    0.464118634586521E+01    0.219711995706062E+00
    0.287144000000000E+04    0.466997482771785E+01    0.219710625293052E+00
    0.287770000000000E+04    0.111642377536919E+01    0.220430253190539E+00
    0.287772000000000E+04    0.114524094934586E+01    0.220435195215894E+00
