    0.000000000000000E+00    0.190000000000000E+01    0.230000000000000E+00
    0.200000000000000E-01    0.192919998769240E+01    0.229999451095575E+00
    0.630000000000000E+01    0.481320288615350E+01    0.229580463872545E+00
    0.632000000000000E+01    0.484238609693570E+01    0.229577867454176E+00
    0.125800000000000E+02    0.140899950583945E+01    0.229735564016940E+00
    0.126000000000000E+02    0.143818887833022E+01    0.229738947485585E+00
    0.188600000000000E+02    0.429611738812677E+01    0.230338815330324E+00
    0.188800000000000E+02    0.432533100615202E+01    0.230340055986354E+00
    0.251400000000000E+02    0.909339719027727E+00    0.231647589630260E+00
    0.251600000000000E+02    0.938605711496137E+00    0.231653038161913E+00
    0.314200000000000E+02    0.382297135842023E+01    0.232629073207034E+00
    0.314400000000000E+02    0.385227657875294E+01    0.232631739530508E+00
    0.377000000000000E+02    0.466857845037346E+00    0.234076295297012E+00
    0.377200000000000E+02    0.496220989507819E+00    0.234080389631010E+00
    0.440000000000000E+02    0.343707169414336E+01    0.234563424298606E+00
    0.440200000000000E+02    0.346645423974292E+01    0.234564967258031E+00
    0.502800000000000E+02    0.102009137768547E+00    0.235359020996431E+00
    0.503000000000000E+02    0.131423606828349E+00    0.235359790195761E+00
    0.565600000000000E+02    0.305286122338305E+01    0.234953366403590E+00
    0.565800000000000E+02    0.308225928095547E+01    0.234952765210294E+00
    0.628400000000000E+02    0.600071726728345E+01    0.234833528231856E+00
    0.628600000000000E+02    0.603011056061641E+01    0.234830703643041E+00
    0.691200000000000E+02    0.265588188457018E+01    0.233606202292413E+00
    0.691400000000000E+02    0.268522606472473E+01    0.233603828636496E+00
    0.754000000000000E+02    0.558256786122571E+01    0.232754099963356E+00
    0.754200000000000E+02    0.561187794321168E+01    0.232748848695220E+00
    0.817000000000000E+02    0.223819759915207E+01    0.231255302242416E+00
    0.817200000000000E+02    0.226744774686429E+01    0.231253092633088E+00
    0.879800000000000E+02    0.513510153460331E+01    0.230362406591451E+00
    0.880000000000000E+02    0.516431593940064E+01    0.230357688338896E+00
    0.942600000000000E+02    0.173523513539254E+01    0.229618946164298E+00
    0.942800000000000E+02    0.176441978972775E+01    0.229619779027198E+00
    0.100540000000000E+03    0.461679792278338E+01    0.229577565443631E+00
    0.100560000000000E+03    0.464598108704485E+01    0.229576453532933E+00
    0.106820000000000E+03    0.121584256800898E+01    0.230233570231991E+00
    0.106840000000000E+03    0.124505195694150E+01    0.230238092705518E+00
    0.113100000000000E+03    0.411083977264897E+01    0.231086206202028E+00
    0.113120000000000E+03    0.414008327068433E+01    0.231088316000685E+00
    0.119400000000000E+03    0.764197023547212E+00    0.232572029312789E+00
    0.119420000000000E+03    0.793500003358503E+00    0.232577324534279E+00
    0.125680000000000E+03    0.368877135007605E+01    0.233452735239025E+00
    0.125700000000000E+03    0.371810950214990E+01    0.233455220389792E+00
    0.131960000000000E+03    0.342261197281204E+00    0.234727538240354E+00
    0.131980000000000E+03    0.371650378046610E+00    0.234730553336670E+00
    0.138240000000000E+03    0.328920280097660E+01    0.234909943338517E+00
    0.138260000000000E+03    0.331859911934265E+01    0.234910748593766E+00
    0.144520000000000E+03    0.623985838091028E+01    0.235382349104896E+00
    0.144540000000000E+03    0.626927371023339E+01    0.235381791376601E+00
    0.150800000000000E+03    0.290552800989005E+01    0.234650522566978E+00
    0.150820000000000E+03    0.293491397421158E+01    0.234649159258082E+00
    0.157080000000000E+03    0.584780257444092E+01    0.234222070700514E+00
    0.157100000000000E+03    0.587717139710259E+01    0.234218151901660E+00
    0.163380000000000E+03    0.252308270901906E+01    0.232801572633920E+00
    0.163400000000000E+03    0.255239470036813E+01    0.232798952311022E+00
    0.169660000000000E+03    0.543894051912014E+01    0.231826750923350E+00
    0.169680000000000E+03    0.546821350008753E+01    0.231821265660505E+00
    0.175940000000000E+03    0.205419998193867E+01    0.230475891616243E+00
    0.175960000000000E+03    0.208341895519925E+01    0.230474478377499E+00
    0.182220000000000E+03    0.494267812293930E+01    0.229809507490690E+00
    0.182240000000000E+03    0.497187054670144E+01    0.229805858861504E+00
    0.188500000000000E+03    0.153879819527913E+01    0.229554371284504E+00
    0.188520000000000E+03    0.156798034346008E+01    0.229556677454042E+00
    0.194780000000000E+03    0.442197065745484E+01    0.229896958323114E+00
    0.194800000000000E+03    0.445116658692729E+01    0.229897259592231E+00
    0.201080000000000E+03    0.105713163086068E+01    0.230973538262926E+00
    0.201100000000000E+03    0.108637066455128E+01    0.230978767964599E+00
    0.207360000000000E+03    0.396224143860564E+01    0.231948550620010E+00
    0.207380000000000E+03    0.399151944596019E+01    0.231951137797009E+00
    0.213640000000000E+03    0.597718417209137E+00    0.233460981176034E+00
    0.213660000000000E+03    0.627056956897718E+00    0.233465724602530E+00
    0.219920000000000E+03    0.353216142388686E+01    0.234146658406919E+00
    0.219940000000000E+03    0.356152731495450E+01    0.234148679604125E+00
    0.226200000000000E+03    0.193088182477993E+00    0.235171550588509E+00
    0.226220000000000E+03    0.222495145399137E+00    0.235173346842097E+00
    0.232480000000000E+03    0.314338732131711E+01    0.235026205927298E+00
    0.232500000000000E+03    0.317278831678817E+01    0.235026211505997E+00
    0.238780000000000E+03    0.612303156342779E+01    0.235162282191411E+00
    0.238800000000000E+03    0.615243805918283E+01    0.235160397826117E+00
    0.245060000000000E+03    0.278378955666017E+01    0.234132486562043E+00
    0.245080000000000E+03    0.281315479741272E+01    0.234130492318164E+00
    0.251340000000000E+03    0.571801530167494E+01    0.233437300129291E+00
    0.251360000000000E+03    0.574735271905320E+01    0.233432493712740E+00
    0.257620000000000E+03    0.235318883640417E+01    0.231928503577887E+00
    0.257640000000000E+03    0.238246590691955E+01    0.231925957995797E+00
    0.263900000000000E+03    0.525804320000327E+01    0.230950348725193E+00
    0.263920000000000E+03    0.528728113459425E+01    0.230945110246593E+00
    0.270180000000000E+03    0.186377511805773E+01    0.229888582986693E+00
    0.270200000000000E+03    0.189297063485913E+01    0.229888328885601E+00
    0.276480000000000E+03    0.477608072506757E+01    0.229549786647783E+00
    0.276500000000000E+03    0.480526280210574E+01    0.229547522001532E+00
    0.282760000000000E+03    0.137226413397508E+01    0.229823078632840E+00
    0.282780000000000E+03    0.140145707228129E+01    0.229826749837124E+00
    0.289040000000000E+03    0.426090644284341E+01    0.230491693214587E+00
    0.289060000000000E+03    0.429012617637454E+01    0.230493166639723E+00
    0.295320000000000E+03    0.876463238481676E+00    0.231853011450941E+00
    0.295340000000000E+03    0.905737455129895E+00    0.231858466693169E+00
    0.301600000000000E+03    0.379259125451642E+01    0.232821676862176E+00
    0.301620000000000E+03    0.382190417509946E+01    0.232824329972518E+00
    0.307880000000000E+03    0.438784415453483E+00    0.234238319239028E+00
    0.307900000000000E+03    0.468154037975125E+00    0.234242189624862E+00
    0.314160000000000E+03    0.338121057638068E+01    0.234659173485461E+00
    0.314180000000000E+03    0.341059694070657E+01    0.234660546430282E+00
    0.320460000000000E+03    0.763684328977661E-01    0.235385200645386E+00
    0.320480000000000E+03    0.105783999290679E+00    0.235385661615359E+00
    0.326740000000000E+03    0.302704227235114E+01    0.234905462599453E+00
    0.326760000000000E+03    0.305643846877081E+01    0.234904681721498E+00
    0.333020000000000E+03    0.597389692614729E+01    0.234713975506643E+00
    0.333040000000000E+03    0.600328543012915E+01    0.234710884855760E+00
    0.339300000000000E+03    0.262717047961831E+01    0.233437169912556E+00
    0.339320000000000E+03    0.265650787066176E+01    0.233434714137975E+00
    0.345580000000000E+03    0.555150964075574E+01    0.232547905290377E+00
    0.345600000000000E+03    0.558081150509418E+01    0.232542561305101E+00
    0.351860000000000E+03    0.217535614111080E+01    0.231071641594435E+00
    0.351880000000000E+03    0.220459896280261E+01    0.231069563562921E+00
    0.358160000000000E+03    0.509940697641707E+01    0.230215698144264E+00
    0.358180000000000E+03    0.512861558911698E+01    0.230211186137816E+00
    0.364440000000000E+03    0.169834594048268E+01    0.229578092300992E+00
    0.364460000000000E+03    0.172752906547169E+01    0.229579255725123E+00
    0.370720000000000E+03    0.457992904127150E+01    0.229623275390409E+00
    0.370740000000000E+03    0.460911396702636E+01    0.229622491045714E+00
    0.377000000000000E+03    0.118024477675181E+01    0.230382621086432E+00
    0.377020000000000E+03    0.120946016664948E+01    0.230387345285186E+00
    0.383280000000000E+03    0.407737612620713E+01    0.231274097134642E+00
    0.383300000000000E+03    0.410662712536180E+01    0.231276347496798E+00
    0.389560000000000E+03    0.703997421981740E+00    0.232773852684877E+00
    0.389580000000000E+03    0.733308534329467E+00    0.232779072816904E+00
    0.395860000000000E+03    0.366025400218768E+01    0.233624256171542E+00
    0.395880000000000E+03    0.368959884943774E+01    0.233626676322953E+00
    0.402140000000000E+03    0.315595688889061E+00    0.234846243734687E+00
    0.402160000000000E+03    0.344989475529701E+00    0.234848948067315E+00
    0.408420000000000E+03    0.326352575692965E+01    0.234955562836583E+00
    0.408440000000000E+03    0.329292397596100E+01    0.234956204616562E+00
    0.414700000000000E+03    0.621437409713303E+01    0.235354759504128E+00
    0.414720000000000E+03    0.624378827787461E+01    0.235353901813251E+00
    0.420980000000000E+03    0.287918589420303E+01    0.234552509598101E+00
    0.421000000000000E+03    0.290856791721842E+01    0.234551000439495E+00
    0.427260000000000E+03    0.581987595782846E+01    0.234060971069183E+00
    0.427280000000000E+03    0.584923838181908E+01    0.234056829535186E+00
    0.433540000000000E+03    0.246353988464875E+01    0.232612858616964E+00
    0.433560000000000E+03    0.249284425276505E+01    0.232610211194602E+00
    0.439840000000000E+03    0.540619800136642E+01    0.231621999424810E+00
    0.439860000000000E+03    0.543546283658532E+01    0.231616519385376E+00
    0.446120000000000E+03    0.201916626247510E+01    0.230325434521651E+00
    0.446140000000000E+03    0.204837924839046E+01    0.230324248339299E+00
    0.452400000000000E+03    0.490613724072216E+01    0.229724016148582E+00
    0.452420000000000E+03    0.493532616002517E+01    0.229720654140390E+00
    0.458680000000000E+03    0.150191981313321E+01    0.229587358720905E+00
    0.458700000000000E+03    0.153110334822247E+01    0.229589993699576E+00
    0.464960000000000E+03    0.438601345874372E+01    0.230009191871023E+00
    0.464980000000000E+03    0.441521382015446E+01    0.230009777030128E+00
    0.471240000000000E+03    0.993888731930952E+00    0.231157225788987E+00
    0.471260000000000E+03    0.102313518445624E+01    0.231162557899114E+00
    0.477540000000000E+03    0.393069584637078E+01    0.232147044021163E+00
    0.477560000000000E+03    0.395998168675646E+01    0.232149685778165E+00
    0.483820000000000E+03    0.568625323329343E+00    0.233646792839543E+00
    0.483840000000000E+03    0.597971101433814E+00    0.233651319168427E+00
    0.490100000000000E+03    0.350501468997993E+01    0.234276741611289E+00
    0.490120000000000E+03    0.353438578991506E+01    0.234278641468324E+00
    0.496380000000000E+03    0.167247410068626E+00    0.235238777477736E+00
    0.496400000000000E+03    0.196657000193454E+00    0.235240279520392E+00
    0.502660000000000E+03    0.311784912146743E+01    0.235017393414047E+00
    0.502680000000000E+03    0.314724977533967E+01    0.235017224548662E+00
    0.508940000000000E+03    0.606757350473822E+01    0.235081790710996E+00
    0.508960000000000E+03    0.609697678265093E+01    0.235079648595930E+00
    0.515240000000000E+03    0.275623239195056E+01    0.233988814220945E+00
    0.515260000000000E+03    0.278559182016386E+01    0.233986698692582E+00
    0.521520000000000E+03    0.568833267175910E+01    0.233241510291964E+00
    0.521540000000000E+03    0.571766229038406E+01    0.233236545881446E+00
    0.527800000000000E+03    0.232095071490471E+01    0.231729437401433E+00
    0.527820000000000E+03    0.235021982767705E+01    0.231726966668377E+00
    0.534080000000000E+03    0.522339402078978E+01    0.230767468268477E+00
    0.534100000000000E+03    0.525262464413970E+01    0.230762345647258E+00
    0.540360000000000E+03    0.182731296161694E+01    0.229791318876361E+00
    0.540380000000000E+03    0.185650460900558E+01    0.229791369651498E+00
    0.546640000000000E+03    0.470970978684159E+01    0.229537275048277E+00
    0.546660000000000E+03    0.473889122348055E+01    0.229535330971526E+00
    0.552940000000000E+03    0.133564076327400E+01    0.229924912390841E+00
    0.552960000000000E+03    0.136483787144346E+01    0.229928857849840E+00
    0.559220000000000E+03    0.422597136784043E+01    0.230654050591308E+00
    0.559240000000000E+03    0.425519755175515E+01    0.230655732295438E+00
    0.565500000000000E+03    0.843885620681817E+00    0.232059751263630E+00
    0.565520000000000E+03    0.873167896982523E+00    0.232065161037212E+00
    0.571780000000000E+03    0.376245704366295E+01    0.233007766396729E+00
    0.571800000000000E+03    0.379177740994692E+01    0.233010391480401E+00
    0.578060000000000E+03    0.410842608687403E+00    0.234388604216896E+00
    0.578080000000000E+03    0.440218231608355E+00    0.234392235791995E+00
    0.584340000000000E+03    0.335470032045498E+01    0.234742235749464E+00
    0.584360000000000E+03    0.338409001094726E+01    0.234743452352856E+00
    0.590620000000000E+03    0.211005507937898E-01    0.235396825536909E+00
    0.590640000000000E+03    0.505164610738120E-01    0.235397014315361E+00
    0.596920000000000E+03    0.300076575640651E+01    0.234840586093873E+00
    0.596940000000000E+03    0.303015929531637E+01    0.234839633180853E+00
    0.603200000000000E+03    0.594637285110571E+01    0.234576300974934E+00
    0.603220000000000E+03    0.597575588129939E+01    0.234572946086745E+00
    0.609480000000000E+03    0.259756464516158E+01    0.233253520331842E+00
    0.609500000000000E+03    0.262689469508700E+01    0.233251002935697E+00
    0.615760000000000E+03    0.551941050699838E+01    0.232332421706304E+00
    0.615780000000000E+03    0.554870372067421E+01    0.232327004324275E+00
    0.622040000000000E+03    0.214062482710278E+01    0.230883579901949E+00
    0.622060000000000E+03    0.216986012136624E+01    0.230881674831097E+00
    0.628320000000000E+03    0.503337531282898E+01    0.230078995081336E+00
    0.628340000000000E+03    0.506257838651538E+01    0.230074709931970E+00
    0.634620000000000E+03    0.166037605298345E+01    0.229546824704413E+00
    0.634640000000000E+03    0.168955795960551E+01    0.229548330271049E+00
    0.640900000000000E+03    0.454214731340255E+01    0.229681744539942E+00
    0.640920000000000E+03    0.457133459683234E+01    0.229681294268770E+00
    0.647180000000000E+03    0.114385176071448E+01    0.230541153573871E+00
    0.647200000000000E+03    0.117307335145063E+01    0.230546043590423E+00
    0.653460000000000E+03    0.404318776942534E+01    0.231466081405887E+00
    0.653480000000000E+03    0.407244645746880E+01    0.231468457242708E+00
    0.659740000000000E+03    0.672388153428869E+00    0.232977447080058E+00
    0.659760000000000E+03    0.701707399937050E+00    0.232982549169588E+00
    0.666020000000000E+03    0.360157179573457E+01    0.233782482609007E+00
    0.666040000000000E+03    0.363092306484953E+01    0.233784780072874E+00
    0.672320000000000E+03    0.288038725084562E+00    0.234952591441340E+00
    0.672340000000000E+03    0.317436920862633E+00    0.234955052356981E+00
    0.678600000000000E+03    0.323680911488759E+01    0.234987697847952E+00
    0.678620000000000E+03    0.326620863478377E+01    0.234988151480243E+00
    0.684880000000000E+03    0.618761753811714E+01    0.235308057629708E+00
    0.684900000000000E+03    0.621702988907498E+01    0.235306887135046E+00
    0.691160000000000E+03    0.285134899098614E+01    0.234435591642630E+00
    0.691180000000000E+03    0.288072632336412E+01    0.234433920822850E+00
    0.697440000000000E+03    0.579019214609525E+01    0.233878393197720E+00
    0.697460000000000E+03    0.581954725572234E+01    0.233874002107035E+00
    0.703720000000000E+03    0.243131474166512E+01    0.232403647236057E+00
    0.703740000000000E+03    0.246061078981211E+01    0.232401012854516E+00
    0.710000000000000E+03    0.534207814739102E+01    0.231413613913061E+00
    0.710020000000000E+03    0.537133470260596E+01    0.231408184416875E+00
    0.716300000000000E+03    0.198191511157734E+01    0.230173778539961E+00
    0.716320000000000E+03    0.201112198451074E+01    0.230172853158125E+00
    0.722580000000000E+03    0.486742282486148E+01    0.229645584775406E+00
    0.722600000000000E+03    0.489660862987716E+01    0.229642540559188E+00
    0.728860000000000E+03    0.146300199153393E+01    0.229633289641834E+00
    0.728880000000000E+03    0.149218737336696E+01    0.229636252617750E+00
    0.735140000000000E+03    0.434818936620400E+01    0.230135633297397E+00
    0.735160000000000E+03    0.437739482795018E+01    0.230136509694273E+00
    0.741420000000000E+03    0.958205672088297E+00    0.231358070312156E+00
    0.741440000000000E+03    0.987460097902158E+00    0.231363471448108E+00
    0.747700000000000E+03    0.386824882345445E+01    0.232346998615456E+00
    0.747720000000000E+03    0.389754274009897E+01    0.232349651204775E+00
    0.754000000000000E+03    0.538037110217829E+00    0.233832054225207E+00
    0.754020000000000E+03    0.567390557972885E+00    0.233836419417973E+00
    0.760280000000000E+03    0.347638367373838E+01    0.234403082640127E+00
    0.760300000000000E+03    0.350575978621850E+01    0.234404835788622E+00
    0.766560000000000E+03    0.139812514648156E+00    0.235294442430709E+00
    0.766580000000000E+03    0.169224342654843E+00    0.235295632887463E+00
    0.772840000000000E+03    0.309057306039358E+01    0.234994201491895E+00
    0.772860000000000E+03    0.311997281206709E+01    0.234993838816026E+00
    0.779120000000000E+03    0.603954467864560E+01    0.234978513521134E+00
    0.779140000000000E+03    0.606894378918719E+01    0.234976074790293E+00
    0.785400000000000E+03    0.269710208586616E+01    0.233827067672466E+00
    0.785420000000000E+03    0.272645511816927E+01    0.233824822022344E+00
    0.791700000000000E+03    0.565623350324245E+01    0.233028523770633E+00
    0.791720000000000E+03    0.568555456725448E+01    0.233023407590177E+00
    0.797980000000000E+03    0.228607970495568E+01    0.231518432347075E+00
    0.798000000000000E+03    0.231534031468595E+01    0.231516065223589E+00
    0.804260000000000E+03    0.518603553904268E+01    0.230581804523832E+00
    0.804280000000000E+03    0.521525883608501E+01    0.230576842620960E+00
    0.810540000000000E+03    0.178816903653978E+01    0.229702192909498E+00
    0.810560000000000E+03    0.181735708698488E+01    0.229702571759877E+00
    0.816820000000000E+03    0.467000227260587E+01    0.229538546556864E+00
    0.816840000000000E+03    0.469918381073285E+01    0.229536963279962E+00
    0.823100000000000E+03    0.126755468807733E+01    0.230043197175737E+00
    0.823120000000000E+03    0.129675648721877E+01    0.230047407949462E+00
    0.829400000000000E+03    0.418897740912371E+01    0.230833210209886E+00
    0.829420000000000E+03    0.421821078350399E+01    0.230835100337717E+00
    0.835680000000000E+03    0.809529041187261E+00    0.232278906105015E+00
    0.835700000000000E+03    0.838820314680788E+00    0.232284300644086E+00
    0.841960000000000E+03    0.373071354750573E+01    0.233203082063903E+00
    0.841980000000000E+03    0.376004166481084E+01    0.233205655732896E+00
    0.848240000000000E+03    0.381344948958713E+00    0.234539807057936E+00
    0.848260000000000E+03    0.410726781798530E+00    0.234543162048617E+00
    0.854520000000000E+03    0.332665272683107E+01    0.234822378605247E+00
    0.854540000000000E+03    0.335604572819511E+01    0.234823455924583E+00
    0.860800000000000E+03    0.627681507027546E+01    0.235398818143785E+00
    0.860820000000000E+03    0.230455575867836E-01    0.235398672450028E+00
    0.867080000000000E+03    0.294337814827350E+01    0.234765434301250E+00
    0.867100000000000E+03    0.297276873096030E+01    0.234764294075924E+00
    0.873380000000000E+03    0.591701919203888E+01    0.234426856092532E+00
    0.873400000000000E+03    0.594639624732895E+01    0.234423231088970E+00
    0.879660000000000E+03    0.256595648365555E+01    0.233058775239661E+00
    0.879680000000000E+03    0.259527870018860E+01    0.233056201305715E+00
    0.885940000000000E+03    0.548521325521551E+01    0.232110328241303E+00
    0.885960000000000E+03    0.551449767215263E+01    0.232104867616088E+00
    0.892220000000000E+03    0.210381346785152E+01    0.230699822002958E+00
    0.892240000000000E+03    0.213304141794288E+01    0.230698110950284E+00
    0.898500000000000E+03    0.499458927218848E+01    0.229951113955403E+00
    0.898520000000000E+03    0.502378725057656E+01    0.229947094474287E+00
    0.904780000000000E+03    0.159151645565794E+01    0.229536589974280E+00
    0.904800000000000E+03    0.162069789359430E+01    0.229538440055376E+00
    0.911080000000000E+03    0.450292222362191E+01    0.229763864400562E+00
    0.911100000000000E+03    0.453211281548420E+01    0.229763755234625E+00
    0.917360000000000E+03    0.110638263337228E+01    0.230722917338943E+00
    0.917380000000000E+03    0.113561163841382E+01    0.230727980888844E+00
    0.923640000000000E+03    0.400818462180405E+01    0.231674253997655E+00
    0.923660000000000E+03    0.403745165087344E+01    0.231676737107572E+00
    0.929920000000000E+03    0.640128715156834E+00    0.233191589535397E+00
    0.929940000000000E+03    0.669456482652322E+00    0.233196548320539E+00
    0.936200000000000E+03    0.357165920153943E+01    0.233947164006108E+00
    0.936220000000000E+03    0.360101711087691E+01    0.233949347071565E+00
    0.942480000000000E+03    0.230509909221610E+00    0.235055063152232E+00
    0.942500000000000E+03    0.259912258116856E+00    0.235057251292659E+00
    0.948780000000000E+03    0.320946720726306E+01    0.235013554650261E+00
    0.948800000000000E+03    0.323886769806472E+01    0.235013824536124E+00
    0.955060000000000E+03    0.616013498398547E+01    0.235253190244586E+00
    0.955080000000000E+03    0.618954508708134E+01    0.235251712718356E+00
    0.961340000000000E+03    0.282266286779873E+01    0.234310287987181E+00
    0.961360000000000E+03    0.285203522481243E+01    0.234308470358999E+00
    0.967620000000000E+03    0.575956343798475E+01    0.233690825867477E+00
    0.967640000000000E+03    0.578891100660985E+01    0.233686264779729E+00
    0.973900000000000E+03    0.239813056688718E+01    0.232197915269139E+00
    0.973920000000000E+03    0.242741842543683E+01    0.232195307166094E+00
    0.980180000000000E+03    0.530630522368619E+01    0.231208175296762E+00
    0.980200000000000E+03    0.533555348365439E+01    0.231202803010475E+00
    0.986480000000000E+03    0.194390921694412E+01    0.230040355499287E+00
    0.986500000000000E+03    0.197311068116392E+01    0.230039715515262E+00
    0.992760000000000E+03    0.482823699392884E+01    0.229592382141655E+00
    0.992780000000000E+03    0.485742070108063E+01    0.229589671232062E+00
    0.999040000000000E+03    0.142393063734949E+01    0.229705105658178E+00
    0.999060000000000E+03    0.145311886687750E+01    0.229708387106895E+00
    0.100532000000000E+04    0.431049767421678E+01    0.230282759674292E+00
    0.100534000000000E+04    0.433970902005967E+01    0.230283907656586E+00
    0.101160000000000E+04    0.922854780860234E+00    0.231570714782479E+00
    0.101162000000000E+04    0.952117708460491E+00    0.231576157081372E+00
    0.101788000000000E+04    0.383553893742283E+01    0.232555090383796E+00
    0.101790000000000E+04    0.386484119384500E+01    0.232557756055640E+00
    0.102416000000000E+04    0.478527312997130E+00    0.234012081193279E+00
    0.102418000000000E+04    0.507887897560295E+00    0.234016253148398E+00
    0.103046000000000E+04    0.344809070389488E+01    0.234522656837859E+00
    0.103048000000000E+04    0.347747154183503E+01    0.234524257498318E+00
    0.103674000000000E+04    0.112621681062137E+00    0.235342358717410E+00
    0.103676000000000E+04    0.142035434350646E+00    0.235343233381353E+00
    0.104302000000000E+04    0.306343556213301E+01    0.234963072043434E+00
    0.104304000000000E+04    0.309283404915709E+01    0.234962528546610E+00
    0.104930000000000E+04    0.601157189469518E+01    0.234869714209915E+00
    0.104932000000000E+04    0.604096664573467E+01    0.234866985630657E+00
    0.105558000000000E+04    0.266733173250418E+01    0.233661108391393E+00
    0.105560000000000E+04    0.269667811398267E+01    0.233658761229483E+00
    0.106186000000000E+04    0.559479386259022E+01    0.232822826912577E+00
    0.106188000000000E+04    0.562410667422910E+01    0.232817611929596E+00
    0.106816000000000E+04    0.225128251337514E+01    0.231318523291835E+00
    0.106818000000000E+04    0.228053515764987E+01    0.231316279264181E+00
    0.107444000000000E+04    0.514891419074365E+01    0.230413682090169E+00
    0.107446000000000E+04    0.517813075582740E+01    0.230408897599688E+00
    0.108072000000000E+04    0.174950284182796E+01    0.229635284270905E+00
    0.108074000000000E+04    0.177868819013838E+01    0.229636000091271E+00
    0.108700000000000E+04    0.463106507621637E+01    0.229562435680576E+00
    0.108702000000000E+04    0.466024759507422E+01    0.229561204542641E+00
    0.109328000000000E+04    0.122968211693933E+01    0.230181705618783E+00
    0.109330000000000E+04    0.125888946615146E+01    0.230186155574501E+00
    0.109956000000000E+04    0.412394215310587E+01    0.231019888088855E+00
    0.109958000000000E+04    0.415318301076240E+01    0.231021944751321E+00
    0.110586000000000E+04    0.776389870486810E+00    0.232498199936344E+00
    0.110588000000000E+04    0.805689902478889E+00    0.232503524573170E+00
    0.111214000000000E+04    0.370011341651525E+01    0.233390337741229E+00
    0.111216000000000E+04    0.372944906859584E+01    0.233392847282283E+00
    0.111842000000000E+04    0.352893339989123E+00    0.234680950901879E+00
    0.111844000000000E+04    0.382280699365310E+00    0.234684054180860E+00
    0.112470000000000E+04    0.329943573470837E+01    0.234888203725764E+00
    0.112472000000000E+04    0.332883121742520E+01    0.234889070049411E+00
    0.113098000000000E+04    0.624997462252963E+01    0.235386332533870E+00
    0.113100000000000E+04    0.627939010833416E+01    0.235385877182067E+00
    0.113726000000000E+04    0.291586630592042E+01    0.234678884415620E+00
    0.113728000000000E+04    0.294525342680117E+01    0.234677571921295E+00
    0.114354000000000E+04    0.585863165948876E+01    0.234273216001335E+00
    0.114356000000000E+04    0.588800253741397E+01    0.234269371581329E+00
    0.114984000000000E+04    0.253465698750597E+01    0.232864287808691E+00
    0.114986000000000E+04    0.256397148372139E+01    0.232861676610581E+00
    0.115612000000000E+04    0.545133613397434E+01    0.231894735163173E+00
    0.115614000000000E+04    0.548061182705783E+01    0.231889250768186E+00
    0.116240000000000E+04    0.206737639154699E+01    0.230527668137166E+00
    0.116242000000000E+04    0.209659743526890E+01    0.230526180066949E+00
    0.116868000000000E+04    0.495637678236267E+01    0.229840092938364E+00
    0.116870000000000E+04    0.498557043217852E+01    0.229836350346914E+00
    0.117496000000000E+04    0.155264148898777E+01    0.229545729704051E+00
    0.117498000000000E+04    0.158182329073088E+01    0.229547925241292E+00
    0.118124000000000E+04    0.443552795350388E+01    0.229860527459204E+00
    0.118126000000000E+04    0.446472242287382E+01    0.229860728224158E+00
    0.118754000000000E+04    0.107003378265358E+01    0.230909677942387E+00
    0.118756000000000E+04    0.109927026110063E+01    0.230914871177458E+00
    0.119382000000000E+04    0.397430944352459E+01    0.231880010706350E+00
    0.119384000000000E+04    0.400358470809010E+01    0.231882576608821E+00
    0.120010000000000E+04    0.608912549688284E+00    0.233394850739690E+00
    0.120012000000000E+04    0.638248444919100E+00    0.233399648848020E+00
    0.120638000000000E+04    0.354264271622992E+01    0.234098049394712E+00
    0.120640000000000E+04    0.357200666353356E+01    0.234100112128718E+00
    0.121266000000000E+04    0.203067243478017E+00    0.235143564298213E+00
    0.121268000000000E+04    0.232473093031103E+00    0.235145455866291E+00
    0.121894000000000E+04    0.315318799058764E+01    0.235023241867801E+00
    0.121896000000000E+04    0.318258887032744E+01    0.235023307321794E+00
    0.122524000000000E+04    0.613293791086812E+01    0.235184381047846E+00
    0.122526000000000E+04    0.616234529045619E+01    0.235182592040616E+00
    0.123152000000000E+04    0.279412323085717E+01    0.234175163684846E+00
    0.123154000000000E+04    0.282349017883257E+01    0.234173211285518E+00
    0.123780000000000E+04    0.572898753986692E+01    0.233497500614200E+00
    0.123782000000000E+04    0.575832736555117E+01    0.233492749476189E+00
    0.124408000000000E+04    0.236496137223389E+01    0.231991480095954E+00
    0.124410000000000E+04    0.239424096024004E+01    0.231988915032745E+00
    0.125036000000000E+04    0.527058406701485E+01    0.231009296876159E+00
    0.125038000000000E+04    0.529982435714669E+01    0.231004023797760E+00
    0.125664000000000E+04    0.187691408809974E+01    0.229921359946071E+00
    0.125666000000000E+04    0.190611089809317E+01    0.229921011020019E+00
    0.126294000000000E+04    0.478946742314361E+01    0.229555737335764E+00
    0.126296000000000E+04    0.481864974917426E+01    0.229553366034425E+00
    0.126922000000000E+04    0.138548432819971E+01    0.229791303442165E+00
    0.126924000000000E+04    0.141467599378439E+01    0.229794884759835E+00
    0.127550000000000E+04    0.427358582198303E+01    0.230438817325437E+00
    0.127552000000000E+04    0.430280342308993E+01    0.230440215658131E+00
    0.128178000000000E+04    0.888348828117159E+00    0.231783984548696E+00
    0.128180000000000E+04    0.917620285753173E+00    0.231789440737958E+00
    0.128806000000000E+04    0.380363979860249E+01    0.232757271656362E+00
    0.128808000000000E+04    0.383295014252576E+01    0.232759930792507E+00
    0.129434000000000E+04    0.449064887020086E+00    0.234184442507232E+00
    0.129436000000000E+04    0.478432356302619E+00    0.234188385834882E+00
    0.130062000000000E+04    0.339095823768116E+01    0.234626562374720E+00
    0.130064000000000E+04    0.342034327775582E+01    0.234627986624116E+00
    0.130692000000000E+04    0.858259009080484E-01    0.235374942903430E+00
    0.130694000000000E+04    0.115241137563999E+00    0.235375483834535E+00
    0.131320000000000E+04    0.303655301221738E+01    0.234920804702146E+00
    0.131322000000000E+04    0.306594988412394E+01    0.234920123054715E+00
    0.131948000000000E+04    0.598374883632823E+01    0.234753320946589E+00
    0.131950000000000E+04    0.601313901705339E+01    0.234750306009237E+00
    0.132576000000000E+04    0.263763107084537E+01    0.233490054259410E+00
    0.132578000000000E+04    0.266697058823206E+01    0.233487622963330E+00
    0.133204000000000E+04    0.556274211986079E+01    0.232610447608309E+00
    0.133206000000000E+04    0.559204669074961E+01    0.232605129215276E+00
    0.133832000000000E+04    0.218743272442453E+01    0.231131579528231E+00
    0.133834000000000E+04    0.221667793225674E+01    0.231129458827988E+00
    0.134462000000000E+04    0.511214886313155E+01    0.230262097060156E+00
    0.134464000000000E+04    0.514135925792425E+01    0.230257514406208E+00
    0.135090000000000E+04    0.171144978817892E+01    0.229589295431427E+00
    0.135092000000000E+04    0.174063338680230E+01    0.229590356624391E+00
    0.135718000000000E+04    0.459300590853650E+01    0.229606636181309E+00
    0.135720000000000E+04    0.462219012915693E+01    0.229605743407792E+00
    0.136346000000000E+04    0.119287821833609E+01    0.230333037843269E+00
    0.136348000000000E+04    0.122209165903587E+01    0.230337699423813E+00
    0.136974000000000E+04    0.408934157145268E+01    0.231214001625749E+00
    0.136976000000000E+04    0.411859018928658E+01    0.231216211679987E+00
    0.137602000000000E+04    0.715136345712381E+00    0.232707560157450E+00
    0.137604000000000E+04    0.744444719228341E+00    0.232712800279519E+00
    0.138232000000000E+04    0.367063321122100E+01    0.233569935988507E+00
    0.138234000000000E+04    0.369997607751998E+01    0.233572380507916E+00
    0.138860000000000E+04    0.325432451277493E+00    0.234810787140446E+00
    0.138862000000000E+04    0.354824944565962E+00    0.234813613643143E+00
    0.139488000000000E+04    0.327308169178468E+01    0.234943710891234E+00
    0.139490000000000E+04    0.330247942705319E+01    0.234944403251036E+00
    0.140116000000000E+04    0.622391840806040E+01    0.235367354678338E+00
    0.140118000000000E+04    0.625333312728526E+01    0.235366596462371E+00
    0.140744000000000E+04    0.288904369426473E+01    0.234587360073199E+00
    0.140746000000000E+04    0.291842709890170E+01    0.234585889418568E+00
    0.141372000000000E+04    0.583026202279962E+01    0.234115045455872E+00
    0.141374000000000E+04    0.585962658671497E+01    0.234110973884005E+00
    0.142000000000000E+04    0.247471058609790E+01    0.232676979847138E+00
    0.142002000000000E+04    0.250401757025065E+01    0.232674340203380E+00
    0.142630000000000E+04    0.541821001658491E+01    0.231689914516472E+00
    0.142632000000000E+04    0.544747752744161E+01    0.231684427357566E+00
    0.143258000000000E+04    0.203192950324910E+01    0.230374551582480E+00
    0.143260000000000E+04    0.206114444673995E+01    0.230373291220508E+00
    0.143886000000000E+04    0.491938017337634E+01    0.229750837468527E+00
    0.143888000000000E+04    0.494857013414185E+01    0.229747376025156E+00
    0.144514000000000E+04    0.151525244716504E+01    0.229575263117428E+00
    0.144516000000000E+04    0.154443552829935E+01    0.229577793617865E+00
    0.145142000000000E+04    0.439904460023263E+01    0.229972205550511E+00
    0.145144000000000E+04    0.442824347744090E+01    0.229972701103979E+00
    0.145770000000000E+04    0.100625240781937E+01    0.231095117051209E+00
    0.145772000000000E+04    0.103549628958399E+01    0.231100417393860E+00
    0.146400000000000E+04    0.394225536070962E+01    0.232082989876213E+00
    0.146402000000000E+04    0.397153876028779E+01    0.232085620409825E+00
    0.147028000000000E+04    0.579423352242884E+00    0.233587566388620E+00
    0.147030000000000E+04    0.608766925231976E+00    0.233592181730615E+00
    0.147656000000000E+04    0.351521478262111E+01    0.234237433446184E+00
    0.147658000000000E+04    0.354458432233150E+01    0.234239380473393E+00
    0.148284000000000E+04    0.177064381373384E+00    0.235220483251322E+00
    0.148286000000000E+04    0.206473253928380E+00    0.235222078762189E+00
    0.148912000000000E+04    0.312760211315981E+01    0.235023425664268E+00
    0.148914000000000E+04    0.315700300906701E+01    0.235023311216163E+00
    0.149540000000000E+04    0.607754008659776E+01    0.235112275887318E+00
    0.149542000000000E+04    0.610694458184753E+01    0.235110228667814E+00
    0.150170000000000E+04    0.276672868084825E+01    0.234041053735040E+00
    0.150172000000000E+04    0.279609003003588E+01    0.234038995538431E+00
    0.150798000000000E+04    0.569953415807504E+01    0.233306477242773E+00
    0.150800000000000E+04    0.572886639377339E+01    0.233301570859144E+00
    0.151426000000000E+04    0.233296336683270E+01    0.231793892137233E+00
    0.151428000000000E+04    0.236223489145414E+01    0.231791416999243E+00
    0.152054000000000E+04    0.523619446454768E+01    0.230827672259252E+00
    0.152056000000000E+04    0.526542750923409E+01    0.230822509558557E+00
    0.152682000000000E+04    0.184069254284395E+01    0.229822109724058E+00
    0.152684000000000E+04    0.186988531501038E+01    0.229822051894840E+00
    0.153310000000000E+04    0.472329914732654E+01    0.229539880598362E+00
    0.153312000000000E+04    0.475248076449179E+01    0.229537831502986E+00
    0.153940000000000E+04    0.134904043879942E+01    0.229890469596050E+00
    0.153942000000000E+04    0.137823612942384E+01    0.229894326655527E+00
    0.154568000000000E+04    0.423880075617490E+01    0.230600129275676E+00
    0.154570000000000E+04    0.426802483496158E+01    0.230601749481699E+00
    0.155196000000000E+04    0.855972244685290E+00    0.231993089711949E+00
    0.155198000000000E+04    0.885252056914396E+00    0.231998535844366E+00
    0.155824000000000E+04    0.377377051018493E+01    0.232948617036512E+00
    0.155826000000000E+04    0.380308849996527E+01    0.232951251423547E+00
    0.156452000000000E+04    0.421460472555736E+00    0.234341445260140E+00
    0.156454000000000E+04    0.450834247015337E+00    0.234345157994207E+00
    0.157080000000000E+04    0.336488617813393E+01    0.234718675282415E+00
    0.157082000000000E+04    0.339427475724324E+01    0.234719959217996E+00
    0.157708000000000E+04    0.310615315479481E-01    0.235393940387899E+00
    0.157710000000000E+04    0.604772982114810E-01    0.235394231544404E+00
    0.158338000000000E+04    0.301087421001148E+01    0.234863282889412E+00
    0.158340000000000E+04    0.304026871030010E+01    0.234862403413178E+00
    0.158966000000000E+04    0.595692860350982E+01    0.234623819814760E+00
    0.158968000000000E+04    0.598631350745836E+01    0.234620555401712E+00
    0.159594000000000E+04    0.260882460982839E+01    0.233315815883028E+00
    0.159596000000000E+04    0.263815716952649E+01    0.233313327631786E+00
    0.160222000000000E+04    0.553153048393733E+01    0.232405647652570E+00
    0.160224000000000E+04    0.556082666968086E+01    0.232400248148116E+00
    0.160850000000000E+04    0.215361103677469E+01    0.230945915748448E+00
    0.160852000000000E+04    0.218284871332980E+01    0.230943947302934E+00
    0.161478000000000E+04    0.504703950609883E+01    0.230124973377664E+00
    0.161480000000000E+04    0.507624446696218E+01    0.230120613720505E+00
    0.162108000000000E+04    0.167440828724557E+01    0.229555791696383E+00
    0.162110000000000E+04    0.170359051086643E+01    0.229557181227608E+00
    0.162736000000000E+04    0.455608104227940E+01    0.229660042498239E+00
    0.162738000000000E+04    0.458526744946903E+01    0.229659482553853E+00
    0.163364000000000E+04    0.115732402112098E+01    0.230487523910225E+00
    0.163366000000000E+04    0.118654360619803E+01    0.230492370041075E+00
    0.163992000000000E+04    0.405592060604067E+01    0.231401532005885E+00
    0.163994000000000E+04    0.408517671720392E+01    0.231403869300902E+00
    0.164620000000000E+04    0.684263955401548E+00    0.232910655983793E+00
    0.164622000000000E+04    0.713580504662332E+00    0.232915799443893E+00
    0.165248000000000E+04    0.361269741485830E+01    0.233730344639245E+00
    0.165250000000000E+04    0.364204657226037E+01    0.233732675565623E+00
    0.165878000000000E+04    0.298596061081298E+00    0.234919503494452E+00
    0.165880000000000E+04    0.327992925281706E+00    0.234922060104899E+00
    0.166506000000000E+04    0.324712075957268E+01    0.234979670726932E+00
    0.166508000000000E+04    0.327651993843301E+01    0.234980183707869E+00
    0.167134000000000E+04    0.619796861484565E+01    0.235326012287032E+00
    0.167136000000000E+04    0.622738164748534E+01    0.235324952648788E+00
    0.167762000000000E+04    0.286208691007369E+01    0.234477117605920E+00
    0.167764000000000E+04    0.289146595738021E+01    0.234475496027942E+00
    0.168390000000000E+04    0.580157187513714E+01    0.233941337933983E+00
    0.168392000000000E+04    0.583092945742555E+01    0.233937042948422E+00
    0.169018000000000E+04    0.244357163173891E+01    0.232475671895538E+00
    0.169020000000000E+04    0.247287054566959E+01    0.232473038504580E+00
    0.169648000000000E+04    0.538450657039766E+01    0.231481625672570E+00
    0.169650000000000E+04    0.541376582813882E+01    0.231476168434041E+00
    0.170276000000000E+04    0.199586994166111E+01    0.230226738018796E+00
    0.170278000000000E+04    0.202507878753477E+01    0.230225720719948E+00
    0.170904000000000E+04    0.488182180186323E+01    0.229668869599581E+00
    0.170906000000000E+04    0.491100850191606E+01    0.229665712946494E+00
    0.171532000000000E+04    0.147742136791294E+01    0.229614416529319E+00
    0.171534000000000E+04    0.150660600231322E+01    0.229617270940576E+00
    0.172160000000000E+04    0.436220167021929E+01    0.230090365733883E+00
    0.172162000000000E+04    0.439140529318638E+01    0.230091145089687E+00
    0.172788000000000E+04    0.971466377829984E+00    0.231288727047967E+00
    0.172790000000000E+04    0.100071807759559E+01    0.231294108504452E+00
    0.173416000000000E+04    0.388065019240366E+01    0.232278361492814E+00
    0.173418000000000E+04    0.390994126609758E+01    0.232281013044890E+00
    0.174046000000000E+04    0.549546265536719E+00    0.233768771813175E+00
    0.174048000000000E+04    0.578897090116698E+00    0.233773202274963E+00
    0.174674000000000E+04    0.348721948003640E+01    0.234360328319697E+00
    0.174676000000000E+04    0.351659392661486E+01    0.234362127752233E+00
    0.175302000000000E+04    0.150260452722705E+00    0.235275123182062E+00
    0.175304000000000E+04    0.179671590841281E+00    0.235276417634689E+00
    0.175930000000000E+04    0.310098540781655E+01    0.235001660654169E+00
    0.175932000000000E+04    0.313038538168121E+01    0.235001372295832E+00
    0.176558000000000E+04    0.605018167606431E+01    0.235010836929375E+00
    0.176560000000000E+04    0.607958207646334E+01    0.235008496373029E+00
    0.177186000000000E+04    0.270829193375585E+01    0.233879257097510E+00
    0.177188000000000E+04    0.273764705160738E+01    0.233877057293785E+00
    0.177816000000000E+04    0.566817414034813E+01    0.233096777074348E+00
    0.177818000000000E+04    0.569749791951472E+01    0.233091711640625E+00
    0.178444000000000E+04    0.229889727030104E+01    0.231585100457243E+00
    0.178446000000000E+04    0.232816055285593E+01    0.231582701112798E+00
    0.179072000000000E+04    0.519963613457094E+01    0.230639530657281E+00
    0.179074000000000E+04    0.522886173045390E+01    0.230634513082515E+00
    0.179700000000000E+04    0.180230443775918E+01    0.229727215225092E+00
    0.179702000000000E+04    0.183149347605649E+01    0.229727483409523E+00
    0.180328000000000E+04    0.468426877665115E+01    0.229533797066208E+00
    0.180330000000000E+04    0.471345013357086E+01    0.229532097743908E+00
    0.180956000000000E+04    0.128150775778067E+01    0.229999639234130E+00
    0.180958000000000E+04    0.131070781018889E+01    0.230003764945385E+00
    0.181586000000000E+04    0.420226377704103E+01    0.230771582433534E+00
    0.181588000000000E+04    0.423149469236159E+01    0.230773409351238E+00
    0.182214000000000E+04    0.821940433841519E+00    0.232205696133106E+00
    0.182216000000000E+04    0.851228768861347E+00    0.232211107040915E+00
    0.182842000000000E+04    0.374226128063447E+01    0.233138524460856E+00
    0.182844000000000E+04    0.377158685868335E+01    0.233141116166108E+00
    0.183470000000000E+04    0.392158755807941E+00    0.234490369912981E+00
    0.183472000000000E+04    0.421538515129669E+00    0.234493824757938E+00
    0.184098000000000E+04    0.333697789988219E+01    0.234795281171158E+00
    0.184100000000000E+04    0.336636968393077E+01    0.234796380514487E+00
    0.184726000000000E+04    0.373408413088328E-02    0.235395832023602E+00
    0.184728000000000E+04    0.331499496774086E-01    0.235395797146192E+00
    0.185354000000000E+04    0.295363489420424E+01    0.234788219474928E+00
    0.185356000000000E+04    0.298302638709720E+01    0.234787131554678E+00
    0.185984000000000E+04    0.592769053286293E+01    0.234472690998373E+00
    0.185986000000000E+04    0.595706939060710E+01    0.234469157111574E+00
    0.186612000000000E+04    0.257732627740734E+01    0.233119222494761E+00
    0.186614000000000E+04    0.260665097717219E+01    0.233116661114130E+00
    0.187240000000000E+04    0.549738226234831E+01    0.232178875571007E+00
    0.187242000000000E+04    0.552666931861359E+01    0.232173421010404E+00
    0.187868000000000E+04    0.211674520003362E+01    0.230754190908135E+00
    0.187870000000000E+04    0.214597526079206E+01    0.230752422126318E+00
    0.188496000000000E+04    0.500811207832749E+01    0.229987251135148E+00
    0.188498000000000E+04    0.503731162349459E+01    0.229983148186715E+00
    0.189124000000000E+04    0.160527860340699E+01    0.229535324337225E+00
    0.189126000000000E+04    0.163446000027579E+01    0.229537063441217E+00
    0.189754000000000E+04    0.451647941232886E+01    0.229733620646097E+00
    0.189756000000000E+04    0.454566877332854E+01    0.229733405279283E+00
    0.190382000000000E+04    0.111934597971958E+01    0.230662422735894E+00
    0.190384000000000E+04    0.114857256294954E+01    0.230667438882005E+00
    0.191010000000000E+04    0.402033439843171E+01    0.231605862839374E+00
    0.191012000000000E+04    0.404959868881861E+01    0.231608315179672E+00
    0.191638000000000E+04    0.651386598317913E+00    0.233122580328166E+00
    0.191640000000000E+04    0.680711610563321E+00    0.233127585605578E+00
    0.192266000000000E+04    0.358215720915405E+01    0.233894074967382E+00
    0.192268000000000E+04    0.361151296487833E+01    0.233896294982413E+00
    0.192894000000000E+04    0.240431750812604E+00    0.235020605172317E+00
    0.192896000000000E+04    0.269832812047753E+00    0.235022870913944E+00
    0.193524000000000E+04    0.321914872639763E+01    0.235005386228818E+00
    0.193526000000000E+04    0.324854899322736E+01    0.235005736028684E+00
    0.194152000000000E+04    0.616987189209613E+01    0.235270728368714E+00
    0.194154000000000E+04    0.619928271317531E+01    0.235269333101166E+00
    0.194780000000000E+04    0.283276801674037E+01    0.234348880653463E+00
    0.194782000000000E+04    0.286214192807756E+01    0.234347111403156E+00
    0.195408000000000E+04    0.577027060785258E+01    0.233748563377387E+00
    0.195410000000000E+04    0.579962051250959E+01    0.233744051532964E+00
    0.196036000000000E+04    0.240961533677228E+01    0.232260105609286E+00
    0.196038000000000E+04    0.243890559528836E+01    0.232257485920225E+00
    0.196664000000000E+04    0.531857317914455E+01    0.231269008476481E+00
    0.196666000000000E+04    0.534782395316006E+01    0.231263622372173E+00
    0.197294000000000E+04    0.195687786942699E+01    0.230079950546657E+00
    0.197296000000000E+04    0.198608104885989E+01    0.230079221471609E+00
    0.197922000000000E+04    0.484155045345597E+01    0.229607177212869E+00
    0.197924000000000E+04    0.487073471946769E+01    0.229604361136242E+00
    0.198550000000000E+04    0.143712541170862E+01    0.229680747349510E+00
    0.198552000000000E+04    0.146631237139809E+01    0.229683924114758E+00
    0.199178000000000E+04    0.432322802347744E+01    0.230235475758159E+00
    0.199180000000000E+04    0.435243749945221E+01    0.230236545258099E+00
    0.199806000000000E+04    0.934847706883374E+00    0.231504243879418E+00
    0.199808000000000E+04    0.964107970049099E+00    0.231509673903293E+00
    0.200434000000000E+04    0.384671278076939E+01    0.232490895697249E+00
    0.200436000000000E+04    0.387601247712564E+01    0.232493562408220E+00
    0.201062000000000E+04    0.488923895311018E+00    0.233956237657868E+00
    0.201064000000000E+04    0.518282239496784E+00    0.233960476060061E+00
    0.201692000000000E+04    0.345791475857595E+01    0.234486066510787E+00
    0.201694000000000E+04    0.348729421268263E+01    0.234487712218979E+00
    0.202320000000000E+04    0.122136020071139E+00    0.235328619551502E+00
    0.202322000000000E+04    0.151549278305083E+00    0.235329590913805E+00
    0.202948000000000E+04    0.307296023783829E+01    0.234973874071846E+00
    0.202950000000000E+04    0.310235912116923E+01    0.234973392183789E+00
    0.203576000000000E+04    0.602135829428016E+01    0.234903624591150E+00
    0.203578000000000E+04    0.605075439608436E+01    0.234900981803628E+00
    0.204204000000000E+04    0.267767338877684E+01    0.233711892983941E+00
    0.204206000000000E+04    0.270702179823684E+01    0.233709580684318E+00
    0.204832000000000E+04    0.560584610542446E+01    0.232886729747515E+00
    0.204834000000000E+04    0.563516149452425E+01    0.232881550656372E+00
    0.205462000000000E+04    0.226314746886283E+01    0.231378821371661E+00
    0.205464000000000E+04    0.229240255669629E+01    0.231376528067187E+00
    0.206090000000000E+04    0.516146704994708E+01    0.230462963472128E+00
    0.206092000000000E+04    0.519068547996676E+01    0.230458119733960E+00
    0.206718000000000E+04    0.176248007905360E+01    0.229652951108865E+00
    0.206720000000000E+04    0.179166608596006E+01    0.229653566127955E+00
    0.207346000000000E+04    0.464410337181607E+01    0.229553095282783E+00
    0.207348000000000E+04    0.467328555137374E+01    0.229551759945009E+00
    0.207974000000000E+04    0.124236611814558E+01    0.230137943727802E+00
    0.207976000000000E+04    0.127157167936411E+01    0.230142321057867E+00
    0.208602000000000E+04    0.413596747640077E+01    0.230960978793874E+00
    0.208604000000000E+04    0.416520596362989E+01    0.230962983171351E+00
    0.209232000000000E+04    0.787585747486901E+00    0.232430349754882E+00
    0.209234000000000E+04    0.816883060608234E+00    0.232435695442157E+00
    0.209860000000000E+04    0.371052321911475E+01    0.233332566040588E+00
    0.209862000000000E+04    0.373985656643936E+01    0.233335097994699E+00
    0.210488000000000E+04    0.362651937544797E+00    0.234638483709932E+00
    0.210490000000000E+04    0.392037559091477E+00    0.234641668926865E+00
    0.211116000000000E+04    0.330879489169729E+01    0.234867770286865E+00
    0.211118000000000E+04    0.333818952569027E+01    0.234868688984097E+00
    0.211744000000000E+04    0.625919360143916E+01    0.235388980946515E+00
    0.211746000000000E+04    0.542371730443847E-02    0.235388619809488E+00
    0.212372000000000E+04    0.292527595771435E+01    0.234703773433879E+00
    0.212374000000000E+04    0.295466405416573E+01    0.234702514710864E+00
    0.213000000000000E+04    0.586846895739791E+01    0.234318485124786E+00
    0.213002000000000E+04    0.589784163994955E+01    0.234314715415944E+00
    0.213630000000000E+04    0.254515531440438E+01    0.232920374318425E+00
    0.213632000000000E+04    0.257447205829203E+01    0.232917771759130E+00
    0.214258000000000E+04    0.546257144619813E+01    0.231956439559436E+00
    0.214260000000000E+04    0.549184961437368E+01    0.231950959433902E+00
    0.214886000000000E+04    0.207932407063936E+01    0.230575428344645E+00
    0.214888000000000E+04    0.210854702426695E+01    0.230573875012852E+00
    0.215514000000000E+04    0.496881004341321E+01    0.229869119442243E+00
    0.215516000000000E+04    0.499800484331399E+01    0.229865292371792E+00
    0.216142000000000E+04    0.156522030307360E+01    0.229539222024235E+00
    0.216144000000000E+04    0.159440183350307E+01    0.229541315986363E+00
    0.216770000000000E+04    0.444786189644628E+01    0.229828400079440E+00
    0.216772000000000E+04    0.447705508151830E+01    0.229828508245948E+00
    0.217400000000000E+04    0.108178315093119E+01    0.230852041926921E+00
    0.217402000000000E+04    0.111101732631550E+01    0.230857199685439E+00
    0.218028000000000E+04    0.398530394503223E+01    0.231817622456112E+00
    0.218030000000000E+04    0.401457671805201E+01    0.231820168158508E+00
    0.218656000000000E+04    0.619107988635278E+00    0.233334080818899E+00
    0.218658000000000E+04    0.648441452720363E+00    0.233338926667456E+00
    0.219284000000000E+04    0.355217815668721E+01    0.234052703188582E+00
    0.219286000000000E+04    0.358154029243860E+01    0.234054802767388E+00
    0.219912000000000E+04    0.212130635368339E+00    0.235116785431928E+00
    0.219914000000000E+04    0.241535405899413E+00    0.235118763864640E+00
    0.220540000000000E+04    0.316206795817516E+01    0.235019027791174E+00
    0.220542000000000E+04    0.319146866470464E+01    0.235019147427203E+00
    0.221170000000000E+04    0.614189285824568E+01    0.235202846233179E+00
    0.221172000000000E+04    0.617130098276311E+01    0.235201143452274E+00
    0.221798000000000E+04    0.280344896695169E+01    0.234212614915124E+00
    0.221800000000000E+04    0.283281741805104E+01    0.234210700609709E+00
    0.222426000000000E+04    0.573887937511563E+01    0.233551243195256E+00
    0.222428000000000E+04    0.576822135492193E+01    0.233546541148938E+00
    0.223054000000000E+04    0.237557434903692E+01    0.232048389429125E+00
    0.223056000000000E+04    0.240485621452990E+01    0.232045810587299E+00
    0.223682000000000E+04    0.528189401597592E+01    0.231063125095845E+00
    0.223684000000000E+04    0.531113645956430E+01    0.231057823031179E+00
    0.224310000000000E+04    0.188877791731966E+01    0.229952199303009E+00
    0.224312000000000E+04    0.191797598718813E+01    0.229951761546531E+00
    0.224940000000000E+04    0.480156935638661E+01    0.229562611251051E+00
    0.224942000000000E+04    0.483075192440356E+01    0.229560140665867E+00
    0.225568000000000E+04    0.139744290649742E+01    0.229763115331621E+00
    0.225570000000000E+04    0.142663343336017E+01    0.229766610911957E+00
    0.226196000000000E+04    0.428507363279414E+01    0.230391691774492E+00
    0.226198000000000E+04    0.431428937072451E+01    0.230393024565549E+00
    0.226824000000000E+04    0.899128156783718E+00    0.231721721662104E+00
    0.226826000000000E+04    0.928397120600948E+00    0.231727174532262E+00
    0.227452000000000E+04    0.381366426355225E+01    0.232698998911406E+00
    0.227454000000000E+04    0.384297228361720E+01    0.232701664786550E+00
    0.228080000000000E+04    0.458392631550396E+00    0.234135242877846E+00
    0.228082000000000E+04    0.487758133002444E+00    0.234139250139782E+00
    0.228708000000000E+04    0.339979291488135E+01    0.234595787151900E+00
    0.228710000000000E+04    0.342917675513308E+01    0.234597256450278E+00
    0.229338000000000E+04    0.943939600028898E-01    0.235365728524283E+00
    0.229340000000000E+04    0.123808679336889E+00    0.235366379186696E+00
    0.229966000000000E+04    0.304512080292352E+01    0.234930512539661E+00
    0.229968000000000E+04    0.307451795933457E+01    0.234929841406430E+00
    0.230594000000000E+04    0.599253158652664E+01    0.234782194403167E+00
    0.230596000000000E+04    0.602192285251067E+01    0.234779257301017E+00
    0.231222000000000E+04    0.264690264709225E+01    0.233535283063380E+00
    0.231224000000000E+04    0.267624399275155E+01    0.233532877182904E+00
    0.231850000000000E+04    0.557260994713351E+01    0.232667953369862E+00
    0.231852000000000E+04    0.560191657780570E+01    0.232662662158603E+00
    0.232478000000000E+04    0.219791857959854E+01    0.231178505924756E+00
    0.232480000000000E+04    0.222716565560177E+01    0.231176338564180E+00
    0.233108000000000E+04    0.512316550206197E+01    0.230298144983379E+00
    0.233110000000000E+04    0.515237735814890E+01    0.230293507198131E+00
    0.233736000000000E+04    0.172273541747791E+01    0.229596374158100E+00
    0.233738000000000E+04    0.175191921531132E+01    0.229597342303182E+00
    0.234364000000000E+04    0.460425430885880E+01    0.229589230844282E+00
    0.234366000000000E+04    0.463343804759597E+01    0.229588256162449E+00
    0.234992000000000E+04    0.120376793985861E+01    0.230289786634569E+00
    0.234994000000000E+04    0.123297960489117E+01    0.230294393699930E+00
    0.235620000000000E+04    0.409958148679243E+01    0.231158756151727E+00
    0.235622000000000E+04    0.412882788199022E+01    0.231160926068643E+00
    0.236248000000000E+04    0.724638446278277E+00    0.232648075857217E+00
    0.236250000000000E+04    0.753944472877720E+00    0.232653352336642E+00
    0.236878000000000E+04    0.367944198048735E+01    0.233519520539883E+00
    0.236880000000000E+04    0.370878280031729E+01    0.233521975683906E+00
    0.237506000000000E+04    0.333673395102778E+00    0.234774156365706E+00
    0.237508000000000E+04    0.363064460339046E+00    0.234777061598665E+00
    0.238134000000000E+04    0.328100195446450E+01    0.234927975385783E+00
    0.238136000000000E+04    0.331039885070595E+01    0.234928732331444E+00
    0.238762000000000E+04    0.623168023430935E+01    0.235366999055678E+00
    0.238764000000000E+04    0.626109486381256E+01    0.235366293800225E+00
    0.239390000000000E+04    0.289693674609680E+01    0.234605748029402E+00
    0.239392000000000E+04    0.292632092290887E+01    0.234604331652438E+00
    0.240018000000000E+04    0.583850493476666E+01    0.234150925490455E+00
    0.240020000000000E+04    0.586787089601648E+01    0.234146909925309E+00
    0.240648000000000E+04    0.251276546823374E+01    0.232717260438940E+00
    0.240650000000000E+04    0.254207404559065E+01    0.232714647540174E+00
    0.241276000000000E+04    0.542753794534246E+01    0.231737153294326E+00
    0.241278000000000E+04    0.545680741390788E+01    0.231731664550427E+00
    0.241904000000000E+04    0.204175879211334E+01    0.230408783923124E+00
    0.241906000000000E+04    0.207097494903337E+01    0.230407457048727E+00
    0.242532000000000E+04    0.492948466083044E+01    0.229765489959788E+00
    0.242534000000000E+04    0.495867523446987E+01    0.229761958020034E+00
    0.243160000000000E+04    0.152537101765756E+01    0.229561209552722E+00
    0.243162000000000E+04    0.155455351239698E+01    0.229563657902511E+00
    0.243788000000000E+04    0.440885024095041E+01    0.229938113653176E+00
    0.243790000000000E+04    0.443804778987669E+01    0.229938537543688E+00
    0.244416000000000E+04    0.101553094085011E+01    0.231043727012325E+00
    0.244418000000000E+04    0.104477280352239E+01    0.231049009227654E+00
    0.245046000000000E+04    0.395086007363670E+01    0.232028407622924E+00
    0.245048000000000E+04    0.398014121242159E+01    0.232031016962262E+00
    0.245674000000000E+04    0.587335090557190E+00    0.233535868162991E+00
    0.245676000000000E+04    0.616676751120849E+00    0.233540527719839E+00
    0.246302000000000E+04    0.352260977542483E+01    0.234200563645056E+00
    0.246304000000000E+04    0.355197785617065E+01    0.234202539838796E+00
    0.246930000000000E+04    0.184065587501664E+00    0.235198522388177E+00
    0.246932000000000E+04    0.213473571917802E+00    0.235200174933658E+00
    0.247558000000000E+04    0.313443774759889E+01    0.235018050201540E+00
    0.247560000000000E+04    0.316383846441340E+01    0.235017978241026E+00
    0.248186000000000E+04    0.608440138620972E+01    0.235123595596109E+00
    0.248188000000000E+04    0.611380632055261E+01    0.235121601410212E+00
    0.248816000000000E+04    0.277383559643977E+01    0.234063795750443E+00
    0.248818000000000E+04    0.280319803859629E+01    0.234061751382373E+00
    0.249444000000000E+04    0.570707804963195E+01    0.233346226103728E+00
    0.249446000000000E+04    0.573641187408157E+01    0.233341351001831E+00
    0.250072000000000E+04    0.234105987509020E+01    0.231834944328732E+00
    0.250074000000000E+04    0.237033318016984E+01    0.231832429062469E+00
    0.250700000000000E+04    0.524476206735517E+01    0.230862374558471E+00
    0.250702000000000E+04    0.527399650037341E+01    0.230857184085242E+00
    0.251328000000000E+04    0.184961671118208E+01    0.229838839239907E+00
    0.251330000000000E+04    0.187881024906983E+01    0.229838716787922E+00
    0.251956000000000E+04    0.473232161590704E+01    0.229538414423041E+00
    0.251958000000000E+04    0.476150313432936E+01    0.229536289753507E+00
    0.252586000000000E+04    0.135786710459024E+01    0.229863304456429E+00
    0.252588000000000E+04    0.138706170541127E+01    0.229867104276578E+00
    0.253214000000000E+04    0.424719143027824E+01    0.230559167265153E+00
    0.253216000000000E+04    0.427641381087324E+01    0.230560735567438E+00
    0.253842000000000E+04    0.863761377216633E+00    0.231941613538928E+00
    0.253844000000000E+04    0.893039214584860E+00    0.231947064861030E+00
    0.254470000000000E+04    0.378096826903584E+01    0.232903063067583E+00
    0.254472000000000E+04    0.381028431118011E+01    0.232905714789641E+00
    0.255098000000000E+04    0.428065529166815E+00    0.234302895593411E+00
    0.255100000000000E+04    0.457437516535265E+00    0.234306605627679E+00
    0.255726000000000E+04    0.337105107633761E+01    0.234689850617911E+00
    0.255728000000000E+04    0.340043865699454E+01    0.234691152078083E+00
    0.256354000000000E+04    0.369985151660330E-01    0.235384844549152E+00
    0.256356000000000E+04    0.664139339655776E-01    0.235385195958852E+00
    0.256984000000000E+04    0.301680048307071E+01    0.234869149802892E+00
    0.256986000000000E+04    0.304619517961737E+01    0.234868290009501E+00
    0.257612000000000E+04    0.596299311334087E+01    0.234642726116827E+00
    0.257614000000000E+04    0.599237882222042E+01    0.234639504452261E+00
    0.258240000000000E+04    0.261521540490412E+01    0.233344172461001E+00
    0.258242000000000E+04    0.264454910926179E+01    0.233341686352290E+00
    0.258868000000000E+04    0.553830445073481E+01    0.232439431267661E+00
    0.258870000000000E+04    0.556760196527830E+01    0.232434047933787E+00
    0.259496000000000E+04    0.216081752903119E+01    0.230975745950728E+00
    0.259498000000000E+04    0.219005649677683E+01    0.230973754224759E+00
    0.260124000000000E+04    0.505457047015398E+01    0.230145227862926E+00
    0.260126000000000E+04    0.508377619454131E+01    0.230140821656400E+00
    0.260754000000000E+04    0.168206017514876E+01    0.229554875554340E+00
    0.260756000000000E+04    0.171124239843084E+01    0.229556203961158E+00
    0.261382000000000E+04    0.456364133562602E+01    0.229643556216291E+00
    0.261384000000000E+04    0.459282709107856E+01    0.229642933984136E+00
    0.262010000000000E+04    0.116451673446227E+01    0.230451827015454E+00
    0.262012000000000E+04    0.119373475105658E+01    0.230456627227415E+00
    0.262638000000000E+04    0.406262227006528E+01    0.231360470526126E+00
    0.262640000000000E+04    0.409187673258157E+01    0.231362785897181E+00
    0.263266000000000E+04    0.690417835236076E+00    0.232866729262276E+00
    0.263268000000000E+04    0.719732632916475E+00    0.232871893439186E+00
    0.263894000000000E+04    0.361835296277150E+01    0.233693841116148E+00
    0.263896000000000E+04    0.364770071002522E+01    0.233696187040118E+00
    0.264524000000000E+04    0.303855800077145E+00    0.234892829503061E+00
    0.264526000000000E+04    0.333251624017066E+00    0.234895433030167E+00
    0.265152000000000E+04    0.325213688149461E+01    0.234965872061210E+00
    0.265154000000000E+04    0.328153549174431E+01    0.234966418309358E+00
    0.265780000000000E+04    0.620288001941663E+01    0.235324900729183E+00
    0.265782000000000E+04    0.623229300232970E+01    0.235323889594722E+00
    0.266408000000000E+04    0.286706537648752E+01    0.234487093706772E+00
    0.266410000000000E+04    0.289644480396555E+01    0.234485500170937E+00
    0.267036000000000E+04    0.580672900792570E+01    0.233961276963627E+00
    0.267038000000000E+04    0.583608740025511E+01    0.233957025938659E+00
    0.267664000000000E+04    0.244902095856969E+01    0.232500090693530E+00
    0.267666000000000E+04    0.247832089865824E+01    0.232497453843926E+00
    0.268294000000000E+04    0.539026313178329E+01    0.231506363258088E+00
    0.268296000000000E+04    0.541952331588936E+01    0.231500894171968E+00
    0.268922000000000E+04    0.200189924011647E+01    0.230239961487308E+00
    0.268924000000000E+04    0.203110868609838E+01    0.230238908530585E+00
    0.269550000000000E+04    0.488802581212394E+01    0.229675990819464E+00
    0.269552000000000E+04    0.491721286207849E+01    0.229672792787272E+00
    0.270178000000000E+04    0.148360507060625E+01    0.229603609231900E+00
    0.270180000000000E+04    0.151278922831079E+01    0.229606412814919E+00
    0.270806000000000E+04    0.436816108135281E+01    0.230067091627042E+00
    0.270808000000000E+04    0.439736378832413E+01    0.230067831741733E+00
    0.271434000000000E+04    0.977056909261591E+00    0.231254755857713E+00
    0.271436000000000E+04    0.100630719467790E+01    0.231260125435570E+00
    0.272062000000000E+04    0.388579549380074E+01    0.232243071799309E+00
    0.272064000000000E+04    0.391508527160840E+01    0.232245713022512E+00
    0.272692000000000E+04    0.554300343528212E+00    0.233738391316647E+00
    0.272694000000000E+04    0.583649985172087E+00    0.233742855024049E+00
    0.273320000000000E+04    0.349164689087957E+01    0.234338302716594E+00
    0.273322000000000E+04    0.352102036403267E+01    0.234340125092152E+00
    0.273948000000000E+04    0.154425704789446E+00    0.235262505476527E+00
    0.273950000000000E+04    0.183836273171437E+00    0.235263840271993E+00
    0.274576000000000E+04    0.310504408995621E+01    0.234999446609017E+00
    0.274578000000000E+04    0.313444403605899E+01    0.234999175540481E+00
    0.275204000000000E+04    0.605428622435056E+01    0.235020090724913E+00
    0.275206000000000E+04    0.608368699991752E+01    0.235017786733544E+00
    0.275832000000000E+04    0.271257476454821E+01    0.233896423845043E+00
    0.275834000000000E+04    0.274193056108743E+01    0.233894229123093E+00
    0.276462000000000E+04    0.567270936994692E+01    0.233120096772567E+00
    0.276464000000000E+04    0.570203407762983E+01    0.233115054380445E+00
    0.277090000000000E+04    0.230373658087274E+01    0.231608159168981E+00
    0.277092000000000E+04    0.233300081931839E+01    0.231605747484206E+00
    0.277718000000000E+04    0.520474423581118E+01    0.230659205331794E+00
    0.277720000000000E+04    0.523397060166690E+01    0.230654164288836E+00
    0.278346000000000E+04    0.180756222477703E+01    0.229735613644189E+00
    0.278348000000000E+04    0.183675147137683E+01    0.229735837148000E+00
    0.278974000000000E+04    0.468951150229259E+01    0.229527997863228E+00
    0.278976000000000E+04    0.471869260804169E+01    0.229526252622215E+00
    0.279602000000000E+04    0.128658021997308E+01    0.229979333992566E+00
    0.279604000000000E+04    0.131577947267579E+01    0.229983428570346E+00
    0.280232000000000E+04    0.420703886124465E+01    0.230744688077792E+00
    0.280234000000000E+04    0.423626869638156E+01    0.230746490282301E+00
    0.280860000000000E+04    0.826337702429555E+00    0.232174286791749E+00
    0.280862000000000E+04    0.855624791682203E+00    0.232179703733412E+00
    0.281488000000000E+04    0.374628840903733E+01    0.233110558259795E+00
    0.281490000000000E+04    0.377561282566603E+01    0.233113156450075E+00
    0.282116000000000E+04    0.395846195626291E+00    0.234466856275692E+00
    0.282118000000000E+04    0.425225113845045E+00    0.234470326298414E+00
    0.282744000000000E+04    0.334045779020744E+01    0.234781598359132E+00
    0.282746000000000E+04    0.336984917328937E+01    0.234782756637232E+00
    0.283372000000000E+04    0.711265712106979E-02    0.235392067976882E+00
    0.283374000000000E+04    0.365283603869102E-01    0.235392061496482E+00
    0.284000000000000E+04    0.295701143278893E+01    0.234792110429628E+00
    0.284002000000000E+04    0.298640308256836E+01    0.234791046334480E+00
    0.284630000000000E+04    0.593117106546197E+01    0.234485034591448E+00
    0.284632000000000E+04    0.596055045230423E+01    0.234481520657400E+00
    0.285258000000000E+04    0.258098725066066E+01    0.233135151523379E+00
    0.285260000000000E+04    0.261031252457815E+01    0.233132598610552E+00
    0.285886000000000E+04    0.550126857865871E+01    0.232197347628332E+00
    0.285888000000000E+04    0.553055648697682E+01    0.232191903567514E+00
    0.286514000000000E+04    0.212089732922050E+01    0.230771099738692E+00
    0.286516000000000E+04    0.215012809217478E+01    0.230769310688583E+00
    0.287142000000000E+04    0.501241098078299E+01    0.229996594504474E+00
    0.287144000000000E+04    0.504161076419859E+01    0.229992461071014E+00
    0.287770000000000E+04    0.160961227952976E+01    0.229532048118410E+00
    0.287772000000000E+04    0.163879357876885E+01    0.229533753904614E+00
    0.288400000000000E+04    0.452071783331303E+01    0.229721031463371E+00
    0.288402000000000E+04    0.454990666528283E+01    0.229720778687715E+00
    0.289028000000000E+04    0.112335445693589E+01    0.230640162356692E+00
    0.289030000000000E+04    0.115258019982139E+01    0.230645165193496E+00
    0.289656000000000E+04    0.402405995304252E+01    0.231581841595060E+00
    0.289658000000000E+04    0.405332318255842E+01    0.231584287242087E+00
    0.290284000000000E+04    0.654756477098999E+00    0.233096411309358E+00
    0.290286000000000E+04    0.684080435856231E+00    0.233101432962815E+00
    0.290912000000000E+04    0.358524636447601E+01    0.233873206224063E+00
    0.290914000000000E+04    0.361460138709117E+01    0.233875458278494E+00
    0.291540000000000E+04    0.243309408792811E+00    0.235006869659707E+00
    0.291542000000000E+04    0.272709729885719E+00    0.235009179451267E+00
    0.292170000000000E+04    0.322185491474011E+01    0.234996739089066E+00
    0.292172000000000E+04    0.325125478977134E+01    0.234997091005485E+00
    0.292798000000000E+04    0.617251195362041E+01    0.235269526443201E+00
    0.292800000000000E+04    0.620192275139470E+01    0.235268161498937E+00
    0.293426000000000E+04    0.283543020234083E+01    0.234353055256546E+00
    0.293428000000000E+04    0.286480423144349E+01    0.234351295708393E+00
    0.294054000000000E+04    0.577301962193724E+01    0.233758160263573E+00
    0.294056000000000E+04    0.580236993202470E+01    0.233753676778183E+00
    0.294682000000000E+04    0.241253148756005E+01    0.232272479127136E+00
    0.294684000000000E+04    0.244182229505805E+01    0.232269855584525E+00
    0.295310000000000E+04    0.532161931861901E+01    0.231280668863798E+00
    0.295312000000000E+04    0.535087047489924E+01    0.231275272422332E+00
    0.295940000000000E+04    0.196001307604183E+01    0.230085216305541E+00
    0.295942000000000E+04    0.198921645231167E+01    0.230084467408711E+00
    0.296568000000000E+04    0.484470766680715E+01    0.229605402800362E+00
    0.296570000000000E+04    0.487389183466166E+01    0.229602557438864E+00
    0.297196000000000E+04    0.144025919469732E+01    0.229670204218782E+00
    0.297198000000000E+04    0.146944608023568E+01    0.229673369102355E+00
    0.297824000000000E+04    0.432621710787407E+01    0.230219866064028E+00
    0.297826000000000E+04    0.435542587634427E+01    0.230220910457766E+00
    0.298452000000000E+04    0.937584196330135E+00    0.231483319552582E+00
    0.298454000000000E+04    0.966843690527639E+00    0.231488746541979E+00
    0.299080000000000E+04    0.384922955725870E+01    0.232471789759049E+00
    0.299082000000000E+04    0.387852857534745E+01    0.232474473242962E+00
    0.299708000000000E+04    0.491200558813034E+00    0.233938047765813E+00
    0.299710000000000E+04    0.520558170848744E+00    0.233942301912353E+00
    0.300338000000000E+04    0.345999671754271E+01    0.234473556709839E+00
    0.300340000000000E+04    0.348937559969181E+01    0.234475217276723E+00
    0.300966000000000E+04    0.124061903999063E+00    0.235320167073916E+00
    0.300968000000000E+04    0.153474783738602E+00    0.235321156414067E+00
    0.301594000000000E+04    0.307480527488860E+01    0.234970701773861E+00
    0.301596000000000E+04    0.310420409317703E+01    0.234970224163731E+00
    0.302222000000000E+04    0.602320717788552E+01    0.234906112610669E+00
    0.302224000000000E+04    0.605260341136909E+01    0.234903482583701E+00
    0.302850000000000E+04    0.267958603027728E+01    0.233718231267323E+00
    0.302852000000000E+04    0.270893467463702E+01    0.233715924670301E+00
    0.303478000000000E+04    0.560785969049812E+01    0.232895172201027E+00
    0.303480000000000E+04    0.563717541539518E+01    0.232889985465182E+00
    0.304108000000000E+04    0.226526439933969E+01    0.231386088825065E+00
    0.304110000000000E+04    0.229451976267501E+01    0.231383796195609E+00
    0.304736000000000E+04    0.516367077874202E+01    0.230468680364637E+00
    0.304738000000000E+04    0.519288954419972E+01    0.230463826357094E+00
    0.305364000000000E+04    0.176471221393058E+01    0.229654721955307E+00
    0.305366000000000E+04    0.179389821217501E+01    0.229655313131150E+00
    0.305992000000000E+04    0.464624880753036E+01    0.229544563759789E+00
    0.305994000000000E+04    0.467543053336613E+01    0.229543197900912E+00
    0.306620000000000E+04    0.124435093711600E+01    0.230124382994475E+00
    0.306622000000000E+04    0.127355600747796E+01    0.230128751168001E+00
    0.307248000000000E+04    0.413778311021179E+01    0.230946164215709E+00
    0.307250000000000E+04    0.416702087264639E+01    0.230948165706744E+00
    0.307878000000000E+04    0.789136601578321E+00    0.232412833470974E+00
    0.307880000000000E+04    0.818432984754509E+00    0.232418150132789E+00
    0.308506000000000E+04    0.371185214549951E+01    0.233316423286097E+00
    0.308508000000000E+04    0.374118485159397E+01    0.233318957328255E+00
