    0.000000000000000E+00    0.190000000000000E+01    0.240000000000000E+00
    0.200000000000000E-01    0.192959998767025E+01    0.239999449704862E+00
    0.630000000000000E+01    0.493873282969194E+01    0.239462348109661E+00
    0.632000000000000E+01    0.496831131908121E+01    0.239458817266641E+00
    0.125800000000000E+02    0.165566082568624E+01    0.239085017492071E+00
    0.126000000000000E+02    0.168522414063067E+01    0.239086498329779E+00
    0.188600000000000E+02    0.465667789466330E+01    0.239089145889642E+00
    0.188800000000000E+02    0.468624147168382E+01    0.239087725044066E+00
    0.251400000000000E+02    0.137383597146172E+01    0.239491323649838E+00
    0.251600000000000E+02    0.140341567131439E+01    0.239494892710269E+00
    0.314200000000000E+02    0.438335180612432E+01    0.240034395706849E+00
    0.314400000000000E+02    0.441295321099526E+01    0.240034998395640E+00
    0.377000000000000E+02    0.111664001794103E+01    0.241077115545623E+00
    0.377200000000000E+02    0.114628319983498E+01    0.241082068272523E+00
    0.440000000000000E+02    0.417784803877555E+01    0.241956827848108E+00
    0.440200000000000E+02    0.420752632286172E+01    0.241958753001543E+00
    0.502800000000000E+02    0.937847953585305E+00    0.243359333349744E+00
    0.503000000000000E+02    0.967582510070685E+00    0.243364767496036E+00
    0.565600000000000E+02    0.399864726499402E+01    0.244341625961244E+00
    0.565800000000000E+02    0.402842098356841E+01    0.244344126730545E+00
    0.628400000000000E+02    0.789613668137477E+00    0.245867835561329E+00
    0.628600000000000E+02    0.819448471312782E+00    0.245873218638209E+00
    0.691200000000000E+02    0.388169934421043E+01    0.246832603576725E+00
    0.691400000000000E+02    0.391157273737221E+01    0.246835265342269E+00
    0.754000000000000E+02    0.704198283806079E+00    0.248376083917047E+00
    0.754200000000000E+02    0.734133417825859E+00    0.248381303715116E+00
    0.817000000000000E+02    0.385744802833554E+01    0.249306635915824E+00
    0.817200000000000E+02    0.388742035405018E+01    0.249309315135370E+00
    0.879800000000000E+02    0.711065212718495E+00    0.250850894003813E+00
    0.880000000000000E+02    0.741099355034805E+00    0.250856068187164E+00
    0.942600000000000E+02    0.386537799992226E+01    0.251775226659183E+00
    0.942800000000000E+02    0.389544903656721E+01    0.251777895561058E+00
    0.100540000000000E+03    0.749981119576404E+00    0.253325806902413E+00
    0.100560000000000E+03    0.780114356733463E+00    0.253331113770673E+00
    0.106820000000000E+03    0.393569818937357E+01    0.254284430526272E+00
    0.106840000000000E+03    0.396586962370529E+01    0.254287026274914E+00
    0.113100000000000E+03    0.851618237849777E+00    0.255817796960001E+00
    0.113120000000000E+03    0.881851012527221E+00    0.255823245813733E+00
    0.119400000000000E+03    0.409913152558650E+01    0.256788933434667E+00
    0.119420000000000E+03    0.412940316255759E+01    0.256791192188063E+00
    0.125680000000000E+03    0.104563409851625E+01    0.258191498219271E+00
    0.125700000000000E+03    0.107596185163828E+01    0.258196751732324E+00
    0.131960000000000E+03    0.429219575523553E+01    0.259039613371240E+00
    0.131980000000000E+03    0.432255737708391E+01    0.259040894998880E+00
    0.138240000000000E+03    0.126456426847705E+01    0.260063657412692E+00
    0.138260000000000E+03    0.129496691708761E+01    0.260067945393134E+00
    0.144520000000000E+03    0.453277584729315E+01    0.260569285679860E+00
    0.144540000000000E+03    0.456319857509456E+01    0.260568803342142E+00
    0.150800000000000E+03    0.152016806238490E+01    0.260927288115930E+00
    0.150820000000000E+03    0.155060518453055E+01    0.260929730024709E+00
    0.157080000000000E+03    0.479600852080358E+01    0.260897715614467E+00
    0.157100000000000E+03    0.482644456593925E+01    0.260895063285722E+00
    0.163380000000000E+03    0.181303727941977E+01    0.260467924884232E+00
    0.163400000000000E+03    0.184345595962424E+01    0.260468205866082E+00
    0.169660000000000E+03    0.507961518760095E+01    0.259909682621736E+00
    0.169680000000000E+03    0.511001149043204E+01    0.259905237464178E+00
    0.175940000000000E+03    0.204975311957702E+01    0.258839944191149E+00
    0.175960000000000E+03    0.208010666796440E+01    0.258838550639791E+00
    0.182220000000000E+03    0.529361480911376E+01    0.257964499860014E+00
    0.182240000000000E+03    0.532393329602633E+01    0.257959168709267E+00
    0.188500000000000E+03    0.223714086244752E+01    0.256545080107033E+00
    0.188520000000000E+03    0.226740260842951E+01    0.256542799437819E+00
    0.194780000000000E+03    0.545130768812908E+01    0.255572291544890E+00
    0.194800000000000E+03    0.548153055520817E+01    0.255566817598468E+00
    0.201080000000000E+03    0.239427619757936E+01    0.254032181868620E+00
    0.201100000000000E+03    0.242443731713564E+01    0.254029599246079E+00
    0.207360000000000E+03    0.557676419178125E+01    0.253072760447402E+00
    0.207380000000000E+03    0.560688700101241E+01    0.253067435976332E+00
    0.213640000000000E+03    0.245821703600490E+01    0.251526573967869E+00
    0.213660000000000E+03    0.248827803489411E+01    0.251523937200017E+00
    0.219920000000000E+03    0.560946583072945E+01    0.250596161574308E+00
    0.219940000000000E+03    0.563948997478286E+01    0.250590953466250E+00
    0.226200000000000E+03    0.246004996460323E+01    0.249065067330593E+00
    0.226220000000000E+03    0.249001248566026E+01    0.249062424794684E+00
    0.232480000000000E+03    0.558031710570464E+01    0.248132952824256E+00
    0.232500000000000E+03    0.561024235464851E+01    0.248127682145697E+00
    0.238780000000000E+03    0.242961866397440E+01    0.246587599850131E+00
    0.238800000000000E+03    0.245948208772495E+01    0.246584984554001E+00
    0.245060000000000E+03    0.551860583626052E+01    0.245615243457379E+00
    0.245080000000000E+03    0.554843038066349E+01    0.245609795973669E+00
    0.251340000000000E+03    0.230642061527533E+01    0.244097524203700E+00
    0.251360000000000E+03    0.233618436826555E+01    0.244095087231656E+00
    0.257620000000000E+03    0.536416534228073E+01    0.243113826376997E+00
    0.257640000000000E+03    0.539388992005883E+01    0.243108383689093E+00
    0.263900000000000E+03    0.212126172218478E+01    0.241741412704924E+00
    0.263920000000000E+03    0.215093129027616E+01    0.241739613851830E+00
    0.270180000000000E+03    0.515022353528923E+01    0.240881219711204E+00
    0.270200000000000E+03    0.517985868891873E+01    0.240876350842290E+00
    0.276480000000000E+03    0.191094345601414E+01    0.239890659220797E+00
    0.276500000000000E+03    0.194053906086805E+01    0.239890251138574E+00
    0.282760000000000E+03    0.491890991476760E+01    0.239387285945043E+00
    0.282780000000000E+03    0.494848532957610E+01    0.239383890457758E+00
    0.289040000000000E+03    0.163524608704267E+01    0.239066372446853E+00
    0.289060000000000E+03    0.166480877533587E+01    0.239068019966213E+00
    0.295320000000000E+03    0.463632198453809E+01    0.239114085911442E+00
    0.295340000000000E+03    0.466588654961004E+01    0.239112824457755E+00
    0.301600000000000E+03    0.135410942603562E+01    0.239570642513619E+00
    0.301620000000000E+03    0.138369211235153E+01    0.239574333900917E+00
    0.307880000000000E+03    0.436481077983842E+01    0.240146534797810E+00
    0.307900000000000E+03    0.439441666536982E+01    0.240147264468826E+00
    0.314160000000000E+03    0.109975148005594E+01    0.241224735321815E+00
    0.314180000000000E+03    0.112940057691526E+01    0.241229752032761E+00
    0.320460000000000E+03    0.416293988837316E+01    0.242120416583479E+00
    0.320480000000000E+03    0.419262482793869E+01    0.242122419811477E+00
    0.326740000000000E+03    0.925113221211063E+00    0.243538992184949E+00
    0.326760000000000E+03    0.954854826924418E+00    0.243544429085083E+00
    0.333020000000000E+03    0.398812601176917E+01    0.244520912378737E+00
    0.333040000000000E+03    0.401790690249976E+01    0.244523434235545E+00
    0.339300000000000E+03    0.781377063121795E+00    0.246050787043876E+00
    0.339320000000000E+03    0.811219141949721E+00    0.246056147903750E+00
    0.345580000000000E+03    0.387572498903387E+01    0.247011836999825E+00
    0.345600000000000E+03    0.390560554001331E+01    0.247014498826450E+00
    0.351860000000000E+03    0.700482402209445E+00    0.248555298617338E+00
    0.351880000000000E+03    0.730424713144998E+00    0.248560510954603E+00
    0.358160000000000E+03    0.385597391590670E+01    0.249483935717376E+00
    0.358180000000000E+03    0.388595332972625E+01    0.249486613580875E+00
    0.364440000000000E+03    0.711817900595065E+00    0.251028375836394E+00
    0.364460000000000E+03    0.741859146529919E+00    0.251033553507795E+00
    0.370720000000000E+03    0.386837192064866E+01    0.251954190460068E+00
    0.370740000000000E+03    0.389845008457860E+01    0.251956858497216E+00
    0.377000000000000E+03    0.755211177471779E+00    0.253505004344799E+00
    0.377020000000000E+03    0.785351584628074E+00    0.253510320263006E+00
    0.383280000000000E+03    0.394321668194652E+01    0.254465796369770E+00
    0.383300000000000E+03    0.397339554625739E+01    0.254468407376799E+00
    0.389560000000000E+03    0.861411126891426E+00    0.255997033153791E+00
    0.389580000000000E+03    0.891651096727855E+00    0.256002493392288E+00
    0.395860000000000E+03    0.411116863307268E+01    0.256964708436871E+00
    0.395880000000000E+03    0.414144726675079E+01    0.256966918779091E+00
    0.402140000000000E+03    0.105975912227780E+01    0.258349563923710E+00
    0.402160000000000E+03    0.109009319614347E+01    0.258354779267287E+00
    0.408420000000000E+03    0.430822441403075E+01    0.259181339061226E+00
    0.408440000000000E+03    0.433859168533536E+01    0.259182520613901E+00
    0.414700000000000E+03    0.128212844821098E+01    0.260167199951070E+00
    0.414720000000000E+03    0.131253525917384E+01    0.260171383221812E+00
    0.420980000000000E+03    0.455145818257529E+01    0.260639936304007E+00
    0.421000000000000E+03    0.458188379798924E+01    0.260639305384189E+00
    0.427260000000000E+03    0.153937961900931E+01    0.260943201669899E+00
    0.427280000000000E+03    0.156981717017538E+01    0.260945482419860E+00
    0.433540000000000E+03    0.481510169236867E+01    0.260872444545773E+00
    0.433560000000000E+03    0.484553654829688E+01    0.260869639363008E+00
    0.439840000000000E+03    0.183143922750276E+01    0.260386801876976E+00
    0.439860000000000E+03    0.186185466721145E+01    0.260386937821787E+00
    0.446120000000000E+03    0.509682437481558E+01    0.259799512744877E+00
    0.446140000000000E+03    0.512721641161261E+01    0.259794972940576E+00
    0.452400000000000E+03    0.206536455565447E+01    0.258694678095097E+00
    0.452420000000000E+03    0.209571228078789E+01    0.258693190881736E+00
    0.458680000000000E+03    0.530730549285261E+01    0.257806354357202E+00
    0.458700000000000E+03    0.533761769956993E+01    0.257800997731833E+00
    0.464960000000000E+03    0.224877203775645E+01    0.256372425784011E+00
    0.464980000000000E+03    0.227902684387516E+01    0.256370103183585E+00
    0.471240000000000E+03    0.546072085635967E+01    0.255397494258327E+00
    0.471260000000000E+03    0.549093664873396E+01    0.255392030969925E+00
    0.477540000000000E+03    0.240147472932381E+01    0.253855135137597E+00
    0.477560000000000E+03    0.243162876129247E+01    0.253852544882366E+00
    0.483820000000000E+03    0.558174191775709E+01    0.252897277657749E+00
    0.483840000000000E+03    0.561185774393277E+01    0.252891959159288E+00
    0.490100000000000E+03    0.246100770825490E+01    0.251352637851576E+00
    0.490120000000000E+03    0.249106175638133E+01    0.251350001188950E+00
    0.496380000000000E+03    0.561001828104588E+01    0.250427086927397E+00
    0.496400000000000E+03    0.564003529273839E+01    0.250421879493816E+00
    0.502660000000000E+03    0.245833152913235E+01    0.248888218091601E+00
    0.502680000000000E+03    0.248828697759961E+01    0.248885574913184E+00
    0.508940000000000E+03    0.557636867225176E+01    0.247954159847876E+00
    0.508960000000000E+03    0.560628676472675E+01    0.247948880828977E+00
    0.515240000000000E+03    0.242340410166128E+01    0.246408815280248E+00
    0.515260000000000E+03    0.245326031823811E+01    0.246406211103768E+00
    0.521520000000000E+03    0.551014142358179E+01    0.245434017969255E+00
    0.521540000000000E+03    0.553995877593275E+01    0.245428573068679E+00
    0.527800000000000E+03    0.229572663659030E+01    0.243922367232950E+00
    0.527820000000000E+03    0.232548342996722E+01    0.243919954845895E+00
    0.534080000000000E+03    0.535126076869858E+01    0.242940970888899E+00
    0.534100000000000E+03    0.538097831818118E+01    0.242935540070572E+00
    0.540360000000000E+03    0.210624242062659E+01    0.241584630194487E+00
    0.540380000000000E+03    0.213590574752880E+01    0.241582896568511E+00
    0.546640000000000E+03    0.513335286976735E+01    0.240742915834834E+00
    0.546660000000000E+03    0.516298250074169E+01    0.240738116268122E+00
    0.552940000000000E+03    0.189255686288323E+01    0.239791905932440E+00
    0.552960000000000E+03    0.192214853262226E+01    0.239791625698156E+00
    0.559220000000000E+03    0.489951069004758E+01    0.239323756206800E+00
    0.559240000000000E+03    0.492908359957050E+01    0.239320504570645E+00
    0.565500000000000E+03    0.161537365017091E+01    0.239057383885716E+00
    0.565520000000000E+03    0.164493591664859E+01    0.239059190270988E+00
    0.571780000000000E+03    0.461661430197410E+01    0.239145707996251E+00
    0.571800000000000E+03    0.464618030574718E+01    0.239144611472067E+00
    0.578060000000000E+03    0.133522028908578E+01    0.239657581812476E+00
    0.578080000000000E+03    0.136480665063391E+01    0.239661407807998E+00
    0.584340000000000E+03    0.434722615122678E+01    0.240264581964727E+00
    0.584360000000000E+03    0.437683675514188E+01    0.240265426154510E+00
    0.590620000000000E+03    0.108388330527816E+01    0.241376740098456E+00
    0.590640000000000E+03    0.111353846775319E+01    0.241381814261643E+00
    0.596920000000000E+03    0.414903339876298E+01    0.242284077258251E+00
    0.596940000000000E+03    0.417872478606398E+01    0.242286126480006E+00
    0.603200000000000E+03    0.913374290401975E+00    0.243716427975505E+00
    0.603220000000000E+03    0.943123123010537E+00    0.243721878352999E+00
    0.609480000000000E+03    0.397865322946450E+01    0.244700701363456E+00
    0.609500000000000E+03    0.400844128742540E+01    0.244703244350625E+00
    0.615760000000000E+03    0.774188561708115E+00    0.246233215168130E+00
    0.615780000000000E+03    0.804037973412846E+00    0.246238572188819E+00
    0.622040000000000E+03    0.387081350031769E+01    0.247191690113893E+00
    0.622060000000000E+03    0.390070126983630E+01    0.247194358650673E+00
    0.628320000000000E+03    0.697837854699287E+00    0.248735091746480E+00
    0.628340000000000E+03    0.727787358215437E+00    0.248740297030317E+00
    0.634620000000000E+03    0.385559243877958E+01    0.249663103542339E+00
    0.634640000000000E+03    0.388557903820799E+01    0.249665786484862E+00
    0.640900000000000E+03    0.713688147583866E+00    0.251208088510628E+00
    0.640920000000000E+03    0.743736573350930E+00    0.251213271947295E+00
    0.647180000000000E+03    0.387250860352981E+01    0.252135228561613E+00
    0.647200000000000E+03    0.390259405154370E+01    0.252137894935270E+00
    0.653460000000000E+03    0.761630840066118E+00    0.253686617062470E+00
    0.653480000000000E+03    0.791778492613389E+00    0.253691952557955E+00
    0.659740000000000E+03    0.395192223115032E+01    0.254649814768367E+00
    0.659760000000000E+03    0.398210826466720E+01    0.254652386212884E+00
    0.666020000000000E+03    0.872356302970161E+00    0.256173866565251E+00
    0.666040000000000E+03    0.902603328425812E+00    0.256179320932768E+00
    0.672320000000000E+03    0.412435812008664E+01    0.257139004704592E+00
    0.672340000000000E+03    0.415464377484614E+01    0.257141171373729E+00
    0.678600000000000E+03    0.107502120941945E+01    0.258504619233905E+00
    0.678620000000000E+03    0.110536148613153E+01    0.258509788370688E+00
    0.684880000000000E+03    0.432534863410251E+01    0.259318645577812E+00
    0.684900000000000E+03    0.435572142665524E+01    0.259319721278219E+00
    0.691160000000000E+03    0.130072780696310E+01    0.260263423505116E+00
    0.691180000000000E+03    0.133113841654108E+01    0.260267491890403E+00
    0.697440000000000E+03    0.457103833931842E+01    0.260699642674084E+00
    0.697460000000000E+03    0.460146628593498E+01    0.260698852657873E+00
    0.703720000000000E+03    0.155937466876549E+01    0.260945183073061E+00
    0.703740000000000E+03    0.158981251111095E+01    0.260947310522303E+00
    0.710000000000000E+03    0.483490807877183E+01    0.260833989484788E+00
    0.710020000000000E+03    0.486534147183056E+01    0.260831030104941E+00
    0.716300000000000E+03    0.185037380143740E+01    0.260296088576686E+00
    0.716320000000000E+03    0.188078540819242E+01    0.260296077030637E+00
    0.722580000000000E+03    0.511430483234813E+01    0.259672349985556E+00
    0.722600000000000E+03    0.514469161337206E+01    0.259667708945993E+00
    0.728860000000000E+03    0.208100255076420E+01    0.258534749001055E+00
    0.728880000000000E+03    0.211134374400740E+01    0.258533205922746E+00
    0.735140000000000E+03    0.532084106212187E+01    0.257635099361795E+00
    0.735160000000000E+03    0.535114640123766E+01    0.257629714508023E+00
    0.741420000000000E+03    0.226005447815896E+01    0.256187266962402E+00
    0.741440000000000E+03    0.229030181624694E+01    0.256184908292164E+00
    0.747700000000000E+03    0.546965307771666E+01    0.255210737598216E+00
    0.747720000000000E+03    0.549986149090546E+01    0.255205274470114E+00
    0.754000000000000E+03    0.240809019061544E+01    0.253667264099219E+00
    0.754020000000000E+03    0.243823682544985E+01    0.253664667736019E+00
    0.760280000000000E+03    0.558605347684147E+01    0.252714294333494E+00
    0.760300000000000E+03    0.561616198098091E+01    0.252708989277074E+00
    0.766560000000000E+03    0.246302746955985E+01    0.251170015252068E+00
    0.766580000000000E+03    0.249307418930698E+01    0.251167382907793E+00
    0.772840000000000E+03    0.560975129239114E+01    0.250244350672092E+00
    0.772860000000000E+03    0.563976098084913E+01    0.250239137255373E+00
    0.779120000000000E+03    0.245575565787635E+01    0.248704632813309E+00
    0.779140000000000E+03    0.248570372581230E+01    0.248701996644998E+00
    0.785400000000000E+03    0.557148189804457E+01    0.247768722619806E+00
    0.785420000000000E+03    0.560139263442989E+01    0.247763444105133E+00
    0.791700000000000E+03    0.241619039274201E+01    0.246224009879193E+00
    0.791720000000000E+03    0.244603925457182E+01    0.246221406650343E+00
    0.797980000000000E+03    0.550056984147818E+01    0.245245210461197E+00
    0.798000000000000E+03    0.553037959199492E+01    0.245239750400799E+00
    0.804260000000000E+03    0.228379991245515E+01    0.243739467666774E+00
    0.804280000000000E+03    0.231354942866528E+01    0.243737086577548E+00
    0.810540000000000E+03    0.533708256166187E+01    0.242762770961958E+00
    0.810560000000000E+03    0.536679299217553E+01    0.242757358020406E+00
    0.816820000000000E+03    0.208993652037066E+01    0.241427514608394E+00
    0.816840000000000E+03    0.211959358041508E+01    0.241425863340392E+00
    0.823100000000000E+03    0.511520702346661E+01    0.240605763169528E+00
    0.823120000000000E+03    0.514483117584746E+01    0.240601053567327E+00
    0.829400000000000E+03    0.187292233908829E+01    0.239697332040204E+00
    0.829420000000000E+03    0.190251021240874E+01    0.239697190678507E+00
    0.835680000000000E+03    0.487893426947699E+01    0.239267182248391E+00
    0.835700000000000E+03    0.490850500508873E+01    0.239264078987913E+00
    0.841960000000000E+03    0.159446120212328E+01    0.239059508909889E+00
    0.841980000000000E+03    0.162402353920584E+01    0.239061475281592E+00
    0.848240000000000E+03    0.459596477158675E+01    0.239191303035606E+00
    0.848260000000000E+03    0.462553245182903E+01    0.239190365416154E+00
    0.854520000000000E+03    0.131546329005846E+01    0.239755161359158E+00
    0.854540000000000E+03    0.134505356564819E+01    0.239759113045821E+00
    0.860800000000000E+03    0.432889734974879E+01    0.240393595449104E+00
    0.860820000000000E+03    0.435851313569356E+01    0.240394559026956E+00
    0.867080000000000E+03    0.106741754742939E+01    0.241540113059341E+00
    0.867100000000000E+03    0.109707924605641E+01    0.241545242734423E+00
    0.873380000000000E+03    0.413470115508744E+01    0.242459861924982E+00
    0.873400000000000E+03    0.416439957342959E+01    0.242461968783168E+00
    0.879660000000000E+03    0.901354544232618E+00    0.243905513893721E+00
    0.879680000000000E+03    0.931110945201226E+00    0.243910967885749E+00
    0.885940000000000E+03    0.396900437461045E+01    0.244890032946094E+00
    0.885960000000000E+03    0.399880001135330E+01    0.244892593087131E+00
    0.892220000000000E+03    0.766947608654391E+00    0.246425109892025E+00
    0.892240000000000E+03    0.796804700493567E+00    0.246430454793517E+00
    0.898500000000000E+03    0.386595669148232E+01    0.247380594456479E+00
    0.898520000000000E+03    0.389585201458863E+01    0.247383265176155E+00
    0.904780000000000E+03    0.695353885815166E+00    0.248923608683305E+00
    0.904800000000000E+03    0.725310928262616E+00    0.248928806755698E+00
    0.911080000000000E+03    0.385547352584535E+01    0.249850555207117E+00
    0.911100000000000E+03    0.388546761927773E+01    0.249853236949693E+00
    0.917360000000000E+03    0.715924598939409E+00    0.251396032547884E+00
    0.917380000000000E+03    0.745980543922087E+00    0.251401223814110E+00
    0.923640000000000E+03    0.387712433070374E+01    0.252325526187873E+00
    0.923660000000000E+03    0.390721738915158E+01    0.252328190420667E+00
    0.929920000000000E+03    0.768630706373187E+00    0.253877075571700E+00
    0.929940000000000E+03    0.798785980111688E+00    0.253882425471936E+00
    0.936200000000000E+03    0.396134219108285E+01    0.254842752757669E+00
    0.936220000000000E+03    0.399153594705899E+01    0.254845306898340E+00
    0.942480000000000E+03    0.884155938203776E+00    0.256360719114049E+00
    0.942500000000000E+03    0.914410438942014E+00    0.256366172209423E+00
    0.948780000000000E+03    0.413850259346782E+01    0.257321282993508E+00
    0.948800000000000E+03    0.416879553654189E+01    0.257323392924264E+00
    0.955060000000000E+03    0.109131159001890E+01    0.258664727024783E+00
    0.955080000000000E+03    0.112165826750766E+01    0.258669843796305E+00
    0.961340000000000E+03    0.434354263811315E+01    0.259458094608997E+00
    0.961360000000000E+03    0.437392100496845E+01    0.259459052014770E+00
    0.967620000000000E+03    0.132039015081591E+01    0.260357659063595E+00
    0.967640000000000E+03    0.135080452948205E+01    0.260361602970204E+00
    0.973900000000000E+03    0.459165805866542E+01    0.260755490093533E+00
    0.973920000000000E+03    0.462208823523247E+01    0.260754533425501E+00
    0.980180000000000E+03    0.158031243085065E+01    0.260939986785360E+00
    0.980200000000000E+03    0.161075005619387E+01    0.260941945174256E+00
    0.986480000000000E+03    0.488593411607371E+01    0.260782211417997E+00
    0.986500000000000E+03    0.491636544291737E+01    0.260779091025737E+00
    0.992760000000000E+03    0.187003210755097E+01    0.260189755835686E+00
    0.992780000000000E+03    0.190043960013577E+01    0.260189599137531E+00
    0.999040000000000E+03    0.513248654430822E+01    0.259539923280332E+00
    0.999060000000000E+03    0.516286810633915E+01    0.259535201883056E+00
    0.100532000000000E+04    0.209735703735873E+01    0.258368884271553E+00
    0.100534000000000E+04    0.212769175182416E+01    0.258367225616846E+00
    0.101160000000000E+04    0.533500390655399E+01    0.257455794658839E+00
    0.101162000000000E+04    0.536530206654174E+01    0.257450381777131E+00
    0.101788000000000E+04    0.227190964587635E+01    0.255995246414651E+00
    0.101790000000000E+04    0.230214939086682E+01    0.255992860881998E+00
    0.102416000000000E+04    0.547910507475285E+01    0.255019603899836E+00
    0.102418000000000E+04    0.550930575467873E+01    0.255014158140151E+00
    0.103046000000000E+04    0.241509252914443E+01    0.253471809571143E+00
    0.103048000000000E+04    0.244523128115634E+01    0.253469212791015E+00
    0.103674000000000E+04    0.559062316703034E+01    0.252522251551698E+00
    0.103676000000000E+04    0.562072404512173E+01    0.252516964646849E+00
    0.104302000000000E+04    0.246519462390506E+01    0.250978285131325E+00
    0.104304000000000E+04    0.249523365753248E+01    0.250975647063762E+00
    0.104930000000000E+04    0.560949770398997E+01    0.250053077600875E+00
    0.104932000000000E+04    0.563949977526863E+01    0.250047872549089E+00
    0.105558000000000E+04    0.245312021609493E+01    0.248514382625546E+00
    0.105560000000000E+04    0.248306072163791E+01    0.248511742721973E+00
    0.106186000000000E+04    0.556643127755910E+01    0.247575250905413E+00
    0.106188000000000E+04    0.559633420868977E+01    0.247569953916915E+00
    0.106816000000000E+04    0.240869347066405E+01    0.246031186484597E+00
    0.106818000000000E+04    0.243853464613335E+01    0.246028591554989E+00
    0.107444000000000E+04    0.549065885267078E+01    0.245050435335902E+00
    0.107446000000000E+04    0.552046076595207E+01    0.245044969637091E+00
    0.108072000000000E+04    0.227144449965613E+01    0.243550397674992E+00
    0.108074000000000E+04    0.230118640015485E+01    0.243548056118100E+00
    0.108700000000000E+04    0.532240546228923E+01    0.242579251351452E+00
    0.108702000000000E+04    0.535210864007490E+01    0.242573869057643E+00
    0.109328000000000E+04    0.207307459766298E+01    0.241266254926205E+00
    0.109330000000000E+04    0.210272517264775E+01    0.241264685118550E+00
    0.109956000000000E+04    0.509644500428999E+01    0.240465597676018E+00
    0.109958000000000E+04    0.512606357312370E+01    0.240460980071466E+00
    0.110586000000000E+04    0.185268131357066E+01    0.239603534892915E+00
    0.110588000000000E+04    0.188226543592236E+01    0.239603542696705E+00
    0.111214000000000E+04    0.485774054421495E+01    0.239212252716167E+00
    0.111216000000000E+04    0.488730899587267E+01    0.239209305110793E+00
    0.111842000000000E+04    0.157296753407036E+01    0.239066109477857E+00
    0.111844000000000E+04    0.160253022315715E+01    0.239068251658911E+00
    0.112470000000000E+04    0.457483731495677E+01    0.239242430933598E+00
    0.112472000000000E+04    0.460440697006743E+01    0.239241655142164E+00
    0.113098000000000E+04    0.129531316764883E+01    0.239860048974750E+00
    0.113100000000000E+04    0.132490767384934E+01    0.239864125321025E+00
    0.113726000000000E+04    0.431028085731282E+01    0.240529773743503E+00
    0.113728000000000E+04    0.433990207760826E+01    0.240530853916688E+00
    0.114354000000000E+04    0.105072101004816E+01    0.241707781983564E+00
    0.114356000000000E+04    0.108038936941989E+01    0.241712954442312E+00
    0.114984000000000E+04    0.412019538180016E+01    0.242639887260389E+00
    0.114986000000000E+04    0.414990106572168E+01    0.242642057884019E+00
    0.115612000000000E+04    0.889219550937241E+00    0.244098510355692E+00
    0.115614000000000E+04    0.918983586496552E+00    0.244103962790419E+00
    0.116240000000000E+04    0.395926152917946E+01    0.245081994809200E+00
    0.116242000000000E+04    0.398906487300587E+01    0.245084572623906E+00
    0.116868000000000E+04    0.759669469808159E+00    0.246620959220752E+00
    0.116870000000000E+04    0.789534415118169E+00    0.246626295797042E+00
    0.117496000000000E+04    0.386109657651127E+01    0.247572321889280E+00
    0.117498000000000E+04    0.389099950272544E+01    0.247574982445017E+00
    0.118124000000000E+04    0.692891929276357E+00    0.249114688093509E+00
    0.118126000000000E+04    0.722856711561690E+00    0.249119881284631E+00
    0.118754000000000E+04    0.385543322484637E+01    0.250041274911045E+00
    0.118756000000000E+04    0.388543492156532E+01    0.250043951312687E+00
    0.119382000000000E+04    0.718257732350366E+00    0.251585596380124E+00
    0.119384000000000E+04    0.748321252020332E+00    0.251590792856106E+00
    0.120010000000000E+04    0.388187166040893E+01    0.252518604345469E+00
    0.120012000000000E+04    0.391197249245829E+01    0.252521276556866E+00
    0.120638000000000E+04    0.775800980300119E+00    0.254070216015760E+00
    0.120640000000000E+04    0.805963881379967E+00    0.254075576682098E+00
    0.121266000000000E+04    0.397093562188047E+01    0.255037076536620E+00
    0.121268000000000E+04    0.400113716544615E+01    0.255039613269782E+00
    0.121894000000000E+04    0.896164879336993E+00    0.256549701797280E+00
    0.121896000000000E+04    0.926426976906441E+00    0.256555159654012E+00
    0.122524000000000E+04    0.415286858526474E+01    0.257504206585672E+00
    0.122526000000000E+04    0.418316875588630E+01    0.257506248039770E+00
    0.123152000000000E+04    0.110780552261394E+01    0.258823642490012E+00
    0.123154000000000E+04    0.113815862035585E+01    0.258828702117908E+00
    0.123780000000000E+04    0.436195061078865E+01    0.259595968280984E+00
    0.123782000000000E+04    0.439233456098418E+01    0.259596808319175E+00
    0.124408000000000E+04    0.134022099453023E+01    0.260447700766294E+00
    0.124410000000000E+04    0.137063891321714E+01    0.260451509601617E+00
    0.125036000000000E+04    0.461238096782836E+01    0.260805890712837E+00
    0.125038000000000E+04    0.464281321724889E+01    0.260804770036242E+00
    0.125664000000000E+04    0.160130249981535E+01    0.260929606315197E+00
    0.125666000000000E+04    0.163173970344837E+01    0.260931395538083E+00
    0.126294000000000E+04    0.490648798413008E+01    0.260727612519993E+00
    0.126296000000000E+04    0.493691703084505E+01    0.260724337101655E+00
    0.126922000000000E+04    0.188956885532912E+01    0.260081236819133E+00
    0.126924000000000E+04    0.191997209971873E+01    0.260080940818984E+00
    0.127550000000000E+04    0.515047738702833E+01    0.259403272248634E+00
    0.127552000000000E+04    0.518085344347651E+01    0.259398467098322E+00
    0.128178000000000E+04    0.211339317999091E+01    0.258198304572840E+00
    0.128180000000000E+04    0.214372094932969E+01    0.258196565478511E+00
    0.128806000000000E+04    0.534882786302819E+01    0.257273618945150E+00
    0.128808000000000E+04    0.537911886009738E+01    0.257268190885413E+00
    0.129434000000000E+04    0.228342508376249E+01    0.255803478603072E+00
    0.129436000000000E+04    0.231365715072411E+01    0.255801062763759E+00
    0.130062000000000E+04    0.548819099156185E+01    0.254828215952434E+00
    0.130064000000000E+04    0.551838401867258E+01    0.254822780069958E+00
    0.130692000000000E+04    0.242177046934648E+01    0.253278767339563E+00
    0.130694000000000E+04    0.245190154944657E+01    0.253276159195673E+00
    0.131320000000000E+04    0.559487789771288E+01    0.252331354546998E+00
    0.131322000000000E+04    0.562497105598345E+01    0.252326079926621E+00
    0.131948000000000E+04    0.246704462209391E+01    0.250787823956654E+00
    0.131950000000000E+04    0.249707600411648E+01    0.250785194677211E+00
    0.132576000000000E+04    0.560898355129530E+01    0.249864563447397E+00
    0.132578000000000E+04    0.563897811534821E+01    0.249859362145199E+00
    0.133204000000000E+04    0.245022837792135E+01    0.248325053512332E+00
    0.133206000000000E+04    0.248016127984215E+01    0.248322410835782E+00
    0.133832000000000E+04    0.556113964281894E+01    0.247382508265289E+00
    0.133834000000000E+04    0.559103489145082E+01    0.247377200377863E+00
    0.134462000000000E+04    0.240097912048418E+01    0.245839459131291E+00
    0.134464000000000E+04    0.243081263314662E+01    0.245836873382310E+00
    0.135090000000000E+04    0.548052347130169E+01    0.244856429656705E+00
    0.135092000000000E+04    0.551031765109087E+01    0.244850950396285E+00
    0.135718000000000E+04    0.225891725269753E+01    0.243364509912624E+00
    0.135720000000000E+04    0.228865177295711E+01    0.243362201045189E+00
    0.136346000000000E+04    0.530757354093748E+01    0.242398407851868E+00
    0.136348000000000E+04    0.533726939452276E+01    0.242393055054551E+00
    0.136974000000000E+04    0.205608294660078E+01    0.241109395152545E+00
    0.136976000000000E+04    0.208572726977309E+01    0.241107922365601E+00
    0.137602000000000E+04    0.507765100528468E+01    0.240332480337935E+00
    0.137604000000000E+04    0.510726433403124E+01    0.240327957735947E+00
    0.138232000000000E+04    0.183246843901952E+01    0.239516314543011E+00
    0.138234000000000E+04    0.186204901657948E+01    0.239516470038547E+00
    0.138860000000000E+04    0.483668036116342E+01    0.239165050140681E+00
    0.138862000000000E+04    0.486624695476985E+01    0.239162263750348E+00
    0.139488000000000E+04    0.155169962521177E+01    0.239079483443788E+00
    0.139490000000000E+04    0.158126284282025E+01    0.239081788761542E+00
    0.140116000000000E+04    0.455401050964747E+01    0.239299281862175E+00
    0.140118000000000E+04    0.458358249442017E+01    0.239298672896605E+00
    0.140744000000000E+04    0.127556575313156E+01    0.239970453994072E+00
    0.140746000000000E+04    0.130516464474522E+01    0.239974649331455E+00
    0.141372000000000E+04    0.429207209084552E+01    0.240667768095856E+00
    0.141374000000000E+04    0.432169880473248E+01    0.240668957371784E+00
    0.142000000000000E+04    0.103447246589894E+01    0.241877353590753E+00
    0.142002000000000E+04    0.106414772540938E+01    0.241882582248523E+00
    0.142630000000000E+04    0.410615904113047E+01    0.242819845882871E+00
    0.142632000000000E+04    0.413587183488926E+01    0.242822056438155E+00
    0.143258000000000E+04    0.877480714343619E+00    0.244290792153188E+00
    0.143260000000000E+04    0.907252192684155E+00    0.244296222541421E+00
    0.143886000000000E+04    0.394985578836349E+01    0.245268512861387E+00
    0.143888000000000E+04    0.397966656971221E+01    0.245271102687604E+00
    0.144514000000000E+04    0.752615004486870E+00    0.246810138199592E+00
    0.144516000000000E+04    0.782487542913259E+00    0.246815460639187E+00
    0.145142000000000E+04    0.385639493388908E+01    0.247759353484621E+00
    0.145144000000000E+04    0.388630510073563E+01    0.247762035431630E+00
    0.145770000000000E+04    0.690459308726531E+00    0.249301470264210E+00
    0.145772000000000E+04    0.720431075339093E+00    0.249306611150623E+00
    0.146400000000000E+04    0.385524532240015E+01    0.250221443016159E+00
    0.146402000000000E+04    0.388525423618830E+01    0.250224119779604E+00
    0.147028000000000E+04    0.720352830537195E+00    0.251767902087233E+00
    0.147030000000000E+04    0.750423653344114E+00    0.251773108902225E+00
    0.147656000000000E+04    0.388626298531108E+01    0.252702398096441E+00
    0.147658000000000E+04    0.391637112727813E+01    0.252705057379078E+00
    0.148284000000000E+04    0.782491466843112E+00    0.254254122884297E+00
    0.148286000000000E+04    0.812661795342137E+00    0.254259500299835E+00
    0.148912000000000E+04    0.397997578717377E+01    0.255223351902633E+00
    0.148914000000000E+04    0.401018466845699E+01    0.255225873838482E+00
    0.149540000000000E+04    0.907432345698453E+00    0.256728590905063E+00
    0.149542000000000E+04    0.937701317839128E+00    0.256734016152722E+00
    0.150170000000000E+04    0.416632267083878E+01    0.257674166160760E+00
    0.150172000000000E+04    0.419662969210594E+01    0.257676150680426E+00
    0.150798000000000E+04    0.112326506190266E+01    0.258971096924080E+00
    0.150800000000000E+04    0.115362400431286E+01    0.258976100659676E+00
    0.151426000000000E+04    0.437911605161071E+01    0.259721132712211E+00
    0.151428000000000E+04    0.440950492108368E+01    0.259721848505423E+00
    0.152054000000000E+04    0.135868954170564E+01    0.260528937826657E+00
    0.152056000000000E+04    0.138911080142134E+01    0.260532629217233E+00
    0.152682000000000E+04    0.463166263613221E+01    0.260850409472367E+00
    0.152684000000000E+04    0.466209663129894E+01    0.260849130757441E+00
    0.153310000000000E+04    0.162074535068086E+01    0.260915452929767E+00
    0.153312000000000E+04    0.165118187021380E+01    0.260917082444024E+00
    0.153940000000000E+04    0.492550558366338E+01    0.260674280091843E+00
    0.153942000000000E+04    0.495593256257189E+01    0.260670871751829E+00
    0.154568000000000E+04    0.190761109160621E+01    0.259978727633862E+00
    0.154570000000000E+04    0.193801018722024E+01    0.259978298217354E+00
    0.155196000000000E+04    0.516702455021050E+01    0.259273782173226E+00
    0.155198000000000E+04    0.519739542113575E+01    0.259268899833190E+00
    0.155824000000000E+04    0.212815456247108E+01    0.258040856537563E+00
    0.155826000000000E+04    0.215847613930464E+01    0.258039046721551E+00
    0.156452000000000E+04    0.536150947493161E+01    0.257107626398861E+00
    0.156454000000000E+04    0.539179368666782E+01    0.257102178061516E+00
    0.157080000000000E+04    0.229389851974929E+01    0.255624396349073E+00
    0.157082000000000E+04    0.232412344599061E+01    0.255621948689890E+00
    0.157708000000000E+04    0.549641894239676E+01    0.254650667244810E+00
    0.157710000000000E+04    0.552660493546864E+01    0.254645236964821E+00
    0.158338000000000E+04    0.242774532070780E+01    0.253099857818730E+00
    0.158340000000000E+04    0.245786915891358E+01    0.253097241134423E+00
    0.158966000000000E+04    0.559859316118946E+01    0.252154852530537E+00
    0.158968000000000E+04    0.562867929012145E+01    0.252149587200073E+00
    0.159594000000000E+04    0.246857006423807E+01    0.250612894563828E+00
    0.159596000000000E+04    0.249859448636380E+01    0.250610260189768E+00
    0.160222000000000E+04    0.560829204530228E+01    0.249688656928460E+00
    0.160224000000000E+04    0.563827951241910E+01    0.249683448951827E+00
    0.160850000000000E+04    0.244732380522100E+01    0.248149251181752E+00
    0.160852000000000E+04    0.247724970493209E+01    0.248146610151259E+00
    0.161478000000000E+04    0.555603117559076E+01    0.247204917362826E+00
    0.161480000000000E+04    0.558591928582018E+01    0.247199603470002E+00
    0.162108000000000E+04    0.239360692819673E+01    0.245661701286105E+00
    0.162110000000000E+04    0.242343329324876E+01    0.245659132068365E+00
    0.162736000000000E+04    0.547092719542343E+01    0.244677519211985E+00
    0.162738000000000E+04    0.550071428557567E+01    0.244672038300640E+00
    0.163364000000000E+04    0.224707709295035E+01    0.243193907701921E+00
    0.163366000000000E+04    0.227680462459966E+01    0.243191630114963E+00
    0.163992000000000E+04    0.529356472906784E+01    0.242230429188533E+00
    0.163994000000000E+04    0.532325386007415E+01    0.242225099621050E+00
    0.164620000000000E+04    0.204010399561412E+01    0.240965562422034E+00
    0.164622000000000E+04    0.206974258671744E+01    0.240964174424391E+00
    0.165248000000000E+04    0.505999232913564E+01    0.240210774444206E+00
    0.165250000000000E+04    0.508960067947191E+01    0.240206341868908E+00
    0.165878000000000E+04    0.181354568638744E+01    0.239439956970583E+00
    0.165880000000000E+04    0.184312329588920E+01    0.239440259580765E+00
    0.166506000000000E+04    0.481705517645105E+01    0.239127763997297E+00
    0.166508000000000E+04    0.484662025652142E+01    0.239125126777870E+00
    0.167134000000000E+04    0.153192097512829E+01    0.239097198765228E+00
    0.167136000000000E+04    0.156148484063669E+01    0.239099657585220E+00
    0.167762000000000E+04    0.453474252295928E+01    0.239355517750922E+00
    0.167764000000000E+04    0.456431695986794E+01    0.239355064601432E+00
    0.168390000000000E+04    0.125738239548991E+01    0.240078617292000E+00
    0.168392000000000E+04    0.128698564517890E+01    0.240082920168680E+00
    0.169018000000000E+04    0.427541682634728E+01    0.240800877829731E+00
    0.169020000000000E+04    0.430504886796598E+01    0.240802167104298E+00
    0.169648000000000E+04    0.104936100545547E+01    0.242042364419752E+00
    0.169650000000000E+04    0.107904290378656E+01    0.242047617335389E+00
    0.170276000000000E+04    0.409346056746517E+01    0.242988673677399E+00
    0.170278000000000E+04    0.412318034850023E+01    0.242990952745280E+00
    0.170904000000000E+04    0.867039259692319E+00    0.244468187802403E+00
    0.170906000000000E+04    0.896818093462116E+00    0.244473638597562E+00
    0.171532000000000E+04    0.394170058468444E+01    0.245450486502925E+00
    0.171534000000000E+04    0.397151860320992E+01    0.245453091106450E+00
    0.172160000000000E+04    0.746741868277240E+00    0.246990681244008E+00
    0.172162000000000E+04    0.776621586954207E+00    0.246995987226377E+00
    0.172788000000000E+04    0.385277924777847E+01    0.247936691178971E+00
    0.172790000000000E+04    0.388269682574764E+01    0.247939366630218E+00
    0.173416000000000E+04    0.689171856869052E+00    0.249479310459083E+00
    0.173418000000000E+04    0.719151133445393E+00    0.249484497938418E+00
    0.174046000000000E+04    0.385628550049842E+01    0.250404774009668E+00
    0.174048000000000E+04    0.388630179870370E+01    0.250407464883925E+00
    0.174674000000000E+04    0.723692913538798E+00    0.251951291612886E+00
    0.174676000000000E+04    0.753771053552555E+00    0.251956503180700E+00
    0.175302000000000E+04    0.389192382584270E+01    0.252888028572917E+00
    0.175304000000000E+04    0.392203940407217E+01    0.252890685683971E+00
    0.175930000000000E+04    0.790478982696641E+00    0.254439219600787E+00
    0.175932000000000E+04    0.820656658775988E+00    0.254444610253448E+00
    0.176558000000000E+04    0.399029343868824E+01    0.255409335559625E+00
    0.176560000000000E+04    0.402050983901472E+01    0.255411828514383E+00
    0.177186000000000E+04    0.920074494434175E+00    0.256905585103524E+00
    0.177188000000000E+04    0.950350903859544E+00    0.256911025709310E+00
    0.177816000000000E+04    0.418124743605995E+01    0.257847767774054E+00
    0.177818000000000E+04    0.421156139399591E+01    0.257849682433954E+00
    0.178444000000000E+04    0.114017989497734E+01    0.259116864971807E+00
    0.178446000000000E+04    0.117054460586587E+01    0.259121793082577E+00
    0.179072000000000E+04    0.439773229718094E+01    0.259842360668993E+00
    0.179074000000000E+04    0.442812605221297E+01    0.259842950213432E+00
    0.179700000000000E+04    0.137852528393114E+01    0.260600776580991E+00
    0.179702000000000E+04    0.140894936756376E+01    0.260604327769774E+00
    0.180328000000000E+04    0.465214310866850E+01    0.260881200881534E+00
    0.180330000000000E+04    0.468257835322402E+01    0.260879754419241E+00
    0.180956000000000E+04    0.164126571589759E+01    0.260886690821894E+00
    0.180958000000000E+04    0.167170121211211E+01    0.260888157511510E+00
    0.181586000000000E+04    0.494538863665366E+01    0.260603756588876E+00
    0.181588000000000E+04    0.497581271175841E+01    0.260600201983111E+00
    0.182214000000000E+04    0.192626921021701E+01    0.259856963325314E+00
    0.182216000000000E+04    0.195666347105953E+01    0.259856401669306E+00
    0.182842000000000E+04    0.518400205553598E+01    0.259127598246398E+00
    0.182844000000000E+04    0.521436718801033E+01    0.259122644179805E+00
    0.183470000000000E+04    0.214311595188565E+01    0.257866256301740E+00
    0.183472000000000E+04    0.217343050379986E+01    0.257864370053655E+00
    0.184098000000000E+04    0.537419631824741E+01    0.256924161917591E+00
    0.184100000000000E+04    0.540447323045009E+01    0.256918701474832E+00
    0.184726000000000E+04    0.230424923955661E+01    0.255432101869602E+00
    0.184728000000000E+04    0.233446646163475E+01    0.255429631061789E+00
    0.185354000000000E+04    0.550433874039118E+01    0.254459132900825E+00
    0.185356000000000E+04    0.553451703149722E+01    0.254453714846868E+00
    0.185984000000000E+04    0.243327481750475E+01    0.252908295733523E+00
    0.185986000000000E+04    0.246339107519225E+01    0.252905678568585E+00
    0.186612000000000E+04    0.560175253927082E+01    0.251966022531346E+00
    0.186614000000000E+04    0.563183108563589E+01    0.251960761439519E+00
    0.187240000000000E+04    0.246934680842332E+01    0.250423750789284E+00
    0.187242000000000E+04    0.249936363302913E+01    0.250421119201850E+00
    0.187868000000000E+04    0.560671501899196E+01    0.249500335492276E+00
    0.187870000000000E+04    0.563669501681807E+01    0.249495129150998E+00
    0.188496000000000E+04    0.244338229766299E+01    0.247960469606926E+00
    0.188498000000000E+04    0.247330062067977E+01    0.247957828031367E+00
    0.189124000000000E+04    0.554969151699424E+01    0.247012346956242E+00
    0.189126000000000E+04    0.557957195330437E+01    0.247007013845911E+00
    0.189754000000000E+04    0.238485776401512E+01    0.245471002750762E+00
    0.189756000000000E+04    0.241467653405562E+01    0.245468437213622E+00
    0.190382000000000E+04    0.545976429938901E+01    0.244484284627235E+00
    0.190384000000000E+04    0.548954358645278E+01    0.244478794982587E+00
    0.191010000000000E+04    0.223355418475148E+01    0.243009370024759E+00
    0.191012000000000E+04    0.226327450230929E+01    0.243007139950361E+00
    0.191638000000000E+04    0.527784937365777E+01    0.242057522455925E+00
    0.191640000000000E+04    0.530753159482174E+01    0.242052237800395E+00
    0.192266000000000E+04    0.202235183088123E+01    0.240819742251787E+00
    0.192268000000000E+04    0.205198456083190E+01    0.240818460447410E+00
    0.192894000000000E+04    0.504058763915600E+01    0.240091140546747E+00
    0.192896000000000E+04    0.507019132801815E+01    0.240086821542069E+00
    0.193524000000000E+04    0.179293069881942E+01    0.239369935777113E+00
    0.193526000000000E+04    0.182250544443696E+01    0.239370391348943E+00
    0.194152000000000E+04    0.479580866040988E+01    0.239099278079886E+00
    0.194154000000000E+04    0.482537262202413E+01    0.239096805275134E+00
    0.194780000000000E+04    0.151073039791208E+01    0.239130439346306E+00
    0.194782000000000E+04    0.154029565231758E+01    0.239133060311091E+00
    0.195408000000000E+04    0.451419259868317E+01    0.239431842284288E+00
    0.195410000000000E+04    0.454376988735294E+01    0.239431540262651E+00
    0.196036000000000E+04    0.123805946009361E+01    0.240200476555582E+00
    0.196038000000000E+04    0.126766756320922E+01    0.240204884181738E+00
    0.196664000000000E+04    0.425777841990339E+01    0.240949374040104E+00
    0.196666000000000E+04    0.428741639706277E+01    0.240950763813863E+00
    0.197294000000000E+04    0.103379242428309E+01    0.242218876288759E+00
    0.197296000000000E+04    0.106348135080361E+01    0.242224170359148E+00
    0.197922000000000E+04    0.408012433444901E+01    0.243172820799408E+00
    0.197924000000000E+04    0.410985129684468E+01    0.243175122812914E+00
    0.198550000000000E+04    0.856068143630182E+00    0.244660783093410E+00
    0.198552000000000E+04    0.885854656050014E+00    0.244666222845579E+00
    0.199178000000000E+04    0.393313755857298E+01    0.245641281735869E+00
    0.199180000000000E+04    0.396296330558471E+01    0.245643905009870E+00
    0.199806000000000E+04    0.740624401222703E+00    0.247183787955444E+00
    0.199808000000000E+04    0.770511848563274E+00    0.247189079709241E+00
    0.200434000000000E+04    0.384905077384929E+01    0.248126509374846E+00
    0.200436000000000E+04    0.387897590107923E+01    0.248129177091213E+00
    0.201062000000000E+04    0.687822057488575E+00    0.249668897809119E+00
    0.201064000000000E+04    0.717808918251649E+00    0.249674079683763E+00
    0.201692000000000E+04    0.385730125240070E+01    0.250592937918623E+00
    0.201694000000000E+04    0.388732500641481E+01    0.250595613451648E+00
    0.202320000000000E+04    0.727067671969962E+00    0.252139957115930E+00
    0.202322000000000E+04    0.757153462140195E+00    0.252145183079833E+00
    0.202948000000000E+04    0.389772094133241E+01    0.253080344049442E+00
    0.202950000000000E+04    0.392784420013186E+01    0.253082995366208E+00
    0.203576000000000E+04    0.798659202784165E+00    0.254629364489481E+00
    0.203578000000000E+04    0.828844465710972E+00    0.254634761774992E+00
    0.204204000000000E+04    0.400089626153385E+01    0.255601580973243E+00
    0.204206000000000E+04    0.403112041751501E+01    0.255604057978942E+00
    0.204832000000000E+04    0.933036189706854E+00    0.257088393837621E+00
    0.204834000000000E+04    0.963319818071795E+00    0.257093820144901E+00
    0.205462000000000E+04    0.419645170433705E+01    0.258021168946483E+00
    0.205464000000000E+04    0.422677260610999E+01    0.258023013078795E+00
    0.206090000000000E+04    0.115740471309118E+01    0.259263332382176E+00
    0.206092000000000E+04    0.118777533983393E+01    0.259268197025683E+00
    0.206718000000000E+04    0.441665024657459E+01    0.259962404012335E+00
    0.206720000000000E+04    0.444704872087277E+01    0.259962852778923E+00
    0.207346000000000E+04    0.139861356511756E+01    0.260669325699061E+00
    0.207348000000000E+04    0.142904041537304E+01    0.260672735206022E+00
    0.207974000000000E+04    0.467286979462369E+01    0.260909132231370E+00
    0.207976000000000E+04    0.470330622416623E+01    0.260907517338140E+00
    0.208602000000000E+04    0.166194076634156E+01    0.260852215789723E+00
    0.208604000000000E+04    0.169237480087531E+01    0.260853508091087E+00
    0.209232000000000E+04    0.496535293052148E+01    0.260527906919354E+00
    0.209234000000000E+04    0.499577401839269E+01    0.260524216699407E+00
    0.209860000000000E+04    0.194499289380201E+01    0.259732213454248E+00
    0.209862000000000E+04    0.197538215279565E+01    0.259731522414962E+00
    0.210488000000000E+04    0.520096275814512E+01    0.258977429221793E+00
    0.210490000000000E+04    0.523132178575952E+01    0.258972403950595E+00
    0.211116000000000E+04    0.215803297399452E+01    0.257689999341769E+00
    0.211118000000000E+04    0.218834052489547E+01    0.257688050907232E+00
    0.211744000000000E+04    0.538684841916665E+01    0.256741192082191E+00
    0.211746000000000E+04    0.541711798278993E+01    0.256735725491474E+00
    0.212372000000000E+04    0.231452789999685E+01    0.255239234964660E+00
    0.212374000000000E+04    0.234473735200754E+01    0.255236748054215E+00
    0.213000000000000E+04    0.551220586973432E+01    0.254268466908611E+00
    0.213002000000000E+04    0.554237659881574E+01    0.254263068031512E+00
    0.213630000000000E+04    0.243874232477083E+01    0.252716604507721E+00
    0.213632000000000E+04    0.246885089058469E+01    0.252713981391771E+00
    0.214258000000000E+04    0.560480623797002E+01    0.251776350294586E+00
    0.214260000000000E+04    0.563487724017432E+01    0.251771101145597E+00
    0.214886000000000E+04    0.247004765332940E+01    0.250235774415454E+00
    0.214888000000000E+04    0.250005701535520E+01    0.250233138438313E+00
    0.215514000000000E+04    0.560503960720098E+01    0.249311306225777E+00
    0.215516000000000E+04    0.563501198372342E+01    0.249306089161874E+00
    0.216142000000000E+04    0.243932382137837E+01    0.247771438036410E+00
    0.216144000000000E+04    0.246923460381367E+01    0.247768797755568E+00
    0.216770000000000E+04    0.554326183842522E+01    0.246820791124208E+00
    0.216772000000000E+04    0.557313457098326E+01    0.246815443275259E+00
    0.217400000000000E+04    0.237599099325143E+01    0.245279868474241E+00
    0.217402000000000E+04    0.240580206375080E+01    0.245277319854009E+00
    0.218028000000000E+04    0.544851266286696E+01    0.244292554828102E+00
    0.218030000000000E+04    0.547828435973906E+01    0.244287068887044E+00
    0.218656000000000E+04    0.221994420350666E+01    0.242827657262678E+00
    0.218658000000000E+04    0.224965722492152E+01    0.242825470214689E+00
    0.219284000000000E+04    0.526200444436790E+01    0.241884191563253E+00
    0.219286000000000E+04    0.529167974679513E+01    0.241878946622041E+00
    0.219912000000000E+04    0.200450992695141E+01    0.240676183380539E+00
    0.219914000000000E+04    0.203413693068342E+01    0.240675002360019E+00
    0.220540000000000E+04    0.502109230452243E+01    0.239973931936862E+00
    0.220542000000000E+04    0.505069119896598E+01    0.239969722192126E+00
    0.221170000000000E+04    0.177226966060152E+01    0.239304701080781E+00
    0.221172000000000E+04    0.180184186268343E+01    0.239305321847884E+00
    0.221798000000000E+04    0.477460267212564E+01    0.239076992805915E+00
    0.221800000000000E+04    0.480416568964620E+01    0.239074681280256E+00
    0.222426000000000E+04    0.148960510262850E+01    0.239167975720162E+00
    0.222428000000000E+04    0.151917186947776E+01    0.239170756916106E+00
    0.223054000000000E+04    0.449382465311328E+01    0.239511482110438E+00
    0.223056000000000E+04    0.452340516321965E+01    0.239511335909578E+00
    0.223682000000000E+04    0.121899546499799E+01    0.240327180977475E+00
    0.223684000000000E+04    0.124860857301564E+01    0.240331681580535E+00
    0.224310000000000E+04    0.424046196423251E+01    0.241100773948653E+00
    0.224312000000000E+04    0.427010607220882E+01    0.241102266935444E+00
    0.224940000000000E+04    0.101858411768717E+01    0.242396501282782E+00
    0.224942000000000E+04    0.104828007047809E+01    0.242401826204797E+00
    0.225568000000000E+04    0.406716048830049E+01    0.243356558612738E+00
    0.225570000000000E+04    0.409689481308806E+01    0.243358903217618E+00
    0.226196000000000E+04    0.845507243301654E+00    0.244854511778924E+00
    0.226198000000000E+04    0.875301530406887E+00    0.244859952459724E+00
    0.226824000000000E+04    0.392497655068701E+01    0.245832100327732E+00
    0.226826000000000E+04    0.395480986830262E+01    0.245834722400303E+00
    0.227452000000000E+04    0.734865757931402E+00    0.247375223317185E+00
    0.227454000000000E+04    0.764760957841645E+00    0.247380504762568E+00
    0.228080000000000E+04    0.384569610166000E+01    0.248315766638284E+00
    0.228082000000000E+04    0.387562877426399E+01    0.248318431423222E+00
    0.228708000000000E+04    0.686821207682442E+00    0.249856304573872E+00
    0.228710000000000E+04    0.716815560266696E+00    0.249861483438332E+00
    0.229338000000000E+04    0.385867654396679E+01    0.250781628684004E+00
    0.229340000000000E+04    0.388870789760904E+01    0.250784315417472E+00
    0.229966000000000E+04    0.730817975800164E+00    0.252329382931266E+00
    0.229968000000000E+04    0.760911242574366E+00    0.252334616310145E+00
    0.230594000000000E+04    0.390384686757034E+01    0.253271615509456E+00
    0.230596000000000E+04    0.393397779500947E+01    0.253274263601632E+00
    0.231222000000000E+04    0.807196786852728E+00    0.254821034061200E+00
    0.231224000000000E+04    0.837389736314435E+00    0.254826449070034E+00
    0.231850000000000E+04    0.401184852326060E+01    0.255793222842603E+00
    0.231852000000000E+04    0.404208027296863E+01    0.255795662582660E+00
    0.232478000000000E+04    0.946310983280910E+00    0.257269096116101E+00
    0.232480000000000E+04    0.976601932036829E+00    0.257274507237236E+00
    0.233108000000000E+04    0.421199707255437E+01    0.258193364962029E+00
    0.233110000000000E+04    0.424232484575441E+01    0.258195131194616E+00
    0.233736000000000E+04    0.117490250228957E+01    0.259404146055933E+00
    0.233738000000000E+04    0.120527870189380E+01    0.259408924467686E+00
    0.234364000000000E+04    0.443576787011443E+01    0.260075975662609E+00
    0.234366000000000E+04    0.446617095884721E+01    0.260076290312597E+00
    0.234992000000000E+04    0.141884733963343E+01    0.260730967247327E+00
    0.234994000000000E+04    0.144927662241707E+01    0.260734230069951E+00
    0.235620000000000E+04    0.469358966595746E+01    0.260927523027526E+00
    0.235622000000000E+04    0.472402675163585E+01    0.260925737190403E+00
    0.236248000000000E+04    0.168252196824506E+01    0.260810323939545E+00
    0.236250000000000E+04    0.171295440902213E+01    0.260811455465458E+00
    0.236878000000000E+04    0.498515147510670E+01    0.260446339704337E+00
    0.236880000000000E+04    0.501556925899922E+01    0.260442513324768E+00
    0.237506000000000E+04    0.196343464208394E+01    0.259601708778923E+00
    0.237508000000000E+04    0.199381865535133E+01    0.259600897580060E+00
    0.238134000000000E+04    0.521761785044782E+01    0.258824403888559E+00
    0.238136000000000E+04    0.524797085802811E+01    0.258819320856813E+00
    0.238762000000000E+04    0.217261288744339E+01    0.257511437830448E+00
    0.238764000000000E+04    0.220291326449296E+01    0.257509421046365E+00
    0.239390000000000E+04    0.539911165710237E+01    0.256555799772588E+00
    0.239392000000000E+04    0.542937382131777E+01    0.256550322176960E+00
    0.240018000000000E+04    0.232444067571578E+01    0.255046983042877E+00
    0.240020000000000E+04    0.235464248029530E+01    0.255044471406060E+00
    0.240648000000000E+04    0.554984827233875E+01    0.254071880926545E+00
    0.240650000000000E+04    0.558001105842914E+01    0.254066477071285E+00
    0.241276000000000E+04    0.244381048898913E+01    0.252525322881421E+00
    0.241278000000000E+04    0.247391142717242E+01    0.252522695346226E+00
    0.241904000000000E+04    0.560750140080472E+01    0.251588349344938E+00
    0.241906000000000E+04    0.563756486733791E+01    0.251583103142320E+00
    0.242532000000000E+04    0.247036254136674E+01    0.250047043164017E+00
    0.242534000000000E+04    0.250036427314444E+01    0.250044406877895E+00
    0.243160000000000E+04    0.560299686176359E+01    0.249121894403397E+00
    0.243162000000000E+04    0.563296174060588E+01    0.249116678474276E+00
    0.243788000000000E+04    0.243493067426198E+01    0.247582698321588E+00
    0.243790000000000E+04    0.246483391675292E+01    0.247580059507972E+00
    0.244416000000000E+04    0.553647705679805E+01    0.246629205329714E+00
    0.244418000000000E+04    0.556634212371227E+01    0.246623848200314E+00
    0.245046000000000E+04    0.236679506436030E+01    0.245090314149007E+00
    0.245048000000000E+04    0.239659857587958E+01    0.245087771153584E+00
    0.245674000000000E+04    0.543691260884634E+01    0.244100795227973E+00
    0.245676000000000E+04    0.546667658313800E+01    0.244095306024134E+00
    0.246302000000000E+04    0.220599550258976E+01    0.242648043214468E+00
    0.246304000000000E+04    0.223570137223169E+01    0.242645907854484E+00
    0.246930000000000E+04    0.524587774315978E+01    0.241715089841366E+00
    0.246932000000000E+04    0.527554628500184E+01    0.241709889923546E+00
    0.247558000000000E+04    0.198642732418784E+01    0.240537966487998E+00
    0.247560000000000E+04    0.201604880528475E+01    0.240536900894863E+00
    0.248186000000000E+04    0.500145504749707E+01    0.239864017340049E+00
    0.248188000000000E+04    0.503104952848662E+01    0.239859926528869E+00
    0.248816000000000E+04    0.175154921801004E+01    0.239246590804019E+00
    0.248818000000000E+04    0.178111908193159E+01    0.239247368338803E+00
    0.249444000000000E+04    0.475343746611952E+01    0.239062455889210E+00
    0.249446000000000E+04    0.478299994405006E+01    0.239060312183455E+00
    0.250072000000000E+04    0.146861715470322E+01    0.239213821379048E+00
    0.250074000000000E+04    0.149818555951424E+01    0.239216751562566E+00
    0.250700000000000E+04    0.447361022516361E+01    0.239594710723079E+00
    0.250702000000000E+04    0.450319405857363E+01    0.239594714873179E+00
    0.251328000000000E+04    0.120016825159610E+01    0.240459156851024E+00
    0.251330000000000E+04    0.122978670906423E+01    0.240463761470465E+00
    0.251956000000000E+04    0.422343577744459E+01    0.241255790502240E+00
    0.251958000000000E+04    0.425308605674491E+01    0.241257371062577E+00
    0.252586000000000E+04    0.100368752884606E+01    0.242576094333294E+00
    0.252588000000000E+04    0.103339068350760E+01    0.242581450241856E+00
    0.253214000000000E+04    0.405455100558993E+01    0.243541914504722E+00
    0.253216000000000E+04    0.408429268210421E+01    0.243544293532393E+00
    0.253842000000000E+04    0.835270062864311E+00    0.245046362267918E+00
    0.253844000000000E+04    0.865072117416730E+00    0.245051790048275E+00
    0.254470000000000E+04    0.391717169477624E+01    0.246023277170081E+00
    0.254472000000000E+04    0.394701276713295E+01    0.246025924370031E+00
    0.255098000000000E+04    0.729478988228948E+00    0.247566665590119E+00
    0.255100000000000E+04    0.759381760488395E+00    0.247571935878039E+00
    0.255726000000000E+04    0.384266828086766E+01    0.248504478380187E+00
    0.255728000000000E+04    0.387260843723971E+01    0.248507146337475E+00
    0.256354000000000E+04    0.686151354578669E+00    0.250044737023249E+00
    0.256356000000000E+04    0.716153247339207E+00    0.250049918210557E+00
    0.256984000000000E+04    0.386038787034022E+01    0.250970209147639E+00
    0.256986000000000E+04    0.389042679573595E+01    0.250972899448373E+00
    0.257612000000000E+04    0.734908342335530E+00    0.252519155800491E+00
    0.257614000000000E+04    0.765009213208941E+00    0.252524406932338E+00
    0.258240000000000E+04    0.391035822604272E+01    0.253464906325965E+00
    0.258242000000000E+04    0.394049692443377E+01    0.253467557524271E+00
    0.258868000000000E+04    0.816114452072270E+00    0.255013114919597E+00
    0.258870000000000E+04    0.846315058108303E+00    0.255018539311290E+00
    0.259496000000000E+04    0.402318268202407E+01    0.255983965617365E+00
    0.259498000000000E+04    0.405342207516105E+01    0.255986375001526E+00
    0.260124000000000E+04    0.959966498333415E+00    0.257447873317326E+00
    0.260126000000000E+04    0.990264593504889E+00    0.257453266478605E+00
    0.260754000000000E+04    0.422785223032224E+01    0.258360948677401E+00
    0.260756000000000E+04    0.425818669191676E+01    0.258362628340394E+00
    0.261382000000000E+04    0.119262811037015E+01    0.259541373027506E+00
    0.261384000000000E+04    0.122300960904658E+01    0.259546062587940E+00
    0.262010000000000E+04    0.445499684036167E+01    0.260180688426645E+00
    0.262012000000000E+04    0.448540408825875E+01    0.260180858056139E+00
    0.262638000000000E+04    0.143905512117590E+01    0.260782138532143E+00
    0.262640000000000E+04    0.146948646624196E+01    0.260785253377472E+00
    0.263266000000000E+04    0.471418617600830E+01    0.260936836003431E+00
    0.263268000000000E+04    0.474462361189808E+01    0.260934880029341E+00
    0.263894000000000E+04    0.170284878230814E+01    0.260759017090924E+00
    0.263896000000000E+04    0.173327916969856E+01    0.260759982250679E+00
    0.264524000000000E+04    0.500458285404511E+01    0.260356380724921E+00
    0.264526000000000E+04    0.503499704268143E+01    0.260352427509082E+00
    0.265152000000000E+04    0.198143998424257E+01    0.259465602853878E+00
    0.265154000000000E+04    0.201181843027462E+01    0.259464665713879E+00
    0.265780000000000E+04    0.523373070288608E+01    0.258666381411617E+00
    0.265782000000000E+04    0.526407729992616E+01    0.258661241484291E+00
    0.266408000000000E+04    0.218659758644117E+01    0.257330772195220E+00
    0.266410000000000E+04    0.221689073575544E+01    0.257328699060478E+00
    0.267036000000000E+04    0.541077267547416E+01    0.256369748864812E+00
    0.267038000000000E+04    0.544102738268521E+01    0.256364264924107E+00
    0.267664000000000E+04    0.233372292281001E+01    0.254853869014299E+00
    0.267666000000000E+04    0.236391701076582E+01    0.254851339326779E+00
    0.268294000000000E+04    0.555670341124869E+01    0.253880954719127E+00
    0.268296000000000E+04    0.558685856768307E+01    0.253875569254312E+00
    0.268922000000000E+04    0.244826664287575E+01    0.252334100084624E+00
    0.268924000000000E+04    0.247835991841521E+01    0.252331482844225E+00
    0.269550000000000E+04    0.560956944659711E+01    0.251399668836739E+00
    0.269552000000000E+04    0.563962541533056E+01    0.251394436105065E+00
    0.270178000000000E+04    0.247006129602369E+01    0.249859419477746E+00
    0.270180000000000E+04    0.250005551012100E+01    0.249856779292048E+00
    0.270806000000000E+04    0.560028189243349E+01    0.248931917415333E+00
    0.270808000000000E+04    0.563023907447996E+01    0.248926692900005E+00
    0.271434000000000E+04    0.242978752953650E+01    0.247390900543590E+00
    0.271436000000000E+04    0.245968310561375E+01    0.247388262794427E+00
    0.272062000000000E+04    0.552892153805806E+01    0.246433831668020E+00
    0.272064000000000E+04    0.555877884839310E+01    0.246428461095508E+00
    0.272692000000000E+04    0.235679821377880E+01    0.244898091144247E+00
    0.272694000000000E+04    0.238659402108169E+01    0.244895568640836E+00
    0.273320000000000E+04    0.542449673908231E+01    0.243907850287599E+00
    0.273322000000000E+04    0.545425294430152E+01    0.243902364839648E+00
    0.273948000000000E+04    0.219119116151069E+01    0.242467441479197E+00
    0.273950000000000E+04    0.222088974654162E+01    0.242465360331570E+00
    0.274576000000000E+04    0.522886233958525E+01    0.241545274913300E+00
    0.274578000000000E+04    0.525852409018989E+01    0.241540129048085E+00
    0.275204000000000E+04    0.196746708619048E+01    0.240401474745069E+00
    0.275206000000000E+04    0.199708311699851E+01    0.240400521924301E+00
    0.275832000000000E+04    0.498097786998915E+01    0.239759065064307E+00
    0.275834000000000E+04    0.501056818389134E+01    0.239755101474891E+00
    0.276462000000000E+04    0.173009952007760E+01    0.239198078110249E+00
    0.276464000000000E+04    0.175966745931146E+01    0.239199028570771E+00
    0.277090000000000E+04    0.473164222866035E+01    0.239058117563587E+00
    0.277092000000000E+04    0.476120449690461E+01    0.239056145058844E+00
    0.277718000000000E+04    0.144718130863475E+01    0.239270627629784E+00
    0.277720000000000E+04    0.147675220313886E+01    0.239273723736980E+00
    0.278346000000000E+04    0.445319602160362E+01    0.239694532119516E+00
    0.278348000000000E+04    0.448278382125409E+01    0.239694686164676E+00
    0.278974000000000E+04    0.118128519888887E+01    0.240602751231439E+00
    0.278976000000000E+04    0.121090932032803E+01    0.240607438178186E+00
    0.279602000000000E+04    0.420649030879758E+01    0.241420782263981E+00
    0.279604000000000E+04    0.423614722448110E+01    0.241422455022513E+00
    0.280232000000000E+04    0.988993165395186E+00    0.242763774936622E+00
    0.280234000000000E+04    0.101870381614299E+01    0.242769152988781E+00
    0.280860000000000E+04    0.404224161660659E+01    0.243734829271830E+00
    0.280862000000000E+04    0.407199107769429E+01    0.243737246018536E+00
    0.281488000000000E+04    0.825462977921234E+00    0.245246978066927E+00
    0.281490000000000E+04    0.855272961525770E+00    0.245252401154535E+00
    0.282116000000000E+04    0.390981456252484E+01    0.246219543213616E+00
    0.282118000000000E+04    0.393966338118207E+01    0.246222180853371E+00
    0.282744000000000E+04    0.724593239061505E+00    0.247763548887514E+00
    0.282746000000000E+04    0.754503967124037E+00    0.247768805903301E+00
    0.283372000000000E+04    0.384025619691874E+01    0.248698862482231E+00
    0.283374000000000E+04    0.387020418503107E+01    0.248701528259956E+00
    0.284000000000000E+04    0.686191771646918E+00    0.250239244824911E+00
    0.284002000000000E+04    0.716201443157843E+00    0.250244424079797E+00
    0.284630000000000E+04    0.386288043954301E+01    0.251165746499332E+00
    0.284632000000000E+04    0.389292716243017E+01    0.251168433113397E+00
    0.285258000000000E+04    0.739848496689774E+00    0.252715073602540E+00
    0.285260000000000E+04    0.769957194391282E+00    0.252720333147358E+00
    0.285886000000000E+04    0.391777557955993E+01    0.253663313893974E+00
    0.285888000000000E+04    0.394792217908162E+01    0.253665948712055E+00
    0.286514000000000E+04    0.826007685195691E+00    0.255208962238669E+00
    0.286516000000000E+04    0.856216149967622E+00    0.255214398190375E+00
    0.287142000000000E+04    0.403556381126782E+01    0.256181235229077E+00
    0.287144000000000E+04    0.406581108555201E+01    0.256183608752396E+00
    0.287770000000000E+04    0.974729880461382E+00    0.257631501447570E+00
    0.287772000000000E+04    0.100503532087896E+01    0.257636868407790E+00
    0.288400000000000E+04    0.424487761435012E+01    0.258532274631741E+00
    0.288402000000000E+04    0.427521894602978E+01    0.258533866872265E+00
    0.289028000000000E+04    0.121161350328111E+01    0.259675818026608E+00
    0.289030000000000E+04    0.124200055566325E+01    0.259680418456724E+00
    0.289656000000000E+04    0.447555221880248E+01    0.260286794782418E+00
    0.289658000000000E+04    0.450596374108136E+01    0.260286811825856E+00
    0.290284000000000E+04    0.146058481057025E+01    0.260830298754508E+00
    0.290286000000000E+04    0.149101806562339E+01    0.260833250741583E+00
    0.290912000000000E+04    0.473603826738963E+01    0.260939271350047E+00
    0.290914000000000E+04    0.476647582353689E+01    0.260937141742399E+00
    0.291540000000000E+04    0.172433977308810E+01    0.260698147172866E+00
    0.291542000000000E+04    0.175476771218473E+01    0.260698941488828E+00
    0.292170000000000E+04    0.502502686578464E+01    0.260254900019295E+00
    0.292172000000000E+04    0.505543698305610E+01    0.260250814147718E+00
    0.292798000000000E+04    0.200032255683527E+01    0.259317472678209E+00
    0.292800000000000E+04    0.203069522817896E+01    0.259316416669290E+00
    0.293426000000000E+04    0.525061871802427E+01    0.258497446686828E+00
    0.293428000000000E+04    0.528095863491035E+01    0.258492249961332E+00
    0.294054000000000E+04    0.220121053749062E+01    0.257138150680576E+00
    0.294056000000000E+04    0.223149595711584E+01    0.257136017400000E+00
    0.294682000000000E+04    0.542291371586634E+01    0.256172121501370E+00
    0.294684000000000E+04    0.545316055199328E+01    0.256166636110521E+00
    0.295310000000000E+04    0.234336146102760E+01    0.254650664345777E+00
    0.295312000000000E+04    0.237354742707066E+01    0.254648115058007E+00
    0.295940000000000E+04    0.556378550830959E+01    0.253680357491350E+00
    0.295942000000000E+04    0.559393265083145E+01    0.253674979493864E+00
    0.296568000000000E+04    0.245284987719060E+01    0.252134069718613E+00
    0.296570000000000E+04    0.248293516399190E+01    0.252131442245704E+00
    0.297196000000000E+04    0.561164509002083E+01    0.251200931026510E+00
    0.297198000000000E+04    0.564169303685776E+01    0.251195700136649E+00
    0.297824000000000E+04    0.246965392670154E+01    0.249660768565231E+00
    0.297826000000000E+04    0.249964023344910E+01    0.249658136328701E+00
    0.298452000000000E+04    0.559742767597709E+01    0.248733903188502E+00
    0.298454000000000E+04    0.562737701721926E+01    0.248728672184842E+00
    0.299080000000000E+04    0.242444651290771E+01    0.247192825141252E+00
    0.299082000000000E+04    0.245433413045703E+01    0.247190189526206E+00
    0.299708000000000E+04    0.552105961503366E+01    0.246231699460488E+00
    0.299710000000000E+04    0.555090882361947E+01    0.246226310663544E+00
    0.300338000000000E+04    0.234639365760268E+01    0.244698546654676E+00
    0.300340000000000E+04    0.237618153064068E+01    0.244696042277430E+00
    0.300966000000000E+04    0.541161279884818E+01    0.243709449500800E+00
    0.300968000000000E+04    0.544136109221836E+01    0.243703963398861E+00
    0.301594000000000E+04    0.217589862758905E+01    0.242283734823477E+00
    0.301596000000000E+04    0.220558992660244E+01    0.242281719537781E+00
    0.302222000000000E+04    0.521137208673827E+01    0.241375830666001E+00
    0.302224000000000E+04    0.524102704221605E+01    0.241370747015903E+00
    0.302850000000000E+04    0.194802473383061E+01    0.240266969164019E+00
    0.302852000000000E+04    0.197763537748779E+01    0.240266144719201E+00
    0.303478000000000E+04    0.496006973192107E+01    0.239658066932786E+00
    0.303480000000000E+04    0.498965610619234E+01    0.239654239443538E+00
    0.304108000000000E+04    0.170825586509818E+01    0.239153563963306E+00
    0.304110000000000E+04    0.173782196378761E+01    0.239154680195592E+00
    0.304736000000000E+04    0.470952249699531E+01    0.239059524543670E+00
    0.304738000000000E+04    0.473908488374582E+01    0.239057732558647E+00
    0.305364000000000E+04    0.142549434304783E+01    0.239334614558159E+00
    0.305366000000000E+04    0.145506777785340E+01    0.239337866932184E+00
    0.305992000000000E+04    0.443253852954240E+01    0.239797508736527E+00
    0.305994000000000E+04    0.446213045671902E+01    0.239797812716488E+00
    0.306620000000000E+04    0.116225015826512E+01    0.240752105729276E+00
    0.306622000000000E+04    0.119188033311912E+01    0.240756890583830E+00
    0.307248000000000E+04    0.418945427528070E+01    0.241590563889581E+00
    0.307250000000000E+04    0.421911790914328E+01    0.241592315485210E+00
    0.307878000000000E+04    0.974241430269103E+00    0.242954802244725E+00
    0.307880000000000E+04    0.100395980076610E+01    0.242960202482800E+00
    0.308506000000000E+04    0.402992946213635E+01    0.243930545851045E+00
    0.308508000000000E+04    0.405968673124244E+01    0.243932991776380E+00
    0.309134000000000E+04    0.815638489722005E+00    0.245447040820453E+00
    0.309136000000000E+04    0.845456458560875E+00    0.245452447038518E+00
    0.309762000000000E+04    0.390249224654599E+01    0.246417871262710E+00
    0.309764000000000E+04    0.393234905688678E+01    0.246420526564541E+00
    0.310390000000000E+04    0.719777928488838E+00    0.247962168104628E+00
    0.310392000000000E+04    0.749696510456488E+00    0.247967409397798E+00
    0.311018000000000E+04    0.383789359305774E+01    0.248894418946654E+00
    0.311020000000000E+04    0.386784943674502E+01    0.248897087698632E+00
    0.311646000000000E+04    0.686311234870118E+00    0.250436522629786E+00
    0.311648000000000E+04    0.716328800554948E+00    0.250441703322940E+00
    0.312276000000000E+04    0.386547618311579E+01    0.251362797859500E+00
    0.312278000000000E+04    0.389553073138541E+01    0.251365471965505E+00
    0.312904000000000E+04    0.744911762779338E+00    0.252912766441378E+00
    0.312906000000000E+04    0.775028466002368E+00    0.252918042752946E+00
    0.313532000000000E+04    0.392537316922608E+01    0.253864683972165E+00
    0.313534000000000E+04    0.395552780358321E+01    0.253867306910723E+00
    0.314160000000000E+04    0.836086269499901E+00    0.255405999983637E+00
    0.314162000000000E+04    0.866302592370630E+00    0.255411437449043E+00
    0.314788000000000E+04    0.404814201566205E+01    0.256378389599680E+00
    0.314790000000000E+04    0.407839724327096E+01    0.256380733302610E+00
    0.315416000000000E+04    0.989696448524228E+00    0.257813925766586E+00
    0.315418000000000E+04    0.102000909609524E+01    0.257819262179885E+00
    0.316046000000000E+04    0.426205021168516E+01    0.258699891030580E+00
    0.316048000000000E+04    0.429239825721288E+01    0.258701389573183E+00
    0.316674000000000E+04    0.123068130168849E+01    0.259807761678779E+00
    0.316676000000000E+04    0.126107369830606E+01    0.259812271701997E+00
    0.317302000000000E+04    0.449608611726126E+01    0.260385351358542E+00
    0.317304000000000E+04    0.452650149929832E+01    0.260385205576307E+00
    0.317930000000000E+04    0.148196907470629E+01    0.260869653574351E+00
    0.317932000000000E+04    0.151240391300416E+01    0.260872442265965E+00
    0.318558000000000E+04    0.475766263910009E+01    0.260934239955084E+00
    0.318560000000000E+04    0.478810006757976E+01    0.260931936937327E+00
    0.319186000000000E+04    0.174549101733010E+01    0.260629696752918E+00
    0.319188000000000E+04    0.177591613641380E+01    0.260630315920799E+00
    0.319816000000000E+04    0.504504757636914E+01    0.260147449866979E+00
    0.319818000000000E+04    0.507545343797938E+01    0.260143243074043E+00
    0.320444000000000E+04    0.201873919275840E+01    0.259166258594512E+00
    0.320446000000000E+04    0.204910580609612E+01    0.259165086469147E+00
    0.321072000000000E+04    0.526697293735742E+01    0.258326050836911E+00
    0.321074000000000E+04    0.529730590761483E+01    0.258320802173283E+00
    0.321700000000000E+04    0.221529369949349E+01    0.256946439457005E+00
    0.321702000000000E+04    0.224557150062265E+01    0.256944258808532E+00
    0.322328000000000E+04    0.543456421409519E+01    0.255977430901795E+00
    0.322330000000000E+04    0.546480322182833E+01    0.255971951313949E+00
    0.322956000000000E+04    0.235251256357787E+01    0.254449263622961E+00
    0.322958000000000E+04    0.238269041487638E+01    0.254446706022096E+00
    0.323586000000000E+04    0.557041780270447E+01    0.253482215505715E+00
    0.323588000000000E+04    0.560055708069558E+01    0.253476858143459E+00
    0.324214000000000E+04    0.245700081297127E+01    0.251935788777429E+00
    0.324216000000000E+04    0.248707814513182E+01    0.251933157150280E+00
    0.324842000000000E+04    0.561329718848174E+01    0.251004066297183E+00
    0.324844000000000E+04    0.564333730094495E+01    0.250998845431549E+00
    0.325470000000000E+04    0.246885990839564E+01    0.249465375417879E+00
    0.325472000000000E+04    0.249883845541262E+01    0.249462738836559E+00
    0.326098000000000E+04    0.559415933263153E+01    0.248536367395282E+00
    0.326100000000000E+04    0.562410071162958E+01    0.248531121164297E+00
    0.326726000000000E+04    0.241868614399482E+01    0.246995312179794E+00
    0.326728000000000E+04    0.244856588226139E+01    0.246992680370938E+00
    0.327354000000000E+04    0.551282070014895E+01    0.246031386969729E+00
    0.327356000000000E+04    0.554266185082361E+01    0.246025985587906E+00
    0.327984000000000E+04    0.233561634625221E+01    0.244500629794186E+00
    0.327986000000000E+04    0.236539625265596E+01    0.244498151384132E+00
