    0.000000000000000E+00    0.190000000000000E+01    0.250000000000000E+00
    0.200000000000000E-01    0.192999998764774E+01    0.249999448314329E+00
    0.630000000000000E+01    0.506430361088970E+01    0.249357663049512E+00
    0.632000000000000E+01    0.509427791314604E+01    0.249353327261119E+00
    0.125800000000000E+02    0.190281602202109E+01    0.248485235355972E+00
    0.126000000000000E+02    0.193275532220741E+01    0.248484809649548E+00
    0.188600000000000E+02    0.501833416658276E+01    0.247887645999542E+00
    0.188800000000000E+02    0.504824962595362E+01    0.247883531066443E+00
    0.251400000000000E+02    0.183903670866902E+01    0.247127380399467E+00
    0.251600000000000E+02    0.186892177439301E+01    0.247127350398716E+00
    0.314200000000000E+02    0.493819125231868E+01    0.246641070582743E+00
    0.314400000000000E+02    0.496805684182174E+01    0.246637412042300E+00
    0.377000000000000E+02    0.174444123557325E+01    0.246084466018535E+00
    0.377200000000000E+02    0.177428462819094E+01    0.246085091161085E+00
    0.440000000000000E+02    0.486144562302505E+01    0.245773317183971E+00
    0.440200000000000E+02    0.489127648577247E+01    0.245770356615812E+00
    0.502800000000000E+02    0.165852940387975E+01    0.245503868447837E+00
    0.503000000000000E+02    0.168834956262691E+01    0.245505339427025E+00
    0.565600000000000E+02    0.473983423833381E+01    0.245420292754862E+00
    0.565800000000000E+02    0.476965110667192E+01    0.245418210500706E+00
    0.628400000000000E+02    0.153452629668968E+01    0.245477767574360E+00
    0.628600000000000E+02    0.156434537370781E+01    0.245480148122537E+00
    0.691200000000000E+02    0.461699829108484E+01    0.245635365770061E+00
    0.691400000000000E+02    0.464682372905855E+01    0.245634197242048E+00
    0.754000000000000E+02    0.141644129530077E+01    0.246011768642609E+00
    0.754200000000000E+02    0.144628181807222E+01    0.246014977797815E+00
    0.817000000000000E+02    0.453682793351847E+01    0.246383345488660E+00
    0.817200000000000E+02    0.456668328517291E+01    0.246382977011905E+00
    0.879800000000000E+02    0.134738793102449E+01    0.247023898189347E+00
    0.880000000000000E+02    0.137726895580437E+01    0.247027725855572E+00
    0.942600000000000E+02    0.445159315748185E+01    0.247548345488724E+00
    0.942800000000000E+02    0.448149507185067E+01    0.247548545745994E+00
    0.100540000000000E+03    0.127793290718913E+01    0.248361571608330E+00
    0.100560000000000E+03    0.130786749189565E+01    0.248365773737748E+00
    0.106820000000000E+03    0.439953872028474E+01    0.248975996989387E+00
    0.106840000000000E+03    0.442949777666550E+01    0.248976499481086E+00
    0.113100000000000E+03    0.124433268275567E+01    0.249871120813302E+00
    0.113120000000000E+03    0.127432734981710E+01    0.249875453157954E+00
    0.119400000000000E+03    0.441499857490336E+01    0.250504029750206E+00
    0.119420000000000E+03    0.444501871938948E+01    0.250504571919627E+00
    0.125680000000000E+03    0.127902085711349E+01    0.251391463817486E+00
    0.125700000000000E+03    0.130907660783268E+01    0.251395720629281E+00
    0.131960000000000E+03    0.443862937214641E+01    0.251987565033376E+00
    0.131980000000000E+03    0.446870886247859E+01    0.251987870909435E+00
    0.138240000000000E+03    0.132059945881070E+01    0.252769965719613E+00
    0.138260000000000E+03    0.135070997246353E+01    0.252773897429317E+00
    0.144520000000000E+03    0.449685941879630E+01    0.253258640022020E+00
    0.144540000000000E+03    0.452698976596207E+01    0.253258439018076E+00
    0.150800000000000E+03    0.139362913763284E+01    0.253841954238766E+00
    0.150820000000000E+03    0.142378288005804E+01    0.253845344869944E+00
    0.157080000000000E+03    0.458244074215986E+01    0.254165207089173E+00
    0.157100000000000E+03    0.461260742823251E+01    0.254164261977693E+00
    0.163380000000000E+03    0.151902315165285E+01    0.254471227503910E+00
    0.163400000000000E+03    0.154920200006660E+01    0.254473834489539E+00
    0.169660000000000E+03    0.471433349801254E+01    0.254568334512725E+00
    0.169680000000000E+03    0.474451620360099E+01    0.254566487402303E+00
    0.175940000000000E+03    0.162375398783877E+01    0.254545579764265E+00
    0.175960000000000E+03    0.165393581358626E+01    0.254547284036428E+00
    0.182220000000000E+03    0.481850572815176E+01    0.254404184313701E+00
    0.182240000000000E+03    0.484868185920539E+01    0.254401434306443E+00
    0.188500000000000E+03    0.172382439585903E+01    0.254057046219518E+00
    0.188520000000000E+03    0.175398670204726E+01    0.254057874411640E+00
    0.194780000000000E+03    0.491106650163010E+01    0.253702435333724E+00
    0.194800000000000E+03    0.494121455473362E+01    0.253698938128462E+00
    0.201080000000000E+03    0.183596593158160E+01    0.253084477901724E+00
    0.201100000000000E+03    0.186608921493740E+01    0.253084597673168E+00
    0.207360000000000E+03    0.500991999008238E+01    0.252565628916236E+00
    0.207380000000000E+03    0.504002269634572E+01    0.252561608796637E+00
    0.213640000000000E+03    0.188932761409126E+01    0.251769895071513E+00
    0.213660000000000E+03    0.191939836861889E+01    0.251769548554535E+00
    0.219920000000000E+03    0.504608379732502E+01    0.251157163863359E+00
    0.219940000000000E+03    0.507613000310278E+01    0.251152864273726E+00
    0.226200000000000E+03    0.190716774771164E+01    0.250269259773012E+00
    0.226220000000000E+03    0.193717848785627E+01    0.250268719026210E+00
    0.232480000000000E+03    0.504485482395717E+01    0.249628108160260E+00
    0.232500000000000E+03    0.507483986047492E+01    0.249623759024145E+00
    0.238780000000000E+03    0.191665093627807E+01    0.248742609982377E+00
    0.238800000000000E+03    0.194660060992464E+01    0.248742145874747E+00
    0.245060000000000E+03    0.503534772014308E+01    0.248132446464682E+00
    0.245080000000000E+03    0.506527297264159E+01    0.248128270203704E+00
    0.251340000000000E+03    0.185894358197345E+01    0.247345991529100E+00
    0.251360000000000E+03    0.188883724365957E+01    0.247345870484373E+00
    0.257620000000000E+03    0.496066876983292E+01    0.246834604475652E+00
    0.257640000000000E+03    0.499054208489002E+01    0.246830849757990E+00
    0.263900000000000E+03    0.176909670356241E+01    0.246235937609436E+00
    0.263920000000000E+03    0.179894614875923E+01    0.246236430226257E+00
    0.270180000000000E+03    0.485795311585457E+01    0.245892017237825E+00
    0.270200000000000E+03    0.488778875195004E+01    0.245888923338893E+00
    0.276480000000000E+03    0.168599785052561E+01    0.245566178770419E+00
    0.276500000000000E+03    0.171582051729604E+01    0.245567494741770E+00
    0.282760000000000E+03    0.476782527291488E+01    0.245439522177981E+00
    0.282780000000000E+03    0.479764300083394E+01    0.245437285202267E+00
    0.289040000000000E+03    0.156243350409591E+01    0.245440861194139E+00
    0.289060000000000E+03    0.159225117458101E+01    0.245443087635263E+00
    0.295320000000000E+03    0.464418297434122E+01    0.245557243528549E+00
    0.295340000000000E+03    0.467400522892422E+01    0.245555920060716E+00
    0.301600000000000E+03    0.144223838402900E+01    0.245881413015579E+00
    0.301620000000000E+03    0.147207333621009E+01    0.245884479822109E+00
    0.307880000000000E+03    0.453087994194925E+01    0.246217796508682E+00
    0.307900000000000E+03    0.456072867533339E+01    0.246217300235923E+00
    0.314160000000000E+03    0.133907772983207E+01    0.246815276504787E+00
    0.314180000000000E+03    0.136895040721879E+01    0.246819015825525E+00
    0.320460000000000E+03    0.447044059505595E+01    0.247320783814283E+00
    0.320480000000000E+03    0.450033346218299E+01    0.247320908999407E+00
    0.326740000000000E+03    0.129378834372261E+01    0.248112634419031E+00
    0.326760000000000E+03    0.132371292401496E+01    0.248116788566057E+00
    0.333020000000000E+03    0.441216666393166E+01    0.248714701414962E+00
    0.333040000000000E+03    0.444211523664546E+01    0.248715174977253E+00
    0.339300000000000E+03    0.125367330397734E+01    0.249601966322608E+00
    0.339320000000000E+03    0.128365750994260E+01    0.249606299880186E+00
    0.345580000000000E+03    0.439103222384210E+01    0.250240208027594E+00
    0.345600000000000E+03    0.442104184676441E+01    0.250240762892602E+00
    0.351860000000000E+03    0.125176041153475E+01    0.251131315017732E+00
    0.351880000000000E+03    0.128180565496473E+01    0.251135598192784E+00
    0.358160000000000E+03    0.443824649027931E+01    0.251741331367023E+00
    0.358180000000000E+03    0.446831620434364E+01    0.251741703171221E+00
    0.364440000000000E+03    0.131736090523998E+01    0.252549247577766E+00
    0.364460000000000E+03    0.134746294769434E+01    0.252553263439106E+00
    0.370720000000000E+03    0.449104331413980E+01    0.253062881407866E+00
    0.370740000000000E+03    0.452116585536510E+01    0.253062787368416E+00
    0.377000000000000E+03    0.138562101574632E+01    0.253688660275493E+00
    0.377020000000000E+03    0.141576862163799E+01    0.253692164363995E+00
    0.383280000000000E+03    0.457268112899703E+01    0.254043207368352E+00
    0.383300000000000E+03    0.460284281901409E+01    0.254042396625630E+00
    0.389560000000000E+03    0.147787802057451E+01    0.254399676895605E+00
    0.389580000000000E+03    0.150805406950042E+01    0.254402434144521E+00
    0.395860000000000E+03    0.470277967251548E+01    0.254539904700510E+00
    0.395880000000000E+03    0.473296128733034E+01    0.254538214244322E+00
    0.402140000000000E+03    0.161216786360762E+01    0.254576843249231E+00
    0.402160000000000E+03    0.164235073463942E+01    0.254578698714199E+00
    0.408420000000000E+03    0.480749279177280E+01    0.254470562536225E+00
    0.408440000000000E+03    0.483767157237207E+01    0.254467960148658E+00
    0.414700000000000E+03    0.171398169605698E+01    0.254176700104547E+00
    0.414720000000000E+03    0.174414878400353E+01    0.254177669952752E+00
    0.420980000000000E+03    0.490293547411989E+01    0.253854675731890E+00
    0.421000000000000E+03    0.493308958476393E+01    0.253851285937988E+00
    0.427260000000000E+03    0.179989904144611E+01    0.253278696796102E+00
    0.427280000000000E+03    0.183003017371004E+01    0.253278915666206E+00
    0.433540000000000E+03    0.497645475583988E+01    0.252786642866983E+00
    0.433560000000000E+03    0.500656619728568E+01    0.252782691524821E+00
    0.439840000000000E+03    0.188879566293110E+01    0.252010732920732E+00
    0.439860000000000E+03    0.191887590781198E+01    0.252010442628669E+00
    0.446120000000000E+03    0.504862561505342E+01    0.251408147602641E+00
    0.446140000000000E+03    0.507868186540804E+01    0.251403879430788E+00
    0.452400000000000E+03    0.191293208765967E+01    0.250530000583367E+00
    0.452420000000000E+03    0.194295327028192E+01    0.250529472979029E+00
    0.458680000000000E+03    0.505395030439729E+01    0.249887884144237E+00
    0.458700000000000E+03    0.508394598381676E+01    0.249883537185825E+00
    0.464960000000000E+03    0.189911754742752E+01    0.249001459758096E+00
    0.464980000000000E+03    0.192907758851550E+01    0.249000970754633E+00
    0.471240000000000E+03    0.502100994290060E+01    0.248382374077667E+00
    0.471260000000000E+03    0.505094515876840E+01    0.248378160263098E+00
    0.477540000000000E+03    0.187752347526293E+01    0.247569643571242E+00
    0.477560000000000E+03    0.190742625870394E+01    0.247569452011339E+00
    0.483820000000000E+03    0.498196161903536E+01    0.247036325737773E+00
    0.483840000000000E+03    0.501184299836325E+01    0.247032481160229E+00
    0.490100000000000E+03    0.179268210230975E+01    0.246400097626520E+00
    0.490120000000000E+03    0.182253799247781E+01    0.246400468266037E+00
    0.496380000000000E+03    0.488338610146377E+01    0.246022394085036E+00
    0.496400000000000E+03    0.491322700131570E+01    0.246019172307132E+00
    0.502660000000000E+03    0.168295478709672E+01    0.245645690531330E+00
    0.502680000000000E+03    0.171278059652298E+01    0.245646851416431E+00
    0.508940000000000E+03    0.476550321778825E+01    0.245480559065226E+00
    0.508960000000000E+03    0.479532240833157E+01    0.245478161529898E+00
    0.515240000000000E+03    0.159004312028685E+01    0.245423260374189E+00
    0.515260000000000E+03    0.161986007066071E+01    0.245425332181771E+00
    0.521520000000000E+03    0.467129879848972E+01    0.245496514963711E+00
    0.521540000000000E+03    0.470111863541592E+01    0.245495033707162E+00
    0.527800000000000E+03    0.146832201132668E+01    0.245769153383154E+00
    0.527820000000000E+03    0.149815285818988E+01    0.245772098591326E+00
    0.534080000000000E+03    0.455537177982455E+01    0.246071350559674E+00
    0.534100000000000E+03    0.458521460264728E+01    0.246070724052141E+00
    0.540360000000000E+03    0.136142862807174E+01    0.246627229063864E+00
    0.540380000000000E+03    0.139129375279390E+01    0.246630870365750E+00
    0.546640000000000E+03    0.446041730961065E+01    0.247106236392755E+00
    0.546660000000000E+03    0.449030179463932E+01    0.247106274693179E+00
    0.552940000000000E+03    0.131084620013712E+01    0.247876866239450E+00
    0.552960000000000E+03    0.134076137547163E+01    0.247880966366870E+00
    0.559220000000000E+03    0.442618300840923E+01    0.248464974471608E+00
    0.559240000000000E+03    0.445612160020698E+01    0.248465408442572E+00
    0.565500000000000E+03    0.126448183475509E+01    0.249342157572917E+00
    0.565520000000000E+03    0.129445563727484E+01    0.249346471929617E+00
    0.571780000000000E+03    0.439857456726531E+01    0.249977561867478E+00
    0.571800000000000E+03    0.442857390269944E+01    0.249978133759290E+00
    0.578060000000000E+03    0.125606809999579E+01    0.250875208818134E+00
    0.578080000000000E+03    0.128610319269399E+01    0.250879519956086E+00
    0.584340000000000E+03    0.440930884337945E+01    0.251493682555506E+00
    0.584360000000000E+03    0.443936852909962E+01    0.251494096043554E+00
    0.590620000000000E+03    0.128536928245308E+01    0.252318414126207E+00
    0.590640000000000E+03    0.131546205380062E+01    0.252322496233096E+00
    0.596920000000000E+03    0.448642169183768E+01    0.252855508448970E+00
    0.596940000000000E+03    0.451653603184923E+01    0.252855516844957E+00
    0.603200000000000E+03    0.137863696770444E+01    0.253519051535013E+00
    0.603220000000000E+03    0.140877777563674E+01    0.253522655535821E+00
    0.609480000000000E+03    0.456373994004502E+01    0.253903878778036E+00
    0.609500000000000E+03    0.459389609345806E+01    0.253903206708245E+00
    0.615760000000000E+03    0.146751709592650E+01    0.254311755946594E+00
    0.615780000000000E+03    0.149768960543065E+01    0.254314652358012E+00
    0.622040000000000E+03    0.466133768992370E+01    0.254490567512857E+00
    0.622060000000000E+03    0.469151727379949E+01    0.254489030523468E+00
    0.628320000000000E+03    0.157048593144464E+01    0.254580454961972E+00
    0.628340000000000E+03    0.160066920325721E+01    0.254582475438092E+00
    0.634620000000000E+03    0.479640773597566E+01    0.254520938454705E+00
    0.634640000000000E+03    0.482658855264697E+01    0.254518487378428E+00
    0.640900000000000E+03    0.170384214290493E+01    0.254281104056611E+00
    0.640920000000000E+03    0.173401321734013E+01    0.254282212821234E+00
    0.647180000000000E+03    0.489431417601429E+01    0.253991738804887E+00
    0.647200000000000E+03    0.492447384142713E+01    0.253988473654687E+00
    0.653460000000000E+03    0.179330165042870E+01    0.253460308910687E+00
    0.653480000000000E+03    0.182344006150743E+01    0.253460641589730E+00
    0.659740000000000E+03    0.497228472415713E+01    0.252991471320324E+00
    0.659760000000000E+03    0.500240433622662E+01    0.252987600226195E+00
    0.666020000000000E+03    0.185733348908036E+01    0.252244763776320E+00
    0.666040000000000E+03    0.188742326506690E+01    0.252244547374441E+00
    0.672320000000000E+03    0.505031775922919E+01    0.251655161340437E+00
    0.672340000000000E+03    0.508038388510693E+01    0.251650926662390E+00
    0.678600000000000E+03    0.191779613425467E+01    0.250789460105078E+00
    0.678620000000000E+03    0.194782767841593E+01    0.250788955306636E+00
    0.684880000000000E+03    0.506206345602118E+01    0.250150733234547E+00
    0.684900000000000E+03    0.509206950651446E+01    0.250146376120661E+00
    0.691160000000000E+03    0.191040660476779E+01    0.249257888450354E+00
    0.691180000000000E+03    0.194037670508374E+01    0.249257363771598E+00
    0.697440000000000E+03    0.503539264967480E+01    0.248626860927340E+00
    0.697460000000000E+03    0.506533765275435E+01    0.248622603278498E+00
    0.703720000000000E+03    0.186497371129576E+01    0.247796571378563E+00
    0.703740000000000E+03    0.189488556692390E+01    0.247796306283285E+00
    0.710000000000000E+03    0.497214486370922E+01    0.247247071656697E+00
    0.710020000000000E+03    0.500203466700782E+01    0.247243146109426E+00
    0.716300000000000E+03    0.181516381069900E+01    0.246573493974229E+00
    0.716320000000000E+03    0.184502674949022E+01    0.246573755717233E+00
    0.722580000000000E+03    0.490786124903593E+01    0.246164629363519E+00
    0.722600000000000E+03    0.493770777977443E+01    0.246161285221493E+00
    0.728860000000000E+03    0.170889749355842E+01    0.245739713610492E+00
    0.728880000000000E+03    0.173872693032240E+01    0.245740728745103E+00
    0.735140000000000E+03    0.479238397951849E+01    0.245535554165499E+00
    0.735160000000000E+03    0.482220539915124E+01    0.245533009527203E+00
    0.741420000000000E+03    0.158746182785922E+01    0.245421955106473E+00
    0.741440000000000E+03    0.161727871347603E+01    0.245423870994245E+00
    0.747700000000000E+03    0.466846064371430E+01    0.245457179980121E+00
    0.747720000000000E+03    0.469827891841010E+01    0.245455545258018E+00
    0.754000000000000E+03    0.149445702312983E+01    0.245675883836544E+00
    0.754020000000000E+03    0.152428410837683E+01    0.245678690129738E+00
    0.760280000000000E+03    0.458009486379524E+01    0.245941136633220E+00
    0.760300000000000E+03    0.460993247551392E+01    0.245940375334092E+00
    0.766560000000000E+03    0.138426057113270E+01    0.246455432697011E+00
    0.766580000000000E+03    0.141411888719335E+01    0.246458972296285E+00
    0.772840000000000E+03    0.448089847162328E+01    0.246909754883302E+00
    0.772860000000000E+03    0.451077488299393E+01    0.246909689395693E+00
    0.779120000000000E+03    0.129864631715191E+01    0.247643968749828E+00
    0.779140000000000E+03    0.132855191593762E+01    0.247647997721173E+00
    0.785400000000000E+03    0.441093702940066E+01    0.248218934415473E+00
    0.785420000000000E+03    0.444086582047453E+01    0.248219316805716E+00
    0.791700000000000E+03    0.127601671372804E+01    0.249086185983961E+00
    0.791720000000000E+03    0.130598024472420E+01    0.249090479666866E+00
    0.797980000000000E+03    0.440681946255131E+01    0.249717164725162E+00
    0.798000000000000E+03    0.443680817865288E+01    0.249717724966735E+00
    0.804260000000000E+03    0.126105380451031E+01    0.250619438830630E+00
    0.804280000000000E+03    0.129107868130200E+01    0.250623767175793E+00
    0.810540000000000E+03    0.441111525970064E+01    0.251243789720618E+00
    0.810560000000000E+03    0.444116497562891E+01    0.251244248046048E+00
    0.816820000000000E+03    0.128417508752500E+01    0.252088529048605E+00
    0.816840000000000E+03    0.131425869265195E+01    0.252092667518288E+00
    0.823100000000000E+03    0.445234020118573E+01    0.252643206090404E+00
    0.823120000000000E+03    0.448244613468182E+01    0.252643304571029E+00
    0.829400000000000E+03    0.137222793694082E+01    0.253342314392700E+00
    0.829420000000000E+03    0.140236169979380E+01    0.253346014724344E+00
    0.835680000000000E+03    0.455529023059489E+01    0.253756757384723E+00
    0.835700000000000E+03    0.458544045161602E+01    0.253756217215744E+00
    0.841960000000000E+03    0.145745463129265E+01    0.254214186242109E+00
    0.841980000000000E+03    0.148762284470831E+01    0.254217203549977E+00
    0.848240000000000E+03    0.465021862415006E+01    0.254428531639377E+00
    0.848260000000000E+03    0.468039574194813E+01    0.254427153519569E+00
    0.854520000000000E+03    0.155894902086743E+01    0.254575089434727E+00
    0.854540000000000E+03    0.158913206826605E+01    0.254577262847111E+00
    0.860800000000000E+03    0.475491522152379E+01    0.254557776282247E+00
    0.860820000000000E+03    0.478509781338357E+01    0.254555484506870E+00
    0.867080000000000E+03    0.166319650022638E+01    0.254371093363261E+00
    0.867100000000000E+03    0.169337133391377E+01    0.254372353896576E+00
    0.873380000000000E+03    0.488522171860632E+01    0.254118347740854E+00
    0.873400000000000E+03    0.491538641288889E+01    0.254115205922778E+00
    0.879660000000000E+03    0.178607237679103E+01    0.253631896590291E+00
    0.879680000000000E+03    0.181621764025363E+01    0.253632349816043E+00
    0.885940000000000E+03    0.496737527184655E+01    0.253187915576557E+00
    0.885960000000000E+03    0.499750271346784E+01    0.253184124450442E+00
    0.892220000000000E+03    0.185507562564521E+01    0.252471394901333E+00
    0.892240000000000E+03    0.188517447277377E+01    0.252471250503638E+00
    0.898500000000000E+03    0.502095232943293E+01    0.251900783674498E+00
    0.898520000000000E+03    0.505102828641634E+01    0.251896599126067E+00
    0.904780000000000E+03    0.189158275218506E+01    0.251045812321424E+00
    0.904800000000000E+03    0.192162442278550E+01    0.251045332813060E+00
    0.911080000000000E+03    0.506911588416870E+01    0.250409507184003E+00
    0.911100000000000E+03    0.509913223425042E+01    0.250405157534554E+00
    0.917360000000000E+03    0.192075082054316E+01    0.249515085859430E+00
    0.917380000000000E+03    0.195073137368877E+01    0.249514549928065E+00
    0.923640000000000E+03    0.504898723009956E+01    0.248880382971090E+00
    0.923660000000000E+03    0.507894237920345E+01    0.248876093957206E+00
    0.929920000000000E+03    0.188165949792142E+01    0.248033509554250E+00
    0.929940000000000E+03    0.191158081410435E+01    0.248033184352037E+00
    0.936200000000000E+03    0.499168722347804E+01    0.247464762498758E+00
    0.936220000000000E+03    0.502158573399583E+01    0.247460761954446E+00
    0.942480000000000E+03    0.180738581301989E+01    0.246758428751690E+00
    0.942500000000000E+03    0.183725614791729E+01    0.246758578976921E+00
    0.948780000000000E+03    0.493209003581387E+01    0.246319575904542E+00
    0.948800000000000E+03    0.496194277425411E+01    0.246316115365113E+00
    0.955060000000000E+03    0.173479067547623E+01    0.245848048846033E+00
    0.955080000000000E+03    0.176462445558082E+01    0.245848923209228E+00
    0.961340000000000E+03    0.481939793077140E+01    0.245604919813935E+00
    0.961360000000000E+03    0.484922212914375E+01    0.245602227332492E+00
    0.967620000000000E+03    0.161500402017191E+01    0.245436297942739E+00
    0.967640000000000E+03    0.164482147223544E+01    0.245438056867440E+00
    0.973900000000000E+03    0.469591638553675E+01    0.245429130274791E+00
    0.973920000000000E+03    0.472573353737084E+01    0.245427339225998E+00
    0.980180000000000E+03    0.149138872739081E+01    0.245590791018351E+00
    0.980200000000000E+03    0.152121239872986E+01    0.245593453151457E+00
    0.986480000000000E+03    0.460557160846201E+01    0.245820310197411E+00
    0.986500000000000E+03    0.463540439682379E+01    0.245819410627483E+00
    0.992760000000000E+03    0.140793227860831E+01    0.246289951065861E+00
    0.992780000000000E+03    0.143778397579081E+01    0.246293381394954E+00
    0.999040000000000E+03    0.450230464260858E+01    0.246715547665116E+00
    0.999060000000000E+03    0.453217326490062E+01    0.246715385314801E+00
    0.100532000000000E+04    0.131741897216443E+01    0.247418477897295E+00
    0.100534000000000E+04    0.134731563827950E+01    0.247422440600567E+00
    0.101160000000000E+04    0.442681265399551E+01    0.247979092437045E+00
    0.101162000000000E+04    0.445673188191972E+01    0.247979422824150E+00
    0.101788000000000E+04    0.125881434619760E+01    0.248827260015609E+00
    0.101790000000000E+04    0.128876750108770E+01    0.248831529566612E+00
    0.102416000000000E+04    0.438634474434707E+01    0.249455614476095E+00
    0.102418000000000E+04    0.441632300080119E+01    0.249456159649108E+00
    0.103046000000000E+04    0.126728055447848E+01    0.250359505232490E+00
    0.103048000000000E+04    0.129729501302472E+01    0.250363840301168E+00
    0.103674000000000E+04    0.441409034183812E+01    0.250988178123311E+00
    0.103676000000000E+04    0.444412985862687E+01    0.250988673059660E+00
    0.104302000000000E+04    0.128405526107463E+01    0.251850126819933E+00
    0.104304000000000E+04    0.131412938949825E+01    0.251854311248961E+00
    0.104930000000000E+04    0.444929712565158E+01    0.252420698139192E+00
    0.104932000000000E+04    0.447939397314008E+01    0.252420865487902E+00
    0.105558000000000E+04    0.133639190722670E+01    0.253149206217470E+00
    0.105560000000000E+04    0.136651769961009E+01    0.253152992910614E+00
    0.106186000000000E+04    0.451715114991543E+01    0.253590610284991E+00
    0.106188000000000E+04    0.454729478435593E+01    0.253590191737591E+00
    0.106816000000000E+04    0.144774624212982E+01    0.254095676597289E+00
    0.106818000000000E+04    0.147791012979474E+01    0.254098837012994E+00
    0.107444000000000E+04    0.463930651880423E+01    0.254348739657042E+00
    0.107446000000000E+04    0.466948045025606E+01    0.254347511768975E+00
    0.108072000000000E+04    0.154739659856682E+01    0.254553286645611E+00
    0.108074000000000E+04    0.157757879868814E+01    0.254555617942554E+00
    0.108700000000000E+04    0.474329564826894E+01    0.254576019826118E+00
    0.108702000000000E+04    0.477347866927153E+01    0.254573879609610E+00
    0.109328000000000E+04    0.165211543544024E+01    0.254445560820012E+00
    0.109330000000000E+04    0.168229315272015E+01    0.254446975115255E+00
    0.109956000000000E+04    0.484516404811461E+01    0.254233487959612E+00
    0.109958000000000E+04    0.487533340203868E+01    0.254230484292616E+00
    0.110586000000000E+04    0.177789933811528E+01    0.253792604739446E+00
    0.110588000000000E+04    0.180805101092278E+01    0.253793181954773E+00
    0.111214000000000E+04    0.496139791574274E+01    0.253375983652685E+00
    0.111216000000000E+04    0.499153289728224E+01    0.253372289345374E+00
    0.111842000000000E+04    0.185168118215233E+01    0.252693536635908E+00
    0.111844000000000E+04    0.188178890187305E+01    0.252693479094451E+00
    0.112470000000000E+04    0.502044636668302E+01    0.252138579197635E+00
    0.112472000000000E+04    0.505053182921552E+01    0.252134439116204E+00
    0.113098000000000E+04    0.189419625672963E+01    0.251302121932419E+00
    0.113100000000000E+04    0.192424832182837E+01    0.251301682880727E+00
    0.113726000000000E+04    0.504498769742781E+01    0.250675453742608E+00
    0.113728000000000E+04    0.507501463294193E+01    0.250671118451971E+00
    0.114354000000000E+04    0.189993447942265E+01    0.249778224015077E+00
    0.114356000000000E+04    0.192992544265235E+01    0.249777674483112E+00
    0.114984000000000E+04    0.506144001729967E+01    0.249138305744579E+00
    0.114986000000000E+04    0.509140551581186E+01    0.249133991508045E+00
    0.115612000000000E+04    0.189727763353108E+01    0.248277802649213E+00
    0.115614000000000E+04    0.192720870078165E+01    0.248277420842904E+00
    0.116240000000000E+04    0.501026561540220E+01    0.247692103422160E+00
    0.116242000000000E+04    0.504017323991752E+01    0.247688038806820E+00
    0.116868000000000E+04    0.182865276900088E+01    0.246956236109632E+00
    0.116870000000000E+04    0.185853100376289E+01    0.246956289197853E+00
    0.117496000000000E+04    0.492579801132570E+01    0.246491987833876E+00
    0.117498000000000E+04    0.495565761696389E+01    0.246488414930436E+00
    0.118124000000000E+04    0.173039042972050E+01    0.245972200019846E+00
    0.118126000000000E+04    0.176022933335958E+01    0.245972936296914E+00
    0.118754000000000E+04    0.484618186920147E+01    0.245691834146393E+00
    0.118756000000000E+04    0.487600951712739E+01    0.245688995335871E+00
    0.119382000000000E+04    0.164251258840113E+01    0.245468088220749E+00
    0.119384000000000E+04    0.167233118097283E+01    0.245469687791401E+00
    0.120010000000000E+04    0.472356262524022E+01    0.245418924634455E+00
    0.120012000000000E+04    0.475337939734504E+01    0.245416977373062E+00
    0.120638000000000E+04    0.151855462902699E+01    0.245525084524891E+00
    0.120640000000000E+04    0.154837564914078E+01    0.245527595664284E+00
    0.121266000000000E+04    0.460182567760944E+01    0.245715706554393E+00
    0.121268000000000E+04    0.463165430742083E+01    0.245714661708857E+00
    0.121894000000000E+04    0.140254465557018E+01    0.246134124030435E+00
    0.121896000000000E+04    0.143239007570355E+01    0.246137437410278E+00
    0.122524000000000E+04    0.452463579346386E+01    0.246531675498710E+00
    0.122526000000000E+04    0.455449704500734E+01    0.246531401196459E+00
    0.123152000000000E+04    0.133725073077721E+01    0.247202178368113E+00
    0.123154000000000E+04    0.136713893200204E+01    0.247206074768620E+00
    0.123780000000000E+04    0.444381791649334E+01    0.247743864883959E+00
    0.123782000000000E+04    0.447372768447190E+01    0.247744127343719E+00
    0.124408000000000E+04    0.127270105327511E+01    0.248573737475128E+00
    0.124410000000000E+04    0.130264389228660E+01    0.248577959605583E+00
    0.125036000000000E+04    0.439697958262082E+01    0.249194260385434E+00
    0.125038000000000E+04    0.442694736480985E+01    0.249194787992924E+00
    0.125664000000000E+04    0.124459301389038E+01    0.250091061597945E+00
    0.125666000000000E+04    0.127459683452389E+01    0.250095402481737E+00
    0.126294000000000E+04    0.441815875327666E+01    0.250727983040072E+00
    0.126296000000000E+04    0.444818812982749E+01    0.250728519580621E+00
    0.126922000000000E+04    0.128495339819870E+01    0.251604243530634E+00
    0.126924000000000E+04    0.131501760814035E+01    0.251608464249506E+00
    0.127550000000000E+04    0.444715534553029E+01    0.252187814039763E+00
    0.127552000000000E+04    0.447724288677273E+01    0.252188062663835E+00
    0.128178000000000E+04    0.133156436865693E+01    0.252946307177443E+00
    0.128180000000000E+04    0.136168227948929E+01    0.252950185768236E+00
    0.128806000000000E+04    0.450997651671833E+01    0.253416059237260E+00
    0.128808000000000E+04    0.454011315734647E+01    0.253415758015132E+00
    0.129434000000000E+04    0.140849477140023E+01    0.253963239481476E+00
    0.129436000000000E+04    0.143865339197032E+01    0.253966529736606E+00
    0.130062000000000E+04    0.459864068764045E+01    0.254255773099970E+00
    0.130064000000000E+04    0.462881089429288E+01    0.254254696301595E+00
    0.130692000000000E+04    0.153604098380720E+01    0.254514020434489E+00
    0.130694000000000E+04    0.156622149355076E+01    0.254516498927092E+00
    0.131320000000000E+04    0.473169494051331E+01    0.254576771650334E+00
    0.131322000000000E+04    0.476187805813947E+01    0.254574790812383E+00
    0.131948000000000E+04    0.164091808969533E+01    0.254505115247161E+00
    0.131950000000000E+04    0.167109828011371E+01    0.254506683892008E+00
    0.132576000000000E+04    0.483493649056641E+01    0.254329540333150E+00
    0.132578000000000E+04    0.486510962799025E+01    0.254326671206198E+00
    0.133204000000000E+04    0.173903825186198E+01    0.253937960298465E+00
    0.133206000000000E+04    0.176919576305318E+01    0.253938669859317E+00
    0.133832000000000E+04    0.492458968424376E+01    0.253555108431867E+00
    0.133834000000000E+04    0.495473181875036E+01    0.253551513769206E+00
    0.134462000000000E+04    0.184744530727016E+01    0.252905534187591E+00
    0.134464000000000E+04    0.187756152556949E+01    0.252905567760667E+00
    0.135090000000000E+04    0.501901529751171E+01    0.252369362830478E+00
    0.135092000000000E+04    0.504911000652100E+01    0.252365284771477E+00
    0.135718000000000E+04    0.189577675907890E+01    0.251552653409218E+00
    0.135720000000000E+04    0.192583870219823E+01    0.251552260290557E+00
    0.136346000000000E+04    0.504975505858965E+01    0.250932882094801E+00
    0.136348000000000E+04    0.507979234326262E+01    0.250928565790617E+00
    0.136974000000000E+04    0.190799751434497E+01    0.250041217927964E+00
    0.136976000000000E+04    0.193799911303086E+01    0.250040670121315E+00
    0.137602000000000E+04    0.504281634149447E+01    0.249401150113274E+00
    0.137604000000000E+04    0.507279232126939E+01    0.249396818442068E+00
    0.138232000000000E+04    0.191181357729693E+01    0.248525118379052E+00
    0.138234000000000E+04    0.194175455652385E+01    0.248524695136919E+00
    0.138860000000000E+04    0.502782738025917E+01    0.247925129028543E+00
    0.138862000000000E+04    0.505774430279916E+01    0.247920999929810E+00
    0.139488000000000E+04    0.184897449581558E+01    0.247162040916648E+00
    0.139490000000000E+04    0.187886096849115E+01    0.247162000630632E+00
    0.140116000000000E+04    0.494855816739300E+01    0.246672207816607E+00
    0.140118000000000E+04    0.497842499459011E+01    0.246668537066833E+00
    0.140744000000000E+04    0.175514160122748E+01    0.246109849286601E+00
    0.140746000000000E+04    0.178498584402314E+01    0.246110450626744E+00
    0.141372000000000E+04    0.484258921494711E+01    0.245795590781892E+00
    0.141374000000000E+04    0.487242103044537E+01    0.245792615189371E+00
    0.142000000000000E+04    0.163990205040864E+01    0.245515468194019E+00
    0.142002000000000E+04    0.166972266455241E+01    0.245516913733005E+00
    0.142630000000000E+04    0.475111650852705E+01    0.245425008434716E+00
    0.142632000000000E+04    0.478093348999892E+01    0.245422902296833E+00
    0.143258000000000E+04    0.154583646548099E+01    0.245475909761625E+00
    0.143260000000000E+04    0.157565553710128E+01    0.245478272025385E+00
    0.143886000000000E+04    0.462823947008474E+01    0.245626256259696E+00
    0.143888000000000E+04    0.465806448762532E+01    0.245625060170832E+00
    0.144514000000000E+04    0.142750993299569E+01    0.245995409795629E+00
    0.144516000000000E+04    0.145734984126921E+01    0.245998600586912E+00
    0.145142000000000E+04    0.451781060998292E+01    0.246361607141537E+00
    0.145144000000000E+04    0.454766508424609E+01    0.246361214430397E+00
    0.145770000000000E+04    0.132799269635962E+01    0.246991569889717E+00
    0.145772000000000E+04    0.135787225683680E+01    0.246995375463511E+00
    0.146400000000000E+04    0.446169329266559E+01    0.247514787024195E+00
    0.146402000000000E+04    0.449159397057883E+01    0.247514981434803E+00
    0.147028000000000E+04    0.128762907312057E+01    0.248327196634668E+00
    0.147030000000000E+04    0.131756224238279E+01    0.248331388637532E+00
    0.147656000000000E+04    0.440876406559073E+01    0.248938383495430E+00
    0.147658000000000E+04    0.443872163332253E+01    0.248938887010430E+00
    0.148284000000000E+04    0.125313846845438E+01    0.249832210678500E+00
    0.148286000000000E+04    0.128313183117643E+01    0.249836549685770E+00
    0.148912000000000E+04    0.439335986033666E+01    0.250468156588526E+00
    0.148914000000000E+04    0.442337857189204E+01    0.250468695671038E+00
    0.149540000000000E+04    0.125691583852313E+01    0.251351824080577E+00
    0.149542000000000E+04    0.128697003448997E+01    0.251356087999195E+00
    0.150170000000000E+04    0.444614739022973E+01    0.251952282034383E+00
    0.150172000000000E+04    0.447622549168409E+01    0.251952596748578E+00
    0.150798000000000E+04    0.132774581638296E+01    0.252737096956056E+00
    0.150800000000000E+04    0.135785528293354E+01    0.252741042378613E+00
    0.151426000000000E+04    0.450366744058920E+01    0.253230057497655E+00
    0.151428000000000E+04    0.453379669219294E+01    0.253229871271852E+00
    0.152054000000000E+04    0.140012982246799E+01    0.253820293742707E+00
    0.152056000000000E+04    0.143028269407023E+01    0.253823696817867E+00
    0.152682000000000E+04    0.458867125391862E+01    0.254145842761489E+00
    0.152684000000000E+04    0.461883709811855E+01    0.254144911049013E+00
    0.153310000000000E+04    0.149488624141941E+01    0.254457184571953E+00
    0.153312000000000E+04    0.152506457175014E+01    0.254459815995734E+00
    0.153940000000000E+04    0.472026743185961E+01    0.254560890034214E+00
    0.153942000000000E+04    0.475044981260726E+01    0.254559058995969E+00
    0.154568000000000E+04    0.162963889334515E+01    0.254546231033743E+00
    0.154570000000000E+04    0.165982076528371E+01    0.254547955337414E+00
    0.155196000000000E+04    0.482445419385203E+01    0.254410152443094E+00
    0.155198000000000E+04    0.485463062475810E+01    0.254407422413022E+00
    0.155824000000000E+04    0.172985257084292E+01    0.254071446934460E+00
    0.155826000000000E+04    0.176001522032084E+01    0.254072286376560E+00
    0.156452000000000E+04    0.491721374104782E+01    0.253715155554584E+00
    0.156454000000000E+04    0.494736228956754E+01    0.253711668428602E+00
    0.157080000000000E+04    0.181221425677177E+01    0.253104552939816E+00
    0.157082000000000E+04    0.184233844046094E+01    0.253104683406747E+00
    0.157708000000000E+04    0.498643512719536E+01    0.252592651421957E+00
    0.157710000000000E+04    0.501653875017564E+01    0.252588638042646E+00
    0.158338000000000E+04    0.189621868026961E+01    0.251795894705723E+00
    0.158340000000000E+04    0.192629048919889E+01    0.251795557005487E+00
    0.158966000000000E+04    0.505333543580309E+01    0.251185316634575E+00
    0.158968000000000E+04    0.508338280624321E+01    0.251181018274897E+00
    0.159594000000000E+04    0.191476909097673E+01    0.250300529103454E+00
    0.159596000000000E+04    0.194478093326734E+01    0.250299988485614E+00
    0.160222000000000E+04    0.505282621485912E+01    0.249659118598451E+00
    0.160224000000000E+04    0.508281249868332E+01    0.249654775076631E+00
    0.160850000000000E+04    0.189507632552568E+01    0.248774888022491E+00
    0.160852000000000E+04    0.192502730622982E+01    0.248774420523927E+00
    0.161478000000000E+04    0.501418154425801E+01    0.248167051833362E+00
    0.161480000000000E+04    0.504410815583515E+01    0.248162880882083E+00
    0.162108000000000E+04    0.186809953144893E+01    0.247375866243225E+00
    0.162110000000000E+04    0.189799454125659E+01    0.247375743568469E+00
    0.162736000000000E+04    0.497022937826659E+01    0.246862576301095E+00
    0.162738000000000E+04    0.500010392514923E+01    0.246858810897156E+00
    0.163364000000000E+04    0.177898644348943E+01    0.246261532808200E+00
    0.163366000000000E+04    0.180883683155935E+01    0.246262011173247E+00
    0.163992000000000E+04    0.486812117042700E+01    0.245912112200195E+00
    0.163994000000000E+04    0.489795764148403E+01    0.245909004337776E+00
    0.164620000000000E+04    0.166659622793031E+01    0.245581753452237E+00
    0.164622000000000E+04    0.169641951553649E+01    0.245583049698541E+00
    0.165248000000000E+04    0.474857748965314E+01    0.245452782269113E+00
    0.165250000000000E+04    0.477839558303231E+01    0.245450520995242E+00
    0.165878000000000E+04    0.157309076119554E+01    0.245446522018130E+00
    0.165880000000000E+04    0.160290865964589E+01    0.245448733651741E+00
    0.166506000000000E+04    0.465486908867115E+01    0.245555892463083E+00
    0.166508000000000E+04    0.468469127674416E+01    0.245554546398102E+00
    0.167134000000000E+04    0.145292690804536E+01    0.245874573543850E+00
    0.167136000000000E+04    0.148276196318920E+01    0.245877633447120E+00
    0.167762000000000E+04    0.454150382306170E+01    0.246207115631253E+00
    0.167764000000000E+04    0.457135212084495E+01    0.246206601247377E+00
    0.168390000000000E+04    0.134948155780785E+01    0.246801141475441E+00
    0.168392000000000E+04    0.137935342131959E+01    0.246804857503905E+00
    0.169018000000000E+04    0.445065938831976E+01    0.247296199033967E+00
    0.169020000000000E+04    0.448055121044308E+01    0.247296300573054E+00
    0.169648000000000E+04    0.130355176212652E+01    0.248085386309628E+00
    0.169650000000000E+04    0.133347526874877E+01    0.248089529630691E+00
    0.170276000000000E+04    0.442157814966777E+01    0.248685335726928E+00
    0.170278000000000E+04    0.445152554593642E+01    0.248685806399814E+00
    0.170904000000000E+04    0.126265765721291E+01    0.249571875702304E+00
    0.170906000000000E+04    0.129264028507396E+01    0.249576186558281E+00
    0.171532000000000E+04    0.439955215122018E+01    0.250205766158231E+00
    0.171534000000000E+04    0.442956039555202E+01    0.250206322691564E+00
    0.172160000000000E+04    0.125987041908957E+01    0.251097975937378E+00
    0.172162000000000E+04    0.128991450842568E+01    0.251102263998760E+00
    0.172788000000000E+04    0.441592843256831E+01    0.251707960046276E+00
    0.172790000000000E+04    0.444599709090471E+01    0.251708343129035E+00
    0.173416000000000E+04    0.129462705651713E+01    0.252515702158893E+00
    0.173418000000000E+04    0.132472773102972E+01    0.252519727773587E+00
    0.174046000000000E+04    0.449803028137285E+01    0.253033971024635E+00
    0.174048000000000E+04    0.452815164398362E+01    0.253033888207492E+00
    0.174674000000000E+04    0.139226425199467E+01    0.253664124198116E+00
    0.174676000000000E+04    0.142241084874149E+01    0.253667636360104E+00
    0.175302000000000E+04    0.457902195326733E+01    0.254020613879664E+00
    0.175304000000000E+04    0.460918278259896E+01    0.254019821233270E+00
    0.175930000000000E+04    0.148399481116212E+01    0.254385388415776E+00
    0.175932000000000E+04    0.151417029985078E+01    0.254388164454019E+00
    0.176558000000000E+04    0.467854297568783E+01    0.254530785746356E+00
    0.176560000000000E+04    0.470872416967313E+01    0.254529116210121E+00
    0.177186000000000E+04    0.158786371397446E+01    0.254570511561611E+00
    0.177188000000000E+04    0.161804648585849E+01    0.254572395981613E+00
    0.177816000000000E+04    0.481345285827001E+01    0.254474282373780E+00
    0.177818000000000E+04    0.484363197134144E+01    0.254471705755650E+00
    0.178444000000000E+04    0.172009128467198E+01    0.254191235485263E+00
    0.178446000000000E+04    0.175025893697375E+01    0.254192224035142E+00
    0.179072000000000E+04    0.490924238713569E+01    0.253871728150729E+00
    0.179074000000000E+04    0.493939719264608E+01    0.253868354944636E+00
    0.179700000000000E+04    0.180646599245802E+01    0.253301834949625E+00
    0.179702000000000E+04    0.183659807109689E+01    0.253302073691605E+00
    0.180328000000000E+04    0.498331395417335E+01    0.252811184926768E+00
    0.180330000000000E+04    0.501342632822889E+01    0.252807244344175E+00
    0.180956000000000E+04    0.186592357788004E+01    0.252039735569459E+00
    0.180958000000000E+04    0.189600515182519E+01    0.252039456075283E+00
    0.181586000000000E+04    0.505626019911324E+01    0.251439177459709E+00
    0.181588000000000E+04    0.508631781734312E+01    0.251434912238108E+00
    0.182214000000000E+04    0.192096982409612E+01    0.250563520771483E+00
    0.182216000000000E+04    0.195099230081860E+01    0.250562996124222E+00
    0.182842000000000E+04    0.506235437158102E+01    0.249921476478222E+00
    0.182844000000000E+04    0.509235118217703E+01    0.249917122720971E+00
    0.183470000000000E+04    0.190787729219710E+01    0.249031650369739E+00
    0.183472000000000E+04    0.193783852763681E+01    0.249031150752554E+00
    0.184098000000000E+04    0.503013026091685E+01    0.248411540863717E+00
    0.184100000000000E+04    0.506006666050189E+01    0.248407317382570E+00
    0.184726000000000E+04    0.185710735499151E+01    0.247598646163798E+00
    0.184728000000000E+04    0.188701129704577E+01    0.247598443705851E+00
    0.185354000000000E+04    0.496189696497322E+01    0.247065490365238E+00
    0.185356000000000E+04    0.499177951172987E+01    0.247061637353067E+00
    0.185984000000000E+04    0.180280356122012E+01    0.246422510797095E+00
    0.185986000000000E+04    0.183266044882703E+01    0.246422869394251E+00
    0.186612000000000E+04    0.489377615339299E+01    0.246040232723901E+00
    0.186614000000000E+04    0.492361782506987E+01    0.246036993787229E+00
    0.187240000000000E+04    0.169352970463297E+01    0.245657944579309E+00
    0.187242000000000E+04    0.172335597751180E+01    0.245659086867570E+00
    0.187868000000000E+04    0.477620207444261E+01    0.245487145684836E+00
    0.187870000000000E+04    0.480602155360793E+01    0.245484730345099E+00
    0.188496000000000E+04    0.157097917457395E+01    0.245422221675812E+00
    0.188498000000000E+04    0.160079608861270E+01    0.245424272593674E+00
    0.189124000000000E+04    0.465220948131901E+01    0.245493172113218E+00
    0.189126000000000E+04    0.468202920179419E+01    0.245491671579680E+00
    0.189754000000000E+04    0.147896148480822E+01    0.245758933761285E+00
    0.189756000000000E+04    0.150879189795842E+01    0.245761860295823E+00
    0.190382000000000E+04    0.456583783370388E+01    0.246055077142811E+00
    0.190384000000000E+04    0.459567999869796E+01    0.246054431976484E+00
    0.191010000000000E+04    0.137167899482847E+01    0.246607029766059E+00
    0.191012000000000E+04    0.140154336801288E+01    0.246610657255151E+00
    0.191638000000000E+04    0.447036596388853E+01    0.247083687996634E+00
    0.191640000000000E+04    0.450024933196619E+01    0.247083708424930E+00
    0.192266000000000E+04    0.129049119085084E+01    0.247841931979927E+00
    0.192268000000000E+04    0.132040485901553E+01    0.247846017253028E+00
    0.192894000000000E+04    0.440539159573564E+01    0.248431513546318E+00
    0.192896000000000E+04    0.443532891704308E+01    0.248431940367035E+00
    0.193524000000000E+04    0.127323250735708E+01    0.249309800403207E+00
    0.193526000000000E+04    0.130320497682533E+01    0.249314111347197E+00
    0.194152000000000E+04    0.440686465458566E+01    0.249943332914947E+00
    0.194154000000000E+04    0.443686242582726E+01    0.249943896302172E+00
    0.194780000000000E+04    0.126393235646810E+01    0.250843279380226E+00
    0.194782000000000E+04    0.129396616286704E+01    0.250847591924132E+00
    0.195408000000000E+04    0.441676391290002E+01    0.251460589137357E+00
    0.195410000000000E+04    0.444682232221885E+01    0.251461009187113E+00
    0.196036000000000E+04    0.129246113246381E+01    0.252289495859034E+00
    0.196038000000000E+04    0.132255283092582E+01    0.252293584656868E+00
    0.196664000000000E+04    0.446304536476100E+01    0.252828317744253E+00
    0.196666000000000E+04    0.449315850151152E+01    0.252828327275062E+00
    0.197294000000000E+04    0.138500637661400E+01    0.253498105000633E+00
    0.197296000000000E+04    0.141514611628236E+01    0.253501713290195E+00
    0.197922000000000E+04    0.456979482508405E+01    0.253881404406038E+00
    0.197924000000000E+04    0.459995007913267E+01    0.253880750170399E+00
    0.198550000000000E+04    0.147334145166451E+01    0.254297318271437E+00
    0.198552000000000E+04    0.150351340380348E+01    0.254300233641984E+00
    0.199178000000000E+04    0.466701274712705E+01    0.254481115946329E+00
    0.199180000000000E+04    0.469719194664867E+01    0.254479600581586E+00
    0.199806000000000E+04    0.157609662745335E+01    0.254580012498306E+00
    0.199808000000000E+04    0.160627987420821E+01    0.254582053867511E+00
    0.200434000000000E+04    0.477186373438462E+01    0.254527607590118E+00
    0.200436000000000E+04    0.480204480380735E+01    0.254525178986291E+00
    0.201062000000000E+04    0.167941168818379E+01    0.254293510940230E+00
    0.201064000000000E+04    0.170958324521735E+01    0.254294639738111E+00
    0.201692000000000E+04    0.490022365860159E+01    0.254008507028981E+00
    0.201694000000000E+04    0.493038394777477E+01    0.254005257955905E+00
    0.202320000000000E+04    0.179945120922093E+01    0.253483247380531E+00
    0.202322000000000E+04    0.182959053755485E+01    0.253483597617077E+00
    0.202948000000000E+04    0.497874968297538E+01    0.253017324376825E+00
    0.202950000000000E+04    0.500887036594395E+01    0.253013466868061E+00
    0.203576000000000E+04    0.186415816403905E+01    0.252276110381038E+00
    0.203578000000000E+04    0.189424916044936E+01    0.252275901214329E+00
    0.204204000000000E+04    0.502746648051925E+01    0.251691485959527E+00
    0.204206000000000E+04    0.505753407022166E+01    0.251687262898926E+00
    0.204832000000000E+04    0.189541469811002E+01    0.250825647744423E+00
    0.204834000000000E+04    0.192544770020140E+01    0.250825148180536E+00
    0.205462000000000E+04    0.507014485774062E+01    0.250185428859582E+00
    0.205464000000000E+04    0.510015218710350E+01    0.250181069467602E+00
    0.206090000000000E+04    0.191895692522439E+01    0.249292506486766E+00
    0.206092000000000E+04    0.194892859386300E+01    0.249291985224581E+00
    0.206718000000000E+04    0.504445531425063E+01    0.248664442504362E+00
    0.206720000000000E+04    0.507440184578945E+01    0.248660178750863E+00
    0.207346000000000E+04    0.187447396446714E+01    0.247832366611936E+00
    0.207348000000000E+04    0.190438708368356E+01    0.247832089716731E+00
    0.207974000000000E+04    0.498205782862169E+01    0.247277890763473E+00
    0.207976000000000E+04    0.501194894430364E+01    0.247273958775210E+00
    0.208602000000000E+04    0.179561029661227E+01    0.246602111944707E+00
    0.208604000000000E+04    0.182547438142001E+01    0.246602354429575E+00
    0.209232000000000E+04    0.491849178331859E+01    0.246188110994123E+00
    0.209234000000000E+04    0.494833926716319E+01    0.246184748931785E+00
    0.209860000000000E+04    0.171981963561120E+01    0.245758584977090E+00
    0.209862000000000E+04    0.174964998965424E+01    0.245759588080768E+00
    0.210488000000000E+04    0.480350778968204E+01    0.245547379318265E+00
    0.210490000000000E+04    0.483332962070426E+01    0.245544808129248E+00
    0.211116000000000E+04    0.159867398943015E+01    0.245426069956121E+00
    0.211118000000000E+04    0.162849105794976E+01    0.245427963298973E+00
    0.211744000000000E+04    0.467970909933501E+01    0.245455208789217E+00
    0.211746000000000E+04    0.470952733494232E+01    0.245453550351226E+00
    0.212372000000000E+04    0.147575954981039E+01    0.245665086890661E+00
    0.212374000000000E+04    0.150558596427527E+01    0.245667863616684E+00
    0.213000000000000E+04    0.456116602798465E+01    0.245921942658696E+00
    0.213002000000000E+04    0.459100285799650E+01    0.245921154224094E+00
    0.213630000000000E+04    0.139487631316433E+01    0.246431121744793E+00
    0.213632000000000E+04    0.142473362884402E+01    0.246434643656441E+00
    0.214258000000000E+04    0.449116569510579E+01    0.246880479232759E+00
    0.214260000000000E+04    0.452104091147976E+01    0.246880403001588E+00
    0.214886000000000E+04    0.130850630789973E+01    0.247611308060840E+00
    0.214888000000000E+04    0.133841050264709E+01    0.247615322144425E+00
    0.215514000000000E+04    0.442035513536803E+01    0.248183418793752E+00
    0.215516000000000E+04    0.445028248290055E+01    0.248183795370588E+00
    0.216142000000000E+04    0.125500743542852E+01    0.249044146197326E+00
    0.216144000000000E+04    0.128496935649127E+01    0.249048438058291E+00
    0.216770000000000E+04    0.438536093330458E+01    0.249677335540751E+00
    0.216772000000000E+04    0.441534837693462E+01    0.249677904638140E+00
    0.217400000000000E+04    0.126911824949457E+01    0.250582706144309E+00
    0.217402000000000E+04    0.129914158907422E+01    0.250587030948729E+00
    0.218028000000000E+04    0.441868985075689E+01    0.251205073552415E+00
    0.218030000000000E+04    0.444873806356782E+01    0.251205540891362E+00
    0.218656000000000E+04    0.129130005124262E+01    0.252053427487556E+00
    0.218658000000000E+04    0.132138224429900E+01    0.252057568835454E+00
    0.219284000000000E+04    0.445898751648974E+01    0.252608460921076E+00
    0.219286000000000E+04    0.448909187694608E+01    0.252608562293070E+00
    0.219912000000000E+04    0.134832483566788E+01    0.253310254400829E+00
    0.219914000000000E+04    0.137845734424900E+01    0.253313976287185E+00
    0.220540000000000E+04    0.453103784738732E+01    0.253731927739975E+00
    0.220542000000000E+04    0.456118709486236E+01    0.253731403794320E+00
    0.221170000000000E+04    0.146312899094164E+01    0.254196219187848E+00
    0.221172000000000E+04    0.149329680815526E+01    0.254199267059139E+00
    0.221798000000000E+04    0.465576891266983E+01    0.254417736073631E+00
    0.221800000000000E+04    0.468594567996934E+01    0.254416384423980E+00
    0.222426000000000E+04    0.156443026852503E+01    0.254574744114669E+00
    0.222428000000000E+04    0.159461325762322E+01    0.254576939643585E+00
    0.223054000000000E+04    0.476035346903973E+01    0.254561314569491E+00
    0.223056000000000E+04    0.479053589018667E+01    0.254559040937247E+00
    0.223682000000000E+04    0.166871526786190E+01    0.254383749158997E+00
    0.223684000000000E+04    0.169889062374250E+01    0.254385035005367E+00
    0.224310000000000E+04    0.486076741058514E+01    0.254138571324071E+00
    0.224312000000000E+04    0.489093289094671E+01    0.254135447403727E+00
    0.224940000000000E+04    0.179204112574735E+01    0.253656890251055E+00
    0.224942000000000E+04    0.182218741157158E+01    0.253657362300345E+00
    0.225568000000000E+04    0.497369704268885E+01    0.253216715498336E+00
    0.225570000000000E+04    0.500382565749214E+01    0.253212941719193E+00
    0.226196000000000E+04    0.186177548686965E+01    0.252505428483421E+00
    0.226198000000000E+04    0.189187554069213E+01    0.252505295394262E+00
    0.226824000000000E+04    0.502807593204852E+01    0.251936073889057E+00
    0.226826000000000E+04    0.505815334347244E+01    0.251931896137098E+00
    0.227452000000000E+04    0.189919804093552E+01    0.251085461996313E+00
    0.227454000000000E+04    0.192924141330286E+01    0.251084989577767E+00
    0.228080000000000E+04    0.504720485751977E+01    0.250452428978288E+00
    0.228082000000000E+04    0.507722289137928E+01    0.250448082575317E+00
    0.228708000000000E+04    0.189936446093589E+01    0.249555130151526E+00
    0.228710000000000E+04    0.192934664071208E+01    0.249554591787642E+00
    0.229338000000000E+04    0.505807925245426E+01    0.248918484142776E+00
    0.229340000000000E+04    0.508803590566322E+01    0.248914185687964E+00
    0.229966000000000E+04    0.189121289828336E+01    0.248070025775288E+00
    0.229968000000000E+04    0.192113567755496E+01    0.248069690288978E+00
    0.230594000000000E+04    0.500169545726249E+01    0.247498365631800E+00
    0.230596000000000E+04    0.503159532740210E+01    0.247494355489824E+00
    0.231222000000000E+04    0.181777395182326E+01    0.246787806126223E+00
    0.231224000000000E+04    0.184764529819267E+01    0.246787938444585E+00
    0.231850000000000E+04    0.491293952634805E+01    0.246346627363848E+00
    0.231852000000000E+04    0.494279336635236E+01    0.246343152561244E+00
    0.232478000000000E+04    0.171595077938355E+01    0.245865934214968E+00
    0.232480000000000E+04    0.174578540243238E+01    0.245866786332562E+00
    0.233108000000000E+04    0.483057966861952E+01    0.245616158048271E+00
    0.233110000000000E+04    0.486040428034494E+01    0.245613440400305E+00
    0.233736000000000E+04    0.162628228936092E+01    0.245440430851847E+00
    0.233738000000000E+04    0.165609993750377E+01    0.245442169999075E+00
    0.234364000000000E+04    0.470720836193141E+01    0.245426298323871E+00
    0.234366000000000E+04    0.473702535942266E+01    0.245424479724939E+00
    0.234992000000000E+04    0.150258477544139E+01    0.245580123199183E+00
    0.234994000000000E+04    0.153240804098050E+01    0.245582762263274E+00
    0.235620000000000E+04    0.458678101852274E+01    0.245804612694081E+00
    0.235622000000000E+04    0.461661319038876E+01    0.245803690649993E+00
    0.236248000000000E+04    0.138883662945545E+01    0.246264431755234E+00
    0.236250000000000E+04    0.141868703718865E+01    0.246267835703891E+00
    0.236878000000000E+04    0.451267630222810E+01    0.246684329251076E+00
    0.236880000000000E+04    0.454254369131513E+01    0.246684152386323E+00
    0.237506000000000E+04    0.132741447257467E+01    0.247384713868796E+00
    0.237508000000000E+04    0.135730993762400E+01    0.247388673632438E+00
    0.238134000000000E+04    0.443636015337324E+01    0.247941834315903E+00
    0.238136000000000E+04    0.446627784462225E+01    0.247942153223379E+00
    0.238762000000000E+04    0.126788178201514E+01    0.248788871984355E+00
    0.238764000000000E+04    0.129783344665429E+01    0.248793139027405E+00
    0.239390000000000E+04    0.439492726740264E+01    0.249415827825589E+00
    0.239392000000000E+04    0.442490386702002E+01    0.249416372077755E+00
    0.240018000000000E+04    0.124532356473446E+01    0.250315291989474E+00
    0.240020000000000E+04    0.127533626233344E+01    0.250319633958491E+00
    0.240648000000000E+04    0.442169131825813E+01    0.250947109126040E+00
    0.240650000000000E+04    0.445172945951754E+01    0.250947622398946E+00
    0.241276000000000E+04    0.129124360742208E+01    0.251817745182513E+00
    0.241278000000000E+04    0.132131642096147E+01    0.251821937383683E+00
    0.241904000000000E+04    0.445607043992140E+01    0.252388242891273E+00
    0.241906000000000E+04    0.448616596013926E+01    0.252388426953538E+00
    0.242532000000000E+04    0.134282909115700E+01    0.253121032433525E+00
    0.242534000000000E+04    0.137295401213669E+01    0.253124839952699E+00
    0.243160000000000E+04    0.452335607757459E+01    0.253569294080201E+00
    0.243162000000000E+04    0.455349908785229E+01    0.253568903133971E+00
    0.243788000000000E+04    0.142358246276626E+01    0.254078566892263E+00
    0.243790000000000E+04    0.145374565299790E+01    0.254081745957274E+00
    0.244416000000000E+04    0.461498033704447E+01    0.254340281436385E+00
    0.244418000000000E+04    0.464515393890861E+01    0.254339077534889E+00
    0.245046000000000E+04    0.155316401943992E+01    0.254551262160331E+00
    0.245048000000000E+04    0.158334603836283E+01    0.254553606504246E+00
    0.245674000000000E+04    0.474905139510793E+01    0.254577882308859E+00
    0.245676000000000E+04    0.477923451534480E+01    0.254575763585193E+00
    0.246302000000000E+04    0.165798428250355E+01    0.254456960151295E+00
    0.246304000000000E+04    0.168816257351227E+01    0.254458395260965E+00
    0.246930000000000E+04    0.485119391756371E+01    0.254248143182173E+00
    0.246932000000000E+04    0.488136381624736E+01    0.254245153707767E+00
    0.247558000000000E+04    0.175400998500345E+01    0.253814248839028E+00
    0.247560000000000E+04    0.178416255893626E+01    0.253814845963788E+00
    0.248186000000000E+04    0.493783553210324E+01    0.253404932818761E+00
    0.248188000000000E+04    0.496797165174394E+01    0.253401251997528E+00
    0.248816000000000E+04    0.185859320208147E+01    0.252723758253196E+00
    0.248818000000000E+04    0.188870212403208E+01    0.252723709291362E+00
    0.249444000000000E+04    0.502776929979291E+01    0.252170765481246E+00
    0.249446000000000E+04    0.505785613722264E+01    0.252166631812197E+00
    0.250072000000000E+04    0.190191470013906E+01    0.251337856401505E+00
    0.250074000000000E+04    0.193196802232842E+01    0.251337418936749E+00
    0.250700000000000E+04    0.505308686316130E+01    0.250707463709288E+00
    0.250702000000000E+04    0.508311510437579E+01    0.250703125214004E+00
    0.251328000000000E+04    0.190847090079478E+01    0.249812463767443E+00
    0.251330000000000E+04    0.193846338493040E+01    0.249811916803709E+00
    0.251956000000000E+04    0.504043777938841E+01    0.249175189601173E+00
    0.251958000000000E+04    0.507040471832761E+01    0.249170870191512E+00
    0.252586000000000E+04    0.190664181841066E+01    0.248309411511806E+00
    0.252588000000000E+04    0.193657419046713E+01    0.248309028067991E+00
    0.253214000000000E+04    0.502002786394405E+01    0.247721312878938E+00
    0.253216000000000E+04    0.504993666262590E+01    0.247717240122634E+00
    0.253842000000000E+04    0.183874152759972E+01    0.246981694586784E+00
    0.253844000000000E+04    0.186862072248732E+01    0.246981737188364E+00
    0.254470000000000E+04    0.493620764206298E+01    0.246513103339813E+00
    0.254472000000000E+04    0.496606826153902E+01    0.246509523594578E+00
    0.255098000000000E+04    0.174107401017409E+01    0.245989404187015E+00
    0.255100000000000E+04    0.177091359538372E+01    0.245990121359356E+00
    0.255726000000000E+04    0.482720660958421E+01    0.245706130180941E+00
    0.255728000000000E+04    0.485703484429087E+01    0.245703272495332E+00
    0.256354000000000E+04    0.162361931154146E+01    0.245472090441646E+00
    0.256356000000000E+04    0.165343786751055E+01    0.245473663878035E+00
    0.256984000000000E+04    0.473448081103152E+01    0.245416702321561E+00
    0.256986000000000E+04    0.476429747093061E+01    0.245414733300978E+00
    0.257612000000000E+04    0.152940861765819E+01    0.245516607056745E+00
    0.257614000000000E+04    0.155922931901114E+01    0.245519099018381E+00
    0.258240000000000E+04    0.461254103822375E+01    0.245701365720736E+00
    0.258242000000000E+04    0.464236910025875E+01    0.245700302441835E+00
    0.258868000000000E+04    0.141304893593269E+01    0.246114822920457E+00
    0.258870000000000E+04    0.144289359274126E+01    0.246118120988212E+00
    0.259496000000000E+04    0.450500657127213E+01    0.246507722613344E+00
    0.259498000000000E+04    0.453486684747304E+01    0.246507429100334E+00
    0.260124000000000E+04    0.131726149708038E+01    0.247170324217397E+00
    0.260126000000000E+04    0.134714841052573E+01    0.247174211708298E+00
    0.260754000000000E+04    0.445335078905100E+01    0.247712714181346E+00
    0.260756000000000E+04    0.448325932812577E+01    0.247712970488554E+00
    0.261382000000000E+04    0.128185641198161E+01    0.248541136974918E+00
    0.261384000000000E+04    0.131179806159798E+01    0.248545357417609E+00
    0.262010000000000E+04    0.440572759770930E+01    0.249159703231438E+00
    0.262012000000000E+04    0.443569404673508E+01    0.249160232894100E+00
    0.262638000000000E+04    0.125292413332500E+01    0.250058215354069E+00
    0.262640000000000E+04    0.128292653679864E+01    0.250062556196977E+00
    0.263266000000000E+04    0.439598472764283E+01    0.250693199047945E+00
    0.263268000000000E+04    0.442601249083509E+01    0.250693725583921E+00
    0.263894000000000E+04    0.126233404831692E+01    0.251569102644229E+00
    0.263896000000000E+04    0.129239688909001E+01    0.251573337591377E+00
    0.264524000000000E+04    0.445421579995764E+01    0.252157572893185E+00
    0.264526000000000E+04    0.448430208362288E+01    0.252157828910440E+00
    0.265152000000000E+04    0.133826330265447E+01    0.252920378550646E+00
    0.265154000000000E+04    0.136838022653410E+01    0.252924266903329E+00
    0.265780000000000E+04    0.451639068092800E+01    0.253393483540475E+00
    0.265782000000000E+04    0.454652642824612E+01    0.253393200044227E+00
    0.266408000000000E+04    0.141464915414235E+01    0.253946623290722E+00
    0.266410000000000E+04    0.144480697244535E+01    0.253949919001219E+00
    0.267036000000000E+04    0.460459239893953E+01    0.254241756318419E+00
    0.267038000000000E+04    0.463476210365388E+01    0.254240700929060E+00
    0.267664000000000E+04    0.151173300612663E+01    0.254507224638871E+00
    0.267666000000000E+04    0.154191333943618E+01    0.254509725771207E+00
    0.268294000000000E+04    0.473753049647667E+01    0.254576245327562E+00
    0.268296000000000E+04    0.476771353787035E+01    0.254574281926562E+00
    0.268922000000000E+04    0.164680321789865E+01    0.254513292092679E+00
    0.268924000000000E+04    0.167698377098850E+01    0.254514885313284E+00
    0.269550000000000E+04    0.484096175324839E+01    0.254341771782408E+00
    0.269552000000000E+04    0.487113535646995E+01    0.254338916943883E+00
    0.270178000000000E+04    0.174525185826997E+01    0.253957284220468E+00
    0.270180000000000E+04    0.177541013754944E+01    0.253958009127830E+00
    0.270806000000000E+04    0.493109059727840E+01    0.253578193081308E+00
    0.270808000000000E+04    0.496123375580282E+01    0.253574612967584E+00
    0.271434000000000E+04    0.182411965761685E+01    0.252935425788118E+00
    0.271436000000000E+04    0.185423685404476E+01    0.252935463019170E+00
    0.272062000000000E+04    0.499600768389973E+01    0.252399536430517E+00
    0.272064000000000E+04    0.502610359383652E+01    0.252395466118381E+00
    0.272692000000000E+04    0.190323831269461E+01    0.251583196608847E+00
    0.272694000000000E+04    0.193330163155360E+01    0.251582813893947E+00
    0.273320000000000E+04    0.505760779605953E+01    0.250963692306162E+00
    0.273322000000000E+04    0.508764625574076E+01    0.250959371476186E+00
    0.273948000000000E+04    0.191623230410733E+01    0.250073374580556E+00
    0.273950000000000E+04    0.194623520277310E+01    0.250072828444973E+00
    0.274576000000000E+04    0.505147603425667E+01    0.249433203159733E+00
    0.274578000000000E+04    0.508145334033816E+01    0.249428864700181E+00
    0.275204000000000E+04    0.189090260363810E+01    0.248557206081254E+00
    0.275206000000000E+04    0.192084471082308E+01    0.248556766312447E+00
    0.275832000000000E+04    0.500728777010681E+01    0.247957388904196E+00
    0.275834000000000E+04    0.503720599298686E+01    0.247953262045325E+00
    0.276462000000000E+04    0.185869980049301E+01    0.247187712281310E+00
    0.276464000000000E+04    0.188858730126958E+01    0.247187662175062E+00
    0.277090000000000E+04    0.495861763649646E+01    0.246692180663141E+00
    0.277092000000000E+04    0.498848551674655E+01    0.246688502913243E+00
    0.277718000000000E+04    0.176553473476179E+01    0.246131190543653E+00
    0.277720000000000E+04    0.179537998910382E+01    0.246131786043350E+00
    0.278346000000000E+04    0.485322198684662E+01    0.245810519256870E+00
    0.278348000000000E+04    0.488305434803078E+01    0.245807523481040E+00
    0.278974000000000E+04    0.165067905126216E+01    0.245523984425285E+00
    0.278976000000000E+04    0.168050005921850E+01    0.245525415253957E+00
    0.279602000000000E+04    0.473216468561077E+01    0.245429963528314E+00
    0.279604000000000E+04    0.476198186410966E+01    0.245427836423988E+00
    0.280232000000000E+04    0.155667045478185E+01    0.245471459933752E+00
    0.280234000000000E+04    0.158648927895956E+01    0.245473800007244E+00
    0.280860000000000E+04    0.463899299963305E+01    0.245616352702227E+00
    0.280862000000000E+04    0.466881771745648E+01    0.245615145409083E+00
    0.281488000000000E+04    0.143810981591287E+01    0.245980267365422E+00
    0.281490000000000E+04    0.146794904239323E+01    0.245983437027044E+00
    0.282116000000000E+04    0.452815872456449E+01    0.246340224303501E+00
    0.282118000000000E+04    0.455801233622606E+01    0.246339817673566E+00
    0.282744000000000E+04    0.133808125040377E+01    0.246966958529532E+00
    0.282746000000000E+04    0.136795998346224E+01    0.246970760578163E+00
    0.283372000000000E+04    0.444153860263486E+01    0.247486366306562E+00
    0.283374000000000E+04    0.447143807154953E+01    0.247486541784983E+00
    0.284000000000000E+04    0.126705026019499E+01    0.248291511443606E+00
    0.284002000000000E+04    0.129698202814598E+01    0.248295703769181E+00
    0.284630000000000E+04    0.441770884946891E+01    0.248904542103603E+00
    0.284632000000000E+04    0.444766499475190E+01    0.248905041948204E+00
    0.285258000000000E+04    0.126162605556510E+01    0.249797252900867E+00
    0.285260000000000E+04    0.129161803202078E+01    0.249801589033583E+00
    0.285886000000000E+04    0.440144998060168E+01    0.250431602459439E+00
    0.285888000000000E+04    0.443146749545940E+01    0.250432156292570E+00
    0.286514000000000E+04    0.126464159109219E+01    0.251322665357859E+00
    0.286516000000000E+04    0.129469460085329E+01    0.251326934181323E+00
    0.287142000000000E+04    0.442341021284392E+01    0.251921640208300E+00
    0.287144000000000E+04    0.445348707009271E+01    0.251921957684294E+00
    0.287770000000000E+04    0.130462990508022E+01    0.252706921883195E+00
    0.287772000000000E+04    0.133473827293892E+01    0.252710887537224E+00
    0.288400000000000E+04    0.451038391675866E+01    0.253206289028383E+00
    0.288402000000000E+04    0.454051239952787E+01    0.253206124288563E+00
    0.289028000000000E+04    0.140659010263698E+01    0.253801976145617E+00
    0.289030000000000E+04    0.143674224924871E+01    0.253805391834882E+00
    0.289656000000000E+04    0.459491793227062E+01    0.254131026116273E+00
    0.289658000000000E+04    0.462508312271802E+01    0.254130109081332E+00
    0.290284000000000E+04    0.150096651141666E+01    0.254448688478869E+00
    0.290286000000000E+04    0.153114449605073E+01    0.254451334681241E+00
    0.290912000000000E+04    0.469609851821588E+01    0.254559017208891E+00
    0.290914000000000E+04    0.472628091610477E+01    0.254557211624854E+00
    0.291540000000000E+04    0.160547601215603E+01    0.254548569055453E+00
    0.291542000000000E+04    0.163565791810561E+01    0.254550310566490E+00
    0.292170000000000E+04    0.483052360147485E+01    0.254417141903973E+00
    0.292172000000000E+04    0.486070027628557E+01    0.254414432052810E+00
    0.292798000000000E+04    0.173610520591774E+01    0.254084928821489E+00
    0.292800000000000E+04    0.176626860111355E+01    0.254085790684756E+00
    0.293426000000000E+04    0.492372792726928E+01    0.253735774004863E+00
    0.293428000000000E+04    0.495387731761275E+01    0.253732300825772E+00
    0.294054000000000E+04    0.181902725886812E+01    0.253131158812410E+00
    0.294056000000000E+04    0.184915250434278E+01    0.253131304649471E+00
    0.294682000000000E+04    0.499359254648607E+01    0.252620201710547E+00
    0.294684000000000E+04    0.502369727521182E+01    0.252616196963385E+00
    0.295310000000000E+04    0.187366790908618E+01    0.251827142139113E+00
    0.295312000000000E+04    0.190374096416690E+01    0.251826806583740E+00
    0.295940000000000E+04    0.506125122471440E+01    0.251216352455336E+00
    0.295942000000000E+04    0.509129990235851E+01    0.251212057274673E+00
    0.296568000000000E+04    0.192307376802455E+01    0.250334937024551E+00
    0.296570000000000E+04    0.195308693536481E+01    0.250334397866955E+00
    0.297196000000000E+04    0.506150533728942E+01    0.249687726006038E+00
    0.297198000000000E+04    0.509149276893368E+01    0.249683374162932E+00
    0.297824000000000E+04    0.190411548574048E+01    0.248804044481482E+00
    0.297826000000000E+04    0.193406763656185E+01    0.248803574871442E+00
    0.298452000000000E+04    0.502357032538839E+01    0.248193648227118E+00
    0.298454000000000E+04    0.505349798491807E+01    0.248189464902237E+00
    0.299080000000000E+04    0.184791637663329E+01    0.247400991219212E+00
    0.299082000000000E+04    0.187781239044671E+01    0.247400853717987E+00
    0.299708000000000E+04    0.495035424105026E+01    0.246887424972912E+00
    0.299710000000000E+04    0.498022971210685E+01    0.246883648154495E+00
    0.300338000000000E+04    0.178920810473574E+01    0.246279289492584E+00
    0.300340000000000E+04    0.181905909861416E+01    0.246279751998709E+00
    0.300966000000000E+04    0.487850661269749E+01    0.245924341487749E+00
    0.300968000000000E+04    0.490834353475202E+01    0.245921217182309E+00
    0.301594000000000E+04    0.167709049704081E+01    0.245587899510216E+00
    0.301596000000000E+04    0.170691403376895E+01    0.245589178429133E+00
    0.302222000000000E+04    0.475916749245243E+01    0.245451491055429E+00
    0.302224000000000E+04    0.478898580876466E+01    0.245449219467328E+00
    0.302850000000000E+04    0.155389878762617E+01    0.245442597206456E+00
    0.302852000000000E+04    0.158371653123140E+01    0.245444790240815E+00
    0.303478000000000E+04    0.463561459172433E+01    0.245549700874648E+00
    0.303480000000000E+04    0.466543654894122E+01    0.245548335973545E+00
    0.304108000000000E+04    0.146337453829892E+01    0.245861843843287E+00
    0.304110000000000E+04    0.149320909578637E+01    0.245864890625499E+00
    0.304736000000000E+04    0.455174445517059E+01    0.246188808706653E+00
    0.304738000000000E+04    0.458159197545501E+01    0.246188280089200E+00
    0.305364000000000E+04    0.135949422007252E+01    0.246777031235398E+00
    0.305366000000000E+04    0.138936536988695E+01    0.246780744818982E+00
    0.305992000000000E+04    0.446046681223197E+01    0.247273367931810E+00
    0.305994000000000E+04    0.449035798120985E+01    0.247273474092875E+00
    0.306620000000000E+04    0.128319856403414E+01    0.248058242934589E+00
    0.306622000000000E+04    0.131312096088095E+01    0.248062382368593E+00
    0.307248000000000E+04    0.440087877477981E+01    0.248658163526876E+00
    0.307250000000000E+04    0.443082511386638E+01    0.248658622204815E+00
    0.307878000000000E+04    0.127162450141623E+01    0.249544258144309E+00
    0.307880000000000E+04    0.130160635476841E+01    0.249548581652583E+00
    0.308506000000000E+04    0.440820723121033E+01    0.250178108809149E+00
    0.308508000000000E+04    0.443821433340963E+01    0.250178661731080E+00
    0.309134000000000E+04    0.126817490895428E+01    0.251071569148629E+00
    0.309136000000000E+04    0.129821788527261E+01    0.251075858311410E+00
    0.309762000000000E+04    0.442385697490408E+01    0.251681208496698E+00
    0.309764000000000E+04    0.445392428306423E+01    0.251681585169026E+00
    0.310390000000000E+04    0.130219969121754E+01    0.252489856190241E+00
    0.310392000000000E+04    0.133229929582922E+01    0.252493880212090E+00
    0.311018000000000E+04    0.447516919216469E+01    0.253009103536517E+00
    0.311020000000000E+04    0.450528960036536E+01    0.253009028288017E+00
    0.311646000000000E+04    0.136910593366429E+01    0.253640467836216E+00
    0.311648000000000E+04    0.139925160439816E+01    0.253643994109580E+00
    0.312276000000000E+04    0.458577323169357E+01    0.254003048722565E+00
    0.312278000000000E+04    0.461593336090209E+01    0.254002271680788E+00
    0.312904000000000E+04    0.149056413629933E+01    0.254373368287538E+00
    0.312906000000000E+04    0.152073912639480E+01    0.254376157130978E+00
    0.313532000000000E+04    0.468496979233896E+01    0.254520977085942E+00
    0.313534000000000E+04    0.471515057585475E+01    0.254519320266075E+00
    0.314160000000000E+04    0.159422452633407E+01    0.254567947239184E+00
    0.314162000000000E+04    0.162440726094883E+01    0.254569845541710E+00
    0.314788000000000E+04    0.478961115706170E+01    0.254478696483466E+00
    0.314790000000000E+04    0.481979036451867E+01    0.254476133122865E+00
    0.315416000000000E+04    0.169626233640247E+01    0.254195352051247E+00
    0.315418000000000E+04    0.172643009146850E+01    0.254196351813453E+00
    0.316046000000000E+04    0.491566305112883E+01    0.253879493880805E+00
    0.316048000000000E+04    0.494581820955955E+01    0.253876136336888E+00
    0.316674000000000E+04    0.181303608373219E+01    0.253316526292844E+00
    0.316676000000000E+04    0.184316873682383E+01    0.253316775517691E+00
    0.317302000000000E+04    0.499007924551734E+01    0.252827744337318E+00
    0.317304000000000E+04    0.502019230663154E+01    0.252823812195280E+00
    0.317930000000000E+04    0.187294743881193E+01    0.252061865288999E+00
    0.317932000000000E+04    0.190302990339205E+01    0.252061599863291E+00
    0.318558000000000E+04    0.503349534759764E+01    0.251465811772270E+00
    0.318560000000000E+04    0.506355390117005E+01    0.251461555213523E+00
    0.319186000000000E+04    0.189852829538086E+01    0.250589688413659E+00
    0.319188000000000E+04    0.192855185640383E+01    0.250589165532507E+00
    0.319816000000000E+04    0.507028456646913E+01    0.249947965673842E+00
    0.319818000000000E+04    0.510028251501080E+01    0.249943610401691E+00
    0.320444000000000E+04    0.191613051445438E+01    0.249058941797105E+00
    0.320446000000000E+04    0.194609277654035E+01    0.249058441784449E+00
    0.321072000000000E+04    0.503871393457666E+01    0.248437085527215E+00
    0.321074000000000E+04    0.506865138918056E+01    0.248432862109944E+00
