    0.000000000000000E+00    0.190000000000000E+01    0.260000000000000E+00
    0.200000000000000E-01    0.193039998762385E+01    0.259999446923950E+00
    0.630000000000000E+01    0.518992519656909E+01    0.259270432991520E+00
    0.632000000000000E+01    0.522029600742199E+01    0.259265475429849E+00
    0.125800000000000E+02    0.215082004494323E+01    0.258007758367241E+00
    0.126000000000000E+02    0.218114023665703E+01    0.258005864555173E+00
    0.188600000000000E+02    0.538366084277515E+01    0.257063873579066E+00
    0.188800000000000E+02    0.541394332633011E+01    0.257058409338079E+00
    0.251400000000000E+02    0.231544460324695E+01    0.255568454825802E+00
    0.251600000000000E+02    0.234566725607282E+01    0.255565976481462E+00
    0.314200000000000E+02    0.551723715541146E+01    0.254595871095394E+00
    0.314400000000000E+02    0.554742090355161E+01    0.254590462679031E+00
    0.377000000000000E+02    0.241777221126989E+01    0.253047025611343E+00
    0.377200000000000E+02    0.244789401892550E+01    0.253044388323954E+00
    0.440000000000000E+02    0.561810581554376E+01    0.252108220560208E+00
    0.440200000000000E+02    0.564819005273047E+01    0.252102988180964E+00
    0.502800000000000E+02    0.248751404227711E+01    0.250568858837431E+00
    0.503000000000000E+02    0.251753665821907E+01    0.250566230569673E+00
    0.565600000000000E+02    0.562675263018158E+01    0.249655535755688E+00
    0.565800000000000E+02    0.565673883227305E+01    0.249650372953814E+00
    0.628400000000000E+02    0.246541666621754E+01    0.248119813982791E+00
    0.628600000000000E+02    0.249534136642440E+01    0.248117174003018E+00
    0.691200000000000E+02    0.557377808773307E+01    0.247182472062828E+00
    0.691400000000000E+02    0.560366532436082E+01    0.247177180765751E+00
    0.754000000000000E+02    0.238127709232364E+01    0.245642297562841E+00
    0.754200000000000E+02    0.241110270874884E+01    0.245639696507492E+00
    0.817000000000000E+02    0.548813581589300E+01    0.244656781453493E+00
    0.817200000000000E+02    0.551792199513785E+01    0.244651302675713E+00
    0.879800000000000E+02    0.226401467268957E+01    0.243164610284778E+00
    0.880000000000000E+02    0.229374119253629E+01    0.243162299612236E+00
    0.942600000000000E+02    0.531016366671406E+01    0.242198706189836E+00
    0.942800000000000E+02    0.533985152250796E+01    0.242193356513801E+00
    0.100540000000000E+03    0.205619446647421E+01    0.240916359277136E+00
    0.100560000000000E+03    0.208583100689518E+01    0.240914917342088E+00
    0.106820000000000E+03    0.507538869110894E+01    0.240146975334519E+00
    0.106840000000000E+03    0.510499462026041E+01    0.240142495270209E+00
    0.113100000000000E+03    0.179844844219198E+01    0.239353125220448E+00
    0.113120000000000E+03    0.182802256776426E+01    0.239353349192778E+00
    0.119400000000000E+03    0.483032192592813E+01    0.239023797655758E+00
    0.119420000000000E+03    0.485988282171419E+01    0.239021096986127E+00
    0.125680000000000E+03    0.154377373929955E+01    0.238973613405346E+00
    0.125700000000000E+03    0.157333274027937E+01    0.238976024223927E+00
    0.131960000000000E+03    0.454492673116164E+01    0.239221256566510E+00
    0.131980000000000E+03    0.457449553836045E+01    0.239220757036949E+00
    0.138240000000000E+03    0.126573218783165E+01    0.239929976939738E+00
    0.138260000000000E+03    0.129532948530721E+01    0.239934257881845E+00
    0.144520000000000E+03    0.428189552555767E+01    0.240650580916135E+00
    0.144540000000000E+03    0.431152163050265E+01    0.240651871265656E+00
    0.150800000000000E+03    0.102426722536026E+01    0.241887031117880E+00
    0.150820000000000E+03    0.105394275731231E+01    0.241892289586210E+00
    0.157080000000000E+03    0.406639155594408E+01    0.242835974192830E+00
    0.157100000000000E+03    0.409610507470924E+01    0.242838236782004E+00
    0.163380000000000E+03    0.867817824841580E+00    0.244321375935853E+00
    0.163400000000000E+03    0.897590778954140E+00    0.244326821769290E+00
    0.169660000000000E+03    0.394061436601123E+01    0.245301417967736E+00
    0.169680000000000E+03    0.397042647940239E+01    0.245304031911579E+00
    0.175940000000000E+03    0.743836530974988E+00    0.246844423279796E+00
    0.175960000000000E+03    0.773710421034195E+00    0.246849711013586E+00
    0.182220000000000E+03    0.384797464677797E+01    0.247784075073023E+00
    0.182240000000000E+03    0.387788600555001E+01    0.247786742636516E+00
    0.188500000000000E+03    0.682424115985611E+00    0.249323302903567E+00
    0.188520000000000E+03    0.712397263557875E+00    0.249328438886970E+00
    0.194780000000000E+03    0.381750966459015E+01    0.250235884001576E+00
    0.194800000000000E+03    0.384751931672150E+01    0.250238575194103E+00
    0.201080000000000E+03    0.712848982980631E+00    0.251782472626781E+00
    0.201100000000000E+03    0.742920373432128E+00    0.251787634265249E+00
    0.207360000000000E+03    0.387885778303337E+01    0.252707434154886E+00
    0.207380000000000E+03    0.390896613257286E+01    0.252710103126310E+00
    0.213640000000000E+03    0.775170235460507E+00    0.254259848118828E+00
    0.213660000000000E+03    0.805340732912214E+00    0.254265199605068E+00
    0.219920000000000E+03    0.397266280750904E+01    0.255224497999959E+00
    0.219940000000000E+03    0.400287183115478E+01    0.255227041743322E+00
    0.226200000000000E+03    0.900254452230740E+00    0.256738725382107E+00
    0.226220000000000E+03    0.930524169290493E+00    0.256744181781944E+00
    0.232480000000000E+03    0.412904511439723E+01    0.257690813929873E+00
    0.232500000000000E+03    0.415935273979426E+01    0.257692842778848E+00
    0.238780000000000E+03    0.111660187047880E+01    0.259009239932012E+00
    0.238800000000000E+03    0.114696207163962E+01    0.259014267241383E+00
    0.245060000000000E+03    0.437296156337430E+01    0.259770739639133E+00
    0.245080000000000E+03    0.440335243205089E+01    0.259771534718949E+00
    0.251340000000000E+03    0.135334265592564E+01    0.260606533948322E+00
    0.251360000000000E+03    0.138376698958632E+01    0.260610292519499E+00
    0.257620000000000E+03    0.462739715442979E+01    0.260946779894273E+00
    0.257640000000000E+03    0.465783501907163E+01    0.260945576227695E+00
    0.263900000000000E+03    0.161789232304153E+01    0.261039366481413E+00
    0.263920000000000E+03    0.164833394772842E+01    0.261041065446131E+00
    0.270180000000000E+03    0.489387783987877E+01    0.260815401528374E+00
    0.270200000000000E+03    0.492431041263563E+01    0.260812043535865E+00
    0.276480000000000E+03    0.190821714284493E+01    0.260130501069950E+00
    0.276500000000000E+03    0.193862225270885E+01    0.260130109319476E+00
    0.282760000000000E+03    0.516961495408265E+01    0.259430763094615E+00
    0.282780000000000E+03    0.519999224271720E+01    0.259425895309732E+00
    0.289040000000000E+03    0.213278234668962E+01    0.258203406585547E+00
    0.289060000000000E+03    0.216311040665124E+01    0.258201602824248E+00
    0.295320000000000E+03    0.536817051235982E+01    0.257268849841559E+00
    0.295340000000000E+03    0.539846116214574E+01    0.257263400086656E+00
    0.301600000000000E+03    0.230258027718156E+01    0.255783552204362E+00
    0.301620000000000E+03    0.233281155130362E+01    0.255781103289024E+00
    0.307880000000000E+03    0.550708728911121E+01    0.254809587078513E+00
    0.307900000000000E+03    0.553727959423605E+01    0.254804169381260E+00
    0.314160000000000E+03    0.241029282086339E+01    0.253261159627638E+00
    0.314180000000000E+03    0.244042316309032E+01    0.253258540280646E+00
    0.320460000000000E+03    0.561331601569617E+01    0.252319610294065E+00
    0.320480000000000E+03    0.564340878165177E+01    0.252314368491021E+00
    0.326740000000000E+03    0.248535919694905E+01    0.250780051241818E+00
    0.326760000000000E+03    0.251539020913287E+01    0.250777416008473E+00
    0.333020000000000E+03    0.562718171418777E+01    0.249863722681937E+00
    0.333040000000000E+03    0.565717617112568E+01    0.249858560061961E+00
    0.339300000000000E+03    0.246845152893195E+01    0.248327847537869E+00
    0.339320000000000E+03    0.249838458302781E+01    0.248325207118137E+00
    0.345580000000000E+03    0.557945436357102E+01    0.247394502949475E+00
    0.345600000000000E+03    0.560935008119191E+01    0.247389230942690E+00
    0.351860000000000E+03    0.238962424606598E+01    0.245854008973048E+00
    0.351880000000000E+03    0.241945830730185E+01    0.245851397829866E+00
    0.358160000000000E+03    0.549915119063871E+01    0.244870874923980E+00
    0.358180000000000E+03    0.552894593749022E+01    0.244865406921151E+00
    0.364440000000000E+03    0.227768953542397E+01    0.243370352147312E+00
    0.364460000000000E+03    0.230742428234271E+01    0.243368005234304E+00
    0.370720000000000E+03    0.532636677426331E+01    0.242397702069047E+00
    0.370740000000000E+03    0.535606258676034E+01    0.242392315154062E+00
    0.377000000000000E+03    0.207476022153890E+01    0.241088432103670E+00
    0.377020000000000E+03    0.210440370525578E+01    0.241086879705703E+00
    0.383280000000000E+03    0.509594307226007E+01    0.240293116110123E+00
    0.383300000000000E+03    0.512555472176723E+01    0.240288520525876E+00
    0.389560000000000E+03    0.182048591344881E+01    0.239445775725866E+00
    0.389580000000000E+03    0.185006359418196E+01    0.239445829535367E+00
    0.395860000000000E+03    0.485323885740627E+01    0.239070719641940E+00
    0.395880000000000E+03    0.488280168560129E+01    0.239067845137324E+00
    0.402140000000000E+03    0.156686658136243E+01    0.238953868514102E+00
    0.402160000000000E+03    0.159642474417683E+01    0.238956092136613E+00
    0.408420000000000E+03    0.456746010209019E+01    0.239153135268324E+00
    0.408440000000000E+03    0.459702623324495E+01    0.239152459690902E+00
    0.414700000000000E+03    0.128704721761085E+01    0.239804872000111E+00
    0.414720000000000E+03    0.131663948176993E+01    0.239809026573805E+00
    0.420980000000000E+03    0.430141379084603E+01    0.240493453782913E+00
    0.421000000000000E+03    0.433103355273488E+01    0.240494618556701E+00
    0.427260000000000E+03    0.104158990529845E+01    0.241697939769481E+00
    0.427280000000000E+03    0.107125796128435E+01    0.241703161965840E+00
    0.433540000000000E+03    0.408128882836024E+01    0.242637068478217E+00
    0.433560000000000E+03    0.411099427170643E+01    0.242639274977693E+00
    0.439840000000000E+03    0.880072408615547E+00    0.244109436478811E+00
    0.439860000000000E+03    0.909836893707507E+00    0.244114889241520E+00
    0.446120000000000E+03    0.395024272689932E+01    0.245092346545276E+00
    0.446140000000000E+03    0.398004650992880E+01    0.245094956234322E+00
    0.452400000000000E+03    0.750809062545727E+00    0.246633292040480E+00
    0.452420000000000E+03    0.780674473476324E+00    0.246638588948525E+00
    0.458680000000000E+03    0.385232313425558E+01    0.247576556206934E+00
    0.458700000000000E+03    0.388222625671153E+01    0.247579225830145E+00
    0.464960000000000E+03    0.684187171171061E+00    0.249117175021130E+00
    0.464980000000000E+03    0.714151963409222E+00    0.249122325027287E+00
    0.471240000000000E+03    0.381664122032589E+01    0.250029214036257E+00
    0.471260000000000E+03    0.384664242907013E+01    0.250031875438744E+00
    0.477540000000000E+03    0.709359846808297E+00    0.251574017455884E+00
    0.477560000000000E+03    0.739422986161003E+00    0.251579171695074E+00
    0.483820000000000E+03    0.387275948044226E+01    0.252497345802681E+00
    0.483840000000000E+03    0.390285940131594E+01    0.252500017544507E+00
    0.490100000000000E+03    0.766420414939489E+00    0.254048518662264E+00
    0.490120000000000E+03    0.796582449427547E+00    0.254053850199837E+00
    0.496380000000000E+03    0.396124598568349E+01    0.255011609649242E+00
    0.496400000000000E+03    0.399144655002408E+01    0.255014183773779E+00
    0.502660000000000E+03    0.886226436300603E+00    0.256533322315491E+00
    0.502680000000000E+03    0.916487868510558E+00    0.256538779948643E+00
    0.508940000000000E+03    0.411243863279856E+01    0.257491217068324E+00
    0.508960000000000E+03    0.414273834739924E+01    0.257493314610029E+00
    0.515240000000000E+03    0.109770951011092E+01    0.258836607752196E+00
    0.515260000000000E+03    0.112806306675520E+01    0.258841718247347E+00
    0.521520000000000E+03    0.435207375923699E+01    0.259625216201812E+00
    0.521540000000000E+03    0.438245876371116E+01    0.259626145367594E+00
    0.527800000000000E+03    0.133093735374950E+01    0.260512459819150E+00
    0.527820000000000E+03    0.136135796393182E+01    0.260516363439103E+00
    0.534080000000000E+03    0.460409397109993E+01    0.260897079913936E+00
    0.534100000000000E+03    0.463452986713628E+01    0.260896062576290E+00
    0.540360000000000E+03    0.159433790640082E+01    0.261058338394046E+00
    0.540380000000000E+03    0.162478002704097E+01    0.261060214427455E+00
    0.546640000000000E+03    0.487077664064066E+01    0.260876048674354E+00
    0.546660000000000E+03    0.490121157887199E+01    0.260872844187341E+00
    0.552940000000000E+03    0.188624980312102E+01    0.260252354800483E+00
    0.552960000000000E+03    0.191665981039182E+01    0.260252135427150E+00
    0.559220000000000E+03    0.514938026776451E+01    0.259585047132020E+00
    0.559240000000000E+03    0.517976360687828E+01    0.259580265724040E+00
    0.565500000000000E+03    0.211459836058737E+01    0.258391980360219E+00
    0.565520000000000E+03    0.214493369599825E+01    0.258390253006688E+00
    0.571780000000000E+03    0.535234026294870E+01    0.257462949040602E+00
    0.571800000000000E+03    0.538263869054151E+01    0.257457511807239E+00
    0.578060000000000E+03    0.228925299681418E+01    0.255990981133473E+00
    0.578080000000000E+03    0.231949256334531E+01    0.255988570906627E+00
    0.584340000000000E+03    0.549637849108296E+01    0.255016606833129E+00
    0.584360000000000E+03    0.552657908066624E+01    0.255011175352837E+00
    0.590620000000000E+03    0.240218220861425E+01    0.253469288531847E+00
    0.590640000000000E+03    0.243232085808381E+01    0.253466675060394E+00
    0.596920000000000E+03    0.560781276074226E+01    0.252524138933019E+00
    0.596940000000000E+03    0.563791370421734E+01    0.252518883067516E+00
    0.603200000000000E+03    0.248240866529943E+01    0.250984155291913E+00
    0.603220000000000E+03    0.251244778716898E+01    0.250981522488619E+00
    0.609480000000000E+03    0.562677121124545E+01    0.250065362877678E+00
    0.609500000000000E+03    0.565677374916572E+01    0.250060195503721E+00
    0.615760000000000E+03    0.247057341223376E+01    0.248530129376018E+00
    0.615780000000000E+03    0.250051456045912E+01    0.248527488488513E+00
    0.622040000000000E+03    0.558412652879849E+01    0.247599957614653E+00
    0.622060000000000E+03    0.561403044459280E+01    0.247594697546991E+00
    0.628320000000000E+03    0.239687040523188E+01    0.246058905546662E+00
    0.628340000000000E+03    0.242671270818073E+01    0.246056284541325E+00
    0.634620000000000E+03    0.550901077221738E+01    0.245079701866116E+00
    0.634640000000000E+03    0.553881391644347E+01    0.245074239261775E+00
    0.640900000000000E+03    0.229012807317997E+01    0.243571532135468E+00
    0.640920000000000E+03    0.231987077230440E+01    0.243569144452191E+00
    0.647180000000000E+03    0.534128982397169E+01    0.242594083885518E+00
    0.647200000000000E+03    0.537099352489258E+01    0.242588675179112E+00
    0.653460000000000E+03    0.209203723790267E+01    0.241261240291174E+00
    0.653480000000000E+03    0.212168761336909E+01    0.241259597351604E+00
    0.659740000000000E+03    0.511522288079732E+01    0.240442124640039E+00
    0.659760000000000E+03    0.514484049020939E+01    0.240437433096311E+00
    0.666020000000000E+03    0.184137926216613E+01    0.239547077295126E+00
    0.666040000000000E+03    0.187096112510119E+01    0.239546977259710E+00
    0.672320000000000E+03    0.487514102959915E+01    0.239129086157718E+00
    0.672340000000000E+03    0.490470613162290E+01    0.239126038368165E+00
    0.678600000000000E+03    0.158909635592113E+01    0.238947853610531E+00
    0.678620000000000E+03    0.161865432841591E+01    0.238949902609639E+00
    0.684880000000000E+03    0.458934080649556E+01    0.239101327366512E+00
    0.684900000000000E+03    0.461890484261539E+01    0.239100475642198E+00
    0.691160000000000E+03    0.130786810354948E+01    0.239694817438869E+00
    0.691180000000000E+03    0.133745590654507E+01    0.239698840072719E+00
    0.697440000000000E+03    0.432066999248377E+01    0.240352883572636E+00
    0.697460000000000E+03    0.435028419157743E+01    0.240353934414985E+00
    0.703720000000000E+03    0.105883785274409E+01    0.241523047054007E+00
    0.703740000000000E+03    0.108849883544212E+01    0.241528211146113E+00
    0.710000000000000E+03    0.409625874541371E+01    0.242450231487341E+00
    0.710020000000000E+03    0.412595681303037E+01    0.242452381026118E+00
    0.716300000000000E+03    0.892624124471695E+00    0.243911194363571E+00
    0.716320000000000E+03    0.922380673460339E+00    0.243916647309159E+00
    0.722580000000000E+03    0.396030246690748E+01    0.244893908743149E+00
    0.722600000000000E+03    0.399009827588975E+01    0.244896492301851E+00
    0.728860000000000E+03    0.758358172118278E+00    0.246433655882719E+00
    0.728880000000000E+03    0.788215652679128E+00    0.246438978686029E+00
    0.735140000000000E+03    0.385740910529103E+01    0.247381687072434E+00
    0.735160000000000E+03    0.388730430892542E+01    0.247384356850888E+00
    0.741420000000000E+03    0.686781027718325E+00    0.248921271077179E+00
    0.741440000000000E+03    0.716737979428217E+00    0.248926432547952E+00
    0.747700000000000E+03    0.381680513361198E+01    0.249835988617109E+00
    0.747720000000000E+03    0.384679866778288E+01    0.249838662978320E+00
    0.754000000000000E+03    0.707090610012756E+00    0.251380123800408E+00
    0.754020000000000E+03    0.737145903675355E+00    0.251385266192261E+00
    0.760280000000000E+03    0.386801727715238E+01    0.252300737217815E+00
    0.760300000000000E+03    0.389810937019070E+01    0.252303411859848E+00
    0.766560000000000E+03    0.759238325000752E+00    0.253853076190208E+00
    0.766580000000000E+03    0.789392554085453E+00    0.253858396837549E+00
    0.772840000000000E+03    0.395156674263376E+01    0.254812716643912E+00
    0.772860000000000E+03    0.398175928593650E+01    0.254815296183261E+00
    0.779120000000000E+03    0.874080169605350E+00    0.256339965677225E+00
    0.779140000000000E+03    0.904333954787944E+00    0.256345426532841E+00
    0.785400000000000E+03    0.409789426733232E+01    0.257302973186244E+00
    0.785420000000000E+03    0.412818643528340E+01    0.257305123774372E+00
    0.791700000000000E+03    0.108090876253368E+01    0.258668933589413E+00
    0.791720000000000E+03    0.111125555820718E+01    0.258674087165495E+00
    0.797980000000000E+03    0.433328431805080E+01    0.259479062445268E+00
    0.798000000000000E+03    0.436366355553901E+01    0.259480117005889E+00
    0.804260000000000E+03    0.131061641281394E+01    0.260412598809844E+00
    0.804280000000000E+03    0.134103298521995E+01    0.260416628445234E+00
    0.810540000000000E+03    0.458272723741538E+01    0.260835774935388E+00
    0.810560000000000E+03    0.461316068088354E+01    0.260834927756845E+00
    0.816820000000000E+03    0.157264512785173E+01    0.261058157247398E+00
    0.816840000000000E+03    0.160308748754437E+01    0.261060213723425E+00
    0.823100000000000E+03    0.484944304997703E+01    0.260924946189407E+00
    0.823120000000000E+03    0.487987997716277E+01    0.260921905990964E+00
    0.829400000000000E+03    0.186590131831554E+01    0.260355494978603E+00
    0.829420000000000E+03    0.189631550718900E+01    0.260355401749095E+00
    0.835680000000000E+03    0.513054772630858E+01    0.259718220642577E+00
    0.835700000000000E+03    0.516093647675211E+01    0.259713526539335E+00
    0.841960000000000E+03    0.209767203240699E+01    0.258557670663280E+00
    0.841980000000000E+03    0.212801409758868E+01    0.258556030699148E+00
    0.848240000000000E+03    0.533762764696098E+01    0.257641631680826E+00
    0.848260000000000E+03    0.536793321973732E+01    0.257636218941339E+00
    0.854520000000000E+03    0.227686552687146E+01    0.256181582663198E+00
    0.854540000000000E+03    0.230711273478528E+01    0.256179191820424E+00
    0.860800000000000E+03    0.548639735335587E+01    0.255206581924940E+00
    0.860820000000000E+03    0.551660553379975E+01    0.255201137394749E+00
    0.867080000000000E+03    0.239459242429211E+01    0.253660985114875E+00
    0.867100000000000E+03    0.242473877599105E+01    0.253658375383574E+00
    0.873380000000000E+03    0.560262363001539E+01    0.252712314452515E+00
    0.873400000000000E+03    0.563273210445027E+01    0.252707042530555E+00
    0.879660000000000E+03    0.247957679305523E+01    0.251170113111178E+00
    0.879680000000000E+03    0.250962343410765E+01    0.251167476027559E+00
    0.885940000000000E+03    0.562630040019621E+01    0.250252971544066E+00
    0.885960000000000E+03    0.565631042651421E+01    0.250247808419212E+00
    0.892220000000000E+03    0.247246065007153E+01    0.248717131772671E+00
    0.892240000000000E+03    0.250240927570485E+01    0.248714491404642E+00
    0.898500000000000E+03    0.558837906746612E+01    0.247789241700898E+00
    0.898520000000000E+03    0.561829058812464E+01    0.247783996773178E+00
    0.904780000000000E+03    0.240352393031048E+01    0.246248738287582E+00
    0.904800000000000E+03    0.243337376591330E+01    0.246246115001658E+00
    0.911080000000000E+03    0.551804038499290E+01    0.245271436231928E+00
    0.911100000000000E+03    0.554785113546791E+01    0.245265992880028E+00
    0.917360000000000E+03    0.230155083636737E+01    0.243758427836946E+00
    0.917380000000000E+03    0.233130104617271E+01    0.243756010266855E+00
    0.923640000000000E+03    0.535501071137605E+01    0.242775690180912E+00
    0.923660000000000E+03    0.538472166133351E+01    0.242770256502740E+00
    0.929920000000000E+03    0.210792844408411E+01    0.241421573773418E+00
    0.929940000000000E+03    0.213758526086031E+01    0.241419850430118E+00
    0.936200000000000E+03    0.513301260253866E+01    0.240583172626323E+00
    0.936220000000000E+03    0.516263585145930E+01    0.240578391529814E+00
    0.942480000000000E+03    0.186068784433883E+01    0.239644652919637E+00
    0.942500000000000E+03    0.189027362888328E+01    0.239644410321628E+00
    0.948780000000000E+03    0.489544889530521E+01    0.239188707655110E+00
    0.948800000000000E+03    0.492501638845852E+01    0.239185511739340E+00
    0.955060000000000E+03    0.160977025186480E+01    0.238947477728972E+00
    0.955080000000000E+03    0.163932818453736E+01    0.238949357527911E+00
    0.961340000000000E+03    0.460975191731222E+01    0.239057270541812E+00
    0.961360000000000E+03    0.463931436294069E+01    0.239056260195199E+00
    0.967620000000000E+03    0.132741452317100E+01    0.239597278957134E+00
    0.967640000000000E+03    0.135699849124444E+01    0.239601179604628E+00
    0.973900000000000E+03    0.433878831697120E+01    0.240224455357566E+00
    0.973920000000000E+03    0.436839729269059E+01    0.240225378649732E+00
    0.980180000000000E+03    0.107510566114684E+01    0.241361181138754E+00
    0.980200000000000E+03    0.110476023987394E+01    0.241366298137089E+00
    0.986480000000000E+03    0.414012988272498E+01    0.242279571191011E+00
    0.986500000000000E+03    0.416982101535677E+01    0.242281679096049E+00
    0.992760000000000E+03    0.904473735964757E+00    0.243723941515042E+00
    0.992780000000000E+03    0.934222675385627E+00    0.243729376399794E+00
    0.999040000000000E+03    0.396981403709174E+01    0.244707969978026E+00
    0.999060000000000E+03    0.399960240999917E+01    0.244710536642251E+00
    0.100532000000000E+04    0.765501384937579E+00    0.246244604855485E+00
    0.100534000000000E+04    0.795351309169519E+00    0.246249941050271E+00
    0.101160000000000E+04    0.386222101914996E+01    0.247196851541316E+00
    0.101162000000000E+04    0.389210894971188E+01    0.247199514055777E+00
    0.101788000000000E+04    0.689295132673124E+00    0.248737401881451E+00
    0.101790000000000E+04    0.719244690077630E+00    0.248742556985156E+00
    0.102416000000000E+04    0.381700765328333E+01    0.249653125081672E+00
    0.102418000000000E+04    0.384699383237626E+01    0.249655784282091E+00
    0.103046000000000E+04    0.704972565067465E+00    0.251196370322385E+00
    0.103048000000000E+04    0.735020464185936E+00    0.251201497268516E+00
    0.103674000000000E+04    0.386357035468222E+01    0.252113995104891E+00
    0.103676000000000E+04    0.389365498554139E+01    0.252116669017742E+00
    0.104302000000000E+04    0.752455889918110E+00    0.253666952859555E+00
    0.104304000000000E+04    0.782602683629875E+00    0.253672259630292E+00
    0.104930000000000E+04    0.394242438613264E+01    0.254624660016917E+00
    0.104932000000000E+04    0.397260934938708E+01    0.254627253433845E+00
    0.105558000000000E+04    0.862594746612785E+00    0.256156520294235E+00
    0.105560000000000E+04    0.892841166092239E+00    0.256161979508061E+00
    0.106186000000000E+04    0.408412513528697E+01    0.257122527916878E+00
    0.106188000000000E+04    0.411441028342711E+01    0.257124749028952E+00
    0.106816000000000E+04    0.106504056659332E+01    0.258510939809643E+00
    0.106818000000000E+04    0.109538109111713E+01    0.258516148480468E+00
    0.107444000000000E+04    0.431551366158033E+01    0.259339272520239E+00
    0.107446000000000E+04    0.434588726015909E+01    0.259340433247548E+00
    0.108072000000000E+04    0.129134309785491E+01    0.260314553474959E+00
    0.108074000000000E+04    0.132175575025235E+01    0.260318700551710E+00
    0.108700000000000E+04    0.456243193487444E+01    0.260773809516672E+00
    0.108702000000000E+04    0.459286285418102E+01    0.260773117772341E+00
    0.109328000000000E+04    0.155192247951868E+01    0.261054090104088E+00
    0.109330000000000E+04    0.158236469067742E+01    0.261056306881296E+00
    0.109956000000000E+04    0.482895961135932E+01    0.260964051644746E+00
    0.109958000000000E+04    0.485939816853602E+01    0.260961164465229E+00
    0.110586000000000E+04    0.184623042436920E+01    0.260449898799392E+00
    0.110588000000000E+04    0.187664821957765E+01    0.260449946642183E+00
    0.111214000000000E+04    0.511219623465672E+01    0.259839281231121E+00
    0.111216000000000E+04    0.514258974764107E+01    0.259834675747072E+00
    0.111842000000000E+04    0.208109414997875E+01    0.258711911757383E+00
    0.111844000000000E+04    0.211144259192474E+01    0.258710360806052E+00
    0.112470000000000E+04    0.532316608642100E+01    0.257812962272597E+00
    0.112472000000000E+04    0.535347851671918E+01    0.257807573390324E+00
    0.113098000000000E+04    0.226463466002838E+01    0.256366148058562E+00
    0.113100000000000E+04    0.229488923403460E+01    0.256363789609177E+00
    0.113726000000000E+04    0.547650827499274E+01    0.255391016821203E+00
    0.113728000000000E+04    0.550672384875043E+01    0.255385552240235E+00
    0.114354000000000E+04    0.238702032658944E+01    0.253846706430741E+00
    0.114356000000000E+04    0.241717403963571E+01    0.253844093108345E+00
    0.114984000000000E+04    0.559738408323369E+01    0.252893704538369E+00
    0.114986000000000E+04    0.562749987160282E+01    0.252888421692590E+00
    0.115612000000000E+04    0.247667298055808E+01    0.251353014912714E+00
    0.115614000000000E+04    0.250672701508779E+01    0.251350386149230E+00
    0.116240000000000E+04    0.562572392882180E+01    0.250435600934621E+00
    0.116242000000000E+04    0.565574125463354E+01    0.250430437432383E+00
    0.116868000000000E+04    0.247417511762137E+01    0.248899663377359E+00
    0.116870000000000E+04    0.250413103209326E+01    0.248897026086315E+00
    0.117496000000000E+04    0.559239134169070E+01    0.247974126761580E+00
    0.117498000000000E+04    0.562231022774404E+01    0.247968895738842E+00
    0.118124000000000E+04    0.240984656916044E+01    0.246432913237537E+00
    0.118126000000000E+04    0.243970377256164E+01    0.246430293752151E+00
    0.118754000000000E+04    0.552672766572050E+01    0.245460490757421E+00
    0.118756000000000E+04    0.555654606954772E+01    0.245455058413515E+00
    0.119382000000000E+04    0.231258515905188E+01    0.243943277179785E+00
    0.119384000000000E+04    0.234234266076055E+01    0.243940832072417E+00
    0.120010000000000E+04    0.536830142714075E+01    0.242955324095531E+00
    0.120012000000000E+04    0.539801955302096E+01    0.242949870913551E+00
    0.120638000000000E+04    0.212337188903552E+01    0.241581747137682E+00
    0.120640000000000E+04    0.215303511887532E+01    0.241579946015033E+00
    0.121266000000000E+04    0.515035327648707E+01    0.240725339857898E+00
    0.121268000000000E+04    0.517998220273512E+01    0.240720478922771E+00
    0.121894000000000E+04    0.187957212958145E+01    0.239745229991870E+00
    0.121896000000000E+04    0.190916192871009E+01    0.239744847661792E+00
    0.122524000000000E+04    0.491537229526625E+01    0.239252480574195E+00
    0.122526000000000E+04    0.494494235676802E+01    0.239249139276907E+00
    0.123152000000000E+04    0.163013220830089E+01    0.238952978603052E+00
    0.123154000000000E+04    0.165969027545975E+01    0.238954693841489E+00
    0.123780000000000E+04    0.462991920947206E+01    0.239017887344072E+00
    0.123782000000000E+04    0.465948011695400E+01    0.239016711896210E+00
    0.124408000000000E+04    0.134677963312561E+01    0.239507623921681E+00
    0.124410000000000E+04    0.137636003741204E+01    0.239511401613922E+00
    0.125036000000000E+04    0.435683545087181E+01    0.240101248787521E+00
    0.125038000000000E+04    0.438643950512210E+01    0.240102052703735E+00
    0.125664000000000E+04    0.109136299384659E+01    0.241203047779572E+00
    0.125666000000000E+04    0.112101129796156E+01    0.241208102785299E+00
    0.126294000000000E+04    0.415436669520977E+01    0.242108644525125E+00
    0.126296000000000E+04    0.418405134089448E+01    0.242110711698296E+00
    0.126922000000000E+04    0.916524088579308E+00    0.243541014652268E+00
    0.126924000000000E+04    0.946265837577585E+00    0.243546464064526E+00
    0.127550000000000E+04    0.397957490792396E+01    0.244525209908475E+00
    0.127552000000000E+04    0.400935588445054E+01    0.244527758072904E+00
    0.128178000000000E+04    0.772916662108855E+00    0.246059530644948E+00
    0.128180000000000E+04    0.802759169143656E+00    0.246064882962993E+00
    0.128806000000000E+04    0.386733600647767E+01    0.247015258628915E+00
    0.128808000000000E+04    0.389721666855303E+01    0.247017920041952E+00
    0.129434000000000E+04    0.692125256947520E+00    0.248556163515682E+00
    0.129436000000000E+04    0.722067580573821E+00    0.248561332500654E+00
    0.130062000000000E+04    0.381758020303073E+01    0.249473830433675E+00
    0.130064000000000E+04    0.384755918291467E+01    0.249476491849880E+00
    0.130692000000000E+04    0.703273557051261E+00    0.251016676468810E+00
    0.130694000000000E+04    0.733314219370413E+00    0.251021790661252E+00
    0.131320000000000E+04    0.385959681637564E+01    0.251932068592398E+00
    0.131322000000000E+04    0.388967417530603E+01    0.251934742797577E+00
    0.131948000000000E+04    0.746199299977889E+00    0.253484950840036E+00
    0.131950000000000E+04    0.776338812935137E+00    0.253490243645353E+00
    0.132576000000000E+04    0.393385463859954E+01    0.254440102645356E+00
    0.132578000000000E+04    0.396403220755883E+01    0.254442707941458E+00
    0.133204000000000E+04    0.851734639331880E+00    0.255976049715992E+00
    0.133206000000000E+04    0.881973827476713E+00    0.255981507402624E+00
    0.133832000000000E+04    0.407099476986309E+01    0.256944666655670E+00
    0.133834000000000E+04    0.410127279207131E+01    0.256946932353087E+00
    0.134462000000000E+04    0.104978769808599E+01    0.258351216697950E+00
    0.134464000000000E+04    0.108012183730784E+01    0.258356466204422E+00
    0.135090000000000E+04    0.429834050304589E+01    0.259196615757169E+00
    0.135092000000000E+04    0.432870839789052E+01    0.259197879635605E+00
    0.135718000000000E+04    0.127262761629640E+01    0.260211662017333E+00
    0.135720000000000E+04    0.130303615995331E+01    0.260215918797734E+00
    0.136346000000000E+04    0.454262792386976E+01    0.260705706158326E+00
    0.136348000000000E+04    0.457305611497600E+01    0.260705168780171E+00
    0.136974000000000E+04    0.153161659620491E+01    0.261042755811704E+00
    0.136976000000000E+04    0.156205834732145E+01    0.261045130292873E+00
    0.137602000000000E+04    0.480877834471084E+01    0.260994529780957E+00
    0.137604000000000E+04    0.483921816382963E+01    0.260991796275896E+00
    0.138232000000000E+04    0.182680136918725E+01    0.260533951474762E+00
    0.138234000000000E+04    0.185722263433263E+01    0.260534146535284E+00
    0.138860000000000E+04    0.509408326159155E+01    0.259956593812614E+00
    0.138862000000000E+04    0.512448149296688E+01    0.259952086656103E+00
    0.139488000000000E+04    0.206468244277858E+01    0.258864034055286E+00
    0.139490000000000E+04    0.209503696698721E+01    0.258862570934399E+00
    0.140116000000000E+04    0.530876754739666E+01    0.257977770781655E+00
    0.140118000000000E+04    0.533908658869450E+01    0.257972411880149E+00
    0.140744000000000E+04    0.225239680495133E+01    0.256545162090784E+00
    0.140746000000000E+04    0.228265854854317E+01    0.256542845350479E+00
    0.141372000000000E+04    0.546653319949974E+01    0.255570124579824E+00
    0.141374000000000E+04    0.549675590605420E+01    0.255564662645902E+00
    0.142000000000000E+04    0.237930748867575E+01    0.254028464166458E+00
    0.142002000000000E+04    0.240946850963519E+01    0.254025864488734E+00
    0.142630000000000E+04    0.559194791867685E+01    0.253073640283554E+00
    0.142632000000000E+04    0.562207085325053E+01    0.253068345014426E+00
    0.143258000000000E+04    0.247344011554605E+01    0.251529538253583E+00
    0.143260000000000E+04    0.250350119621817E+01    0.251526901926198E+00
    0.143886000000000E+04    0.562469285001134E+01    0.250610695842939E+00
    0.143888000000000E+04    0.565471723020937E+01    0.250605525156535E+00
    0.144514000000000E+04    0.247535723764804E+01    0.249075634452571E+00
    0.144516000000000E+04    0.250532019623279E+01    0.249072996688475E+00
    0.145142000000000E+04    0.559579020549563E+01    0.248152386634775E+00
    0.145144000000000E+04    0.562571622593487E+01    0.248147158561429E+00
    0.145770000000000E+04    0.241550475963595E+01    0.246611877845315E+00
    0.145772000000000E+04    0.244536916026300E+01    0.246609243787756E+00
    0.146400000000000E+04    0.553464602018994E+01    0.245641756197944E+00
    0.146402000000000E+04    0.556447158376614E+01    0.245636336410092E+00
    0.147028000000000E+04    0.232278184278675E+01    0.244119028521304E+00
    0.147030000000000E+04    0.235254648640785E+01    0.244116567509569E+00
    0.147656000000000E+04    0.538076744131695E+01    0.243133271607751E+00
    0.147658000000000E+04    0.541049277377942E+01    0.243127811947975E+00
    0.148284000000000E+04    0.213798795769480E+01    0.241741860850416E+00
    0.148286000000000E+04    0.216765755031429E+01    0.241739987900775E+00
    0.148912000000000E+04    0.516686529676508E+01    0.240868288582681E+00
    0.148914000000000E+04    0.519649996915996E+01    0.240863361392915E+00
    0.149540000000000E+04    0.189767134116528E+01    0.239850036130646E+00
    0.149542000000000E+04    0.192726531436210E+01    0.239849522898170E+00
    0.150170000000000E+04    0.493456153951502E+01    0.239322145815868E+00
    0.150172000000000E+04    0.496413437816091E+01    0.239318663117635E+00
    0.150798000000000E+04    0.164988143631126E+01    0.238967933637746E+00
    0.150800000000000E+04    0.167944018515755E+01    0.238969490898993E+00
    0.151426000000000E+04    0.464955514073517E+01    0.238991523425493E+00
    0.151428000000000E+04    0.467911475217261E+01    0.238990178007379E+00
    0.152054000000000E+04    0.136565810105276E+01    0.239422548478938E+00
    0.152056000000000E+04    0.139523509185119E+01    0.239426192820962E+00
    0.152682000000000E+04    0.437445996508040E+01    0.239986360315281E+00
    0.152684000000000E+04    0.440405943841915E+01    0.239987043852003E+00
    0.153310000000000E+04    0.110729496785279E+01    0.241053067620842E+00
    0.153312000000000E+04    0.113693712260601E+01    0.241058056930704E+00
    0.153940000000000E+04    0.416827254473083E+01    0.241944515374749E+00
    0.153942000000000E+04    0.419795041423640E+01    0.241946504660863E+00
    0.154568000000000E+04    0.928242484498696E+00    0.243361981587802E+00
    0.154570000000000E+04    0.957977062150803E+00    0.243367422101812E+00
    0.155196000000000E+04    0.398905005919460E+01    0.244344880126720E+00
    0.155198000000000E+04    0.401882392212110E+01    0.244347412051601E+00
    0.155824000000000E+04    0.780128475580113E+00    0.245877412148509E+00
    0.155826000000000E+04    0.809963677599171E+00    0.245882778898664E+00
    0.156452000000000E+04    0.387227110828417E+01    0.246835225332538E+00
    0.156454000000000E+04    0.390214455457362E+01    0.246837884719060E+00
    0.157080000000000E+04    0.694808826882308E+00    0.248377398109416E+00
    0.157082000000000E+04    0.724744109124003E+00    0.248382584421710E+00
    0.157708000000000E+04    0.381805501108056E+01    0.249296909699509E+00
    0.157710000000000E+04    0.384802692167159E+01    0.249299572377547E+00
    0.158338000000000E+04    0.701527768452706E+00    0.250839046518648E+00
    0.158340000000000E+04    0.731561432726267E+00    0.250844180153526E+00
    0.158966000000000E+04    0.385562987926460E+01    0.251755067275547E+00
    0.158968000000000E+04    0.388570017342590E+01    0.251757751733434E+00
    0.159594000000000E+04    0.739996741934192E+00    0.253304731292587E+00
    0.159596000000000E+04    0.770129025005645E+00    0.253310004362584E+00
    0.160222000000000E+04    0.392536192473290E+01    0.254256476386682E+00
    0.160224000000000E+04    0.395553224955529E+01    0.254259094921905E+00
    0.160850000000000E+04    0.840999168141025E+00    0.255796985986424E+00
    0.160852000000000E+04    0.871231154254474E+00    0.255802438367849E+00
    0.161478000000000E+04    0.405796452740651E+01    0.256767257230856E+00
    0.161480000000000E+04    0.408823523878937E+01    0.256769546159993E+00
    0.162108000000000E+04    0.103459511038454E+01    0.258188743710065E+00
    0.162110000000000E+04    0.106492283625084E+01    0.258194030084691E+00
    0.162736000000000E+04    0.428121921835918E+01    0.259051182085566E+00
    0.162738000000000E+04    0.431158129625965E+01    0.259052545290966E+00
    0.163364000000000E+04    0.125390635166968E+01    0.260104086557629E+00
    0.163366000000000E+04    0.128431052893347E+01    0.260108440869823E+00
    0.163992000000000E+04    0.452275519369141E+01    0.260632338340561E+00
    0.163994000000000E+04    0.455318052821985E+01    0.260631959833997E+00
    0.164620000000000E+04    0.151119672816958E+01    0.261026522006587E+00
    0.164622000000000E+04    0.154163782231035E+01    0.261029054042069E+00
    0.165248000000000E+04    0.478839488124504E+01    0.261019567901073E+00
    0.165250000000000E+04    0.481883563959263E+01    0.261016990510453E+00
    0.165878000000000E+04    0.180710650655783E+01    0.260615733532324E+00
    0.165880000000000E+04    0.183753114136516E+01    0.260616084118709E+00
    0.166506000000000E+04    0.507564907158485E+01    0.260071538026474E+00
    0.166508000000000E+04    0.510605185446502E+01    0.260067129467868E+00
    0.167134000000000E+04    0.204788978733950E+01    0.259014215806872E+00
    0.167136000000000E+04    0.207825030503454E+01    0.259012850134191E+00
    0.167762000000000E+04    0.529398684073612E+01    0.258142753766056E+00
    0.167764000000000E+04    0.532431256612290E+01    0.258137430201408E+00
    0.168390000000000E+04    0.223977194904683E+01    0.256724698711682E+00
    0.168392000000000E+04    0.227004083570046E+01    0.256722413852287E+00
    0.169018000000000E+04    0.545617089362304E+01    0.255750453326495E+00
    0.169020000000000E+04    0.548640085891475E+01    0.255744980447510E+00
    0.169648000000000E+04    0.240141451600130E+01    0.254210223073932E+00
    0.169650000000000E+04    0.243158286077005E+01    0.254207640390736E+00
    0.170276000000000E+04    0.558618510842189E+01    0.253254358664032E+00
    0.170278000000000E+04    0.561631521003801E+01    0.253249043167681E+00
    0.170904000000000E+04    0.246993663577223E+01    0.251709809199889E+00
    0.170906000000000E+04    0.250000495190670E+01    0.251707174255091E+00
    0.171532000000000E+04    0.562346426580689E+01    0.250790194741828E+00
    0.171534000000000E+04    0.565349578520909E+01    0.250785017037565E+00
    0.172160000000000E+04    0.247635840921112E+01    0.249253796196266E+00
    0.172162000000000E+04    0.250632843507537E+01    0.249251162836272E+00
    0.172788000000000E+04    0.559905136602583E+01    0.248333204021965E+00
    0.172790000000000E+04    0.562898467810510E+01    0.248327993205223E+00
    0.173416000000000E+04    0.242104985688047E+01    0.246792793449910E+00
    0.173418000000000E+04    0.245092147387277E+01    0.246790155212796E+00
    0.174046000000000E+04    0.554246898078190E+01    0.245825551253110E+00
    0.174048000000000E+04    0.557230194190879E+01    0.245820143023958E+00
    0.174674000000000E+04    0.233292550882243E+01    0.244300076178217E+00
    0.174676000000000E+04    0.236269744257334E+01    0.244297588007417E+00
    0.175302000000000E+04    0.539315177628077E+01    0.243312108301162E+00
    0.175304000000000E+04    0.542288417549980E+01    0.243306632388735E+00
    0.175930000000000E+04    0.215253506992076E+01    0.241904695435062E+00
    0.175932000000000E+04    0.218221120972657E+01    0.241902760110587E+00
    0.176558000000000E+04    0.518337150000843E+01    0.241016352678451E+00
    0.176560000000000E+04    0.521301207718989E+01    0.241011358833788E+00
    0.177186000000000E+04    0.191580187071850E+01    0.239959895396359E+00
    0.177188000000000E+04    0.194540023948684E+01    0.239959256976106E+00
    0.177816000000000E+04    0.495388524853706E+01    0.239398870717826E+00
    0.177818000000000E+04    0.498346125862872E+01    0.239395254125341E+00
    0.178444000000000E+04    0.166981977000069E+01    0.238988132558421E+00
    0.178446000000000E+04    0.169937925657905E+01    0.238989521701223E+00
    0.179072000000000E+04    0.466947331240817E+01    0.238968726891898E+00
    0.179074000000000E+04    0.469903207311063E+01    0.238967223209219E+00
    0.179700000000000E+04    0.138495036873701E+01    0.239344896594220E+00
    0.179702000000000E+04    0.141452421954727E+01    0.239348406284812E+00
    0.180328000000000E+04    0.439254024185539E+01    0.239874341311135E+00
    0.180330000000000E+04    0.442213524670433E+01    0.239874898514965E+00
    0.180956000000000E+04    0.112373533890513E+01    0.240905357648746E+00
    0.180958000000000E+04    0.115337164716630E+01    0.240910291068768E+00
    0.181586000000000E+04    0.418275292565932E+01    0.241781283065980E+00
    0.181588000000000E+04    0.421242419170994E+01    0.241783198469879E+00
    0.182214000000000E+04    0.940536725844140E+00    0.243182344303256E+00
    0.182216000000000E+04    0.970264201313512E+00    0.243187777720005E+00
    0.182842000000000E+04    0.399910900557825E+01    0.244164567664371E+00
    0.182844000000000E+04    0.402887563613103E+01    0.244167074756959E+00
    0.183470000000000E+04    0.787862195735670E+00    0.245691948628076E+00
    0.183472000000000E+04    0.817689965053887E+00    0.245697324297763E+00
    0.184098000000000E+04    0.387771901464384E+01    0.246654267796293E+00
    0.184100000000000E+04    0.390758527868411E+01    0.246656935573678E+00
    0.184726000000000E+04    0.697986600019249E+00    0.248196894734461E+00
    0.184728000000000E+04    0.727914569113182E+00    0.248202087739235E+00
    0.185354000000000E+04    0.381895973597830E+01    0.249117702811206E+00
    0.185356000000000E+04    0.384892450897041E+01    0.249120368283014E+00
    0.185984000000000E+04    0.700198817910405E+00    0.250661273925945E+00
    0.185986000000000E+04    0.730225373798021E+00    0.250666403293286E+00
    0.186612000000000E+04    0.385204243649241E+01    0.251574730316666E+00
    0.186614000000000E+04    0.388210546080882E+01    0.251577403055180E+00
    0.187240000000000E+04    0.734137682213714E+00    0.253123465911386E+00
    0.187242000000000E+04    0.764262815930579E+00    0.253128727902367E+00
    0.187868000000000E+04    0.391722506523638E+01    0.254073047121406E+00
    0.187870000000000E+04    0.394738803706969E+01    0.254075672005965E+00
    0.188496000000000E+04    0.830560535856421E+00    0.255614945334956E+00
    0.188498000000000E+04    0.860785215717897E+00    0.255620383641257E+00
    0.189124000000000E+04    0.404524330488903E+01    0.256587477721004E+00
    0.189126000000000E+04    0.407550689406253E+01    0.256589814830321E+00
    0.189754000000000E+04    0.101972227651049E+01    0.258024873741148E+00
    0.189756000000000E+04    0.105004336041748E+01    0.258030191537164E+00
    0.190382000000000E+04    0.426432750895174E+01    0.258900971694355E+00
    0.190384000000000E+04    0.429468359554266E+01    0.258902431492465E+00
    0.191010000000000E+04    0.123538092598892E+01    0.259992067972430E+00
    0.191012000000000E+04    0.126578069629431E+01    0.259996531016309E+00
    0.191638000000000E+04    0.450300969053069E+01    0.260552962791751E+00
    0.191640000000000E+04    0.453343177289889E+01    0.260552729896048E+00
    0.192266000000000E+04    0.149078261567593E+01    0.261002482471789E+00
    0.192268000000000E+04    0.152122275636748E+01    0.261005170565132E+00
    0.192894000000000E+04    0.476797105767218E+01    0.261038627744406E+00
    0.192896000000000E+04    0.479841267789243E+01    0.261036210018480E+00
    0.193524000000000E+04    0.178726826341290E+01    0.260690513571734E+00
    0.193526000000000E+04    0.181769582508923E+01    0.260691009749100E+00
    0.194152000000000E+04    0.505696884895451E+01    0.260179573256877E+00
    0.194154000000000E+04    0.508737598815196E+01    0.260175271441481E+00
    0.194780000000000E+04    0.203083189479230E+01    0.259161210530659E+00
    0.194782000000000E+04    0.206119829801901E+01    0.259159938939799E+00
    0.195408000000000E+04    0.527887573728231E+01    0.258304524502263E+00
    0.195410000000000E+04    0.530920783988540E+01    0.258299232890201E+00
    0.196036000000000E+04    0.222679886170181E+01    0.256903663708819E+00
    0.196038000000000E+04    0.225707495025654E+01    0.256901424428015E+00
    0.196664000000000E+04    0.544549228277674E+01    0.255932062042854E+00
    0.196666000000000E+04    0.547572947020626E+01    0.255926588280993E+00
    0.197294000000000E+04    0.239301361339813E+01    0.254394091400697E+00
    0.197296000000000E+04    0.242318924719802E+01    0.254391524351023E+00
    0.197922000000000E+04    0.558009813328681E+01    0.253435867180377E+00
    0.197924000000000E+04    0.561023555410839E+01    0.253430544324461E+00
    0.198550000000000E+04    0.246612394405611E+01    0.251890244045254E+00
    0.198552000000000E+04    0.249619946044913E+01    0.251887608005485E+00
    0.199178000000000E+04    0.562189339701854E+01    0.250968571096390E+00
    0.199180000000000E+04    0.565193208355458E+01    0.250963394054671E+00
    0.199806000000000E+04    0.247704490710112E+01    0.249432847828372E+00
    0.199808000000000E+04    0.250702214585999E+01    0.249430211627154E+00
    0.200434000000000E+04    0.560197780009867E+01    0.248513319583702E+00
    0.200436000000000E+04    0.563191825126523E+01    0.248508113284118E+00
    0.201062000000000E+04    0.242623906739254E+01    0.246973501528232E+00
    0.201064000000000E+04    0.245611793228727E+01    0.246970859764095E+00
    0.201692000000000E+04    0.554996573044400E+01    0.246010354336809E+00
    0.201694000000000E+04    0.557980604968816E+01    0.246004957120503E+00
    0.202320000000000E+04    0.234271476007461E+01    0.244480734874316E+00
    0.202322000000000E+04    0.237249385284395E+01    0.244478230212154E+00
    0.202948000000000E+04    0.540521590059370E+01    0.243492616176820E+00
    0.202950000000000E+04    0.543495560160773E+01    0.243487139855243E+00
    0.203576000000000E+04    0.216680306187027E+01    0.242070150227111E+00
    0.203578000000000E+04    0.219648578688793E+01    0.242068148411996E+00
    0.204204000000000E+04    0.519961133075867E+01    0.241166997275308E+00
    0.204206000000000E+04    0.522925794702905E+01    0.241161937893544E+00
    0.204832000000000E+04    0.193375301464903E+01    0.240075540358187E+00
    0.204834000000000E+04    0.196335600654857E+01    0.240074778350566E+00
    0.205462000000000E+04    0.497306705823712E+01    0.239481097347619E+00
    0.205464000000000E+04    0.500264623182966E+01    0.239477343968573E+00
    0.206090000000000E+04    0.168970358892011E+01    0.239015962232693E+00
    0.206092000000000E+04    0.171926426479149E+01    0.239017195461223E+00
    0.206718000000000E+04    0.468945107868240E+01    0.238954257098817E+00
    0.206720000000000E+04    0.471900921387669E+01    0.238952588389098E+00
    0.207346000000000E+04    0.140435269142608E+01    0.239273233200977E+00
    0.207348000000000E+04    0.143392367383603E+01    0.239276605577058E+00
    0.207974000000000E+04    0.441086362748729E+01    0.239767683152067E+00
    0.207976000000000E+04    0.444045456037475E+01    0.239768118396761E+00
    0.208602000000000E+04    0.114049510219911E+01    0.240762308622153E+00
    0.208604000000000E+04    0.117012567797110E+01    0.240767170011873E+00
    0.209232000000000E+04    0.419760626501647E+01    0.241621738237661E+00
    0.209234000000000E+04    0.422727117379281E+01    0.241623584360734E+00
    0.209860000000000E+04    0.953260451767164E+00    0.243005475190248E+00
    0.209862000000000E+04    0.982980775956094E+00    0.243010897354940E+00
    0.210488000000000E+04    0.400957817695598E+01    0.243984645856664E+00
    0.210490000000000E+04    0.403933758632138E+01    0.243987127845998E+00
    0.211116000000000E+04    0.796041208180213E+00    0.245508766014349E+00
    0.211118000000000E+04    0.825861754522066E+00    0.245514157985681E+00
    0.211744000000000E+04    0.388364346827666E+01    0.246474642561538E+00
    0.211746000000000E+04    0.391350250726009E+01    0.246477294761244E+00
    0.212372000000000E+04    0.701633491483335E+00    0.248016677748734E+00
    0.212374000000000E+04    0.731554248679458E+00    0.248021882182532E+00
    0.213000000000000E+04    0.382036974540142E+01    0.248940416585201E+00
    0.213002000000000E+04    0.385032744669479E+01    0.248943088701423E+00
    0.213630000000000E+04    0.699367601312133E+00    0.250483222246897E+00
    0.213632000000000E+04    0.729387020721333E+00    0.250488344807274E+00
    0.214258000000000E+04    0.384896826470776E+01    0.251395734706513E+00
    0.214260000000000E+04    0.387902415076087E+01    0.251398409181068E+00
    0.214886000000000E+04    0.728825466426770E+00    0.252944296725774E+00
    0.214888000000000E+04    0.758943347792865E+00    0.252949547339940E+00
    0.215514000000000E+04    0.390960795679121E+01    0.253890042453821E+00
    0.215516000000000E+04    0.393976356799931E+01    0.253892674743581E+00
    0.216142000000000E+04    0.820669179156539E+00    0.255434987125460E+00
    0.216144000000000E+04    0.850886779971006E+00    0.255440420570112E+00
    0.216770000000000E+04    0.403311205552700E+01    0.256408924967582E+00
    0.216772000000000E+04    0.406336855847849E+01    0.256411303952360E+00
    0.217400000000000E+04    0.100543272944606E+01    0.257859853778402E+00
    0.217402000000000E+04    0.103574723272368E+01    0.257865202143728E+00
    0.218028000000000E+04    0.424803070358621E+01    0.258749978168641E+00
    0.218030000000000E+04    0.427838071107317E+01    0.258751524862835E+00
    0.218656000000000E+04    0.121739111009538E+01    0.259874860223925E+00
    0.218658000000000E+04    0.124778622325130E+01    0.259879416816216E+00
    0.219284000000000E+04    0.448373714872241E+01    0.260467474761757E+00
    0.219286000000000E+04    0.451415586179064E+01    0.260467389394167E+00
    0.219912000000000E+04    0.147074426117479E+01    0.260971058575078E+00
    0.219914000000000E+04    0.150118291155286E+01    0.260973889257485E+00
    0.220540000000000E+04    0.474773859343622E+01    0.261047117093830E+00
    0.220542000000000E+04    0.477818044544074E+01    0.261044856848670E+00
    0.221170000000000E+04    0.176750758573507E+01    0.260755564076886E+00
    0.221172000000000E+04    0.179793782317347E+01    0.260756216217864E+00
    0.221798000000000E+04    0.503827192331573E+01    0.260279796287398E+00
    0.221800000000000E+04    0.506868303918827E+01    0.260275603318640E+00
    0.222426000000000E+04    0.201362657062145E+01    0.259299819105055E+00
    0.222428000000000E+04    0.204399850596792E+01    0.259298646486516E+00
    0.223054000000000E+04    0.526355912634926E+01    0.258460622686679E+00
    0.223056000000000E+04    0.529389756151795E+01    0.258455370784725E+00
    0.223682000000000E+04    0.221353001497346E+01    0.257077076866435E+00
    0.223684000000000E+04    0.224381294474233E+01    0.257074877820190E+00
    0.224310000000000E+04    0.543439632157560E+01    0.256107156777241E+00
    0.224312000000000E+04    0.546464050262921E+01    0.256101678480704E+00
    0.224940000000000E+04    0.238415301177656E+01    0.254573278071022E+00
    0.224942000000000E+04    0.241433588178052E+01    0.254570715045866E+00
    0.225568000000000E+04    0.557349771122836E+01    0.253611006506427E+00
    0.225570000000000E+04    0.560364222977341E+01    0.253605670999051E+00
    0.226196000000000E+04    0.246176000597052E+01    0.252066205873888E+00
    0.226198000000000E+04    0.249184255944601E+01    0.252063574289466E+00
    0.226824000000000E+04    0.561972958660454E+01    0.251142639482217E+00
    0.226826000000000E+04    0.564977520143566E+01    0.251137457796802E+00
    0.227452000000000E+04    0.247705133142699E+01    0.249605841063476E+00
    0.227454000000000E+04    0.250703547944386E+01    0.249603207258553E+00
    0.228080000000000E+04    0.560415987744091E+01    0.248687301192133E+00
    0.228082000000000E+04    0.563410729269890E+01    0.248682106511085E+00
    0.228708000000000E+04    0.243060588801700E+01    0.247147868379100E+00
    0.228710000000000E+04    0.246049172854327E+01    0.247145236622297E+00
    0.229338000000000E+04    0.555654616295351E+01    0.246188365945061E+00
    0.229340000000000E+04    0.558639365553199E+01    0.246182981544921E+00
    0.229966000000000E+04    0.235152224006106E+01    0.244656192750904E+00
    0.229968000000000E+04    0.238130832586603E+01    0.244653663804197E+00
    0.230594000000000E+04    0.541619024137754E+01    0.243667184790883E+00
    0.230596000000000E+04    0.544593685748350E+01    0.243661702798171E+00
    0.231222000000000E+04    0.217990160866202E+01    0.242231801157961E+00
    0.231224000000000E+04    0.220959080191642E+01    0.242229745629875E+00
    0.231850000000000E+04    0.521466176503327E+01    0.241316676809759E+00
    0.231852000000000E+04    0.524431435426277E+01    0.241311562139046E+00
    0.232478000000000E+04    0.195049750350745E+01    0.240192604763180E+00
    0.232480000000000E+04    0.198010517829744E+01    0.240191731302854E+00
    0.233108000000000E+04    0.499110061960209E+01    0.239568388108160E+00
    0.233110000000000E+04    0.502068327426787E+01    0.239564513519114E+00
    0.233736000000000E+04    0.170851895912256E+01    0.239051898842308E+00
    0.233738000000000E+04    0.173808105841363E+01    0.239052977295957E+00
    0.234364000000000E+04    0.470846841462026E+01    0.238949741764987E+00
    0.234366000000000E+04    0.473802639955147E+01    0.238947917597931E+00
    0.234992000000000E+04    0.142295840946099E+01    0.239214475465507E+00
    0.234994000000000E+04    0.145252688411165E+01    0.239217704361702E+00
    0.235620000000000E+04    0.442847629448488E+01    0.239675050563094E+00
    0.235622000000000E+04    0.445806336101168E+01    0.239675350733884E+00
    0.236248000000000E+04    0.115664585903551E+01    0.240628825601054E+00
    0.236250000000000E+04    0.118627109597492E+01    0.240633613714828E+00
    0.236878000000000E+04    0.421197694713510E+01    0.241471690190917E+00
    0.236880000000000E+04    0.424163587134171E+01    0.241473466604047E+00
    0.237506000000000E+04    0.965620169914928E+00    0.242838275051328E+00
    0.237508000000000E+04    0.995333800800381E+00    0.242843682465662E+00
    0.238134000000000E+04    0.401982556255371E+01    0.243814619443587E+00
    0.238136000000000E+04    0.404957818409275E+01    0.243817076223759E+00
    0.238762000000000E+04    0.804114441886213E+00    0.245334367211336E+00
    0.238764000000000E+04    0.833927991413020E+00    0.245339773130000E+00
    0.239390000000000E+04    0.388954212563931E+01    0.246302825097977E+00
    0.239392000000000E+04    0.391939418319816E+01    0.246305478857736E+00
    0.240018000000000E+04    0.705330267045156E+00    0.247846474077912E+00
    0.240020000000000E+04    0.735243973594152E+00    0.247851661244538E+00
    0.240648000000000E+04    0.385182846024918E+01    0.248770037968088E+00
    0.240650000000000E+04    0.388177930274196E+01    0.248772715413758E+00
    0.241276000000000E+04    0.698685085935267E+00    0.250312133436614E+00
    0.241278000000000E+04    0.728697700408702E+00    0.250317259760018E+00
    0.241904000000000E+04    0.384614084356508E+01    0.251224733042506E+00
    0.241906000000000E+04    0.387618981027572E+01    0.251227408989314E+00
    0.242532000000000E+04    0.723815626118721E+00    0.252770758403433E+00
    0.242534000000000E+04    0.753926560285436E+00    0.252775998511124E+00
    0.243160000000000E+04    0.390241060676044E+01    0.253714317008869E+00
    0.243162000000000E+04    0.393255929887982E+01    0.253716970528340E+00
    0.243788000000000E+04    0.811304686719723E+00    0.255261674029657E+00
    0.243790000000000E+04    0.841515256667662E+00    0.255267100168532E+00
    0.244416000000000E+04    0.402152542372914E+01    0.256235125669935E+00
    0.244418000000000E+04    0.405177491430231E+01    0.256237529142397E+00
    0.245046000000000E+04    0.991744204768565E+00    0.257699917032848E+00
    0.245048000000000E+04    0.102205228825915E+01    0.257705288233988E+00
    0.245674000000000E+04    0.423237495465628E+01    0.258600127581558E+00
    0.245676000000000E+04    0.426271898020423E+01    0.258601757441609E+00
    0.246302000000000E+04    0.120005875412653E+01    0.259757312551346E+00
    0.246304000000000E+04    0.123044919002905E+01    0.259761955979967E+00
    0.246930000000000E+04    0.446509903861079E+01    0.260378866528270E+00
    0.246932000000000E+04    0.449551421943806E+01    0.260378918127330E+00
    0.247558000000000E+04    0.145132032953643E+01    0.260934369740851E+00
    0.247560000000000E+04    0.148175753626174E+01    0.260937345341490E+00
    0.248186000000000E+04    0.472809588449081E+01    0.261050133879996E+00
    0.248188000000000E+04    0.475853785113031E+01    0.261048027774697E+00
    0.248816000000000E+04    0.174825048893354E+01    0.260814007653073E+00
    0.248818000000000E+04    0.177868306669052E+01    0.260814808744612E+00
    0.249444000000000E+04    0.502000685243138E+01    0.260372751408896E+00
    0.249446000000000E+04    0.505042188889729E+01    0.260368662228018E+00
    0.250072000000000E+04    0.199677546524072E+01    0.259432543208718E+00
    0.250074000000000E+04    0.202715266537143E+01    0.259431472973552E+00
    0.250700000000000E+04    0.524846799836632E+01    0.258609198374640E+00
    0.250702000000000E+04    0.527881229993454E+01    0.258603993869009E+00
    0.251328000000000E+04    0.220044640004198E+01    0.257244965693785E+00
    0.251330000000000E+04    0.223073614117857E+01    0.257242817311892E+00
    0.251956000000000E+04    0.542349152654151E+01    0.256279119950397E+00
    0.251958000000000E+04    0.545374261123106E+01    0.256273634088189E+00
    0.252586000000000E+04    0.237544212126386E+01    0.254750586259108E+00
    0.252588000000000E+04    0.240563207223204E+01    0.254748035864980E+00
    0.253214000000000E+04    0.556698165867783E+01    0.253786127937507E+00
    0.253216000000000E+04    0.559713301634747E+01    0.253780767448803E+00
    0.253842000000000E+04    0.245736708706227E+01    0.252238682734190E+00
    0.253844000000000E+04    0.248745649392004E+01    0.252236052381443E+00
    0.254470000000000E+04    0.561751699114484E+01    0.251314070549952E+00
    0.254472000000000E+04    0.564756953886172E+01    0.251308886069832E+00
    0.255098000000000E+04    0.247700609952608E+01    0.249777413392880E+00
    0.255100000000000E+04    0.250699709154014E+01    0.249774775577002E+00
    0.255726000000000E+04    0.560626511079590E+01    0.248859706668237E+00
    0.255728000000000E+04    0.563621942689952E+01    0.248854515670961E+00
    0.256354000000000E+04    0.243489510860945E+01    0.247320769614924E+00
    0.256356000000000E+04    0.246478786816306E+01    0.247318129552748E+00
    0.256984000000000E+04    0.556301796573189E+01    0.246364082186812E+00
    0.256986000000000E+04    0.559287244211373E+01    0.246358716175869E+00
    0.257612000000000E+04    0.236021130417657E+01    0.244830453518881E+00
    0.257614000000000E+04    0.239000445960937E+01    0.244827909413696E+00
    0.258240000000000E+04    0.542708533600444E+01    0.243842126503039E+00
    0.258242000000000E+04    0.545683896370338E+01    0.243836633910473E+00
    0.258868000000000E+04    0.219291220284731E+01    0.242393396590417E+00
    0.258870000000000E+04    0.222260777250631E+01    0.242391287095154E+00
    0.259496000000000E+04    0.522963563109670E+01    0.241467914012653E+00
    0.259498000000000E+04    0.525929429885355E+01    0.241462752763582E+00
    0.260124000000000E+04    0.196720151005502E+01    0.240312978824627E+00
    0.260126000000000E+04    0.199681396569622E+01    0.240311991756503E+00
    0.260754000000000E+04    0.500912757911101E+01    0.239659297842179E+00
    0.260756000000000E+04    0.503871388486232E+01    0.239655309071165E+00
    0.261382000000000E+04    0.172738982842066E+01    0.239092376507354E+00
    0.261384000000000E+04    0.175695352240609E+01    0.239093302803639E+00
    0.262010000000000E+04    0.472757498482315E+01    0.238948840846056E+00
    0.262012000000000E+04    0.475713290096928E+01    0.238946857807842E+00
    0.262638000000000E+04    0.144173281309077E+01    0.239159583511605E+00
    0.262640000000000E+04    0.147129928199820E+01    0.239162683851622E+00
    0.263266000000000E+04    0.444635104431836E+01    0.239585436547102E+00
    0.263268000000000E+04    0.447593443617552E+01    0.239585600818792E+00
    0.263894000000000E+04    0.117308368988506E+01    0.240497971610975E+00
    0.263896000000000E+04    0.120270368695174E+01    0.240502682371162E+00
    0.264524000000000E+04    0.422666638302644E+01    0.241323363286969E+00
    0.264526000000000E+04    0.425631941032498E+01    0.241325071613202E+00
    0.265152000000000E+04    0.978293511389893E+00    0.242670044196156E+00
    0.265154000000000E+04    0.100800037712133E+01    0.242675427540604E+00
    0.265780000000000E+04    0.403036936479111E+01    0.243643310401436E+00
    0.265782000000000E+04    0.406011515817545E+01    0.243645742511363E+00
    0.266408000000000E+04    0.812463376854339E+00    0.245158135593560E+00
    0.266410000000000E+04    0.842269803301861E+00    0.245163551314216E+00
    0.267036000000000E+04    0.389567985479198E+01    0.246128610125706E+00
    0.267038000000000E+04    0.392552505286994E+01    0.246131253705769E+00
    0.267664000000000E+04    0.709328938011822E+00    0.247672316869248E+00
    0.267666000000000E+04    0.739235960223596E+00    0.247677551038695E+00
    0.268294000000000E+04    0.385372048231511E+01    0.248603265689218E+00
    0.268296000000000E+04    0.388366454956076E+01    0.248605946891626E+00
    0.268922000000000E+04    0.698454561859307E+00    0.250142310217695E+00
    0.268924000000000E+04    0.728460354818253E+00    0.250147438343018E+00
    0.269550000000000E+04    0.384377996772309E+01    0.251054472972872E+00
    0.269552000000000E+04    0.387382223069881E+01    0.251057156033242E+00
    0.270178000000000E+04    0.719337537111642E+00    0.252600436125406E+00
    0.270180000000000E+04    0.749441634090090E+00    0.252605654342490E+00
    0.270806000000000E+04    0.389574820977214E+01    0.253540308734229E+00
    0.270808000000000E+04    0.392588988156513E+01    0.253542955463847E+00
    0.271434000000000E+04    0.802468367667188E+00    0.255089351725144E+00
    0.271436000000000E+04    0.832672049321900E+00    0.255094770733934E+00
    0.272062000000000E+04    0.401049858243550E+01    0.256061961793453E+00
    0.272064000000000E+04    0.404074108862596E+01    0.256064387580967E+00
    0.272692000000000E+04    0.978599050688899E+00    0.257537234999830E+00
    0.272694000000000E+04    0.100890072100492E+01    0.257542626295130E+00
    0.273320000000000E+04    0.421726773414684E+01    0.258449752873887E+00
    0.273322000000000E+04    0.424760576925019E+01    0.258451460049340E+00
    0.273948000000000E+04    0.118323958347992E+01    0.259636403831575E+00
    0.273950000000000E+04    0.121362506023979E+01    0.259641117466657E+00
    0.274576000000000E+04    0.444689881185695E+01    0.260284953745586E+00
    0.274578000000000E+04    0.447731026591737E+01    0.260285143633795E+00
    0.275204000000000E+04    0.143230171434698E+01    0.260890742903452E+00
    0.275206000000000E+04    0.146273739243406E+01    0.260893866006554E+00
    0.275832000000000E+04    0.470880989741363E+01    0.261046945234396E+00
    0.275834000000000E+04    0.473925176577995E+01    0.261044991223317E+00
    0.276462000000000E+04    0.172928288468756E+01    0.260867154646704E+00
    0.276464000000000E+04    0.175971758479409E+01    0.260868107673597E+00
    0.277090000000000E+04    0.500189950434560E+01    0.260459629291713E+00
    0.277092000000000E+04    0.503231781053546E+01    0.260455656037458E+00
    0.277718000000000E+04    0.198001089825539E+01    0.259560077729143E+00
    0.277720000000000E+04    0.201039327550825E+01    0.259559113575984E+00
    0.278346000000000E+04    0.523347628691226E+01    0.258756538462769E+00
    0.278348000000000E+04    0.526382656535316E+01    0.258751380240161E+00
    0.278974000000000E+04    0.218738379583556E+01    0.257413015673218E+00
    0.278976000000000E+04    0.221768004388559E+01    0.257410915328457E+00
    0.279602000000000E+04    0.541249593850262E+01    0.256445536573629E+00
    0.279604000000000E+04    0.544275366577494E+01    0.256440054153270E+00
    0.280232000000000E+04    0.236656273996687E+01    0.254921815352621E+00
    0.280234000000000E+04    0.239675955314669E+01    0.254919277494522E+00
    0.280860000000000E+04    0.556024309709755E+01    0.253955208447242E+00
    0.280862000000000E+04    0.559040122612350E+01    0.253949844623601E+00
    0.281488000000000E+04    0.245274448092823E+01    0.252407569576429E+00
    0.281490000000000E+04    0.248284065645657E+01    0.252404946270501E+00
    0.282116000000000E+04    0.561500422135850E+01    0.251481174780985E+00
    0.282118000000000E+04    0.564506344900019E+01    0.251475981753379E+00
    0.282744000000000E+04    0.247656626933986E+01    0.249943264189540E+00
    0.282746000000000E+04    0.250656388594871E+01    0.249940623623482E+00
    0.283372000000000E+04    0.560790837094191E+01    0.249026142530066E+00
    0.283374000000000E+04    0.563786938058638E+01    0.249020955447487E+00
    0.284000000000000E+04    0.243864603904058E+01    0.247488357127181E+00
    0.284002000000000E+04    0.246854551414435E+01    0.247485713183236E+00
    0.284630000000000E+04    0.556889669676002E+01    0.246534862922439E+00
    0.284632000000000E+04    0.559875802362058E+01    0.246529506035586E+00
    0.285258000000000E+04    0.236824654978591E+01    0.244999901746503E+00
    0.285260000000000E+04    0.239804647344681E+01    0.244997350858888E+00
    0.285886000000000E+04    0.543724193486742E+01    0.244011605625311E+00
    0.285888000000000E+04    0.546700230380975E+01    0.244006122095724E+00
    0.286514000000000E+04    0.220515532231366E+01    0.242552435579440E+00
    0.286516000000000E+04    0.223485733497546E+01    0.242550285880633E+00
    0.287142000000000E+04    0.524382983434043E+01    0.241617652482507E+00
    0.287144000000000E+04    0.527349455615240E+01    0.241612444569234E+00
    0.287770000000000E+04    0.198310634866266E+01    0.240433160482059E+00
    0.287772000000000E+04    0.201272358704955E+01    0.240432069577351E+00
    0.288400000000000E+04    0.502638292033680E+01    0.239752810229166E+00
    0.288402000000000E+04    0.505597299867804E+01    0.239748712834818E+00
    0.289028000000000E+04    0.174554564171740E+01    0.239138598146767E+00
    0.289030000000000E+04    0.177511119272367E+01    0.239139377238901E+00
    0.289656000000000E+04    0.474607344144988E+01    0.238956583038613E+00
    0.289658000000000E+04    0.477563168864708E+01    0.238954453424349E+00
    0.290284000000000E+04    0.145999486674646E+01    0.239114125337477E+00
    0.290286000000000E+04    0.148955948281946E+01    0.239117087402486E+00
    0.290912000000000E+04    0.446380932664852E+01    0.239504194757573E+00
    0.290914000000000E+04    0.449338947262731E+01    0.239504224465707E+00
    0.291540000000000E+04    0.118927138647996E+01    0.240377113118102E+00
    0.291542000000000E+04    0.121888661005323E+01    0.240381745040529E+00
    0.292170000000000E+04    0.424122059259025E+01    0.241183272657803E+00
    0.292172000000000E+04    0.427086794497336E+01    0.241184887591100E+00
    0.292798000000000E+04    0.990897362016767E+00    0.242511269097786E+00
    0.292800000000000E+04    0.102059765932972E+01    0.242516619614499E+00
    0.293426000000000E+04    0.404089527757606E+01    0.243475713081277E+00
    0.293428000000000E+04    0.407063434178599E+01    0.243478112276281E+00
    0.294054000000000E+04    0.820825011925990E+00    0.244986333154940E+00
    0.294056000000000E+04    0.850624598843751E+00    0.244991760290222E+00
    0.294682000000000E+04    0.390191499885987E+01    0.245960721137769E+00
    0.294684000000000E+04    0.393175323875403E+01    0.245963376250460E+00
    0.295310000000000E+04    0.713360154778456E+00    0.247503778689809E+00
    0.295312000000000E+04    0.743260023227776E+00    0.247508977870030E+00
    0.295940000000000E+04    0.385557690209953E+01    0.248432392890165E+00
    0.295942000000000E+04    0.388551425522746E+01    0.248435071214191E+00
    0.296568000000000E+04    0.698207271267165E+00    0.249973505776385E+00
    0.296570000000000E+04    0.728206316684918E+00    0.249978632634144E+00
    0.297196000000000E+04    0.384139653130660E+01    0.250884352031594E+00
    0.297198000000000E+04    0.387143195358294E+01    0.250887024320857E+00
    0.297824000000000E+04    0.714820876901285E+00    0.252430044268112E+00
    0.297826000000000E+04    0.744918231340307E+00    0.252435258175181E+00
    0.298452000000000E+04    0.388908405060920E+01    0.253367868352840E+00
    0.298454000000000E+04    0.391921868423196E+01    0.253370526945611E+00
    0.299080000000000E+04    0.793591190513325E+00    0.254916852148346E+00
    0.299082000000000E+04    0.823787738673673E+00    0.254922228471410E+00
    0.299708000000000E+04    0.399941475161086E+01    0.255887257320016E+00
    0.299710000000000E+04    0.402965031225267E+01    0.255889712965046E+00
    0.300338000000000E+04    0.965403587011679E+00    0.257374159411407E+00
    0.300340000000000E+04    0.995698661725328E+00    0.257379568877352E+00
    0.300966000000000E+04    0.420204132008257E+01    0.258295843351504E+00
    0.300968000000000E+04    0.423237320447151E+01    0.258297627109761E+00
    0.301594000000000E+04    0.116628734795268E+01    0.259513136852390E+00
    0.301596000000000E+04    0.119666798431263E+01    0.259517937764993E+00
    0.302222000000000E+04    0.442854885605630E+01    0.260188446339956E+00
    0.302224000000000E+04    0.445895635500983E+01    0.260188764372503E+00
    0.302850000000000E+04    0.141301758307782E+01    0.260843035296228E+00
    0.302852000000000E+04    0.144345135852291E+01    0.260846299059491E+00
    0.303478000000000E+04    0.468920533241453E+01    0.261038711401331E+00
    0.303480000000000E+04    0.471964705122627E+01    0.261036918884648E+00
    0.304108000000000E+04    0.170996036600718E+01    0.260916569929199E+00
    0.304110000000000E+04    0.174039701586844E+01    0.260917672264377E+00
    0.304736000000000E+04    0.498342326284273E+01    0.260544358056308E+00
    0.304738000000000E+04    0.501384496515766E+01    0.260540504269604E+00
    0.305364000000000E+04    0.196287569254491E+01    0.259687093382334E+00
    0.305366000000000E+04    0.199326313872552E+01    0.259686242929172E+00
    0.305992000000000E+04    0.521806111991827E+01    0.258902329264754E+00
    0.305994000000000E+04    0.524841711958652E+01    0.258897219937440E+00
    0.306620000000000E+04    0.217395106806725E+01    0.257578109081965E+00
    0.306622000000000E+04    0.220425415061072E+01    0.257576060596028E+00
    0.307248000000000E+04    0.540128057701895E+01    0.256621148494511E+00
    0.307250000000000E+04    0.543154539993793E+01    0.256615667645904E+00
    0.307878000000000E+04    0.235757339910833E+01    0.255102980891762E+00
    0.307880000000000E+04    0.238777734629912E+01    0.255100456716800E+00
    0.308506000000000E+04    0.555348361244705E+01    0.254132763404654E+00
    0.308508000000000E+04    0.558364882371097E+01    0.254127384218513E+00
    0.309134000000000E+04    0.244821856800900E+01    0.252584888407150E+00
    0.309136000000000E+04    0.247832190068857E+01    0.252582255297662E+00
    0.309762000000000E+04    0.561268817355904E+01    0.251655747379404E+00
    0.309764000000000E+04    0.564275434780211E+01    0.251650548582157E+00
    0.310390000000000E+04    0.247644826653504E+01    0.250117966944988E+00
    0.310392000000000E+04    0.250645287765201E+01    0.250115329233632E+00
    0.311018000000000E+04    0.560998963668499E+01    0.249202426780710E+00
    0.311020000000000E+04    0.563995763428375E+01    0.249197253754313E+00
    0.311646000000000E+04    0.244292224242508E+01    0.247664572641506E+00
    0.311648000000000E+04    0.247282868273669E+01    0.247661929518528E+00
    0.312276000000000E+04    0.557537845277147E+01    0.246713019955961E+00
    0.312278000000000E+04    0.560524689303293E+01    0.246707678909838E+00
    0.312904000000000E+04    0.237696531040456E+01    0.245176346649446E+00
    0.312906000000000E+04    0.240677230178790E+01    0.245173779567910E+00
    0.313532000000000E+04    0.544817347811568E+01    0.244189847826607E+00
    0.313534000000000E+04    0.547794097909082E+01    0.244184361440838E+00
    0.314160000000000E+04    0.221828190622273E+01    0.242720168089219E+00
    0.314162000000000E+04    0.224799064494437E+01    0.242717961247201E+00
    0.314788000000000E+04    0.525899334101359E+01    0.241775505216823E+00
    0.314790000000000E+04    0.528866428561378E+01    0.241770247646104E+00
    0.315416000000000E+04    0.200007629614083E+01    0.240561275850572E+00
    0.315418000000000E+04    0.202969859134737E+01    0.240560081103610E+00
    0.316046000000000E+04    0.504480640087695E+01    0.239854395696248E+00
    0.316048000000000E+04    0.507440056397263E+01    0.239850186253130E+00
    0.316674000000000E+04    0.176493754231979E+01    0.239189726326582E+00
    0.316676000000000E+04    0.179450509854178E+01    0.239190349863725E+00
    0.317302000000000E+04    0.476583355636467E+01    0.238965688310976E+00
    0.317304000000000E+04    0.479539214782199E+01    0.238963399505606E+00
    0.317930000000000E+04    0.147949833552047E+01    0.239065228496205E+00
    0.317932000000000E+04    0.150906098137784E+01    0.239068039522702E+00
    0.318558000000000E+04    0.448245596977358E+01    0.239417181785137E+00
    0.318560000000000E+04    0.451203266157063E+01    0.239417070109794E+00
    0.319186000000000E+04    0.120653932966252E+01    0.240246851361111E+00
    0.319188000000000E+04    0.123614932080363E+01    0.240251395736251E+00
    0.319816000000000E+04    0.425670131654715E+01    0.241031682615160E+00
    0.319818000000000E+04    0.428634254903409E+01    0.241033219979724E+00
    0.320444000000000E+04    0.100433295246876E+01    0.242335756587344E+00
    0.320446000000000E+04    0.103402648106021E+01    0.242341103008230E+00
    0.321072000000000E+04    0.405218729408989E+01    0.243301237449653E+00
    0.321074000000000E+04    0.408191943118345E+01    0.243303613100618E+00
    0.321700000000000E+04    0.829867774052218E+00    0.244803374334246E+00
    0.321702000000000E+04    0.859659976237708E+00    0.244808801093516E+00
    0.322328000000000E+04    0.390867632865411E+01    0.245779388138448E+00
    0.322330000000000E+04    0.393850756801203E+01    0.245782022471985E+00
    0.322956000000000E+04    0.717919779785916E+00    0.247322514140471E+00
    0.322958000000000E+04    0.747812780532513E+00    0.247327770913455E+00
    0.323586000000000E+04    0.385793607780215E+01    0.248257799395711E+00
    0.323588000000000E+04    0.388786644221000E+01    0.248260477171205E+00
    0.324214000000000E+04    0.698371390253669E+00    0.249798682888129E+00
    0.324216000000000E+04    0.728363465222174E+00    0.249803811459830E+00
    0.324842000000000E+04    0.383936875551990E+01    0.250709445607399E+00
    0.324844000000000E+04    0.386939706614976E+01    0.250712121489329E+00
