    0.000000000000000E+00    0.190000000000000E+01    0.290000000000000E+00
    0.200000000000000E-01    0.193159998751961E+01    0.289999442756121E+00
    0.630000000000000E+01    0.556717397186460E+01    0.289143534211391E+00
    0.632000000000000E+01    0.559873969711973E+01    0.289138181166049E+00
    0.125800000000000E+02    0.290217584756977E+01    0.287727398518691E+00
    0.126000000000000E+02    0.293368485823025E+01    0.287725953218392E+00
    0.188600000000000E+02    0.230991671938341E+00    0.288129411383331E+00
    0.188800000000000E+02    0.262516936243259E+00    0.288131491940961E+00
    0.251400000000000E+02    0.385000898165996E+01    0.288671797504014E+00
    0.251600000000000E+02    0.388155594156226E+01    0.288674474335188E+00
    0.314200000000000E+02    0.119747430423286E+01    0.290090125552706E+00
    0.314400000000000E+02    0.122907796351289E+01    0.290094724392483E+00
    0.377000000000000E+02    0.484202063231032E+01    0.290329697578071E+00
    0.377200000000000E+02    0.487363377981821E+01    0.290326690923455E+00
    0.440000000000000E+02    0.222707468202117E+01    0.289328858131278E+00
    0.440200000000000E+02    0.225864777705716E+01    0.289326684933509E+00
    0.502800000000000E+02    0.585332511219043E+01    0.288491660731167E+00
    0.503000000000000E+02    0.588486470439773E+01    0.288487624200922E+00
    0.565600000000000E+02    0.318303382677195E+01    0.287545538479160E+00
    0.565800000000000E+02    0.321453560086428E+01    0.287545712695420E+00
    0.628400000000000E+02    0.513385902941167E+00    0.288593864880947E+00
    0.628600000000000E+02    0.544929803312172E+00    0.288598184791874E+00
    0.691200000000000E+02    0.414126540709334E+01    0.289457004947429E+00
    0.691400000000000E+02    0.417284368211629E+01    0.289458996259511E+00
    0.754000000000000E+02    0.149562977971046E+01    0.290345460624880E+00
    0.754200000000000E+02    0.152724337333822E+01    0.290348060192856E+00
    0.817000000000000E+02    0.517125075312177E+01    0.290001183794379E+00
    0.817200000000000E+02    0.520285072399614E+01    0.289996311146158E+00
    0.879800000000000E+02    0.251723140457000E+01    0.288537639355767E+00
    0.880000000000000E+02    0.254877284943208E+01    0.288535017259610E+00
    0.942600000000000E+02    0.613494250828225E+01    0.288079781666977E+00
    0.942800000000000E+02    0.616646566908364E+01    0.288078124909582E+00
    0.100540000000000E+03    0.346395234493355E+01    0.287794595107944E+00
    0.100560000000000E+03    0.349546413954673E+01    0.287796327726506E+00
    0.106820000000000E+03    0.800185256765587E+00    0.289263361324667E+00
    0.106840000000000E+03    0.831755933181597E+00    0.289268773957800E+00
    0.113100000000000E+03    0.443716701855431E+01    0.290079590919341E+00
    0.113120000000000E+03    0.446877019534119E+01    0.290079785954212E+00
    0.119400000000000E+03    0.182610782936268E+01    0.290158783534776E+00
    0.119420000000000E+03    0.185771401012636E+01    0.290158982636263E+00
    0.125680000000000E+03    0.546448039953634E+01    0.289383412035236E+00
    0.125700000000000E+03    0.549605566615324E+01    0.289377928487512E+00
    0.131960000000000E+03    0.280206275292952E+01    0.287882148559297E+00
    0.131980000000000E+03    0.283357795114097E+01    0.287880248348549E+00
    0.138240000000000E+03    0.131503496147587E+00    0.288044712049416E+00
    0.138260000000000E+03    0.163025320555278E+00    0.288045859165446E+00
    0.144520000000000E+03    0.374799256649351E+01    0.288403687534545E+00
    0.144540000000000E+03    0.377952878408729E+01    0.288406303285475E+00
    0.150800000000000E+03    0.109250321540378E+01    0.289911887155801E+00
    0.150820000000000E+03    0.112409978321924E+01    0.289916941562852E+00
    0.157080000000000E+03    0.473588004088333E+01    0.290340581389519E+00
    0.157100000000000E+03    0.476749361686001E+01    0.290338388705547E+00
    0.163380000000000E+03    0.212273366842714E+01    0.289585629096369E+00
    0.163400000000000E+03    0.215431702810349E+01    0.289583892290517E+00
    0.169660000000000E+03    0.575226663863407E+01    0.288699189145027E+00
    0.169680000000000E+03    0.578381460142839E+01    0.288694548313393E+00
    0.175940000000000E+03    0.308332339746619E+01    0.287557815146870E+00
    0.175960000000000E+03    0.311482559639279E+01    0.287557396717325E+00
    0.182220000000000E+03    0.412510345100713E+00    0.288394988897811E+00
    0.182240000000000E+03    0.444046240262821E+00    0.288398633501673E+00
    0.188500000000000E+03    0.403706680079938E+01    0.289185641436495E+00
    0.188520000000000E+03    0.406863432509965E+01    0.289188019324619E+00
    0.194780000000000E+03    0.138936974525836E+01    0.290299727373922E+00
    0.194800000000000E+03    0.142098176710954E+01    0.290303118690211E+00
    0.201080000000000E+03    0.506581838226174E+01    0.290157034023371E+00
    0.201100000000000E+03    0.509742459920614E+01    0.290152695276813E+00
    0.207360000000000E+03    0.241465293173178E+01    0.288809777757308E+00
    0.207380000000000E+03    0.244620525202504E+01    0.288807171011922E+00
    0.213640000000000E+03    0.603505428787946E+01    0.288184193317386E+00
    0.213660000000000E+03    0.606658162537076E+01    0.288181614832025E+00
    0.219920000000000E+03    0.336371096528410E+01    0.287659277212401E+00
    0.219940000000000E+03    0.339521732904092E+01    0.287660510529350E+00
    0.226200000000000E+03    0.697469522682184E+00    0.289017710726400E+00
    0.226220000000000E+03    0.729030407573646E+00    0.289022899424948E+00
    0.232480000000000E+03    0.433142303356658E+01    0.289893849354039E+00
    0.232500000000000E+03    0.436301882022434E+01    0.289894768844141E+00
    0.238780000000000E+03    0.171985811725904E+01    0.290274628501128E+00
    0.238800000000000E+03    0.175146887825366E+01    0.290275649921110E+00
    0.245060000000000E+03    0.536063869084273E+01    0.289616086050319E+00
    0.245080000000000E+03    0.539222324315682E+01    0.289610648156548E+00
    0.251340000000000E+03    0.270102651520136E+01    0.288077976863673E+00
    0.251360000000000E+03    0.273254958698379E+01    0.288075708378414E+00
    0.257620000000000E+03    0.316933922694034E-01    0.288007529504407E+00
    0.257640000000000E+03    0.632137094625023E-01    0.288007689199599E+00
    0.263900000000000E+03    0.364611117446952E+01    0.288156016505341E+00
    0.263920000000000E+03    0.367763745262965E+01    0.288158427947664E+00
    0.270180000000000E+03    0.987572457060651E+00    0.289699464459939E+00
    0.270200000000000E+03    0.101916059448860E+01    0.289704812430935E+00
    0.276480000000000E+03    0.466076920167899E+01    0.290294328150093E+00
    0.276500000000000E+03    0.469238098676340E+01    0.290292978818386E+00
    0.282760000000000E+03    0.201725672023747E+01    0.289817749630726E+00
    0.282780000000000E+03    0.204884924545121E+01    0.289816591507728E+00
    0.289040000000000E+03    0.565000390169536E+01    0.288925937644627E+00
    0.289060000000000E+03    0.568156092961073E+01    0.288920837455519E+00
    0.295320000000000E+03    0.298293719977630E+01    0.287621706460733E+00
    0.295340000000000E+03    0.301444204661641E+01    0.287620711896465E+00
    0.301600000000000E+03    0.311618810769005E+00    0.288230077256383E+00
    0.301620000000000E+03    0.343148070301424E+00    0.288232922240946E+00
    0.307880000000000E+03    0.393300879054732E+01    0.288903664896738E+00
    0.307900000000000E+03    0.396456500612862E+01    0.288906262185501E+00
    0.314160000000000E+03    0.128278540366659E+01    0.290203055316014E+00
    0.314180000000000E+03    0.131439359923047E+01    0.290207151206763E+00
    0.320460000000000E+03    0.495933689843827E+01    0.290266571629979E+00
    0.320480000000000E+03    0.499094748853037E+01    0.290262898416511E+00
    0.326740000000000E+03    0.231074668373071E+01    0.289086995459964E+00
    0.326760000000000E+03    0.234231007139954E+01    0.289084558165657E+00
    0.333020000000000E+03    0.593415918776600E+01    0.288330325126675E+00
    0.333040000000000E+03    0.596569240060558E+01    0.288326924357983E+00
    0.339300000000000E+03    0.326307311409334E+01    0.287572906667293E+00
    0.339320000000000E+03    0.329457573266552E+01    0.287573603217495E+00
    0.345580000000000E+03    0.594669720979709E+00    0.288776865012342E+00
    0.345600000000000E+03    0.626220603760203E+00    0.288781613433217E+00
    0.351860000000000E+03    0.422525780479327E+01    0.289662893567432E+00
    0.351880000000000E+03    0.425684436856739E+01    0.289664450120664E+00
    0.358160000000000E+03    0.161257283547081E+01    0.290329578369855E+00
    0.358180000000000E+03    0.164418605644380E+01    0.290331459977437E+00
    0.364440000000000E+03    0.525533567288596E+01    0.289834061967017E+00
    0.364460000000000E+03    0.528692894235769E+01    0.289828857992526E+00
    0.370720000000000E+03    0.259870646615275E+01    0.288312193687117E+00
    0.370740000000000E+03    0.263023885824589E+01    0.288309686445677E+00
    0.377000000000000E+03    0.621439273681051E+01    0.288022622860017E+00
    0.377020000000000E+03    0.624591367088294E+01    0.288021793594824E+00
    0.383280000000000E+03    0.354412719726281E+01    0.287941198826517E+00
    0.383300000000000E+03    0.357564471490468E+01    0.287943289879128E+00
    0.389560000000000E+03    0.882580339611422E+00    0.289463548939193E+00
    0.389580000000000E+03    0.914158916331985E+00    0.289469002078264E+00
    0.395860000000000E+03    0.455341096056566E+01    0.290195049652952E+00
    0.395880000000000E+03    0.458501883625149E+01    0.290194555077157E+00
    0.402140000000000E+03    0.191062170386226E+01    0.290017768404889E+00
    0.402160000000000E+03    0.194222239718067E+01    0.290017311525244E+00
    0.408420000000000E+03    0.554652216064596E+01    0.289171223363382E+00
    0.408440000000000E+03    0.557808894159768E+01    0.289165837690863E+00
    0.414700000000000E+03    0.288179339865644E+01    0.287739924283683E+00
    0.414720000000000E+03    0.291330294279282E+01    0.287738399495138E+00
    0.420980000000000E+03    0.210587547727187E+00    0.288107762415861E+00
    0.421000000000000E+03    0.242111928047393E+00    0.288109709755469E+00
    0.427260000000000E+03    0.382910633540484E+01    0.288623646453314E+00
    0.427280000000000E+03    0.386065131363284E+01    0.288626310900733E+00
    0.433540000000000E+03    0.117603729716200E+01    0.290058005321218E+00
    0.433560000000000E+03    0.120763976528269E+01    0.290062684776509E+00
    0.439840000000000E+03    0.485201159724465E+01    0.290326208431747E+00
    0.439860000000000E+03    0.488362473490565E+01    0.290323307984671E+00
    0.446120000000000E+03    0.220567098902370E+01    0.289361842854837E+00
    0.446140000000000E+03    0.223724536285113E+01    0.289359719525766E+00
    0.452400000000000E+03    0.583230748557992E+01    0.288514092131428E+00
    0.452420000000000E+03    0.586384803046803E+01    0.288509956962719E+00
    0.458680000000000E+03    0.316211610539438E+01    0.287537739523875E+00
    0.458700000000000E+03    0.319361761548305E+01    0.287537817053614E+00
    0.464960000000000E+03    0.492171409077628E+00    0.288554256941423E+00
    0.464980000000000E+03    0.523713659603345E+00    0.288558480888261E+00
    0.471240000000000E+03    0.411943648084912E+01    0.289409516695902E+00
    0.471260000000000E+03    0.415101292719180E+01    0.289411576878383E+00
    0.477540000000000E+03    0.150509356992211E+01    0.290336982508103E+00
    0.477560000000000E+03    0.153670709788116E+01    0.290339703265881E+00
    0.483820000000000E+03    0.514925280548880E+01    0.290024791954684E+00
    0.483840000000000E+03    0.518085371869017E+01    0.290019997096532E+00
    0.490100000000000E+03    0.249562989510832E+01    0.288574387939419E+00
    0.490120000000000E+03    0.252717275069074E+01    0.288571762964844E+00
    0.496380000000000E+03    0.611368311479771E+01    0.288089096126777E+00
    0.496400000000000E+03    0.614520669474405E+01    0.288087299571685E+00
    0.502660000000000E+03    0.344255119536899E+01    0.287767484002843E+00
    0.502680000000000E+03    0.347406162617767E+01    0.287769161693157E+00
    0.508940000000000E+03    0.778249156427478E+00    0.289220795328656E+00
    0.508960000000000E+03    0.809817766532319E+00    0.289226156283959E+00
    0.515240000000000E+03    0.444624797675215E+01    0.290045039401554E+00
    0.515260000000000E+03    0.447784976274602E+01    0.290045344429257E+00
    0.521520000000000E+03    0.180345487989428E+01    0.290174209132380E+00
    0.521540000000000E+03    0.183506183106886E+01    0.290174545205626E+00
    0.527800000000000E+03    0.544219200316093E+01    0.289417255608212E+00
    0.527820000000000E+03    0.547376862964200E+01    0.289411769148223E+00
    0.534080000000000E+03    0.278010001532812E+01    0.287907903215154E+00
    0.534100000000000E+03    0.281161597215362E+01    0.287905936412512E+00
    0.540360000000000E+03    0.109534453241281E+00    0.288026537280028E+00
    0.540380000000000E+03    0.141055478857652E+00    0.288027509440265E+00
    0.546640000000000E+03    0.372553997488717E+01    0.288353335363676E+00
    0.546660000000000E+03    0.375707415828902E+01    0.288355918038427E+00
    0.552940000000000E+03    0.110103045424739E+01    0.289874152590516E+00
    0.552960000000000E+03    0.113262565620244E+01    0.289879249818093E+00
    0.559220000000000E+03    0.474411859945747E+01    0.290326414901733E+00
    0.559240000000000E+03    0.477573195463390E+01    0.290324359170111E+00
    0.565500000000000E+03    0.209954276693941E+01    0.289618490795469E+00
    0.565520000000000E+03    0.213112742345095E+01    0.289616843259083E+00
    0.571780000000000E+03    0.572949862544965E+01    0.288727141461330E+00
    0.571800000000000E+03    0.576104762436080E+01    0.288722419439070E+00
    0.578060000000000E+03    0.306073446043547E+01    0.287555357593138E+00
    0.578080000000000E+03    0.309223664108242E+01    0.287554835375378E+00
    0.584340000000000E+03    0.389701997412999E+00    0.288355666328388E+00
    0.584360000000000E+03    0.421236281085498E+00    0.288359176176375E+00
    0.590620000000000E+03    0.401358370840421E+01    0.289128693494055E+00
    0.590640000000000E+03    0.404514891895144E+01    0.289131110052989E+00
    0.596920000000000E+03    0.139697603958371E+01    0.290281284075462E+00
    0.596940000000000E+03    0.142858738989980E+01    0.290284792070831E+00
    0.603200000000000E+03    0.504179369462827E+01    0.290172084662358E+00
    0.603220000000000E+03    0.507340052296308E+01    0.290167856038083E+00
    0.609480000000000E+03    0.239098150762868E+01    0.288848915084163E+00
    0.609500000000000E+03    0.242253529161133E+01    0.288846319957371E+00
    0.615760000000000E+03    0.601177607493310E+01    0.288196695068183E+00
    0.615780000000000E+03    0.604330413977993E+01    0.288193962274961E+00
    0.622040000000000E+03    0.334038472997747E+01    0.287633666853943E+00
    0.622060000000000E+03    0.337189023186636E+01    0.287634847736997E+00
    0.628320000000000E+03    0.673674277166697E+00    0.288968551456260E+00
    0.628340000000000E+03    0.705233122500772E+00    0.288973684941155E+00
    0.634620000000000E+03    0.433855872580659E+01    0.289851453673507E+00
    0.634640000000000E+03    0.437015280736057E+01    0.289852494761393E+00
    0.640900000000000E+03    0.169521555237111E+01    0.290280951283001E+00
    0.640920000000000E+03    0.172682682875188E+01    0.290282132024769E+00
    0.647180000000000E+03    0.533637915668362E+01    0.289653850860593E+00
    0.647200000000000E+03    0.536796520330563E+01    0.289648447646579E+00
    0.653460000000000E+03    0.267724745173314E+01    0.288113249649034E+00
    0.653480000000000E+03    0.270877184543610E+01    0.288110923503337E+00
    0.659740000000000E+03    0.815025972838157E-02    0.288002336958987E+00
    0.659760000000000E+03    0.396704967538426E-01    0.288002322337978E+00
    0.666020000000000E+03    0.362226006150036E+01    0.288113087840431E+00
    0.666040000000000E+03    0.365378463283719E+01    0.288115446136765E+00
    0.672320000000000E+03    0.994737026479015E+00    0.289660609901179E+00
    0.672340000000000E+03    0.102632356036884E+01    0.289665978994173E+00
    0.678600000000000E+03    0.463590932635702E+01    0.290278191113554E+00
    0.678620000000000E+03    0.466752042664393E+01    0.290276993663590E+00
    0.684880000000000E+03    0.199255255009325E+01    0.289852950225561E+00
    0.684900000000000E+03    0.202414663770469E+01    0.289851910964264E+00
    0.691160000000000E+03    0.562586829995894E+01    0.288967919307062E+00
    0.691180000000000E+03    0.565742695057952E+01    0.288962758685321E+00
    0.697440000000000E+03    0.295913969954427E+01    0.287635302774915E+00
    0.697460000000000E+03    0.299064502577266E+01    0.287634205319130E+00
    0.703720000000000E+03    0.287734323735549E+00    0.288200865188507E+00
    0.703740000000000E+03    0.319262581768953E+00    0.288203551632149E+00
    0.710000000000000E+03    0.390858384999865E+01    0.288850580537651E+00
    0.710020000000000E+03    0.394013805855366E+01    0.288853215948932E+00
    0.716300000000000E+03    0.128943673503500E+01    0.290181677013625E+00
    0.716320000000000E+03    0.132104403908011E+01    0.290185871447182E+00
    0.722580000000000E+03    0.493427650277795E+01    0.290278521386355E+00
    0.722600000000000E+03    0.496588757767813E+01    0.290274983460729E+00
    0.728860000000000E+03    0.228609306532553E+01    0.289134008614163E+00
    0.728880000000000E+03    0.231765834170801E+01    0.289131613379352E+00
    0.735140000000000E+03    0.591002034377289E+01    0.288357112758537E+00
    0.735160000000000E+03    0.594155460505817E+01    0.288353577451614E+00
    0.741420000000000E+03    0.323900105485586E+01    0.287556469129945E+00
    0.741440000000000E+03    0.327050327372240E+01    0.287557036477310E+00
    0.747700000000000E+03    0.570276159040532E+00    0.288731115149320E+00
    0.747720000000000E+03    0.601825529385223E+00    0.288735817975254E+00
    0.754000000000000E+03    0.423185781652933E+01    0.289620427916240E+00
    0.754020000000000E+03    0.426344259477833E+01    0.289622087942294E+00
    0.760280000000000E+03    0.158727311263965E+01    0.290333500686310E+00
    0.760300000000000E+03    0.161888625733195E+01    0.290335529937086E+00
    0.766560000000000E+03    0.523029302979148E+01    0.289869934762352E+00
    0.766580000000000E+03    0.526188773178160E+01    0.289864798200067E+00
    0.772840000000000E+03    0.257420552609710E+01    0.288356078807804E+00
    0.772860000000000E+03    0.260573971143049E+01    0.288353524906956E+00
    0.779120000000000E+03    0.619025044241698E+01    0.288028479646231E+00
    0.779140000000000E+03    0.622177159233888E+01    0.288027471858442E+00
    0.785400000000000E+03    0.351974868492130E+01    0.287903015857268E+00
    0.785420000000000E+03    0.355126482313699E+01    0.287905025624670E+00
    0.791700000000000E+03    0.889261577109210E+00    0.289422486971859E+00
    0.791720000000000E+03    0.920838682517115E+00    0.289427937521143E+00
    0.797980000000000E+03    0.452803606550083E+01    0.290171264485420E+00
    0.798000000000000E+03    0.455964301800850E+01    0.290170922742680E+00
    0.804260000000000E+03    0.188526748155482E+01    0.290047537534503E+00
    0.804280000000000E+03    0.191686931809159E+01    0.290047217210481E+00
    0.810540000000000E+03    0.552167528158702E+01    0.289214145755138E+00
    0.810560000000000E+03    0.555324378846831E+01    0.289208732041380E+00
    0.816820000000000E+03    0.285739196305167E+01    0.287764068228135E+00
    0.816840000000000E+03    0.288890247435688E+01    0.287762453968879E+00
    0.823100000000000E+03    0.186230478000653E+00    0.288086217174587E+00
    0.823120000000000E+03    0.217753958631874E+00    0.288087990055662E+00
    0.829400000000000E+03    0.383577238240514E+01    0.288573058490697E+00
    0.829420000000000E+03    0.386731536261300E+01    0.288575734459721E+00
    0.835680000000000E+03    0.118219491262812E+01    0.290028990866478E+00
    0.835700000000000E+03    0.121379617530602E+01    0.290033750577971E+00
    0.841960000000000E+03    0.482633126678024E+01    0.290329198817986E+00
    0.841980000000000E+03    0.485794437743721E+01    0.290326448671210E+00
    0.848240000000000E+03    0.218031731888959E+01    0.289408386184421E+00
    0.848260000000000E+03    0.221189353762520E+01    0.289406344838319E+00
    0.854520000000000E+03    0.580756716629821E+01    0.288550772191370E+00
    0.854540000000000E+03    0.583910918986294E+01    0.288546526364341E+00
    0.860800000000000E+03    0.313760019924439E+01    0.287535340090643E+00
    0.860820000000000E+03    0.316910155138362E+01    0.287535306098755E+00
    0.867080000000000E+03    0.467371738279780E+00    0.288512643840964E+00
    0.867100000000000E+03    0.498912328119786E+00    0.288516755918826E+00
    0.873380000000000E+03    0.412555744592623E+01    0.289359245719159E+00
    0.873400000000000E+03    0.415713190341444E+01    0.289361391633140E+00
    0.879660000000000E+03    0.147923043854234E+01    0.290328447077217E+00
    0.879680000000000E+03    0.151084361040034E+01    0.290331318193100E+00
    0.885940000000000E+03    0.512353160296493E+01    0.290053944746057E+00
    0.885960000000000E+03    0.515513368688539E+01    0.290049242723952E+00
    0.892220000000000E+03    0.247044128588846E+01    0.288623240237476E+00
    0.892240000000000E+03    0.250198613832049E+01    0.288620599060992E+00
    0.898500000000000E+03    0.608895202044096E+01    0.288104484327019E+00
    0.898520000000000E+03    0.612047620484100E+01    0.288102504337920E+00
    0.904780000000000E+03    0.341768545215677E+01    0.287735544457754E+00
    0.904800000000000E+03    0.344919487434663E+01    0.287737102501940E+00
    0.911080000000000E+03    0.784476413504535E+00    0.289174757823823E+00
    0.911100000000000E+03    0.816043617614696E+00    0.289180102972646E+00
    0.917360000000000E+03    0.442040004922660E+01    0.290014069200386E+00
    0.917380000000000E+03    0.445200074135892E+01    0.290014527979080E+00
    0.923640000000000E+03    0.177758321717261E+01    0.290197394726315E+00
    0.923660000000000E+03    0.180919106707120E+01    0.290197877815075E+00
    0.929920000000000E+03    0.541678413187856E+01    0.289461296170907E+00
    0.929940000000000E+03    0.544836251944866E+01    0.289455810509945E+00
    0.936200000000000E+03    0.275526575532922E+01    0.287940410284062E+00
    0.936220000000000E+03    0.278678331273272E+01    0.287938358213341E+00
    0.942480000000000E+03    0.849953386059497E-01    0.288020397844470E+00
    0.942500000000000E+03    0.116516177709855E+00    0.288021196934494E+00
    0.948780000000000E+03    0.373216033935705E+01    0.288310582881558E+00
    0.948800000000000E+03    0.376369280805397E+01    0.288313151474545E+00
    0.955060000000000E+03    0.107557580045727E+01    0.289838779071467E+00
    0.955080000000000E+03    0.110716948648837E+01    0.289843946847787E+00
    0.961340000000000E+03    0.471834449052290E+01    0.290324698882277E+00
    0.961360000000000E+03    0.474995746330296E+01    0.290322797398391E+00
    0.967620000000000E+03    0.207401786250216E+01    0.289664718673432E+00
    0.967640000000000E+03    0.210560427862970E+01    0.289663171455919E+00
    0.973900000000000E+03    0.570462318209115E+01    0.288772314584933E+00
    0.973920000000000E+03    0.573617403943263E+01    0.288767503087897E+00
    0.980180000000000E+03    0.303624562715208E+01    0.287568567277141E+00
    0.980200000000000E+03    0.306774830015024E+01    0.287567937848610E+00
    0.986480000000000E+03    0.396648660268511E+00    0.288329211174597E+00
    0.986500000000000E+03    0.428181862533847E+00    0.288332566943763E+00
    0.992760000000000E+03    0.401999970068846E+01    0.289082472441972E+00
    0.992780000000000E+03    0.405156305629953E+01    0.289084946430588E+00
    0.999040000000000E+03    0.137140622184938E+01    0.290267568222137E+00
    0.999060000000000E+03    0.140301697341397E+01    0.290271210037074E+00
    0.100532000000000E+04    0.501628437011050E+01    0.290196662760930E+00
    0.100534000000000E+04    0.504789216687732E+01    0.290192548936428E+00
    0.101160000000000E+04    0.236600800309293E+01    0.288902906945038E+00
    0.101162000000000E+04    0.239756404341438E+01    0.288900331605610E+00
    0.101788000000000E+04    0.598738045115533E+01    0.288226707881085E+00
    0.101790000000000E+04    0.601890952390636E+01    0.288223831728129E+00
    0.102416000000000E+04    0.331598779677461E+01    0.287615960037276E+00
    0.102418000000000E+04    0.334749239502457E+01    0.287616988673205E+00
    0.103046000000000E+04    0.680388820830785E+00    0.288927333920166E+00
    0.103048000000000E+04    0.711946139934071E+00    0.288932387932310E+00
    0.103674000000000E+04    0.431315993342241E+01    0.289810024735325E+00
    0.103676000000000E+04    0.434475261510215E+01    0.289811198585770E+00
    0.104302000000000E+04    0.166967626705059E+01    0.290296275791123E+00
    0.104304000000000E+04    0.170128812832877E+01    0.290297612239648E+00
    0.104930000000000E+04    0.531124071526415E+01    0.289697624861608E+00
    0.104932000000000E+04    0.534282852063393E+01    0.289692257853512E+00
    0.105558000000000E+04    0.265269795810855E+01    0.288157513000939E+00
    0.105560000000000E+04    0.268422418975251E+01    0.288155128925725E+00
    0.106186000000000E+04    0.626712613561995E+01    0.288005871178113E+00
    0.106188000000000E+04    0.154609258809160E-01    0.288005675725407E+00
    0.106816000000000E+04    0.362925552998695E+01    0.288074814671697E+00
    0.106818000000000E+04    0.366077853797333E+01    0.288077136993237E+00
    0.107444000000000E+04    0.969647529205986E+00    0.289619005012091E+00
    0.107446000000000E+04    0.100123247618603E+01    0.289624403225087E+00
    0.108072000000000E+04    0.461046256293707E+01    0.290264250728650E+00
    0.108074000000000E+04    0.464207328046473E+01    0.290263217847159E+00
    0.108700000000000E+04    0.196728193891363E+01    0.289892802320280E+00
    0.108702000000000E+04    0.199887758205568E+01    0.289891884578192E+00
    0.109328000000000E+04    0.560117859350362E+01    0.289013336756442E+00
    0.109330000000000E+04    0.563273906453037E+01    0.289008119621429E+00
    0.109956000000000E+04    0.293489429892929E+01    0.287656467835231E+00
    0.109958000000000E+04    0.296640052278394E+01    0.287655265761950E+00
    0.110586000000000E+04    0.295033440906309E+00    0.288180587640093E+00
    0.110588000000000E+04    0.326560722804061E+00    0.288183113327393E+00
    0.111214000000000E+04    0.391533963785696E+01    0.288801865180950E+00
    0.111216000000000E+04    0.394689176790007E+01    0.288804511421857E+00
    0.111842000000000E+04    0.126413072841501E+01    0.290156742936949E+00
    0.111844000000000E+04    0.129573711908483E+01    0.290161055480224E+00
    0.112470000000000E+04    0.490892140173924E+01    0.290293495497299E+00
    0.112472000000000E+04    0.494053311109019E+01    0.290290097534031E+00
    0.113098000000000E+04    0.226117063407150E+01    0.289185466279958E+00
    0.113100000000000E+04    0.229273787808461E+01    0.289183116751740E+00
    0.113726000000000E+04    0.588571886776981E+01    0.288389668717223E+00
    0.113728000000000E+04    0.591725465667764E+01    0.288385976048024E+00
    0.114354000000000E+04    0.321492291289633E+01    0.287552604356744E+00
    0.114356000000000E+04    0.324642516038830E+01    0.287553110057262E+00
    0.114984000000000E+04    0.577499955284111E+00    0.288699099374856E+00
    0.114986000000000E+04    0.609048029221867E+00    0.288703700503837E+00
    0.115612000000000E+04    0.420698382870887E+01    0.289578341679251E+00
    0.115614000000000E+04    0.423856697262363E+01    0.289580094614532E+00
    0.116240000000000E+04    0.156218350020413E+01    0.290338861721448E+00
    0.116242000000000E+04    0.159379705021229E+01    0.290341054530851E+00
    0.116868000000000E+04    0.520559999456282E+01    0.289907448222296E+00
    0.116870000000000E+04    0.523719648496217E+01    0.289902383659306E+00
    0.117496000000000E+04    0.255019161843575E+01    0.288409126243818E+00
    0.117498000000000E+04    0.258172788676347E+01    0.288406547734355E+00
    0.118124000000000E+04    0.616673446085042E+01    0.288046412753530E+00
    0.118126000000000E+04    0.619825636432415E+01    0.288045221219519E+00
    0.118754000000000E+04    0.352766148948876E+01    0.287878843474334E+00
    0.118756000000000E+04    0.355917667554513E+01    0.287880802596030E+00
    0.119382000000000E+04    0.865246552217513E+00    0.289385463271533E+00
    0.119384000000000E+04    0.896822089199304E+00    0.289390913971658E+00
    0.120010000000000E+04    0.450360012424539E+01    0.290152852749024E+00
    0.120012000000000E+04    0.453520620659242E+01    0.290152649252940E+00
    0.120638000000000E+04    0.186092090825991E+01    0.290081379803597E+00
    0.120640000000000E+04    0.189252410139625E+01    0.290081197179434E+00
    0.121266000000000E+04    0.549793637656944E+01    0.289262956447939E+00
    0.121268000000000E+04    0.552950692093327E+01    0.289257524076214E+00
    0.121894000000000E+04    0.283422150803631E+01    0.287797679574503E+00
    0.121896000000000E+04    0.286573335850085E+01    0.287795980826127E+00
    0.122524000000000E+04    0.194768083557619E+00    0.288079695740244E+00
    0.122526000000000E+04    0.226291306256144E+00    0.288081313531362E+00
    0.123152000000000E+04    0.381243186974143E+01    0.288534515350243E+00
    0.123154000000000E+04    0.384397312888518E+01    0.288537189158885E+00
    0.123780000000000E+04    0.115836928839281E+01    0.290005695984556E+00
    0.123782000000000E+04    0.118996931719334E+01    0.290010521291498E+00
    0.124408000000000E+04    0.480234653663410E+01    0.290335728928921E+00
    0.124410000000000E+04    0.483395994876332E+01    0.290333114271967E+00
    0.125036000000000E+04    0.215671231670512E+01    0.289459008669482E+00
    0.125038000000000E+04    0.218829062499003E+01    0.289457040449280E+00
    0.125664000000000E+04    0.578459303364912E+01    0.288592896918145E+00
    0.125666000000000E+04    0.581613668398177E+01    0.288588545174157E+00
    0.126294000000000E+04    0.314640443724534E+01    0.287542357771052E+00
    0.126296000000000E+04    0.317790606765379E+01    0.287542243013601E+00
    0.126922000000000E+04    0.476083508802731E+00    0.288489332979572E+00
    0.126924000000000E+04    0.507623288313880E+00    0.288493318860572E+00
    0.127550000000000E+04    0.410228360746805E+01    0.289321229398069E+00
    0.127552000000000E+04    0.413385662731412E+01    0.289323447640298E+00
    0.128178000000000E+04    0.145568612319767E+01    0.290329044463319E+00
    0.128180000000000E+04    0.148729927017098E+01    0.290332048489560E+00
    0.128806000000000E+04    0.510020255781706E+01    0.290086523267510E+00
    0.128808000000000E+04    0.513180593030643E+01    0.290081912751268E+00
    0.129434000000000E+04    0.244765954827881E+01    0.288673423146228E+00
    0.129436000000000E+04    0.247920640275538E+01    0.288670785093363E+00
    0.130062000000000E+04    0.606666572654922E+01    0.288125869778791E+00
    0.130064000000000E+04    0.609819072541495E+01    0.288123750644302E+00
    0.130692000000000E+04    0.342691171564502E+01    0.287718687486147E+00
    0.130694000000000E+04    0.345842046113103E+01    0.287720189861115E+00
    0.131320000000000E+04    0.761851585743898E+00    0.289139654879927E+00
    0.131322000000000E+04    0.793417316407158E+00    0.289144971959566E+00
    0.131948000000000E+04    0.439732873979028E+01    0.289989705880087E+00
    0.131950000000000E+04    0.442892832752250E+01    0.289990279776310E+00
    0.132576000000000E+04    0.175447330066527E+01    0.290221129697822E+00
    0.132578000000000E+04    0.178608194809703E+01    0.290221744451418E+00
    0.133204000000000E+04    0.539413801980027E+01    0.289504959490724E+00
    0.133206000000000E+04    0.542571819739032E+01    0.289499481936414E+00
    0.133832000000000E+04    0.273316232290472E+01    0.287978188932456E+00
    0.133834000000000E+04    0.276468140304223E+01    0.287976072519217E+00
    0.134462000000000E+04    0.946811327694377E-01    0.288020941892414E+00
    0.134464000000000E+04    0.126201997277349E+00    0.288021593764967E+00
    0.135090000000000E+04    0.371007864957437E+01    0.288277385351209E+00
    0.135092000000000E+04    0.374160980895340E+01    0.288279926871093E+00
    0.135718000000000E+04    0.105309049320704E+01    0.289811465582851E+00
    0.135720000000000E+04    0.108468304685493E+01    0.289816682949925E+00
    0.136346000000000E+04    0.469564936298229E+01    0.290324565557937E+00
    0.136348000000000E+04    0.472726229558248E+01    0.290322796673529E+00
    0.136974000000000E+04    0.205161757458791E+01    0.289707956687299E+00
    0.136976000000000E+04    0.208320586298350E+01    0.289706498468173E+00
    0.137602000000000E+04    0.568283247790168E+01    0.288815724468111E+00
    0.137604000000000E+04    0.571438510706457E+01    0.288810842512381E+00
    0.138232000000000E+04    0.304630615035921E+01    0.287585209649360E+00
    0.138234000000000E+04    0.307780923305154E+01    0.287584530374516E+00
    0.138860000000000E+04    0.375136200747875E+00    0.288308203918175E+00
    0.138862000000000E+04    0.406668364384586E+00    0.288311403451962E+00
    0.139488000000000E+04    0.399803071076258E+01    0.289041761281780E+00
    0.139490000000000E+04    0.402959244027625E+01    0.289044268674398E+00
    0.140116000000000E+04    0.134908742032530E+01    0.290256066720262E+00
    0.140118000000000E+04    0.138069773953703E+01    0.290259821596653E+00
    0.140744000000000E+04    0.499403970138883E+01    0.290219003384652E+00
    0.140746000000000E+04    0.502564838044009E+01    0.290214993242278E+00
    0.141372000000000E+04    0.234421857461803E+01    0.288949860857743E+00
    0.141374000000000E+04    0.237577649775722E+01    0.288947315671068E+00
    0.142000000000000E+04    0.596610599550786E+01    0.288253417934274E+00
    0.142002000000000E+04    0.599763613748246E+01    0.288250419263733E+00
    0.142630000000000E+04    0.332631129820584E+01    0.287608011602663E+00
    0.142632000000000E+04    0.335781546166982E+01    0.287608984432981E+00
    0.143258000000000E+04    0.658902874577507E+00    0.288893160286132E+00
    0.143260000000000E+04    0.690458693563869E+00    0.288898162652678E+00
    0.143886000000000E+04    0.429116308539278E+01    0.289780758456816E+00
    0.143888000000000E+04    0.432275434365783E+01    0.289782018174144E+00
    0.144514000000000E+04    0.164751135055440E+01    0.290306290365101E+00
    0.144516000000000E+04    0.167912356537045E+01    0.290307756801388E+00
    0.145142000000000E+04    0.528944954937697E+01    0.289732424120752E+00
    0.145144000000000E+04    0.532103901131222E+01    0.289727098424087E+00
    0.145770000000000E+04    0.263145757798429E+01    0.288196177114884E+00
    0.145772000000000E+04    0.266298532291739E+01    0.288193759947011E+00
    0.146400000000000E+04    0.627770473942292E+01    0.288009502989169E+00
    0.146402000000000E+04    0.260396253570434E-01    0.288009149578879E+00
    0.147028000000000E+04    0.360812089020465E+01    0.288044981017350E+00
    0.147030000000000E+04    0.363964273556894E+01    0.288047254883997E+00
    0.147656000000000E+04    0.948105316353121E+00    0.289586104701606E+00
    0.147658000000000E+04    0.979688846370209E+00    0.289591524694425E+00
    0.148284000000000E+04    0.458856299055515E+01    0.290251786201524E+00
    0.148286000000000E+04    0.462017306114149E+01    0.290250875350918E+00
    0.148912000000000E+04    0.194551101289198E+01    0.289924693204473E+00
    0.148914000000000E+04    0.197710797799664E+01    0.289923881161102E+00
    0.149540000000000E+04    0.557992944067701E+01    0.289053426563922E+00
    0.149542000000000E+04    0.561149153068982E+01    0.289048164132783E+00
    0.150170000000000E+04    0.294552088536693E+01    0.287674325719406E+00
    0.150172000000000E+04    0.297702776813230E+01    0.287673068227348E+00
    0.150798000000000E+04    0.274172248040941E+00    0.288162983276561E+00
    0.150800000000000E+04    0.305699027430364E+00    0.288165369858619E+00
    0.151426000000000E+04    0.389412722766156E+01    0.288762460815440E+00
    0.151428000000000E+04    0.392567799810422E+01    0.288765142765822E+00
    0.152054000000000E+04    0.124255692954648E+01    0.290139223822273E+00
    0.152056000000000E+04    0.127416256953484E+01    0.290143623662941E+00
    0.152682000000000E+04    0.488729656703799E+01    0.290306637756122E+00
    0.152684000000000E+04    0.491890877378955E+01    0.290303351832189E+00
    0.153310000000000E+04    0.223994384788284E+01    0.289229682650587E+00
    0.153312000000000E+04    0.227151297431828E+01    0.289227381495386E+00
    0.153940000000000E+04    0.589654256376889E+01    0.288418567492557E+00
    0.153942000000000E+04    0.592807925051511E+01    0.288414769704516E+00
    0.154568000000000E+04    0.322582368170106E+01    0.287548421441959E+00
    0.154570000000000E+04    0.325732557960919E+01    0.287548809858918E+00
    0.155196000000000E+04    0.556636474860170E+00    0.288665089608938E+00
    0.155198000000000E+04    0.588183255420518E+00    0.288669610882685E+00
    0.155824000000000E+04    0.418563300493088E+01    0.289542716163696E+00
    0.155826000000000E+04    0.421721476132007E+01    0.289544542831547E+00
    0.156452000000000E+04    0.154060269677757E+01    0.290341280221803E+00
    0.156454000000000E+04    0.157221630465847E+01    0.290343590335614E+00
    0.157080000000000E+04    0.518417867105654E+01    0.289938956596525E+00
    0.157082000000000E+04    0.521577617557705E+01    0.289933948338653E+00
    0.157708000000000E+04    0.252915255030757E+01    0.288445690521124E+00
    0.157710000000000E+04    0.256069029740047E+01    0.288443089469458E+00
    0.158338000000000E+04    0.617752099701647E+01    0.288051390925710E+00
    0.158340000000000E+04    0.620904305184831E+01    0.288050070859654E+00
    0.158966000000000E+04    0.350677088440079E+01    0.287850923926337E+00
    0.158968000000000E+04    0.353828495486005E+01    0.287852824045430E+00
    0.159594000000000E+04    0.843931019662250E+00    0.289348063291148E+00
    0.159596000000000E+04    0.875505052658355E+00    0.289353507827384E+00
    0.160222000000000E+04    0.448186645482019E+01    0.290131416882026E+00
    0.160224000000000E+04    0.451347167973381E+01    0.290131332737342E+00
    0.160850000000000E+04    0.183920666097629E+01    0.290105151466675E+00
    0.160852000000000E+04    0.187081084880583E+01    0.290105081901590E+00
    0.161478000000000E+04    0.547664330003317E+01    0.289301125143135E+00
    0.161480000000000E+04    0.550821535694740E+01    0.289295676626042E+00
    0.162108000000000E+04    0.284481789434358E+01    0.287819583795644E+00
    0.162110000000000E+04    0.287633058601523E+01    0.287817838197692E+00
    0.162736000000000E+04    0.173932537307337E+00    0.288066398929909E+00
    0.162738000000000E+04    0.205455255653305E+00    0.288067874472326E+00
    0.163364000000000E+04    0.379122572936785E+01    0.288493400840930E+00
    0.163366000000000E+04    0.382276555488306E+01    0.288496062341121E+00
    0.163992000000000E+04    0.113676018714705E+01    0.289976335494726E+00
    0.163994000000000E+04    0.116835932145750E+01    0.289981243973020E+00
    0.164620000000000E+04    0.478058653676999E+01    0.290339562561843E+00
    0.164622000000000E+04    0.481220009834033E+01    0.290337079497067E+00
    0.165248000000000E+04    0.213525429997571E+01    0.289497435012223E+00
    0.165250000000000E+04    0.216683414336694E+01    0.289495532615787E+00
    0.165878000000000E+04    0.579517371120619E+01    0.288619612692369E+00
    0.165880000000000E+04    0.582671841787533E+01    0.288615160717193E+00
    0.166506000000000E+04    0.312565229257189E+01    0.287543784469019E+00
    0.166508000000000E+04    0.315715398596103E+01    0.287543578453291E+00
    0.167134000000000E+04    0.455174294293101E+00    0.288459039589554E+00
    0.167136000000000E+04    0.486712800245186E+00    0.288462931772355E+00
    0.167762000000000E+04    0.408085597687250E+01    0.289279603808826E+00
    0.167764000000000E+04    0.411242719561869E+01    0.289281860964324E+00
    0.168390000000000E+04    0.143390289621584E+01    0.290319014928112E+00
    0.168392000000000E+04    0.146551559911677E+01    0.290322132706752E+00
    0.169018000000000E+04    0.507852205808695E+01    0.290109075296493E+00
    0.169020000000000E+04    0.511012639053297E+01    0.290104549650544E+00
    0.169648000000000E+04    0.245797084430615E+01    0.288712317429396E+00
    0.169650000000000E+04    0.248951926974087E+01    0.288709691806790E+00
    0.170276000000000E+04    0.607737186318491E+01    0.288141213095344E+00
    0.170278000000000E+04    0.610889750164188E+01    0.288138951967844E+00
    0.170904000000000E+04    0.340607014713214E+01    0.287700471062667E+00
    0.170906000000000E+04    0.343757819867233E+01    0.287701905220839E+00
    0.171532000000000E+04    0.740657863112119E+00    0.289103242594269E+00
    0.171534000000000E+04    0.772222099193641E+00    0.289108526167163E+00
    0.172160000000000E+04    0.437567226673082E+01    0.289961739433189E+00
    0.172162000000000E+04    0.440727072122627E+01    0.289962418769578E+00
    0.172788000000000E+04    0.173276314310897E+01    0.290237560992745E+00
    0.172790000000000E+04    0.176437262128184E+01    0.290238303817923E+00
    0.173416000000000E+04    0.537283628069144E+01    0.289542976437606E+00
    0.173418000000000E+04    0.540441803167914E+01    0.289537515150558E+00
    0.174046000000000E+04    0.274382611591318E+01    0.288006755082972E+00
    0.174048000000000E+04    0.277534628589819E+01    0.288004606363526E+00
    0.174674000000000E+04    0.740040378786944E-01    0.288015921132323E+00
    0.174676000000000E+04    0.105524729132412E+00    0.288016423036001E+00
    0.175302000000000E+04    0.368910920404187E+01    0.288241291990596E+00
    0.175304000000000E+04    0.372063894138455E+01    0.288243805413119E+00
    0.175930000000000E+04    0.103166271526152E+01    0.289778526764551E+00
    0.175932000000000E+04    0.106325394985606E+01    0.289783786228244E+00
    0.176558000000000E+04    0.467394392787264E+01    0.290317886100457E+00
    0.176560000000000E+04    0.470555664328185E+01    0.290316248684882E+00
    0.177186000000000E+04    0.203011624410601E+01    0.289743058267454E+00
    0.177188000000000E+04    0.206170591853743E+01    0.289741693332462E+00
    0.177816000000000E+04    0.569336830392831E+01    0.288845297494109E+00
    0.177818000000000E+04    0.572492201760087E+01    0.288840342010827E+00
    0.178444000000000E+04    0.302558228078124E+01    0.287593095628337E+00
    0.178446000000000E+04    0.305708592820201E+01    0.287592307076088E+00
    0.179072000000000E+04    0.354397249793692E+00    0.288284949785224E+00
    0.179074000000000E+04    0.385928765022527E+00    0.288288085737853E+00
    0.179700000000000E+04    0.397689263713482E+01    0.289003834953704E+00
    0.179702000000000E+04    0.400845272429069E+01    0.289006374253233E+00
    0.180328000000000E+04    0.132754535518552E+01    0.290245389199836E+00
    0.180330000000000E+04    0.135915493802258E+01    0.290249237840340E+00
    0.180956000000000E+04    0.497247648905659E+01    0.290233954438874E+00
    0.180958000000000E+04    0.500408575702613E+01    0.290230038884275E+00
    0.181586000000000E+04    0.235457383857647E+01    0.288987932184390E+00
    0.181588000000000E+04    0.238613316024293E+01    0.288985445983204E+00
    0.182214000000000E+04    0.597688041557240E+01    0.288273380399325E+00
    0.182216000000000E+04    0.600841131820698E+01    0.288270256051008E+00
    0.182842000000000E+04    0.330559958148569E+01    0.287596864376815E+00
    0.182844000000000E+04    0.333710321919216E+01    0.287597751532137E+00
    0.183470000000000E+04    0.637864704782260E+00    0.288857669639723E+00
    0.183472000000000E+04    0.669419000844300E+00    0.288862598385193E+00
    0.184098000000000E+04    0.426965459374560E+01    0.289745735697219E+00
    0.184100000000000E+04    0.430124454517136E+01    0.289747088933617E+00
    0.184726000000000E+04    0.162584821329210E+01    0.290316697995418E+00
    0.184728000000000E+04    0.165746091237861E+01    0.290318291864967E+00
    0.185354000000000E+04    0.526804971487854E+01    0.289768279392023E+00
    0.185356000000000E+04    0.529964036429919E+01    0.289762983932396E+00
    0.185984000000000E+04    0.264200226928642E+01    0.288230362491607E+00
    0.185986000000000E+04    0.267353141140029E+01    0.288227917623864E+00
    0.186612000000000E+04    0.625703101074123E+01    0.288015144237533E+00
    0.186614000000000E+04    0.536617566422137E-02    0.288014653185598E+00
    0.187240000000000E+04    0.358725936307383E+01    0.288015274507694E+00
    0.187242000000000E+04    0.361877997630427E+01    0.288017492288596E+00
    0.187868000000000E+04    0.926812230700762E+00    0.289552487612945E+00
    0.187870000000000E+04    0.958394515786040E+00    0.289557924044697E+00
    0.188496000000000E+04    0.456699167427450E+01    0.290239891933354E+00
    0.188498000000000E+04    0.459860147566496E+01    0.290239114879521E+00
    0.189124000000000E+04    0.192409257829286E+01    0.289956233268557E+00
    0.189126000000000E+04    0.195569080218957E+01    0.289955522793832E+00
    0.189754000000000E+04    0.559055468716224E+01    0.289087528969732E+00
    0.189756000000000E+04    0.562211808682105E+01    0.289082226447672E+00
    0.190382000000000E+04    0.292496811856154E+01    0.287695923324982E+00
    0.190384000000000E+04    0.295647582302990E+01    0.287694585263103E+00
    0.191010000000000E+04    0.253648786795566E+00    0.288148545571788E+00
    0.191012000000000E+04    0.285174818116957E+00    0.288150816375151E+00
    0.191638000000000E+04    0.387319081951136E+01    0.288725295471292E+00
    0.191640000000000E+04    0.390473992729540E+01    0.288727967654501E+00
    0.192266000000000E+04    0.122120249709496E+01    0.290118909106273E+00
    0.192268000000000E+04    0.125280728805046E+01    0.290123393562851E+00
    0.192894000000000E+04    0.486585515207435E+01    0.290315564713711E+00
    0.192896000000000E+04    0.489746771671525E+01    0.290312392513704E+00
    0.193524000000000E+04    0.225040340754140E+01    0.289267722454638E+00
    0.193526000000000E+04    0.228197405547826E+01    0.289265472002564E+00
    0.194152000000000E+04    0.587591835774083E+01    0.288447183566657E+00
    0.194154000000000E+04    0.590745621103315E+01    0.288443284969134E+00
    0.194780000000000E+04    0.320534887153917E+01    0.287544935904970E+00
    0.194782000000000E+04    0.323685063032326E+01    0.287545232293603E+00
    0.195408000000000E+04    0.535931014097969E+00    0.288632920756397E+00
    0.195410000000000E+04    0.567476553121651E+00    0.288637357306350E+00
    0.196036000000000E+04    0.416445546497380E+01    0.289506003521515E+00
    0.196038000000000E+04    0.419603584816059E+01    0.289507911389126E+00
    0.196664000000000E+04    0.151917879024313E+01    0.290342858446487E+00
    0.196666000000000E+04    0.155079244881790E+01    0.290345293573344E+00
    0.197294000000000E+04    0.519453668817914E+01    0.289961170669995E+00
    0.197296000000000E+04    0.522613503843058E+01    0.289956209822910E+00
    0.197922000000000E+04    0.253986554264566E+01    0.288479880721930E+00
    0.197924000000000E+04    0.257140464064560E+01    0.288477279682082E+00
    0.198550000000000E+04    0.615701747853336E+01    0.288059642235563E+00
    0.198552000000000E+04    0.618853985249143E+01    0.288058182281431E+00
    0.199178000000000E+04    0.348612361796586E+01    0.287824089306458E+00
    0.199180000000000E+04    0.351763662197754E+01    0.287825922681187E+00
    0.199806000000000E+04    0.822849594004765E+00    0.289309142667809E+00
    0.199808000000000E+04    0.854422063968741E+00    0.289314576815998E+00
    0.200434000000000E+04    0.446034019767967E+01    0.290106993310842E+00
    0.200436000000000E+04    0.449194447591526E+01    0.290107027488513E+00
    0.201062000000000E+04    0.181766206882685E+01    0.290125359368793E+00
    0.201064000000000E+04    0.184926707504337E+01    0.290125407441008E+00
    0.201692000000000E+04    0.548705880607167E+01    0.289330466004280E+00
    0.201694000000000E+04    0.551863200936259E+01    0.289324987354738E+00
    0.202320000000000E+04    0.282401055100354E+01    0.287842201929696E+00
    0.202322000000000E+04    0.285552411093522E+01    0.287840383923030E+00
    0.202948000000000E+04    0.153185681853756E+00    0.288052697580705E+00
    0.202950000000000E+04    0.184707861913466E+00    0.288054031353872E+00
    0.203576000000000E+04    0.377008775152990E+01    0.288451554127919E+00
    0.203578000000000E+04    0.380162589119755E+01    0.288454196285755E+00
    0.204204000000000E+04    0.111513217581387E+01    0.289945450118526E+00
    0.204206000000000E+04    0.114673005819259E+01    0.289950423210775E+00
    0.204832000000000E+04    0.475872410581587E+01    0.290337234716959E+00
    0.204834000000000E+04    0.479033756893796E+01    0.290334877722008E+00
    0.205462000000000E+04    0.214519676014152E+01    0.289530877940498E+00
    0.205464000000000E+04    0.217677794556357E+01    0.289529048470458E+00
    0.206090000000000E+04    0.577399888823811E+01    0.288649609824439E+00
    0.206092000000000E+04    0.580554478486101E+01    0.288645078993448E+00
    0.206718000000000E+04    0.310467187718859E+01    0.287544514292152E+00
    0.206720000000000E+04    0.313617359362024E+01    0.287544214463021E+00
    0.207346000000000E+04    0.434001825404266E+00    0.288426769103013E+00
    0.207348000000000E+04    0.465539032222750E+00    0.288430556596877E+00
    0.207974000000000E+04    0.405914493520049E+01    0.289234854087081E+00
    0.207976000000000E+04    0.409071429583491E+01    0.289237160252610E+00
    0.208602000000000E+04    0.141177394109900E+01    0.290309522607090E+00
    0.208604000000000E+04    0.144338608221233E+01    0.290312758389318E+00
    0.209232000000000E+04    0.508800184645133E+01    0.290121650355458E+00
    0.209234000000000E+04    0.511960661418107E+01    0.290117187891526E+00
    0.209860000000000E+04    0.243616974353654E+01    0.288747954798387E+00
    0.209862000000000E+04    0.246771946713852E+01    0.288745357824900E+00
    0.210488000000000E+04    0.605592676790502E+01    0.288153657716107E+00
    0.210490000000000E+04    0.608745289374929E+01    0.288151260752754E+00
    0.211116000000000E+04    0.338450045766194E+01    0.287676162451720E+00
    0.211118000000000E+04    0.341600727273772E+01    0.287677506041426E+00
    0.211744000000000E+04    0.718550193564624E+00    0.289056124090481E+00
    0.211746000000000E+04    0.750112390748200E+00    0.289061348859838E+00
    0.212372000000000E+04    0.435297211844500E+01    0.289924119780762E+00
    0.212374000000000E+04    0.438456910084233E+01    0.289924914354255E+00
    0.213000000000000E+04    0.170988625143036E+01    0.290246449949736E+00
    0.213002000000000E+04    0.174149612150040E+01    0.290247328958661E+00
    0.213630000000000E+04    0.538183921856898E+01    0.289568650510534E+00
    0.213632000000000E+04    0.541342202542501E+01    0.289563189287759E+00
    0.214258000000000E+04    0.272162133059101E+01    0.288032908383098E+00
    0.214260000000000E+04    0.275314253706529E+01    0.288030699653745E+00
    0.214886000000000E+04    0.519211803866710E-01    0.288004195533717E+00
    0.214888000000000E+04    0.834414325904618E-01    0.288004535722644E+00
    0.215514000000000E+04    0.366662247711611E+01    0.288193934121482E+00
    0.215516000000000E+04    0.369815035166584E+01    0.288196411995875E+00
    0.216142000000000E+04    0.100858922114048E+01    0.289735253850717E+00
    0.216144000000000E+04    0.104017873449720E+01    0.289740559541514E+00
    0.216770000000000E+04    0.465047846056768E+01    0.290302568610805E+00
    0.216772000000000E+04    0.468209061638208E+01    0.290301075747860E+00
    0.217400000000000E+04    0.203835404304209E+01    0.289772679922730E+00
    0.217402000000000E+04    0.206994488667578E+01    0.289771408743591E+00
    0.218028000000000E+04    0.567046408673968E+01    0.288878384708484E+00
    0.218030000000000E+04    0.570201915126972E+01    0.288873357903612E+00
    0.218656000000000E+04    0.300294459078123E+01    0.287600401629502E+00
    0.218658000000000E+04    0.303444858882222E+01    0.287599511924429E+00
    0.219284000000000E+04    0.331610600837394E+00    0.288252170872861E+00
    0.219286000000000E+04    0.363140763397496E+00    0.288255166748750E+00
    0.219912000000000E+04    0.395348054894248E+01    0.288949228801462E+00
    0.219914000000000E+04    0.398503856420712E+01    0.288951794521920E+00
    0.220540000000000E+04    0.130366045231085E+01    0.290218395605463E+00
    0.220542000000000E+04    0.133526931239248E+01    0.290222372656033E+00
    0.221170000000000E+04    0.498019420595574E+01    0.290245287018231E+00
    0.221172000000000E+04    0.501180400351404E+01    0.290241483439902E+00
    0.221798000000000E+04    0.233108437813371E+01    0.289032434827471E+00
    0.221800000000000E+04    0.236264550276564E+01    0.289029948123400E+00
    0.222426000000000E+04    0.595381731095586E+01    0.288294093585813E+00
    0.222428000000000E+04    0.598534902444271E+01    0.288290832036644E+00
    0.223054000000000E+04    0.328255750100561E+01    0.287576628066131E+00
    0.223056000000000E+04    0.331406056793048E+01    0.287577405316801E+00
    0.223682000000000E+04    0.614470697539218E+00    0.288811335088664E+00
    0.223684000000000E+04    0.646023302562753E+00    0.288816204740820E+00
    0.224310000000000E+04    0.424563265521010E+01    0.289702285908901E+00
    0.224312000000000E+04    0.427722084919424E+01    0.289703747333514E+00
    0.224940000000000E+04    0.163314089056257E+01    0.290319678762632E+00
    0.224942000000000E+04    0.166475365652468E+01    0.290321407064025E+00
    0.225568000000000E+04    0.527553679341281E+01    0.289792851869537E+00
    0.225570000000000E+04    0.530712841185505E+01    0.289787596832096E+00
    0.226196000000000E+04    0.261832626580917E+01    0.288264420232784E+00
    0.226198000000000E+04    0.264985673150932E+01    0.288261941968971E+00
    0.226824000000000E+04    0.623357153442339E+01    0.288009959738795E+00
    0.226826000000000E+04    0.626509194786104E+01    0.288009305443800E+00
    0.227452000000000E+04    0.356345029269551E+01    0.287968739634252E+00
    0.227454000000000E+04    0.359496907629591E+01    0.287970894230970E+00
    0.228080000000000E+04    0.902386395019676E+00    0.289501987788192E+00
    0.228082000000000E+04    0.933966606211015E+00    0.289507443025537E+00
    0.228708000000000E+04    0.454199938033753E+01    0.290213258407090E+00
    0.228710000000000E+04    0.457360788129517E+01    0.290212625217732E+00
    0.229338000000000E+04    0.193065423519511E+01    0.289981336115566E+00
    0.229340000000000E+04    0.196225331741607E+01    0.289980752444859E+00
    0.229966000000000E+04    0.556599600130721E+01    0.289121889898976E+00
    0.229968000000000E+04    0.559756100176082E+01    0.289116538399516E+00
    0.230594000000000E+04    0.290082506350518E+01    0.287714130911057E+00
    0.230596000000000E+04    0.293233359573605E+01    0.287712695491987E+00
    0.231222000000000E+04    0.229536757937240E+00    0.288124185400484E+00
    0.231224000000000E+04    0.261061815992889E+00    0.288126295081536E+00
    0.231850000000000E+04    0.384851385579350E+01    0.288668479520287E+00
    0.231852000000000E+04    0.388006061183523E+01    0.288671144005496E+00
    0.232478000000000E+04    0.119591308929512E+01    0.290083119528920E+00
    0.232480000000000E+04    0.122751653777323E+01    0.290087709968717E+00
    0.233108000000000E+04    0.487204946296788E+01    0.290314738486130E+00
    0.233110000000000E+04    0.490366235794818E+01    0.290311706217467E+00
    0.233736000000000E+04    0.222540640720763E+01    0.289316157031744E+00
    0.233738000000000E+04    0.225697899007764E+01    0.289313977646999E+00
    0.234364000000000E+04    0.585150625088772E+01    0.288481046504952E+00
    0.234366000000000E+04    0.588304547396456E+01    0.288477009960345E+00
    0.234992000000000E+04    0.318110884292219E+01    0.287538911664390E+00
    0.234994000000000E+04    0.321261039044839E+01    0.287539095824137E+00
    0.235620000000000E+04    0.511397895951632E+00    0.288590615257568E+00
    0.235622000000000E+04    0.542941620446982E+00    0.288594950363940E+00
    0.236248000000000E+04    0.413923517017702E+01    0.289454534010981E+00
    0.236250000000000E+04    0.417081333285341E+01    0.289456515561353E+00
    0.236878000000000E+04    0.152518643554731E+01    0.290338659808443E+00
    0.236880000000000E+04    0.155680000299344E+01    0.290341238326194E+00
    0.237506000000000E+04    0.516917124344400E+01    0.289993352288687E+00
    0.237508000000000E+04    0.520077106385452E+01    0.289988478851265E+00
    0.238134000000000E+04    0.251508597125030E+01    0.288529060323878E+00
    0.238136000000000E+04    0.254662705168403E+01    0.288526440119737E+00
    0.238762000000000E+04    0.613269641255192E+01    0.288074469068636E+00
    0.238764000000000E+04    0.616421936468214E+01    0.288072834100784E+00
    0.239390000000000E+04    0.346167275878042E+01    0.287794146188289E+00
    0.239392000000000E+04    0.349318448574513E+01    0.287795886397846E+00
    0.240018000000000E+04    0.797874264006168E+00    0.289263334680722E+00
    0.240020000000000E+04    0.829444790557318E+00    0.289268736417040E+00
    0.240648000000000E+04    0.446642073756084E+01    0.290076515692950E+00
    0.240650000000000E+04    0.449802382770486E+01    0.290076690015706E+00
    0.241276000000000E+04    0.182371819735317E+01    0.290151733787025E+00
    0.241278000000000E+04    0.185532427058388E+01    0.290151923477320E+00
    0.241904000000000E+04    0.546200702311762E+01    0.289375743256979E+00
    0.241906000000000E+04    0.549358196080084E+01    0.289370258256676E+00
    0.242532000000000E+04    0.279947214051299E+01    0.287874015586177E+00
    0.242534000000000E+04    0.283098697900323E+01    0.287872114206363E+00
    0.243160000000000E+04    0.128835740315935E+00    0.288040616406242E+00
    0.243162000000000E+04    0.160357557427687E+00    0.288041767952276E+00
    0.243788000000000E+04    0.374534041137940E+01    0.288404236413540E+00
    0.243790000000000E+04    0.377687671164722E+01    0.288406862256908E+00
    0.244416000000000E+04    0.108983566221741E+01    0.289910630059088E+00
    0.244418000000000E+04    0.112143214659091E+01    0.289915678862658E+00
    0.245046000000000E+04    0.476478774738416E+01    0.290334661751134E+00
    0.245048000000000E+04    0.479640109439333E+01    0.290332448318874E+00
    0.245674000000000E+04    0.211995683308669E+01    0.289577932025473E+00
    0.245676000000000E+04    0.215153987846134E+01    0.289576192412338E+00
    0.246302000000000E+04    0.574937203601485E+01    0.288691021077854E+00
    0.246304000000000E+04    0.578091963294355E+01    0.288686394062451E+00
    0.246930000000000E+04    0.308034725615062E+01    0.287550903724320E+00
    0.246932000000000E+04    0.311184921712947E+01    0.287550497106379E+00
    0.247558000000000E+04    0.409517406917530E+00    0.288393021055292E+00
    0.247560000000000E+04    0.441053226408258E+00    0.288396677040190E+00
    0.248186000000000E+04    0.403405694498224E+01    0.289184822098580E+00
    0.248188000000000E+04    0.406562425866059E+01    0.289187190303305E+00
    0.248816000000000E+04    0.141789724199907E+01    0.290298910105518E+00
    0.248818000000000E+04    0.144950903275003E+01    0.290302271239649E+00
    0.249444000000000E+04    0.506266305034296E+01    0.290152073266094E+00
    0.249446000000000E+04    0.509426905241389E+01    0.290147732138198E+00
    0.250072000000000E+04    0.241141872606386E+01    0.288802424748953E+00
    0.250074000000000E+04    0.244297076655175E+01    0.288799811728644E+00
    0.250700000000000E+04    0.603173089827123E+01    0.288178539769372E+00
    0.250702000000000E+04    0.606325799119986E+01    0.288175981339351E+00
    0.251328000000000E+04    0.336033606057345E+01    0.287655659397941E+00
    0.251330000000000E+04    0.339184228469094E+01    0.287656896612143E+00
    0.251956000000000E+04    0.694058496663274E+00    0.289014781862978E+00
    0.251958000000000E+04    0.725619211858429E+00    0.289019975457893E+00
    0.252586000000000E+04    0.435956151120672E+01    0.289891717761009E+00
    0.252588000000000E+04    0.439115714711943E+01    0.289892634859821E+00
    0.253214000000000E+04    0.171637052814685E+01    0.290267275372330E+00
    0.253216000000000E+04    0.174798110940037E+01    0.290268296454329E+00
    0.253842000000000E+04    0.535714922646366E+01    0.289613981086390E+00
    0.253844000000000E+04    0.538873373729484E+01    0.289608549475083E+00
    0.254470000000000E+04    0.269752405232430E+01    0.288075921982348E+00
    0.254472000000000E+04    0.272904697903596E+01    0.288073656480809E+00
    0.255098000000000E+04    0.281520583935162E-01    0.288005686363873E+00
    0.255100000000000E+04    0.596722951931952E-01    0.288005859409020E+00
    0.255726000000000E+04    0.364256432120783E+01    0.288156108998458E+00
    0.255728000000000E+04    0.367409062231718E+01    0.288158525867973E+00
    0.256354000000000E+04    0.984020327463895E+00    0.289698423044335E+00
    0.256356000000000E+04    0.101560835626287E+01    0.289703769460537E+00
    0.256984000000000E+04    0.465718178576572E+01    0.290292335339282E+00
    0.256986000000000E+04    0.468879346567201E+01    0.290290980735796E+00
    0.257612000000000E+04    0.201366130595306E+01    0.289814441044497E+00
    0.257614000000000E+04    0.204525385325451E+01    0.289813283414439E+00
    0.258240000000000E+04    0.564640293086313E+01    0.288924675269260E+00
    0.258242000000000E+04    0.567795987362342E+01    0.288919576969414E+00
    0.258868000000000E+04    0.297928646227183E+01    0.287618434169477E+00
    0.258870000000000E+04    0.301079111980744E+01    0.287617439177898E+00
    0.259496000000000E+04    0.307920671997636E+00    0.288227594327875E+00
    0.259498000000000E+04    0.339450028433021E+00    0.288230434249080E+00
    0.260124000000000E+04    0.392933639044986E+01    0.288902607716325E+00
    0.260126000000000E+04    0.396089274836231E+01    0.288905223735660E+00
    0.260754000000000E+04    0.131071604994486E+01    0.290205757444277E+00
    0.260756000000000E+04    0.134232433767193E+01    0.290209834508372E+00
    0.261382000000000E+04    0.495563302286882E+01    0.290265084156129E+00
    0.261384000000000E+04    0.498724356050116E+01    0.290261410424849E+00
    0.262010000000000E+04    0.230702749816919E+01    0.289084446384763E+00
    0.262012000000000E+04    0.233859080258117E+01    0.289082004946416E+00
    0.262638000000000E+04    0.593039615724956E+01    0.288327390268371E+00
    0.262640000000000E+04    0.596192918763245E+01    0.288323989719776E+00
    0.263266000000000E+04    0.325928137314349E+01    0.287568988829785E+00
    0.263268000000000E+04    0.329078410025522E+01    0.287569662436003E+00
    0.263894000000000E+04    0.590914391867045E+00    0.288775523002841E+00
    0.263896000000000E+04    0.622465561043100E+00    0.288780316793876E+00
    0.264524000000000E+04    0.425314438280566E+01    0.289667216304406E+00
    0.264526000000000E+04    0.428473107669106E+01    0.289668769839623E+00
    0.265152000000000E+04    0.160884362584147E+01    0.290330899940798E+00
    0.265154000000000E+04    0.164045664593050E+01    0.290332771205455E+00
    0.265780000000000E+04    0.525155993404951E+01    0.289831935470906E+00
    0.265782000000000E+04    0.528315314713291E+01    0.289826731007711E+00
    0.266408000000000E+04    0.259491916612296E+01    0.288310437621447E+00
    0.266410000000000E+04    0.262645152857385E+01    0.288307915920130E+00
    0.267036000000000E+04    0.621057643153290E+01    0.288021026623594E+00
    0.267038000000000E+04    0.624209727640209E+01    0.288020205136746E+00
    0.267664000000000E+04    0.354030528441854E+01    0.287939827532931E+00
    0.267666000000000E+04    0.357182291382014E+01    0.287941917483893E+00
    0.268294000000000E+04    0.910384318120123E+00    0.289470012305701E+00
    0.268296000000000E+04    0.941963236278752E+00    0.289475463070773E+00
    0.268922000000000E+04    0.454964207819103E+01    0.290196240400800E+00
    0.268924000000000E+04    0.458124988982127E+01    0.290195739057162E+00
    0.269550000000000E+04    0.190681579406009E+01    0.290015844838433E+00
    0.269552000000000E+04    0.193841635417175E+01    0.290015388822238E+00
    0.270178000000000E+04    0.554271528069785E+01    0.289169520937240E+00
    0.270180000000000E+04    0.557428207449721E+01    0.289164144600571E+00
    0.270806000000000E+04    0.287800445282573E+01    0.287738798824679E+00
    0.270808000000000E+04    0.290951396708715E+01    0.287737275760031E+00
    0.271434000000000E+04    0.206783455672849E+00    0.288106796466358E+00
    0.271436000000000E+04    0.238307771955988E+00    0.288108753988183E+00
    0.272062000000000E+04    0.382529553886434E+01    0.288625479596779E+00
    0.272064000000000E+04    0.385684029210097E+01    0.288628154103958E+00
    0.272692000000000E+04    0.120376027175462E+01    0.290062852800073E+00
    0.272694000000000E+04    0.123536245522973E+01    0.290067497269989E+00
    0.273320000000000E+04    0.484806097062210E+01    0.290324689409337E+00
    0.273322000000000E+04    0.487967391025086E+01    0.290321788387030E+00
    0.273948000000000E+04    0.220170103652708E+01    0.289359221073365E+00
    0.273950000000000E+04    0.223327534895634E+01    0.289357096551220E+00
    0.274576000000000E+04    0.582833452954037E+01    0.288512769510142E+00
    0.274578000000000E+04    0.585987502940952E+01    0.288508643957467E+00
    0.275204000000000E+04    0.315813916175739E+01    0.287536239770935E+00
    0.275206000000000E+04    0.318964053408035E+01    0.287536323426424E+00
    0.275832000000000E+04    0.488155973372159E+00    0.288552435915697E+00
    0.275834000000000E+04    0.519698092968611E+00    0.288556646732690E+00
    0.276462000000000E+04    0.414696420445034E+01    0.289409848176981E+00
    0.276464000000000E+04    0.417854064517905E+01    0.289411911559861E+00
    0.277090000000000E+04    0.150100305072192E+01    0.290333748011873E+00
    0.277092000000000E+04    0.153261641255267E+01    0.290336465992488E+00
    0.277718000000000E+04    0.514511543724984E+01    0.290021714722163E+00
    0.277720000000000E+04    0.517671624913419E+01    0.290016915482709E+00
    0.278346000000000E+04    0.249147128750519E+01    0.288572652561210E+00
    0.278348000000000E+04    0.252301412745237E+01    0.288570016518630E+00
    0.278974000000000E+04    0.610949537418037E+01    0.288087191781700E+00
    0.278976000000000E+04    0.614101887284869E+01    0.288085391382904E+00
    0.279602000000000E+04    0.343832945950453E+01    0.287764058672965E+00
    0.279604000000000E+04    0.346984001368401E+01    0.287765708977127E+00
    0.280232000000000E+04    0.805609011101296E+00    0.289222014069905E+00
    0.280234000000000E+04    0.837178103573024E+00    0.289227390615673E+00
    0.280860000000000E+04    0.444210582954202E+01    0.290047170861092E+00
    0.280862000000000E+04    0.447370792533548E+01    0.290047489987751E+00
    0.281488000000000E+04    0.179937603481631E+01    0.290174024267314E+00
    0.281490000000000E+04    0.183098299114135E+01    0.290174353235188E+00
    0.282116000000000E+04    0.543810736395153E+01    0.289417533743900E+00
    0.282118000000000E+04    0.546968396957345E+01    0.289412049940679E+00
    0.282744000000000E+04    0.277605099407901E+01    0.287905645839386E+00
    0.282746000000000E+04    0.280756709855450E+01    0.287903668928249E+00
    0.283372000000000E+04    0.105553154592599E+00    0.288029553606936E+00
    0.283374000000000E+04    0.137074432545887E+00    0.288030540677331E+00
    0.284000000000000E+04    0.372162145593029E+01    0.288356589471837E+00
    0.284002000000000E+04    0.375315584746568E+01    0.288359188030488E+00
    0.284630000000000E+04    0.109716680084421E+01    0.289878512617053E+00
    0.284632000000000E+04    0.112876203732321E+01    0.289883614103675E+00
    0.285258000000000E+04    0.474024732419093E+01    0.290330989434382E+00
    0.285260000000000E+04    0.477186054515823E+01    0.290328925748966E+00
    0.285886000000000E+04    0.209568583794407E+01    0.289620730452076E+00
    0.285888000000000E+04    0.212727061827627E+01    0.289619084700961E+00
    0.286514000000000E+04    0.572568853096072E+01    0.288730313747975E+00
    0.286516000000000E+04    0.575723765889597E+01    0.288725589162601E+00
    0.287142000000000E+04    0.305696045094010E+01    0.287558405179173E+00
    0.287144000000000E+04    0.308846271824041E+01    0.287557883336186E+00
    0.287770000000000E+04    0.385977228754200E+00    0.288360028995815E+00
    0.287772000000000E+04    0.417511771427598E+00    0.288363554530925E+00
    0.288400000000000E+04    0.404151591386471E+01    0.289137482360532E+00
    0.288402000000000E+04    0.407308145104162E+01    0.289139904591257E+00
    0.289028000000000E+04    0.139338925186348E+01    0.290284678636580E+00
    0.289030000000000E+04    0.142500060882139E+01    0.290288175106631E+00
    0.289656000000000E+04    0.503823454916164E+01    0.290174580411527E+00
    0.289658000000000E+04    0.506984150087737E+01    0.290170349414773E+00
    0.290284000000000E+04    0.238747980243807E+01    0.288851472457809E+00
    0.290286000000000E+04    0.241903378659208E+01    0.288848877355604E+00
    0.290912000000000E+04    0.600829881187474E+01    0.288201599922524E+00
    0.290914000000000E+04    0.603982685608662E+01    0.288198890629878E+00
    0.291540000000000E+04    0.333691319422906E+01    0.287636759217419E+00
    0.291542000000000E+04    0.336841868450847E+01    0.287637908251271E+00
    0.292170000000000E+04    0.701795178055363E+00    0.288976913748053E+00
    0.292172000000000E+04    0.733354361131205E+00    0.288982041610109E+00
    0.292798000000000E+04    0.433516984454127E+01    0.289854997774758E+00
    0.292800000000000E+04    0.436676403321962E+01    0.289856031768290E+00
    0.293426000000000E+04    0.169184456277526E+01    0.290282018682800E+00
    0.293428000000000E+04    0.172345582864909E+01    0.290283188955261E+00
    0.294054000000000E+04    0.533303012930537E+01    0.289655203092720E+00
    0.294056000000000E+04    0.536461637682987E+01    0.289649800784775E+00
    0.294682000000000E+04    0.267393488066318E+01    0.288114824148969E+00
    0.294684000000000E+04    0.270545937484803E+01    0.288112497870905E+00
    0.295310000000000E+04    0.484182640138897E-02    0.288005106880527E+00
    0.295312000000000E+04    0.363620752241332E-01    0.288005103519712E+00
    0.295940000000000E+04    0.365049243278918E+01    0.288119088414620E+00
    0.295942000000000E+04    0.368201727082214E+01    0.288121481123886E+00
    0.296568000000000E+04    0.991489210729014E+00    0.289664255347128E+00
    0.296570000000000E+04    0.102307587404448E+01    0.289669622017403E+00
    0.297196000000000E+04    0.463270513932912E+01    0.290280634139869E+00
    0.297198000000000E+04    0.466431637019741E+01    0.290279431983372E+00
    0.297824000000000E+04    0.198937008240682E+01    0.289853174612516E+00
    0.297826000000000E+04    0.202096417441317E+01    0.289852133652966E+00
    0.298452000000000E+04    0.562267799727579E+01    0.288967403694854E+00
    0.298454000000000E+04    0.565423660180386E+01    0.288962255261851E+00
    0.299080000000000E+04    0.295595522071471E+01    0.287635738294021E+00
    0.299082000000000E+04    0.298746056248001E+01    0.287634646437697E+00
    0.299708000000000E+04    0.284581015381264E+00    0.288204168699535E+00
    0.299710000000000E+04    0.316109291875364E+00    0.288206875038634E+00
    0.300338000000000E+04    0.393701268834502E+01    0.288857265652003E+00
    0.300340000000000E+04    0.396856698633655E+01    0.288859893177217E+00
    0.300966000000000E+04    0.128632378971179E+01    0.290182517495744E+00
    0.300968000000000E+04    0.131793105851648E+01    0.290186699664550E+00
    0.301594000000000E+04    0.493118522290933E+01    0.290278859783682E+00
    0.301596000000000E+04    0.496279636985309E+01    0.290275316908095E+00
    0.302222000000000E+04    0.228301408252901E+01    0.289133135829513E+00
    0.302224000000000E+04    0.231457934633636E+01    0.289130733076355E+00
    0.302850000000000E+04    0.590694061164686E+01    0.288358304753390E+00
    0.302852000000000E+04    0.593847491386441E+01    0.288354770454723E+00
    0.303478000000000E+04    0.323596172277666E+01    0.287560823121435E+00
    0.303480000000000E+04    0.326746416972219E+01    0.287561405915044E+00
    0.304108000000000E+04    0.598844557134726E+00    0.288740881115393E+00
    0.304110000000000E+04    0.630394293897552E+00    0.288745581710951E+00
    0.304736000000000E+04    0.422893459244824E+01    0.289625166016478E+00
    0.304738000000000E+04    0.426051960192308E+01    0.289626814998304E+00
    0.305364000000000E+04    0.158442041947546E+01    0.290334971073069E+00
    0.305366000000000E+04    0.161603383331567E+01    0.290336997003427E+00
    0.305992000000000E+04    0.522750068977166E+01    0.289871026821162E+00
    0.305994000000000E+04    0.525909559109368E+01    0.289865887411029E+00
    0.306620000000000E+04    0.257142796262178E+01    0.288356507889742E+00
    0.306622000000000E+04    0.260296212145113E+01    0.288353953887319E+00
    0.307248000000000E+04    0.618746928922155E+01    0.288030625742684E+00
    0.307250000000000E+04    0.621899054519872E+01    0.288029629669732E+00
    0.307878000000000E+04    0.354855262063757E+01    0.287911320955763E+00
    0.307880000000000E+04    0.358006913472400E+01    0.287913370373753E+00
    0.308506000000000E+04    0.886636830868156E+00    0.289429002047958E+00
    0.308508000000000E+04    0.918214088134846E+00    0.289434453405946E+00
    0.309134000000000E+04    0.452545830129020E+01    0.290176043817903E+00
    0.309136000000000E+04    0.455706536531943E+01    0.290175687513184E+00
    0.309762000000000E+04    0.188273269688216E+01    0.290048289830483E+00
    0.309764000000000E+04    0.191433461011093E+01    0.290047963917267E+00
    0.310390000000000E+04    0.551915163873582E+01    0.289214367053152E+00
    0.310392000000000E+04    0.555072013173049E+01    0.289208962269908E+00
    0.311018000000000E+04    0.285485683366551E+01    0.287764203500747E+00
    0.311020000000000E+04    0.288636729756490E+01    0.287762596488193E+00
    0.311646000000000E+04    0.183727613368319E+00    0.288091052135915E+00
    0.311648000000000E+04    0.215251342428019E+00    0.288092851531581E+00
    0.312276000000000E+04    0.383337418537212E+01    0.288581536217143E+00
    0.312278000000000E+04    0.386491743703300E+01    0.288584211770768E+00
    0.312904000000000E+04    0.117985603851503E+01    0.290033795238682E+00
    0.312906000000000E+04    0.121145738285031E+01    0.290038537062149E+00
    0.313532000000000E+04    0.482403849210277E+01    0.290331132652214E+00
    0.313534000000000E+04    0.485565174766271E+01    0.290328371909062E+00
    0.314160000000000E+04    0.217805460915770E+01    0.289407113459218E+00
    0.314162000000000E+04    0.220963083974857E+01    0.289405058162660E+00
    0.314788000000000E+04    0.580527417795656E+01    0.288550620370315E+00
    0.314790000000000E+04    0.583681616132617E+01    0.288546380653236E+00
    0.315416000000000E+04    0.313531059212983E+01    0.287538640307290E+00
    0.315418000000000E+04    0.316681213873926E+01    0.287538626808958E+00
    0.316046000000000E+04    0.496705437133642E+00    0.288525060808659E+00
    0.316048000000000E+04    0.528246535449398E+00    0.288529176766960E+00
    0.316674000000000E+04    0.412345762164477E+01    0.289368070934788E+00
    0.316676000000000E+04    0.415503235850065E+01    0.289370200923737E+00
    0.317302000000000E+04    0.147719520123064E+01    0.290331744780039E+00
    0.317304000000000E+04    0.150880852304181E+01    0.290334601078929E+00
    0.317930000000000E+04    0.512155072162113E+01    0.290055128103505E+00
    0.317932000000000E+04    0.515315300366274E+01    0.290050420722639E+00
    0.318558000000000E+04    0.246845878434760E+01    0.288621472690846E+00
    0.318560000000000E+04    0.250000354151234E+01    0.288618830544898E+00
    0.319186000000000E+04    0.608693976217546E+01    0.288105400966597E+00
    0.319188000000000E+04    0.611846399444130E+01    0.288103445883887E+00
    0.319816000000000E+04    0.344725515741538E+01    0.287744612434346E+00
    0.319818000000000E+04    0.347876498640107E+01    0.287746214710921E+00
    0.320444000000000E+04    0.782650184637532E+00    0.289183674268126E+00
    0.320446000000000E+04    0.814217628509141E+00    0.289189025057085E+00
    0.321072000000000E+04    0.441865275278178E+01    0.290021216332601E+00
    0.321074000000000E+04    0.445025363848708E+01    0.290021652621035E+00
    0.321700000000000E+04    0.177589275285027E+01    0.290197997596895E+00
    0.321702000000000E+04    0.180750067330246E+01    0.290198467174818E+00
    0.322328000000000E+04    0.541509440538630E+01    0.289460094268581E+00
    0.322330000000000E+04    0.544667273111099E+01    0.289454615193289E+00
    0.322956000000000E+04    0.275354335911288E+01    0.287938676177632E+00
    0.322958000000000E+04    0.278506078927057E+01    0.287936635509593E+00
    0.323586000000000E+04    0.114810290448077E+00    0.288025827587661E+00
    0.323588000000000E+04    0.146331388251383E+00    0.288026658111870E+00
    0.324214000000000E+04    0.373057385546144E+01    0.288321094616091E+00
    0.324216000000000E+04    0.376210667292798E+01    0.288323668262975E+00
    0.324842000000000E+04    0.107408132042110E+01    0.289846180462723E+00
    0.324844000000000E+04    0.110567518614334E+01    0.289851329886292E+00
    0.325470000000000E+04    0.471692106614955E+01    0.290328093362407E+00
    0.325472000000000E+04    0.474853421923308E+01    0.290326171597091E+00
    0.326098000000000E+04    0.207263039887584E+01    0.289662225198365E+00
    0.326100000000000E+04    0.210421684504581E+01    0.289660662757553E+00
    0.326726000000000E+04    0.570319876695703E+01    0.288770560573159E+00
    0.326728000000000E+04    0.573474953875848E+01    0.288765757373948E+00
    0.327354000000000E+04    0.303481357400960E+01    0.287571023792287E+00
    0.327356000000000E+04    0.306631640320302E+01    0.287570411989270E+00
    0.327984000000000E+04    0.395296516337112E+00    0.288338697608682E+00
    0.327986000000000E+04    0.426830152462571E+00    0.288342092644956E+00
    0.328612000000000E+04    0.401879572289454E+01    0.289094512708252E+00
    0.328614000000000E+04    0.405035952747039E+01    0.289096975283378E+00
    0.329240000000000E+04    0.137031075919822E+01    0.290273601951784E+00
    0.329242000000000E+04    0.140192179591122E+01    0.290277224556776E+00
    0.329868000000000E+04    0.501526846647448E+01    0.290198709679068E+00
    0.329870000000000E+04    0.504687650177220E+01    0.290194582487352E+00
    0.330496000000000E+04    0.236498276702605E+01    0.288899264577944E+00
    0.330498000000000E+04    0.239653863504554E+01    0.288896684607487E+00
    0.331124000000000E+04    0.598630027892341E+01    0.288226156642607E+00
    0.331126000000000E+04    0.601782932831884E+01    0.288223306928551E+00
    0.331754000000000E+04    0.334648128440404E+01    0.287624946434721E+00
    0.331756000000000E+04    0.337798631074384E+01    0.287626024200027E+00
    0.332382000000000E+04    0.679525241593183E+00    0.288939341812091E+00
    0.332384000000000E+04    0.711082909401739E+00    0.288944411450986E+00
    0.333010000000000E+04    0.431240908314066E+01    0.289822746767530E+00
    0.333012000000000E+04    0.434400204386202E+01    0.289823889009309E+00
    0.333638000000000E+04    0.166897655846515E+01    0.290296551402324E+00
    0.333640000000000E+04    0.170058843865718E+01    0.290297862377285E+00
    0.334266000000000E+04    0.531051426289105E+01    0.289693480143889E+00
    0.334268000000000E+04    0.534210192392766E+01    0.289688110754837E+00
    0.334894000000000E+04    0.265190377917679E+01    0.288152399398852E+00
    0.334896000000000E+04    0.268342975248743E+01    0.288150030120629E+00
    0.335524000000000E+04    0.146450458132676E-01    0.288008231498090E+00
    0.335526000000000E+04    0.461654184682629E-01    0.288008072605209E+00
    0.336152000000000E+04    0.362854595280533E+01    0.288086085648552E+00
    0.336154000000000E+04    0.366006917859067E+01    0.288088435112345E+00
    0.336780000000000E+04    0.969021785406767E+00    0.289631248786968E+00
    0.336782000000000E+04    0.100060680118804E+01    0.289636624392734E+00
    0.337408000000000E+04    0.460985582788726E+01    0.290266064463166E+00
    0.337410000000000E+04    0.464146643430831E+01    0.290264992279784E+00
    0.338036000000000E+04    0.196661677496832E+01    0.289886080106286E+00
    0.338038000000000E+04    0.199821215691645E+01    0.289885152626675E+00
    0.338664000000000E+04    0.560043491700071E+01    0.289007445255693E+00
    0.338666000000000E+04    0.563199515517408E+01    0.289002244251141E+00
    0.339294000000000E+04    0.296556897168284E+01    0.287653785657097E+00
    0.339296000000000E+04    0.299707489737193E+01    0.287652630629744E+00
    0.339922000000000E+04    0.294138655069219E+00    0.288183908344565E+00
    0.339924000000000E+04    0.325666098907277E+00    0.288186476720543E+00
    0.340550000000000E+04    0.391454905759019E+01    0.288809877359087E+00
    0.340552000000000E+04    0.394610156246108E+01    0.288812523117873E+00
    0.341178000000000E+04    0.126343791520867E+01    0.290161590781805E+00
    0.341180000000000E+04    0.129504446366991E+01    0.290165882832150E+00
    0.341806000000000E+04    0.490824448680451E+01    0.290292557290816E+00
    0.341808000000000E+04    0.493985614582562E+01    0.290289133163521E+00
    0.342434000000000E+04    0.226045591848197E+01    0.289178227320051E+00
    0.342436000000000E+04    0.229202298373002E+01    0.289175869760272E+00
    0.343062000000000E+04    0.588491486790281E+01    0.288387811712534E+00
    0.343064000000000E+04    0.591645035564125E+01    0.288384150394496E+00
    0.343692000000000E+04    0.324555615037752E+01    0.287553558492900E+00
    0.343694000000000E+04    0.327705826264355E+01    0.287554053965686E+00
    0.344320000000000E+04    0.576638107999315E+00    0.288703208513020E+00
    0.344322000000000E+04    0.608186454970564E+00    0.288707824347521E+00
    0.344948000000000E+04    0.420622335031931E+01    0.289586271325734E+00
    0.344950000000000E+04    0.423780691452794E+01    0.289588013725738E+00
    0.345576000000000E+04    0.156146931348758E+01    0.290338443379228E+00
    0.345578000000000E+04    0.159308282416350E+01    0.290340604400392E+00
    0.346204000000000E+04    0.520475878571960E+01    0.289902520002567E+00
    0.346206000000000E+04    0.523635480067969E+01    0.289897440133311E+00
    0.346832000000000E+04    0.254915800252638E+01    0.288396748751139E+00
    0.346834000000000E+04    0.258069378361142E+01    0.288394172448266E+00
    0.347462000000000E+04    0.619707818766983E+01    0.288037486571470E+00
    0.347464000000000E+04    0.622859967407112E+01    0.288036337899448E+00
    0.348090000000000E+04    0.352645504895736E+01    0.287879516900278E+00
    0.348092000000000E+04    0.355797025139782E+01    0.287881488406605E+00
    0.348718000000000E+04    0.864069825422121E+00    0.289389080312740E+00
    0.348720000000000E+04    0.895645520154176E+00    0.289394534154197E+00
    0.349346000000000E+04    0.450246637311466E+01    0.290154669875665E+00
    0.349348000000000E+04    0.453407253097157E+01    0.290154444400977E+00
    0.349974000000000E+04    0.185974457249995E+01    0.290074082667534E+00
    0.349976000000000E+04    0.189134738448138E+01    0.290073875835330E+00
    0.350602000000000E+04    0.549662616218120E+01    0.289254340168300E+00
    0.350604000000000E+04    0.552819628801535E+01    0.289248912117322E+00
    0.351232000000000E+04    0.286429308831521E+01    0.287788521196786E+00
    0.351234000000000E+04    0.289580452894370E+01    0.287786863399644E+00
    0.351860000000000E+04    0.193257007693319E+00    0.288077741920860E+00
    0.351862000000000E+04    0.224780135152287E+00    0.288079373710876E+00
    0.352488000000000E+04    0.381094109830156E+01    0.288537211954869E+00
    0.352490000000000E+04    0.384248264558391E+01    0.288539878411756E+00
    0.353116000000000E+04    0.115695774152300E+01    0.290005165309841E+00
    0.353118000000000E+04    0.118855802582584E+01    0.290009995187924E+00
    0.353744000000000E+04    0.480095367859576E+01    0.290334465003020E+00
    0.353746000000000E+04    0.483256701693517E+01    0.290331833821068E+00
    0.354372000000000E+04    0.215525719840389E+01    0.289448670697193E+00
    0.354374000000000E+04    0.218683508358936E+01    0.289446682743119E+00
    0.355000000000000E+04    0.578301429269050E+01    0.288584241189982E+00
    0.355002000000000E+04    0.581455764185921E+01    0.288579901571009E+00
    0.355630000000000E+04    0.314474737355522E+01    0.287538169411395E+00
    0.355632000000000E+04    0.317624884189445E+01    0.287538066539740E+00
    0.356258000000000E+04    0.474401537899212E+00    0.288489603708289E+00
    0.356260000000000E+04    0.505941378577518E+00    0.288493602809890E+00
    0.356886000000000E+04    0.410064264192533E+01    0.289322394530604E+00
    0.356888000000000E+04    0.413221582408551E+01    0.289324605917902E+00
    0.357514000000000E+04    0.145407397998679E+01    0.290326163896794E+00
    0.357516000000000E+04    0.148568706746482E+01    0.290329151455776E+00
    0.358142000000000E+04    0.509854811621517E+01    0.290081590862281E+00
    0.358144000000000E+04    0.513015129414271E+01    0.290076967988314E+00
    0.358770000000000E+04    0.244592172789635E+01    0.288665325032194E+00
    0.358772000000000E+04    0.247746826679850E+01    0.288662681261171E+00
    0.359400000000000E+04    0.609637683630172E+01    0.288120414972862E+00
    0.359402000000000E+04    0.612790164275339E+01    0.288118300648234E+00
    0.360028000000000E+04    0.342508726409869E+01    0.287720638080925E+00
    0.360030000000000E+04    0.345659609040922E+01    0.287722146393822E+00
    0.360656000000000E+04    0.760051344204840E+00    0.289142698214796E+00
    0.360658000000000E+04    0.791617250178206E+00    0.289148020169542E+00
    0.361284000000000E+04    0.439558629126986E+01    0.289992315169895E+00
    0.361286000000000E+04    0.442718602858895E+01    0.289992872640755E+00
    0.361912000000000E+04    0.175274332243134E+01    0.290216513474319E+00
    0.361914000000000E+04    0.178435191792414E+01    0.290217111746303E+00
    0.362540000000000E+04    0.539233945526939E+01    0.289498904172046E+00
    0.362542000000000E+04    0.542391935138494E+01    0.289493429709492E+00
    0.363170000000000E+04    0.276279538364179E+01    0.287969301052823E+00
    0.363172000000000E+04    0.279431409253266E+01    0.287967216703786E+00
    0.363798000000000E+04    0.927324451122331E-01    0.288018975891211E+00
    0.363800000000000E+04    0.124253220129503E+00    0.288019649706994E+00
    0.364426000000000E+04    0.370814090777185E+01    0.288279921253577E+00
    0.364428000000000E+04    0.373967215983521E+01    0.288282461898677E+00
    0.365054000000000E+04    0.105118074125494E+01    0.289812923196907E+00
    0.365056000000000E+04    0.108277336277206E+01    0.289818136231626E+00
    0.365682000000000E+04    0.469374783791864E+01    0.290323590607610E+00
    0.365684000000000E+04    0.472536072900130E+01    0.290321804341908E+00
    0.366310000000000E+04    0.204966039061310E+01    0.289700733419358E+00
    0.366312000000000E+04    0.208124836267052E+01    0.289699266565828E+00
    0.366940000000000E+04    0.571233269406730E+01    0.288804077224743E+00
    0.366942000000000E+04    0.574388485167492E+01    0.288799197924998E+00
    0.367568000000000E+04    0.304421608970006E+01    0.287580162479173E+00
    0.367570000000000E+04    0.307571921248382E+01    0.287579472607014E+00
    0.368196000000000E+04    0.373071754661396E+00    0.288309651782921E+00
    0.368198000000000E+04    0.404604225134790E+00    0.288312923478362E+00
    0.368824000000000E+04    0.399605762849842E+01    0.289048709745018E+00
    0.368826000000000E+04    0.402761968069899E+01    0.289051219193373E+00
    0.369452000000000E+04    0.134717923452808E+01    0.290258375992630E+00
    0.369454000000000E+04    0.137878963060302E+01    0.290262115854677E+00
    0.370080000000000E+04    0.499213608069385E+01    0.290217360168498E+00
    0.370082000000000E+04    0.502374472857628E+01    0.290213340984821E+00
    0.370708000000000E+04    0.234228341342077E+01    0.288944635935774E+00
    0.370710000000000E+04    0.237384112227573E+01    0.288942085114011E+00
    0.371338000000000E+04    0.599563853180462E+01    0.288247341202097E+00
    0.371340000000000E+04    0.602716838932247E+01    0.288244339668336E+00
    0.371966000000000E+04    0.332431177170565E+01    0.287608744598995E+00
    0.371968000000000E+04    0.335581610700683E+01    0.287609721085964E+00
    0.372594000000000E+04    0.656991349290365E+00    0.288899251844663E+00
    0.372596000000000E+04    0.688547488733093E+00    0.288904265529620E+00
    0.373222000000000E+04    0.428935749460470E+01    0.289786738338961E+00
    0.373224000000000E+04    0.432094899555705E+01    0.289787978589263E+00
    0.373850000000000E+04    0.164569430287611E+01    0.290307400272749E+00
    0.373852000000000E+04    0.167730638510602E+01    0.290308842731949E+00
    0.374478000000000E+04    0.528748834044109E+01    0.289726626918577E+00
    0.374480000000000E+04    0.531907731993124E+01    0.289721289418502E+00
    0.375108000000000E+04    0.266086826408900E+01    0.288185340300353E+00
    0.375110000000000E+04    0.269239562390158E+01    0.288182938668826E+00
    0.375736000000000E+04    0.627551411396871E+01    0.288006436260997E+00
    0.375738000000000E+04    0.238488897302886E-01    0.288006111420620E+00
    0.376364000000000E+04    0.360592503135558E+01    0.288045776061799E+00
    0.376366000000000E+04    0.363744689497889E+01    0.288048051926188E+00
    0.376992000000000E+04    0.945932221772637E+00    0.289587899673975E+00
    0.376994000000000E+04    0.977515883829255E+00    0.289593322252257E+00
    0.377620000000000E+04    0.458642720029457E+01    0.290252661037004E+00
    0.377622000000000E+04    0.461803730732754E+01    0.290251736342087E+00
    0.378248000000000E+04    0.194331983702523E+01    0.289918544252445E+00
    0.378250000000000E+04    0.197491640127828E+01    0.289917715949733E+00
    0.378878000000000E+04    0.560919278246183E+01    0.289041265910861E+00
    0.378880000000000E+04    0.564075436974508E+01    0.289036007848237E+00
    0.379506000000000E+04    0.294317476551987E+01    0.287670408222093E+00
    0.379508000000000E+04    0.297468150693567E+01    0.287669162841612E+00
    0.380134000000000E+04    0.271797551192321E+00    0.288162746103950E+00
    0.380136000000000E+04    0.303324109701862E+00    0.288165166860527E+00
    0.380762000000000E+04    0.389172501148460E+01    0.288764869169014E+00
    0.380764000000000E+04    0.392327567924258E+01    0.288767525965041E+00
    0.381390000000000E+04    0.124014096728206E+01    0.290137213667442E+00
    0.381392000000000E+04    0.127174653015481E+01    0.290141605545774E+00
    0.382018000000000E+04    0.488484306860755E+01    0.290302168684179E+00
    0.382020000000000E+04    0.491645509106183E+01    0.290298869198374E+00
    0.382646000000000E+04    0.223740669982635E+01    0.289221779611620E+00
    0.382648000000000E+04    0.226897549667228E+01    0.289219466013367E+00
    0.383276000000000E+04    0.589391498701116E+01    0.288413032141478E+00
    0.383278000000000E+04    0.592545150827755E+01    0.288409253901337E+00
    0.383904000000000E+04    0.322314229238418E+01    0.287546073997327E+00
    0.383906000000000E+04    0.325464405718139E+01    0.287546468111489E+00
    0.384532000000000E+04    0.553901916298855E+00    0.288663821008425E+00
    0.384534000000000E+04    0.585448589185944E+00    0.288668352006517E+00
    0.385160000000000E+04    0.418288456298433E+01    0.289542232026587E+00
    0.385162000000000E+04    0.421446635538905E+01    0.289544060137922E+00
    0.385788000000000E+04    0.153783863077842E+01    0.290337665116767E+00
    0.385790000000000E+04    0.156945214045754E+01    0.290339968088424E+00
    0.386416000000000E+04    0.518134840479797E+01    0.289933414715641E+00
    0.386418000000000E+04    0.521294566262986E+01    0.289928401031353E+00
    0.387046000000000E+04    0.255777028902867E+01    0.288435652943987E+00
    0.387048000000000E+04    0.258930763943408E+01    0.288433069304871E+00
    0.387674000000000E+04    0.617452271414822E+01    0.288046358309578E+00
    0.387676000000000E+04    0.620604455111425E+01    0.288045036100774E+00
    0.388302000000000E+04    0.350372212394541E+01    0.287848122738302E+00
    0.388304000000000E+04    0.353523606494582E+01    0.287850017282704E+00
