    0.000000000000000E+00    0.190000000000000E+01    0.300000000000000E+00
    0.200000000000000E-01    0.193199998745775E+01    0.299999441372198E+00
    0.630000000000000E+01    0.569306975786782E+01    0.299151887851640E+00
    0.632000000000000E+01    0.572503581754381E+01    0.299146945224937E+00
    0.125800000000000E+02    0.315523195760021E+01    0.298017373024773E+00
    0.126000000000000E+02    0.318715258290433E+01    0.298017363766620E+00
    0.188600000000000E+02    0.617240362495707E+00    0.299129097491616E+00
    0.188800000000000E+02    0.649205669992909E+00    0.299133953403308E+00
    0.251400000000000E+02    0.437797327713475E+01    0.299973087668060E+00
    0.251600000000000E+02    0.440997239577819E+01    0.299973757226178E+00
    0.314200000000000E+02    0.186006185480625E+01    0.300067038657152E+00
    0.314400000000000E+02    0.189206455977194E+01    0.300066816215956E+00
    0.377000000000000E+02    0.562229870317753E+01    0.299240450082805E+00
    0.377200000000000E+02    0.565426836605525E+01    0.299235320824292E+00
    0.440000000000000E+02    0.311700966739939E+01    0.298024215061810E+00
    0.440200000000000E+02    0.314893059417787E+01    0.298023942068661E+00
    0.502800000000000E+02    0.578585274495921E+00    0.299052439040677E+00
    0.503000000000000E+02    0.610547677073995E+00    0.299057057357421E+00
    0.565600000000000E+02    0.433823452605922E+01    0.299902372381812E+00
    0.565800000000000E+02    0.437023095659512E+01    0.299903357252051E+00
    0.628400000000000E+02    0.182024160888265E+01    0.300126327273813E+00
    0.628600000000000E+02    0.185224666876434E+01    0.300126450985677E+00
    0.691200000000000E+02    0.558354014837793E+01    0.299323134324953E+00
    0.691400000000000E+02    0.561551311004101E+01    0.299317841757414E+00
    0.754000000000000E+02    0.304697227510083E+01    0.298038784398572E+00
    0.754200000000000E+02    0.307889380040817E+01    0.298038223456618E+00
    0.817000000000000E+02    0.540101777904169E+00    0.298978047920162E+00
    0.817200000000000E+02    0.572061008450333E+00    0.298982426602279E+00
    0.879800000000000E+02    0.429855026673067E+01    0.299824544805486E+00
    0.880000000000000E+02    0.433054322982423E+01    0.299825804831249E+00
    0.942600000000000E+02    0.178028762082053E+01    0.300173046514331E+00
    0.942800000000000E+02    0.181229444503475E+01    0.300173513371534E+00
    0.100540000000000E+03    0.554453395189338E+01    0.299404867491233E+00
    0.100560000000000E+03    0.557651008808821E+01    0.299399498632456E+00
    0.106820000000000E+03    0.300868043844159E+01    0.298062048887374E+00
    0.106840000000000E+03    0.304060283497552E+01    0.298061239332921E+00
    0.113100000000000E+03    0.469546721830937E+00    0.298901788354936E+00
    0.113120000000000E+03    0.501502868194990E+00    0.298905887150849E+00
    0.119400000000000E+03    0.425877489793891E+01    0.299740410556617E+00
    0.119420000000000E+03    0.429076457745694E+01    0.299741939933131E+00
    0.125680000000000E+03    0.174024441643260E+01    0.300216483231899E+00
    0.125700000000000E+03    0.177225306330621E+01    0.300217314597899E+00
    0.131960000000000E+03    0.550543271991893E+01    0.299488519153446E+00
    0.131980000000000E+03    0.553741217056782E+01    0.299483071876240E+00
    0.138240000000000E+03    0.297033401145165E+01    0.298092531015532E+00
    0.138260000000000E+03    0.300225766125399E+01    0.298091482213661E+00
    0.144520000000000E+03    0.431020763901813E+00    0.298835880129215E+00
    0.144540000000000E+03    0.462974289802474E+00    0.298839672159592E+00
    0.150800000000000E+03    0.418709675292803E+01    0.299650508101844E+00
    0.150820000000000E+03    0.421908274681763E+01    0.299652275479017E+00
    0.157080000000000E+03    0.166813908898450E+01    0.300249394188498E+00
    0.157100000000000E+03    0.170014906137877E+01    0.300250609933340E+00
    0.163380000000000E+03    0.546625424873133E+01    0.299571338652893E+00
    0.163400000000000E+03    0.549823715416937E+01    0.299565856478902E+00
    0.169660000000000E+03    0.293205293296387E+01    0.298134307720784E+00
    0.169680000000000E+03    0.296397822487324E+01    0.298133018491395E+00
    0.175940000000000E+03    0.392658571423453E+00    0.298776720801424E+00
    0.175960000000000E+03    0.424609686065537E+00    0.298780165727703E+00
    0.182220000000000E+03    0.414759286403478E+01    0.299559755523054E+00
    0.182240000000000E+03    0.417957529515655E+01    0.299561739130558E+00
    0.188500000000000E+03    0.162820360456590E+01    0.300276793928092E+00
    0.188520000000000E+03    0.166021468522217E+01    0.300278379654010E+00
    0.194780000000000E+03    0.539511779181544E+01    0.299659643011467E+00
    0.194800000000000E+03    0.542710409066495E+01    0.299654167412252E+00
    0.201080000000000E+03    0.289371957631471E+01    0.298179743290990E+00
    0.201100000000000E+03    0.292564667737065E+01    0.298178237108362E+00
    0.207360000000000E+03    0.354315240902679E+00    0.298719282776213E+00
    0.207380000000000E+03    0.386264096735374E+00    0.298722384170555E+00
    0.213640000000000E+03    0.410811901235070E+01    0.299464668924060E+00
    0.213660000000000E+03    0.414009753081359E+01    0.299466841934867E+00
    0.219920000000000E+03    0.158814411654674E+01    0.300293779429997E+00
    0.219940000000000E+03    0.162015571227676E+01    0.300295729611009E+00
    0.226200000000000E+03    0.535577617301033E+01    0.299739114257531E+00
    0.226220000000000E+03    0.538776567110915E+01    0.299733673511066E+00
    0.232480000000000E+03    0.282339047089476E+01    0.298237027220981E+00
    0.232500000000000E+03    0.285531986506061E+01    0.298235282057176E+00
    0.238780000000000E+03    0.315997284332980E+00    0.298668464290934E+00
    0.238800000000000E+03    0.347944073859651E+00    0.298671185388109E+00
    0.245060000000000E+03    0.406868328208560E+01    0.299366259356744E+00
    0.245080000000000E+03    0.410065801384366E+01    0.299368592632031E+00
    0.251340000000000E+03    0.154812938579465E+01    0.300304048079601E+00
    0.251360000000000E+03    0.158014160210047E+01    0.300306371551593E+00
    0.257620000000000E+03    0.531642647980243E+01    0.299816902492698E+00
    0.257640000000000E+03    0.534841907697842E+01    0.299811530959728E+00
    0.263900000000000E+03    0.278498413687458E+01    0.298298849616352E+00
    0.263920000000000E+03    0.281691598354297E+01    0.298296916044927E+00
    0.270180000000000E+03    0.245857502995193E+00    0.298623826444969E+00
    0.270200000000000E+03    0.277802542843460E+00    0.298626156977999E+00
    0.276480000000000E+03    0.402943502883164E+01    0.299269310956499E+00
    0.276500000000000E+03    0.406140572696916E+01    0.299271778296185E+00
    0.282760000000000E+03    0.150814062775152E+01    0.300305823679433E+00
    0.282780000000000E+03    0.154015263249926E+01    0.300308494718536E+00
    0.289040000000000E+03    0.527693086975023E+01    0.299887504033576E+00
    0.289060000000000E+03    0.530892629597423E+01    0.299882231489314E+00
    0.295320000000000E+03    0.274644894847859E+01    0.298365748847666E+00
    0.295340000000000E+03    0.277838352925193E+01    0.298363641574443E+00
    0.301600000000000E+03    0.207581240983359E+00    0.298584853051877E+00
    0.301620000000000E+03    0.239524672886546E+00    0.298586768594944E+00
    0.307880000000000E+03    0.395811617537481E+01    0.299164167324368E+00
    0.307900000000000E+03    0.399008281599595E+01    0.299166722171154E+00
    0.314160000000000E+03    0.143605428563905E+01    0.300293207608164E+00
    0.314180000000000E+03    0.146806610900506E+01    0.300296256632025E+00
    0.320460000000000E+03    0.523737161440476E+01    0.299958036575970E+00
    0.320480000000000E+03    0.526936984781980E+01    0.299952900944677E+00
    0.326740000000000E+03    0.270788394360966E+01    0.298440882887569E+00
    0.326760000000000E+03    0.273982145771606E+01    0.298438627922794E+00
    0.333020000000000E+03    0.169407120891833E+00    0.298555621529800E+00
    0.333040000000000E+03    0.201349551142698E+00    0.298557107646550E+00
    0.339300000000000E+03    0.391900998082076E+01    0.299066681723452E+00
    0.339320000000000E+03    0.395097281549408E+01    0.299069321922141E+00
    0.345580000000000E+03    0.139615185312834E+01    0.300277472682041E+00
    0.345600000000000E+03    0.142816300014294E+01    0.300280851267718E+00
    0.351860000000000E+03    0.516581399482811E+01    0.300027715602264E+00
    0.351880000000000E+03    0.519781501404429E+01    0.300022768377242E+00
    0.358160000000000E+03    0.266933414038920E+01    0.298522249291841E+00
    0.358180000000000E+03    0.270127490525715E+01    0.298519870397292E+00
    0.364440000000000E+03    0.131314341923144E+00    0.298534002250133E+00
    0.364460000000000E+03    0.163255773577362E+00    0.298535061112991E+00
    0.370720000000000E+03    0.387996342314102E+01    0.298966957420361E+00
    0.370740000000000E+03    0.391192221276140E+01    0.298969630911492E+00
    0.377000000000000E+03    0.135624414158326E+01    0.300253321634033E+00
    0.377020000000000E+03    0.138825434706052E+01    0.300257018905287E+00
    0.383280000000000E+03    0.512617425177064E+01    0.300086109445722E+00
    0.383300000000000E+03    0.515817766024736E+01    0.300081362977783E+00
    0.389560000000000E+03    0.259877193038915E+01    0.298610078924081E+00
    0.389580000000000E+03    0.263071622495886E+01    0.298607582128899E+00
    0.395860000000000E+03    0.932776692555990E-01    0.298519957395564E+00
    0.395880000000000E+03    0.125218499054313E+00    0.298520580695194E+00
    0.402140000000000E+03    0.384106937351601E+01    0.298870798199117E+00
    0.402160000000000E+03    0.387302428046223E+01    0.298873478413867E+00
    0.408420000000000E+03    0.131644752251282E+01    0.300222059488326E+00
    0.408440000000000E+03    0.134845647300017E+01    0.300226054468851E+00
    0.414700000000000E+03    0.508652366750721E+01    0.300138241805350E+00
    0.414720000000000E+03    0.511852911721519E+01    0.300133719836517E+00
    0.420980000000000E+03    0.256009606928603E+01    0.298698723670552E+00
    0.421000000000000E+03    0.259204394642086E+01    0.298696149304726E+00
    0.427260000000000E+03    0.233244563709150E-01    0.298513342378948E+00
    0.427280000000000E+03    0.552650351767170E-01    0.298513517639796E+00
    0.433540000000000E+03    0.377030887235037E+01    0.298773648977216E+00
    0.433560000000000E+03    0.380225978936335E+01    0.298776286945444E+00
    0.439840000000000E+03    0.127666295402832E+01    0.300182369349453E+00
    0.439860000000000E+03    0.130867029819422E+01    0.300186643093003E+00
    0.446120000000000E+03    0.504683101009209E+01    0.300182971797638E+00
    0.446140000000000E+03    0.507883846397272E+01    0.300178711325860E+00
    0.452400000000000E+03    0.252143478443577E+01    0.298793807523508E+00
    0.452420000000000E+03    0.255338645079769E+01    0.298791195917957E+00
    0.458680000000000E+03    0.626859981931364E+01    0.298515969694044E+00
    0.458700000000000E+03    0.173549760763763E-01    0.298515687857905E+00
    0.464960000000000E+03    0.373171900755483E+01    0.298684157798534E+00
    0.464980000000000E+03    0.376366641990114E+01    0.298686748952546E+00
    0.471240000000000E+03    0.120516054567793E+01    0.300133859864413E+00
    0.471260000000000E+03    0.123716598579711E+01    0.300138398666048E+00
    0.477540000000000E+03    0.500725494793858E+01    0.300223742266109E+00
    0.477560000000000E+03    0.503926382193879E+01    0.300219755216190E+00
    0.483820000000000E+03    0.248273939944659E+01    0.298887701358575E+00
    0.483840000000000E+03    0.251469481743709E+01    0.298885074005658E+00
    0.490100000000000E+03    0.623069741900815E+01    0.298523586868760E+00
    0.490120000000000E+03    0.626263839336582E+01    0.298522879319084E+00
    0.496380000000000E+03    0.369318334786783E+01    0.298596358445779E+00
    0.496400000000000E+03    0.372512698991386E+01    0.298598886342545E+00
    0.502660000000000E+03    0.116556888913271E+01    0.300080390968680E+00
    0.502680000000000E+03    0.119757186767515E+01    0.300085134262614E+00
    0.508940000000000E+03    0.493544258709039E+01    0.300256214155112E+00
    0.508960000000000E+03    0.496745280694222E+01    0.300252548278922E+00
    0.515240000000000E+03    0.244383476082032E+01    0.298984129824073E+00
    0.515260000000000E+03    0.247579406548505E+01    0.298981507781047E+00
    0.521520000000000E+03    0.619263823641109E+01    0.298537777193137E+00
    0.521540000000000E+03    0.622457977581610E+01    0.298536630225275E+00
    0.527800000000000E+03    0.365456460077996E+01    0.298509896748461E+00
    0.527820000000000E+03    0.368650505751782E+01    0.298512319268637E+00
    0.534080000000000E+03    0.112601915273990E+01    0.300021241556333E+00
    0.534100000000000E+03    0.115802011373808E+01    0.300026199071047E+00
    0.540360000000000E+03    0.489566614891567E+01    0.300280956009921E+00
    0.540380000000000E+03    0.492767733303219E+01    0.300277610548435E+00
    0.546640000000000E+03    0.237295160563349E+01    0.299086091722690E+00
    0.546660000000000E+03    0.240491493066679E+01    0.299083502216889E+00
    0.552940000000000E+03    0.615466642482738E+01    0.298561361350400E+00
    0.552960000000000E+03    0.618660891128388E+01    0.298559783619867E+00
    0.559220000000000E+03    0.361616087246034E+01    0.298432784967696E+00
    0.559240000000000E+03    0.364809818175797E+01    0.298435077331929E+00
    0.565500000000000E+03    0.108660663926378E+01    0.299955790384534E+00
    0.565520000000000E+03    0.111860493454196E+01    0.299960904422243E+00
    0.571780000000000E+03    0.485587113785789E+01    0.300295244230952E+00
    0.571800000000000E+03    0.488788294425785E+01    0.300292236671301E+00
    0.578060000000000E+03    0.233396798658362E+01    0.299186354835257E+00
    0.578080000000000E+03    0.236593530222956E+01    0.299183840900283E+00
    0.584340000000000E+03    0.608470263134359E+01    0.298591859783783E+00
    0.584360000000000E+03    0.611664625817946E+01    0.298589844090193E+00
    0.590620000000000E+03    0.354578867828627E+01    0.298354826451098E+00
    0.590640000000000E+03    0.357772289516470E+01    0.298356944090399E+00
    0.596920000000000E+03    0.104717322764077E+01    0.299885540520839E+00
    0.596940000000000E+03    0.107916877459434E+01    0.299890793423766E+00
    0.603200000000000E+03    0.481595718004132E+01    0.300300871783501E+00
    0.603220000000000E+03    0.484796917599874E+01    0.300298213668671E+00
    0.609480000000000E+03    0.229477162920648E+01    0.299283380924094E+00
    0.609500000000000E+03    0.232674282010521E+01    0.299280963921069E+00
    0.615760000000000E+03    0.604654993130634E+01    0.298629009207130E+00
    0.615780000000000E+03    0.607849514486190E+01    0.298626601538576E+00
    0.622040000000000E+03    0.350740132253338E+01    0.298288665189576E+00
    0.622060000000000E+03    0.353933286090739E+01    0.298290610198377E+00
    0.628320000000000E+03    0.975807375937961E+00    0.299807488031379E+00
    0.628340000000000E+03    0.100779968116467E+01    0.299812846570372E+00
    0.634620000000000E+03    0.477599109941661E+01    0.300297894475432E+00
    0.634640000000000E+03    0.480800297122710E+01    0.300295597680965E+00
    0.640900000000000E+03    0.225547899887965E+01    0.299381554025944E+00
    0.640920000000000E+03    0.228745414981745E+01    0.299379265115434E+00
    0.647180000000000E+03    0.600829019398657E+01    0.298671398903034E+00
    0.647200000000000E+03    0.604023702458176E+01    0.298668596016914E+00
    0.653460000000000E+03    0.346890464923581E+01    0.298225081092478E+00
    0.653480000000000E+03    0.350083369342792E+01    0.298226848750228E+00
    0.659740000000000E+03    0.936353756955441E+00    0.299727018917435E+00
    0.659760000000000E+03    0.968342940888078E+00    0.299732446953340E+00
    0.666020000000000E+03    0.470385976255739E+01    0.300288287901621E+00
    0.666040000000000E+03    0.473587127568612E+01    0.300286375605774E+00
    0.672320000000000E+03    0.221597321366062E+01    0.299477814123303E+00
    0.672340000000000E+03    0.224795227033087E+01    0.299475687950219E+00
    0.678600000000000E+03    0.596992024688484E+01    0.298722603331980E+00
    0.678620000000000E+03    0.600186914588244E+01    0.298719416434569E+00
    0.684880000000000E+03    0.343044047173407E+01    0.298171114102176E+00
    0.684900000000000E+03    0.346236729143607E+01    0.298172662322121E+00
    0.691160000000000E+03    0.896940657588857E+00    0.299646433764562E+00
    0.691180000000000E+03    0.928926684166299E+00    0.299651888091237E+00
    0.697440000000000E+03    0.466374441478206E+01    0.300268936737841E+00
    0.697460000000000E+03    0.469575536781235E+01    0.300267403294044E+00
    0.703720000000000E+03    0.214444299790421E+01    0.299575550470506E+00
    0.703740000000000E+03    0.217642595880807E+01    0.299573608264448E+00
    0.710000000000000E+03    0.589955557117037E+01    0.298782990700795E+00
    0.710020000000000E+03    0.593150682729424E+01    0.298779462596855E+00
    0.716300000000000E+03    0.339205741611227E+01    0.298126164981534E+00
    0.716320000000000E+03    0.342398236363101E+01    0.298127500728324E+00
    0.722580000000000E+03    0.857691212731879E+00    0.299565294284363E+00
    0.722600000000000E+03    0.889673784137585E+00    0.299570726269830E+00
    0.728860000000000E+03    0.462362142195934E+01    0.300240370390477E+00
    0.728880000000000E+03    0.465563105897650E+01    0.300239204006632E+00
    0.735140000000000E+03    0.210473654805764E+01    0.299666516307685E+00
    0.735160000000000E+03    0.213672315971849E+01    0.299664790636637E+00
    0.741420000000000E+03    0.586101082415234E+01    0.298845192264356E+00
    0.741440000000000E+03    0.589296459527395E+01    0.298841327664677E+00
    0.747700000000000E+03    0.332168946534534E+01    0.298085957293263E+00
    0.747720000000000E+03    0.335361286523448E+01    0.298087017104603E+00
    0.754000000000000E+03    0.818419185919765E+00    0.299481122713645E+00
    0.754020000000000E+03    0.850398610878301E+00    0.299486524212803E+00
    0.760280000000000E+03    0.458351338543071E+01    0.300206336348224E+00
    0.760300000000000E+03    0.461552182980768E+01    0.300205548420732E+00
    0.766560000000000E+03    0.206503789886574E+01    0.299755300336187E+00
    0.766580000000000E+03    0.209702807417284E+01    0.299753817212623E+00
    0.772840000000000E+03    0.582248019650365E+01    0.298913310597697E+00
    0.772860000000000E+03    0.585443665254525E+01    0.298909145481313E+00
    0.779120000000000E+03    0.328338760253041E+01    0.298057612955182E+00
    0.779140000000000E+03    0.331530983851371E+01    0.298058429917671E+00
    0.785400000000000E+03    0.747394195990182E+00    0.299392235622467E+00
    0.785420000000000E+03    0.779369987652217E+00    0.299397572451430E+00
    0.791700000000000E+03    0.454349147326684E+01    0.300163317243091E+00
    0.791720000000000E+03    0.457549808605359E+01    0.300162891497559E+00
    0.797980000000000E+03    0.202528961322628E+01    0.299838607913346E+00
    0.798000000000000E+03    0.205728312705719E+01    0.299837390813911E+00
    0.804260000000000E+03    0.578390533357606E+01    0.298983991955924E+00
    0.804280000000000E+03    0.581586472891991E+01    0.298979541516295E+00
    0.810540000000000E+03    0.324514420574678E+01    0.298037287240321E+00
    0.810560000000000E+03    0.327706571343629E+01    0.298037851633277E+00
    0.816820000000000E+03    0.708485678505895E+00    0.299311393478936E+00
    0.816840000000000E+03    0.740458217986316E+00    0.299316611341413E+00
    0.823100000000000E+03    0.447157122383260E+01    0.300112961642034E+00
    0.823120000000000E+03    0.450357573663018E+01    0.300112897219261E+00
    0.829400000000000E+03    0.198555483362838E+01    0.299916647305889E+00
    0.829420000000000E+03    0.201755146248775E+01    0.299915717960057E+00
    0.835680000000000E+03    0.574532233547120E+01    0.299060452596772E+00
    0.835700000000000E+03    0.577728477046708E+01    0.299055755753580E+00
    0.841960000000000E+03    0.320691141537031E+01    0.298023240335973E+00
    0.841980000000000E+03    0.323883220448693E+01    0.298023545662228E+00
    0.848240000000000E+03    0.669558819449549E+00    0.299225632623853E+00
    0.848260000000000E+03    0.701527944295322E+00    0.299230703465920E+00
    0.854520000000000E+03    0.443157511111826E+01    0.300052999802234E+00
    0.854540000000000E+03    0.446357731306807E+01    0.300053283083112E+00
    0.860800000000000E+03    0.191366055899948E+01    0.299989720591320E+00
    0.860820000000000E+03    0.194566011329994E+01    0.299989106708834E+00
    0.867080000000000E+03    0.567456883324621E+01    0.299142848341044E+00
    0.867100000000000E+03    0.570653447324844E+01    0.299137942158046E+00
    0.873380000000000E+03    0.316860098151710E+01    0.298018014552807E+00
    0.873400000000000E+03    0.320052169004998E+01    0.298018066812606E+00
    0.879660000000000E+03    0.630741065792790E+00    0.299145673412235E+00
    0.879680000000000E+03    0.662706994962718E+00    0.299150558033792E+00
    0.885940000000000E+03    0.439165573753121E+01    0.299987882807900E+00
    0.885960000000000E+03    0.442365524597881E+01    0.299988489842179E+00
    0.892220000000000E+03    0.187372594263661E+01    0.300055274674767E+00
    0.892240000000000E+03    0.190572810601589E+01    0.300054985202088E+00
    0.898500000000000E+03    0.563575318716153E+01    0.299224428005357E+00
    0.898520000000000E+03    0.566772217980770E+01    0.299219340468463E+00
    0.904780000000000E+03    0.309844061736521E+01    0.298023138938033E+00
    0.904800000000000E+03    0.313036145518686E+01    0.298022889245062E+00
    0.911080000000000E+03    0.592004179262858E+00    0.299066261179757E+00
    0.911100000000000E+03    0.623966926378444E+00    0.299070931572749E+00
    0.917360000000000E+03    0.435179893093868E+01    0.299915786180736E+00
    0.917380000000000E+03    0.438379565366540E+01    0.299916710802325E+00
    0.923640000000000E+03    0.183379712513238E+01    0.300114503410686E+00
    0.923660000000000E+03    0.186580169524450E+01    0.300114555623622E+00
    0.929920000000000E+03    0.559686813326857E+01    0.299306711621470E+00
    0.929940000000000E+03    0.562884034151648E+01    0.299301467891851E+00
    0.936200000000000E+03    0.306018211171317E+01    0.298036596046074E+00
    0.936220000000000E+03    0.309210355019150E+01    0.298036081640216E+00
    0.942480000000000E+03    0.521422191378178E+00    0.298987964084686E+00
    0.942500000000000E+03    0.553381797701832E+00    0.298992388239630E+00
    0.948780000000000E+03    0.431202535828766E+01    0.299838662278017E+00
    0.948800000000000E+03    0.434401892512960E+01    0.299839874005206E+00
    0.955060000000000E+03    0.179382836785612E+01    0.300166293602413E+00
    0.955080000000000E+03    0.182583501584986E+01    0.300166698634359E+00
    0.961340000000000E+03    0.555793225338948E+01    0.299391156039644E+00
    0.961360000000000E+03    0.558990792281656E+01    0.299385797408926E+00
    0.967620000000000E+03    0.302193037596453E+01    0.298059018131870E+00
    0.967640000000000E+03    0.305385251671669E+01    0.298058258906063E+00
    0.973900000000000E+03    0.482809666656294E+00    0.298914092702354E+00
    0.973920000000000E+03    0.514766263874435E+00    0.298918231666653E+00
    0.980180000000000E+03    0.424024288331429E+01    0.299753606079494E+00
    0.980200000000000E+03    0.427223306656219E+01    0.299755093258815E+00
    0.986480000000000E+03    0.175375739397623E+01    0.300209117028903E+00
    0.986500000000000E+03    0.178576577039348E+01    0.300209883502640E+00
    0.992760000000000E+03    0.551883495190145E+01    0.299471261202167E+00
    0.992780000000000E+03    0.555081395004959E+01    0.299465824656482E+00
    0.999040000000000E+03    0.298368394283852E+01    0.298090222096752E+00
    0.999060000000000E+03    0.301560746909695E+01    0.298089204153285E+00
    0.100532000000000E+04    0.444445965173827E+00    0.298852230677760E+00
    0.100534000000000E+04    0.476400136603615E+00    0.298856074030993E+00
    0.101160000000000E+04    0.420077347878737E+01    0.299668484512170E+00
    0.101162000000000E+04    0.423276024633128E+01    0.299670213385110E+00
    0.101788000000000E+04    0.168193715039183E+01    0.300246091046156E+00
    0.101790000000000E+04    0.171394705101693E+01    0.300247240593082E+00
    0.102416000000000E+04    0.544793431034395E+01    0.299564335506444E+00
    0.102418000000000E+04    0.547991695741507E+01    0.299558859039025E+00
    0.103046000000000E+04    0.294551686274463E+01    0.298126883436423E+00
    0.103048000000000E+04    0.297744180577342E+01    0.298125637115181E+00
    0.103674000000000E+04    0.406105664150118E+00    0.298786185242624E+00
    0.103676000000000E+04    0.438057257132641E+00    0.298789707334228E+00
    0.104302000000000E+04    0.416127214216090E+01    0.299574253713578E+00
    0.104304000000000E+04    0.419325529408252E+01    0.299576206635547E+00
    0.104930000000000E+04    0.164200209252249E+01    0.300275868394073E+00
    0.104932000000000E+04    0.167401315726488E+01    0.300277385901150E+00
    0.105558000000000E+04    0.540881740555028E+01    0.299648157301857E+00
    0.105560000000000E+04    0.544080324495894E+01    0.299642673683971E+00
    0.106186000000000E+04    0.287538127277662E+01    0.298176767401926E+00
    0.106188000000000E+04    0.290730831317001E+01    0.298175267207002E+00
    0.106816000000000E+04    0.367953310753819E+00    0.298733634732092E+00
    0.106818000000000E+04    0.399902739045501E+00    0.298736797452794E+00
    0.107444000000000E+04    0.412200225672973E+01    0.299485470031389E+00
    0.107446000000000E+04    0.415398168225852E+01    0.299487609716704E+00
    0.108072000000000E+04    0.160220442584659E+01    0.300295709263859E+00
    0.108074000000000E+04    0.163421624745797E+01    0.300297594751927E+00
    0.108700000000000E+04    0.536979247151544E+01    0.299728411623410E+00
    0.108702000000000E+04    0.540178166091141E+01    0.299722960345425E+00
    0.109328000000000E+04    0.283729860567178E+01    0.298230946758451E+00
    0.109330000000000E+04    0.286922774531467E+01    0.298229242580332E+00
    0.109956000000000E+04    0.297993093471177E+00    0.298679740867771E+00
    0.109958000000000E+04    0.329940348623040E+00    0.298682538656660E+00
    0.110586000000000E+04    0.408289446891717E+01    0.299389894651648E+00
    0.110588000000000E+04    0.411487015096577E+01    0.299392204811653E+00
    0.111214000000000E+04    0.156252486301310E+01    0.300307616835644E+00
    0.111216000000000E+04    0.159453719415319E+01    0.300309866710668E+00
    0.111842000000000E+04    0.533074736265621E+01    0.299805519692254E+00
    0.111844000000000E+04    0.536273949072984E+01    0.299800124621789E+00
    0.112470000000000E+04    0.279916914232945E+01    0.298290989200652E+00
    0.112472000000000E+04    0.283110074319484E+01    0.298289091495028E+00
    0.113098000000000E+04    0.260055486946612E+00    0.298636529917707E+00
    0.113100000000000E+04    0.292001021132364E+00    0.298638933852937E+00
    0.113726000000000E+04    0.401190334858416E+01    0.299289928429797E+00
    0.113728000000000E+04    0.404387494620892E+01    0.299292360585840E+00
    0.114354000000000E+04    0.149079710095384E+01    0.300307339784637E+00
    0.114356000000000E+04    0.152280940177138E+01    0.300309965115714E+00
    0.114984000000000E+04    0.529163451517093E+01    0.299879325261802E+00
    0.114986000000000E+04    0.532362975619981E+01    0.299874031601230E+00
    0.115612000000000E+04    0.276105882921206E+01    0.298359505698191E+00
    0.115614000000000E+04    0.279299302763343E+01    0.298357453603463E+00
    0.116240000000000E+04    0.222205870323023E+00    0.298599849431490E+00
    0.116242000000000E+04    0.254149831216182E+00    0.298601817500888E+00
    0.116868000000000E+04    0.397300949480109E+01    0.299190560120884E+00
    0.116870000000000E+04    0.400497716742711E+01    0.299193098558332E+00
    0.117496000000000E+04    0.145117219687995E+01    0.300300293949886E+00
    0.117498000000000E+04    0.148318424554122E+01    0.300303266387745E+00
    0.118124000000000E+04    0.522043528778772E+01    0.299952148044893E+00
    0.118126000000000E+04    0.525243328527677E+01    0.299946992806780E+00
    0.118754000000000E+04    0.272278549222938E+01    0.298429364469683E+00
    0.118756000000000E+04    0.275472261170103E+01    0.298427150456152E+00
    0.119382000000000E+04    0.184286075241289E+00    0.298566865298995E+00
    0.119384000000000E+04    0.216228813176485E+00    0.298568446293946E+00
    0.120010000000000E+04    0.393410022755234E+01    0.299091215554694E+00
    0.120012000000000E+04    0.396606383770313E+01    0.299093829170989E+00
    0.120638000000000E+04    0.141143286111219E+01    0.300285560280374E+00
    0.120640000000000E+04    0.144344434601476E+01    0.300288869301057E+00
    0.121266000000000E+04    0.518112439825245E+01    0.300015576696672E+00
    0.121268000000000E+04    0.521312515603699E+01    0.300010590364049E+00
    0.121894000000000E+04    0.265261687729821E+01    0.298513910927795E+00
    0.121896000000000E+04    0.268455736254646E+01    0.298511539029054E+00
    0.122524000000000E+04    0.146553882708758E+00    0.298546946936528E+00
    0.122526000000000E+04    0.178495798171298E+00    0.298548091357655E+00
    0.123152000000000E+04    0.389548562646451E+01    0.298996742375075E+00
    0.123154000000000E+04    0.392744554690421E+01    0.298999402812973E+00
    0.123780000000000E+04    0.137205077427893E+01    0.300267172840263E+00
    0.123782000000000E+04    0.140406155515416E+01    0.300270801547994E+00
    0.124408000000000E+04    0.514202127720591E+01    0.300079278663190E+00
    0.124410000000000E+04    0.517402438113186E+01    0.300074482518139E+00
    0.125036000000000E+04    0.261445048327073E+01    0.298595941471085E+00
    0.125038000000000E+04    0.264639419130913E+01    0.298593467775875E+00
    0.125664000000000E+04    0.769787647709563E-01    0.298528705888067E+00
    0.125666000000000E+04    0.108920017798482E+00    0.298529425068380E+00
    0.126294000000000E+04    0.385701115824418E+01    0.298900351793573E+00
    0.126296000000000E+04    0.388896721981496E+01    0.298903029077980E+00
    0.126922000000000E+04    0.133267686579461E+01    0.300236830962561E+00
    0.126924000000000E+04    0.136468635083702E+01    0.300240750887448E+00
    0.127550000000000E+04    0.510280344647049E+01    0.300131943386595E+00
    0.127552000000000E+04    0.513480867223757E+01    0.300127366522255E+00
    0.128178000000000E+04    0.257622585454465E+01    0.298684074580471E+00
    0.128180000000000E+04    0.260817310948369E+01    0.298681528810592E+00
    0.128806000000000E+04    0.393667575795007E-01    0.298519912740189E+00
    0.128808000000000E+04    0.713075476173799E-01    0.298520175362625E+00
    0.129434000000000E+04    0.378660608200744E+01    0.298801515886814E+00
    0.129436000000000E+04    0.381855819362909E+01    0.298804165557672E+00
    0.130062000000000E+04    0.126128939041610E+01    0.300195272778476E+00
    0.130064000000000E+04    0.129329732244923E+01    0.300199496689034E+00
    0.130692000000000E+04    0.506350874272357E+01    0.300179005096461E+00
    0.130694000000000E+04    0.509551582009772E+01    0.300174674861067E+00
    0.131320000000000E+04    0.253787408484686E+01    0.298774302288207E+00
    0.131322000000000E+04    0.256982491247345E+01    0.298771696590399E+00
    0.131948000000000E+04    0.171683394137290E-02    0.298517833068643E+00
    0.131950000000000E+04    0.336577736720756E-01    0.298517656448888E+00
    0.132576000000000E+04    0.374828574123967E+01    0.298710724021891E+00
    0.132578000000000E+04    0.378023440574316E+01    0.298713363595522E+00
    0.133204000000000E+04    0.122205362217210E+01    0.300152581138191E+00
    0.133206000000000E+04    0.125405979832613E+01    0.300157056733939E+00
    0.133832000000000E+04    0.499223077759598E+01    0.300223996478883E+00
    0.133834000000000E+04    0.502423966516153E+01    0.300219954237617E+00
    0.134462000000000E+04    0.249956778378419E+01    0.298869497068557E+00
    0.134464000000000E+04    0.253152248599554E+01    0.298866872143239E+00
    0.135090000000000E+04    0.624738684978729E+01    0.298526206462334E+00
    0.135092000000000E+04    0.627932789781971E+01    0.298525593360289E+00
    0.135718000000000E+04    0.371008229331528E+01    0.298622691533882E+00
    0.135720000000000E+04    0.374202723172903E+01    0.298625232905484E+00
    0.136346000000000E+04    0.118284431024722E+01    0.300101081862384E+00
    0.136348000000000E+04    0.121484849187618E+01    0.300105786346890E+00
    0.136974000000000E+04    0.495290814737791E+01    0.300256767627099E+00
    0.136976000000000E+04    0.498491847375817E+01    0.300253019375413E+00
    0.137602000000000E+04    0.242916282986653E+01    0.298971085568913E+00
    0.137604000000000E+04    0.246112135956173E+01    0.298968453580013E+00
    0.138232000000000E+04    0.620971971992321E+01    0.298536352465111E+00
    0.138234000000000E+04    0.624166108593681E+01    0.298535281149993E+00
    0.138860000000000E+04    0.367181099482423E+01    0.298534965523851E+00
    0.138862000000000E+04    0.370375243085664E+01    0.298537414614703E+00
    0.139488000000000E+04    0.114356201617056E+01    0.300040538692019E+00
    0.139490000000000E+04    0.117556374241531E+01    0.300045444656240E+00
    0.140116000000000E+04    0.491331812314456E+01    0.300278088126080E+00
    0.140118000000000E+04    0.494532917649349E+01    0.300274651874512E+00
    0.140744000000000E+04    0.239041629611847E+01    0.299063334762044E+00
    0.140746000000000E+04    0.242237873222348E+01    0.299060738056555E+00
    0.141372000000000E+04    0.613997769744856E+01    0.298559584317731E+00
    0.141374000000000E+04    0.617192009737118E+01    0.298558118111327E+00
    0.142000000000000E+04    0.360160194131186E+01    0.298454888315841E+00
    0.142002000000000E+04    0.363353986360062E+01    0.298457212142552E+00
    0.142630000000000E+04    0.110423630538526E+01    0.299978642271344E+00
    0.142632000000000E+04    0.113623516711959E+01    0.299983697142440E+00
    0.143258000000000E+04    0.487359802491073E+01    0.300292363685111E+00
    0.143260000000000E+04    0.490560969023954E+01    0.300289261876165E+00
    0.143886000000000E+04    0.235149914437170E+01    0.299160528852373E+00
    0.143888000000000E+04    0.238346550627466E+01    0.299157988999808E+00
    0.144514000000000E+04    0.610199801539557E+01    0.298585766936357E+00
    0.144516000000000E+04    0.613394145507937E+01    0.298583880045921E+00
    0.145142000000000E+04    0.356320982828811E+01    0.298376476949737E+00
    0.145144000000000E+04    0.359514492061453E+01    0.298378645119348E+00
    0.145770000000000E+04    0.103291333781453E+01    0.299903717865762E+00
    0.145772000000000E+04    0.106490961496365E+01    0.299908951939034E+00
    0.146400000000000E+04    0.483387628414812E+01    0.300302725656000E+00
    0.146402000000000E+04    0.486588835820612E+01    0.300299970933878E+00
    0.147028000000000E+04    0.231253445970106E+01    0.299260154329170E+00
    0.147030000000000E+04    0.234450472261915E+01    0.299257708858077E+00
    0.147656000000000E+04    0.606407427296563E+01    0.298621240481078E+00
    0.147658000000000E+04    0.609601919999886E+01    0.298618937750126E+00
    0.148284000000000E+04    0.352503500009516E+01    0.298310032993796E+00
    0.148286000000000E+04    0.355696740131498E+01    0.298312028060014E+00
    0.148912000000000E+04    0.993758026395881E+00    0.299832618096436E+00
    0.148914000000000E+04    0.102575134424751E+01    0.299837952561906E+00
    0.149540000000000E+04    0.476214020784164E+01    0.300304232632086E+00
    0.149542000000000E+04    0.479415233078271E+01    0.300301851199331E+00
    0.150170000000000E+04    0.227349855689909E+01    0.299357845045219E+00
    0.150172000000000E+04    0.230547277029564E+01    0.299355520525258E+00
    0.150798000000000E+04    0.602605691729195E+01    0.298661775269742E+00
    0.150800000000000E+04    0.605800336070934E+01    0.298659077053010E+00
    0.151426000000000E+04    0.348674953732825E+01    0.298244681193932E+00
    0.151428000000000E+04    0.351867936389544E+01    0.298246507128175E+00
    0.152054000000000E+04    0.954508708106914E+00    0.299752989546231E+00
    0.152056000000000E+04    0.986498929020854E+00    0.299758400657014E+00
    0.152682000000000E+04    0.472224833181599E+01    0.300294834112932E+00
    0.152684000000000E+04    0.475426009769944E+01    0.300292816684104E+00
    0.153310000000000E+04    0.220225523669478E+01    0.299456446678365E+00
    0.153312000000000E+04    0.223423342941715E+01    0.299454268250749E+00
    0.153940000000000E+04    0.598790907583953E+01    0.298710944559966E+00
    0.153942000000000E+04    0.601985751944949E+01    0.298707861266413E+00
    0.154568000000000E+04    0.344848038024384E+01    0.298189140248340E+00
    0.154570000000000E+04    0.348040789317474E+01    0.298190754245813E+00
    0.155196000000000E+04    0.915276723364514E+00    0.299673328194982E+00
    0.155198000000000E+04    0.947263790907073E+00    0.299678780327443E+00
    0.155824000000000E+04    0.468235218006430E+01    0.300276644348075E+00
    0.155826000000000E+04    0.471436347329927E+01    0.300275003468041E+00
    0.156452000000000E+04    0.216297474079374E+01    0.299554327702251E+00
    0.156454000000000E+04    0.219495686138316E+01    0.299552335186645E+00
    0.157080000000000E+04    0.591783902115003E+01    0.298771160253047E+00
    0.157082000000000E+04    0.594978982985367E+01    0.298767714868679E+00
    0.157708000000000E+04    0.337846191741119E+01    0.298142069398220E+00
    0.157710000000000E+04    0.341038760642823E+01    0.298143437585980E+00
    0.158338000000000E+04    0.876372662801259E+00    0.299594851290073E+00
    0.158340000000000E+04    0.908356591038682E+00    0.299600303352045E+00
    0.158966000000000E+04    0.464264322412919E+01    0.300255584877268E+00
    0.158968000000000E+04    0.467465343054073E+01    0.300254310274588E+00
    0.159594000000000E+04    0.212368973810135E+01    0.299644955811398E+00
    0.159596000000000E+04    0.215567539705307E+01    0.299643167210939E+00
    0.160222000000000E+04    0.587970182202389E+01    0.298829040712581E+00
    0.160224000000000E+04    0.591165512147973E+01    0.298825266102905E+00
    0.160850000000000E+04    0.334046166818553E+01    0.298103714376452E+00
    0.160852000000000E+04    0.337238587575894E+01    0.298104865197423E+00
    0.161478000000000E+04    0.805573777195150E+00    0.299508440620429E+00
    0.161480000000000E+04    0.837554207580979E+00    0.299513868310559E+00
    0.162108000000000E+04    0.460296120659223E+01    0.300223753855952E+00
    0.162110000000000E+04    0.463497014568156E+01    0.300222848223404E+00
    0.162736000000000E+04    0.208442824075428E+01    0.299734962292449E+00
    0.162738000000000E+04    0.211641757695043E+01    0.299733409876480E+00
    0.163364000000000E+04    0.584158308930228E+01    0.298896260074713E+00
    0.163366000000000E+04    0.587353886985147E+01    0.298892182682549E+00
    0.163992000000000E+04    0.330246399390717E+01    0.298069352578728E+00
    0.163994000000000E+04    0.333438673660794E+01    0.298070249416609E+00
    0.164620000000000E+04    0.766775099113147E+00    0.299424161283837E+00
    0.164622000000000E+04    0.798752231055005E+00    0.299429521995974E+00
    0.165248000000000E+04    0.453123673999335E+01    0.300183187273914E+00
    0.165250000000000E+04    0.456324408510909E+01    0.300182656924324E+00
    0.165878000000000E+04    0.204498769691963E+01    0.299819139261193E+00
    0.165880000000000E+04    0.207698028762115E+01    0.299817836260557E+00
    0.166506000000000E+04    0.580325013450738E+01    0.298964917244338E+00
    0.166508000000000E+04    0.583520866420349E+01    0.298960551532690E+00
    0.167134000000000E+04    0.326439667075010E+01    0.298044926980876E+00
    0.167136000000000E+04    0.329631847658402E+01    0.298045572787664E+00
    0.167762000000000E+04    0.727985621114840E+00    0.299338995827685E+00
    0.167764000000000E+04    0.759959404801975E+00    0.299344249645893E+00
    0.168390000000000E+04    0.449148386784509E+01    0.300129966746228E+00
    0.168392000000000E+04    0.452348938140676E+01    0.300129800283016E+00
    0.169018000000000E+04    0.197352633733135E+01    0.299900903366344E+00
    0.169020000000000E+04    0.200552237780721E+01    0.299899894427033E+00
    0.169648000000000E+04    0.576503217686741E+01    0.299043039470618E+00
    0.169650000000000E+04    0.579699401130074E+01    0.299038408185586E+00
    0.170276000000000E+04    0.322658548954951E+01    0.298031904856284E+00
    0.170278000000000E+04    0.325850673653849E+01    0.298032295962556E+00
    0.170904000000000E+04    0.689545326581538E+00    0.299258990298124E+00
    0.170906000000000E+04    0.721515852570519E+00    0.299264105398668E+00
    0.171532000000000E+04    0.445199891992206E+01    0.300078829996744E+00
    0.171534000000000E+04    0.448400220588655E+01    0.300079007426349E+00
    0.172160000000000E+04    0.193413172862347E+01    0.299973571359582E+00
    0.172162000000000E+04    0.196613060079699E+01    0.299972854732499E+00
    0.172788000000000E+04    0.569473852752390E+01    0.299121648782008E+00
    0.172790000000000E+04    0.572670329821403E+01    0.299116809779762E+00
    0.173416000000000E+04    0.315673848273627E+01    0.298024009330714E+00
    0.173418000000000E+04    0.318865933375764E+01    0.298024115394340E+00
    0.174046000000000E+04    0.651014299721737E+00    0.299176431332720E+00
    0.174048000000000E+04    0.682981439682408E+00    0.299181372809484E+00
    0.174674000000000E+04    0.441235488592065E+01    0.300014015908375E+00
    0.174676000000000E+04    0.444435551630568E+01    0.300014520999587E+00
    0.175302000000000E+04    0.189451050563957E+01    0.300039523340896E+00
    0.175304000000000E+04    0.192651206549090E+01    0.300039126321957E+00
    0.175930000000000E+04    0.565621958797510E+01    0.299201143806960E+00
    0.175932000000000E+04    0.568818756057453E+01    0.299196105922338E+00
    0.176558000000000E+04    0.311875138387450E+01    0.298025263556906E+00
    0.176560000000000E+04    0.315067237694348E+01    0.298025117355988E+00
    0.177186000000000E+04    0.580596455329214E+00    0.299094215655375E+00
    0.177188000000000E+04    0.612560325054801E+00    0.299098963809056E+00
    0.177816000000000E+04    0.437279522732661E+01    0.299945652715090E+00
    0.177818000000000E+04    0.440479304248856E+01    0.299946469377378E+00
    0.178444000000000E+04    0.185487758346744E+01    0.300100585875695E+00
    0.178446000000000E+04    0.188688156951639E+01    0.300100521214221E+00
    0.179072000000000E+04    0.561767617466103E+01    0.299283271614454E+00
    0.179074000000000E+04    0.564964752092146E+01    0.299278077772999E+00
    0.179700000000000E+04    0.308084038514744E+01    0.298036192967453E+00
    0.179702000000000E+04    0.311276176001275E+01    0.298035777849747E+00
    0.180328000000000E+04    0.542257875698851E+00    0.299017757312335E+00
    0.180330000000000E+04    0.574218677834779E+00    0.299022270993291E+00
    0.180956000000000E+04    0.430133182373220E+01    0.299869569317877E+00
    0.180958000000000E+04    0.433332668645562E+01    0.299870693387881E+00
    0.181586000000000E+04    0.181527632230109E+01    0.300155130374613E+00
    0.181588000000000E+04    0.184728249906539E+01    0.300155412318554E+00
    0.182214000000000E+04    0.557907322375786E+01    0.299365502136880E+00
    0.182216000000000E+04    0.561104775705962E+01    0.299360176166781E+00
    0.182842000000000E+04    0.304288170557766E+01    0.298054164892711E+00
    0.182844000000000E+04    0.307480384845076E+01    0.298053502039955E+00
    0.183470000000000E+04    0.503983759838775E+00    0.298945821715605E+00
    0.183472000000000E+04    0.535941687717695E+00    0.298950067479113E+00
    0.184098000000000E+04    0.426190048382432E+01    0.299788567650840E+00
    0.184100000000000E+04    0.429389203304572E+01    0.299789960840114E+00
    0.184726000000000E+04    0.174357615738836E+01    0.300200405511269E+00
    0.184728000000000E+04    0.177558414466739E+01    0.300201055138830E+00
    0.185354000000000E+04    0.550839804167799E+01    0.299454880901199E+00
    0.185356000000000E+04    0.554037626603940E+01    0.299449476622887E+00
    0.185984000000000E+04    0.300494591479264E+01    0.298081795533160E+00
    0.185986000000000E+04    0.303686909659291E+01    0.298080877918267E+00
    0.186612000000000E+04    0.465793922868670E+00    0.298877026543965E+00
    0.186614000000000E+04    0.497749094839492E+00    0.298880981059214E+00
    0.187240000000000E+04    0.422256939820500E+01    0.299703450167300E+00
    0.187242000000000E+04    0.425455763322134E+01    0.299705102181732E+00
    0.187868000000000E+04    0.170393553093891E+01    0.300239260623931E+00
    0.187870000000000E+04    0.173594510848989E+01    0.300240274483465E+00
    0.188496000000000E+04    0.546964700256103E+01    0.299537656674199E+00
    0.188498000000000E+04    0.550162843609633E+01    0.299532191521913E+00
    0.189124000000000E+04    0.293506168417252E+01    0.298118097617562E+00
    0.189126000000000E+04    0.296698635791154E+01    0.298116906767145E+00
    0.189754000000000E+04    0.427710414372086E+00    0.298814772038772E+00
    0.189756000000000E+04    0.459663081273902E+00    0.298818400991707E+00
    0.190382000000000E+04    0.418333045267718E+01    0.299614362872312E+00
    0.190384000000000E+04    0.421531505982102E+01    0.299616236453003E+00
    0.191010000000000E+04    0.166426693143831E+01    0.300269784554009E+00
    0.191012000000000E+04    0.169627775038362E+01    0.300271166489247E+00
    0.191638000000000E+04    0.543084394997413E+01    0.299620525578282E+00
    0.191640000000000E+04    0.546282880214358E+01    0.299615039535410E+00
    0.192266000000000E+04    0.289709066310297E+01    0.298162437340220E+00
    0.192268000000000E+04    0.292901691870247E+01    0.298161029553725E+00
    0.192894000000000E+04    0.357676669225839E+00    0.298750542455681E+00
    0.192896000000000E+04    0.389626703446083E+00    0.298753823864874E+00
    0.193524000000000E+04    0.414409106682751E+01    0.299520829488846E+00
    0.193526000000000E+04    0.417607194283164E+01    0.299522906155782E+00
    0.194152000000000E+04    0.162452305086663E+01    0.300290407966221E+00
    0.194154000000000E+04    0.165653470119287E+01    0.300292157950725E+00
    0.194780000000000E+04    0.539184197391160E+01    0.299698912859509E+00
    0.194782000000000E+04    0.542382992515786E+01    0.299693444370395E+00
    0.195408000000000E+04    0.285899687286201E+01    0.298211011893257E+00
    0.195410000000000E+04    0.289092518074631E+01    0.298209391883566E+00
    0.196036000000000E+04    0.319653717152050E+00    0.298697692959469E+00
    0.196038000000000E+04    0.351601648473661E+00    0.298700608057350E+00
    0.196664000000000E+04    0.407296695388050E+01    0.299422882869899E+00
    0.196666000000000E+04    0.410494391644033E+01    0.299425129525719E+00
    0.197294000000000E+04    0.158478609756094E+01    0.300304612302621E+00
    0.197296000000000E+04    0.161679825880765E+01    0.300306726677670E+00
    0.197922000000000E+04    0.535275954233020E+01    0.299775404689625E+00
    0.197924000000000E+04    0.538475049573026E+01    0.299769976187994E+00
    0.198550000000000E+04    0.282081310270542E+01    0.298267623299449E+00
    0.198552000000000E+04    0.285274376124653E+01    0.298265813639733E+00
    0.199178000000000E+04    0.281624277755327E+00    0.298651620387824E+00
    0.199180000000000E+04    0.313570414270089E+00    0.298654165479659E+00
    0.199806000000000E+04    0.403385249195480E+01    0.299325237192025E+00
    0.199808000000000E+04    0.406582551237398E+01    0.299327626798125E+00
    0.200434000000000E+04    0.151300385195736E+01    0.300307886921816E+00
    0.200436000000000E+04    0.154501618030326E+01    0.300310380682876E+00
    0.201062000000000E+04    0.528164488912626E+01    0.299857514492021E+00
    0.201064000000000E+04    0.531363925535516E+01    0.299852193703355E+00
    0.201692000000000E+04    0.278269544447630E+01    0.298333506231350E+00
    0.201694000000000E+04    0.281462868142353E+01    0.298331505002918E+00
    0.202320000000000E+04    0.243735502751406E+00    0.298611683359839E+00
    0.202322000000000E+04    0.275680027689759E+00    0.298613831389691E+00
    0.202948000000000E+04    0.399493146744771E+01    0.299227402521813E+00
    0.202950000000000E+04    0.402690065067691E+01    0.299229914566125E+00
    0.203576000000000E+04    0.147339919159776E+01    0.300305784295083E+00
    0.203578000000000E+04    0.150541146395153E+01    0.300308629518597E+00
    0.204204000000000E+04    0.524252353367274E+01    0.299928521433144E+00
    0.204206000000000E+04    0.527452058617655E+01    0.299923313157569E+00
    0.204832000000000E+04    0.271259550673403E+01    0.298406096913125E+00
    0.204834000000000E+04    0.274453169049502E+01    0.298403906876575E+00
    0.205462000000000E+04    0.205916125410113E+00    0.298579358644524E+00
    0.205464000000000E+04    0.237859363166081E+00    0.298581088114541E+00
    0.206090000000000E+04    0.395610314574378E+01    0.299128815403983E+00
    0.206092000000000E+04    0.398806830403555E+01    0.299131407669338E+00
    0.206718000000000E+04    0.143377014667067E+01    0.300294368695670E+00
    0.206720000000000E+04    0.146578194975973E+01    0.300297554057446E+00
    0.207346000000000E+04    0.520334119464314E+01    0.299995176568982E+00
    0.207348000000000E+04    0.523534108472904E+01    0.299990123966125E+00
    0.207974000000000E+04    0.267443253478041E+01    0.298484373155296E+00
    0.207976000000000E+04    0.270637172039278E+01    0.298482066000412E+00
    0.208602000000000E+04    0.136220665589917E+00    0.298552011431856E+00
    0.208604000000000E+04    0.168162702825157E+00    0.298553284616626E+00
    0.209232000000000E+04    0.391738747403269E+01    0.299029652109249E+00
    0.209234000000000E+04    0.394934871166470E+01    0.299032303008158E+00
    0.209860000000000E+04    0.139423573731301E+01    0.300273976167943E+00
    0.209862000000000E+04    0.142624674977696E+01    0.300277485757679E+00
    0.210488000000000E+04    0.516406730283461E+01    0.300054564493226E+00
    0.210490000000000E+04    0.519606939860751E+01    0.300049687021410E+00
    0.211116000000000E+04    0.263609857682331E+01    0.298562864128617E+00
    0.211118000000000E+04    0.266804103610502E+01    0.298560431839606E+00
    0.211744000000000E+04    0.983910906284109E-01    0.298531639002031E+00
    0.211746000000000E+04    0.130332410695701E+00    0.298532513270380E+00
    0.212372000000000E+04    0.384670298814899E+01    0.298929178000735E+00
    0.212374000000000E+04    0.387866010173047E+01    0.298931841850330E+00
    0.213000000000000E+04    0.132258440123087E+01    0.300242395612328E+00
    0.213002000000000E+04    0.135459416242384E+01    0.300246231571548E+00
    0.213630000000000E+04    0.512465147229295E+01    0.300110358448788E+00
    0.213632000000000E+04    0.515665589231594E+01    0.300105697556603E+00
    0.214258000000000E+04    0.259769128574226E+01    0.298650018712313E+00
    0.214260000000000E+04    0.262963716416971E+01    0.298647499323126E+00
    0.214886000000000E+04    0.605642052028088E-01    0.298519444952896E+00
    0.214888000000000E+04    0.925049967322593E-01    0.298519881797171E+00
    0.215514000000000E+04    0.380805214068050E+01    0.298833171552828E+00
    0.215516000000000E+04    0.384000553033366E+01    0.298835837432964E+00
    0.216142000000000E+04    0.128305254122142E+01    0.300207628556196E+00
    0.216144000000000E+04    0.131506091140091E+01    0.300211750878275E+00
    0.216770000000000E+04    0.505320077721808E+01    0.300163527704639E+00
    0.216772000000000E+04    0.508520724626533E+01    0.300159118648203E+00
    0.217400000000000E+04    0.255920020031499E+01    0.298739022506390E+00
    0.217402000000000E+04    0.259114968451831E+01    0.298736434953247E+00
    0.218028000000000E+04    0.227597647390212E-01    0.298516049932278E+00
    0.218030000000000E+04    0.547004468430714E-01    0.298516037845059E+00
    0.218656000000000E+04    0.376948409068200E+01    0.298739544643619E+00
    0.218658000000000E+04    0.380143366333277E+01    0.298742174815957E+00
    0.219284000000000E+04    0.124350432137317E+01    0.300165035943446E+00
    0.219286000000000E+04    0.127551098648746E+01    0.300169423910083E+00
    0.219912000000000E+04    0.501369413433895E+01    0.300205838643748E+00
    0.219914000000000E+04    0.504570249276867E+01    0.300201700176257E+00
    0.220540000000000E+04    0.248874089059791E+01    0.298836525274717E+00
    0.220542000000000E+04    0.252069427037850E+01    0.298833890387871E+00
    0.221170000000000E+04    0.626819804316528E+01    0.298520416782147E+00
    0.221172000000000E+04    0.169533760840750E-01    0.298519967097289E+00
    0.221798000000000E+04    0.373108489354581E+01    0.298651378417264E+00
    0.221800000000000E+04    0.376303096836455E+01    0.298653947998058E+00
    0.222426000000000E+04    0.120415940194198E+01    0.300118168687081E+00
    0.222428000000000E+04    0.123616410099976E+01    0.300122788632503E+00
    0.223054000000000E+04    0.497419565497876E+01    0.300240508651138E+00
    0.223056000000000E+04    0.500620522214513E+01    0.300236651839748E+00
    0.223682000000000E+04    0.245011004062326E+01    0.298930763436682E+00
    0.223684000000000E+04    0.248206720043527E+01    0.298928121565335E+00
    0.224310000000000E+04    0.619844297485906E+01    0.298531205163934E+00
    0.224312000000000E+04    0.623038423484377E+01    0.298530310006638E+00
    0.224940000000000E+04    0.369264740961626E+01    0.298563298778803E+00
    0.224942000000000E+04    0.372458995706802E+01    0.298565786489885E+00
    0.225568000000000E+04    0.116472121650986E+01    0.300061006079248E+00
    0.225570000000000E+04    0.119672379060148E+01    0.300065841937380E+00
    0.226196000000000E+04    0.493459455355560E+01    0.300269188492156E+00
    0.226198000000000E+04    0.496660543636517E+01    0.300265644838512E+00
    0.226824000000000E+04    0.241140727420043E+01    0.299029417413861E+00
    0.226826000000000E+04    0.244336835002559E+01    0.299026800927899E+00
    0.227452000000000E+04    0.616062155217833E+01    0.298549836512625E+00
    0.227454000000000E+04    0.619256356068627E+01    0.298548509897078E+00
    0.228080000000000E+04    0.362239323282165E+01    0.298480050035539E+00
    0.228082000000000E+04    0.365433250695469E+01    0.298482417611199E+00
    0.228708000000000E+04    0.109344722709420E+01    0.299995296614464E+00
    0.228710000000000E+04    0.112544712871704E+01    0.300000330792836E+00
    0.229338000000000E+04    0.489497970421507E+01    0.300288549289952E+00
    0.229340000000000E+04    0.492699120579391E+01    0.300285329158744E+00
    0.229966000000000E+04    0.237261683312227E+01    0.299127814191447E+00
    0.229968000000000E+04    0.240458187225158E+01    0.299125255858813E+00
    0.230594000000000E+04    0.612279785964756E+01    0.298576275703882E+00
    0.230596000000000E+04    0.615474090596126E+01    0.298574512523010E+00
    0.231222000000000E+04    0.358413268225104E+01    0.298402958463266E+00
    0.231224000000000E+04    0.361606881381476E+01    0.298405178727522E+00
    0.231850000000000E+04    0.105417102782803E+01    0.299928653465764E+00
    0.231852000000000E+04    0.108616833664337E+01    0.299933837970851E+00
    0.232478000000000E+04    0.482331071455019E+01    0.300303428314565E+00
    0.232480000000000E+04    0.485532295692292E+01    0.300300568865226E+00
    0.233108000000000E+04    0.233374044744141E+01    0.299227125276637E+00
    0.233110000000000E+04    0.236570943119523E+01    0.299224644226769E+00
    0.233736000000000E+04    0.608490347390807E+01    0.298608530158431E+00
    0.233738000000000E+04    0.611684782444763E+01    0.298606361434368E+00
    0.234364000000000E+04    0.354592398945442E+01    0.298332829887800E+00
    0.234366000000000E+04    0.357785736812275E+01    0.298334908500604E+00
    0.234992000000000E+04    0.101501102636439E+01    0.299857850414497E+00
    0.234994000000000E+04    0.104700543840181E+01    0.299863152107153E+00
    0.235620000000000E+04    0.478361352545653E+01    0.300306002493353E+00
    0.235622000000000E+04    0.481562574368036E+01    0.300303494820034E+00
    0.236248000000000E+04    0.226279062317826E+01    0.299328164848160E+00
    0.236250000000000E+04    0.229476367463440E+01    0.299325796544874E+00
    0.236878000000000E+04    0.604699383361276E+01    0.298648698201450E+00
    0.236880000000000E+04    0.607893976137802E+01    0.298646114681939E+00
    0.237506000000000E+04    0.350775863232184E+01    0.298267391131602E+00
    0.237508000000000E+04    0.353968933456736E+01    0.298269278064870E+00
    0.238134000000000E+04    0.975860667748748E+00    0.299782570639981E+00
    0.238136000000000E+04    0.100785215267160E+01    0.299787956989400E+00
    0.238762000000000E+04    0.474388786490908E+01    0.300300720787126E+00
    0.238764000000000E+04    0.477589998222129E+01    0.300298576128816E+00
    0.239390000000000E+04    0.222370393982010E+01    0.299425254159544E+00
    0.239392000000000E+04    0.225568084384031E+01    0.299423020118257E+00
    0.240018000000000E+04    0.597701976213602E+01    0.298696741053162E+00
    0.240020000000000E+04    0.600896763254650E+01    0.298693787758160E+00
    0.240648000000000E+04    0.346960030281207E+01    0.298209778270437E+00
    0.240650000000000E+04    0.350152874974310E+01    0.298211487799526E+00
    0.241276000000000E+04    0.936792533208973E+00    0.299704535416249E+00
    0.241278000000000E+04    0.968780819034691E+00    0.299709970999571E+00
    0.241904000000000E+04    0.470410568164607E+01    0.300286558935882E+00
    0.241906000000000E+04    0.473611713802757E+01    0.300284782117496E+00
    0.242532000000000E+04    0.218450799057109E+01    0.299520992790510E+00
    0.242534000000000E+04    0.221648876597555E+01    0.299518938413000E+00
    0.243160000000000E+04    0.593896678768897E+01    0.298750073658142E+00
    0.243162000000000E+04    0.597091676532727E+01    0.298746741587817E+00
    0.243788000000000E+04    0.339955876949580E+01    0.298156920385095E+00
    0.243790000000000E+04    0.343148504066949E+01    0.298158371473035E+00
    0.244416000000000E+04    0.865770576014256E+00    0.299617948321312E+00
    0.244418000000000E+04    0.897755489354040E+00    0.299623411335562E+00
    0.245046000000000E+04    0.466432457970359E+01    0.300264417913550E+00
    0.245048000000000E+04    0.469633526180633E+01    0.300263014039142E+00
    0.245674000000000E+04    0.214521796412282E+01    0.299613393094428E+00
    0.245676000000000E+04    0.217720240888912E+01    0.299611528077149E+00
    0.246302000000000E+04    0.590078654374565E+01    0.298807314270556E+00
    0.246304000000000E+04    0.593273881994037E+01    0.298803651843834E+00
    0.246930000000000E+04    0.336144069018610E+01    0.298114463694260E+00
    0.246932000000000E+04    0.339336530692754E+01    0.298115702903906E+00
    0.247558000000000E+04    0.826820505157684E+00    0.299535692825126E+00
    0.247560000000000E+04    0.858802034840664E+00    0.299541133546187E+00
    0.248186000000000E+04    0.459248839824659E+01    0.300234642251715E+00
    0.248188000000000E+04    0.462449779087865E+01    0.300233621250865E+00
    0.248816000000000E+04    0.210581726213695E+01    0.299703193524027E+00
    0.248818000000000E+04    0.213780534758280E+01    0.299701559980859E+00
    0.249444000000000E+04    0.586256102096695E+01    0.298871515599620E+00
    0.249446000000000E+04    0.589451584679136E+01    0.298867522934120E+00
    0.250072000000000E+04    0.332334455680484E+01    0.298078519086650E+00
    0.250074000000000E+04    0.335526767691454E+01    0.298079505472000E+00
    0.250700000000000E+04    0.787902323287199E+00    0.299451919510357E+00
    0.250702000000000E+04    0.819880605808521E+00    0.299457302633023E+00
    0.251328000000000E+04    0.455268717050922E+01    0.300196215690773E+00
    0.251330000000000E+04    0.458469514635271E+01    0.300195564532353E+00
    0.251956000000000E+04    0.203435490678294E+01    0.299790134297251E+00
    0.251958000000000E+04    0.206634643706866E+01    0.299788745240813E+00
    0.252586000000000E+04    0.582422168313633E+01    0.298938993147923E+00
    0.252588000000000E+04    0.585617920875438E+01    0.298934715831663E+00
    0.253214000000000E+04    0.328525553841791E+01    0.298052293700607E+00
    0.253216000000000E+04    0.331717765037183E+01    0.298053041195303E+00
    0.253842000000000E+04    0.749090974638420E+00    0.299368578777511E+00
    0.253844000000000E+04    0.781065815973307E+00    0.299373869038561E+00
    0.254470000000000E+04    0.451287006970688E+01    0.300149245742823E+00
    0.254472000000000E+04    0.454487605676195E+01    0.300148950899092E+00
    0.255098000000000E+04    0.199478260934347E+01    0.299870919863426E+00
    0.255100000000000E+04    0.202677742496689E+01    0.299869810099838E+00
    0.255726000000000E+04    0.575386600409684E+01    0.299016678930036E+00
    0.255728000000000E+04    0.578582663823772E+01    0.299012133769994E+00
    0.256354000000000E+04    0.321525251334151E+01    0.298032516368892E+00
    0.256356000000000E+04    0.324717377496017E+01    0.298032969221327E+00
    0.256984000000000E+04    0.710310480557382E+00    0.299285000933314E+00
    0.256986000000000E+04    0.742282099349723E+00    0.299290161910628E+00
    0.257612000000000E+04    0.447310284124160E+01    0.300095685122843E+00
    0.257614000000000E+04    0.450510686136295E+01    0.300095747859723E+00
    0.258240000000000E+04    0.195518516644643E+01    0.299946576157686E+00
    0.258242000000000E+04    0.198718300324435E+01    0.299945755793508E+00
    0.258868000000000E+04    0.571539568627395E+01    0.299093261089932E+00
    0.258870000000000E+04    0.574735933245665E+01    0.299088492059442E+00
    0.259496000000000E+04    0.317715547323587E+01    0.298027352734192E+00
    0.259498000000000E+04    0.320907598540634E+01    0.298027574096311E+00
    0.260124000000000E+04    0.639537296367052E+00    0.299199192716946E+00
    0.260126000000000E+04    0.671504760925927E+00    0.299204150931804E+00
    0.260754000000000E+04    0.443312359272750E+01    0.300030660539303E+00
    0.260756000000000E+04    0.446512485668245E+01    0.300031053975039E+00
    0.261382000000000E+04    0.191520914001376E+01    0.300014295350159E+00
    0.261384000000000E+04    0.194720969971149E+01    0.300013790649539E+00
    0.262010000000000E+04    0.567651181038673E+01    0.299170485535074E+00
    0.262012000000000E+04    0.570847857252102E+01    0.299165509992148E+00
    0.262638000000000E+04    0.313880236902696E+01    0.298019473044552E+00
    0.262640000000000E+04    0.317072308428124E+01    0.298019411706616E+00
    0.263266000000000E+04    0.600760698201157E+00    0.299116902103699E+00
    0.263268000000000E+04    0.632725494296210E+00    0.299121718480250E+00
    0.263894000000000E+04    0.436129775739482E+01    0.299965152190370E+00
    0.263896000000000E+04    0.439329634452679E+01    0.299965876838877E+00
    0.264524000000000E+04    0.187535593127632E+01    0.300078438132205E+00
    0.264526000000000E+04    0.190735890426822E+01    0.300078262144382E+00
    0.265152000000000E+04    0.563774160688718E+01    0.299251975675731E+00
    0.265154000000000E+04    0.566971162165555E+01    0.299246826366185E+00
    0.265780000000000E+04    0.310063543270644E+01    0.298028222529283E+00
    0.265782000000000E+04    0.313255650249630E+01    0.298027897864905E+00
    0.266408000000000E+04    0.562141733033059E+00    0.299038837866064E+00
    0.266410000000000E+04    0.594103357955646E+00    0.299043418587298E+00
    0.267036000000000E+04    0.432153448100962E+01    0.299890271572553E+00
    0.267038000000000E+04    0.435353015703731E+01    0.299891301242139E+00
    0.267664000000000E+04    0.180349281240433E+01    0.300135431682038E+00
    0.267666000000000E+04    0.183549822262012E+01    0.300135615246023E+00
    0.268294000000000E+04    0.559893929416830E+01    0.299335014246530E+00
    0.268296000000000E+04    0.563091261781665E+01    0.299329727475509E+00
    0.268922000000000E+04    0.306247111073299E+01    0.298043406301419E+00
    0.268924000000000E+04    0.309439277956790E+01    0.298042824312793E+00
    0.269550000000000E+04    0.523630385476281E+00    0.298965491079625E+00
    0.269552000000000E+04    0.555589119270735E+00    0.298969822255834E+00
    0.270178000000000E+04    0.428188493863945E+01    0.299811627023072E+00
    0.270180000000000E+04    0.431387738300964E+01    0.299812939215890E+00
    0.270806000000000E+04    0.176359158186096E+01    0.300183613719584E+00
    0.270808000000000E+04    0.179559875543328E+01    0.300184146529450E+00
    0.271434000000000E+04    0.552803567824958E+01    0.299423340370542E+00
    0.271436000000000E+04    0.556001255289175E+01    0.299417957112342E+00
    0.272062000000000E+04    0.299235881390359E+01    0.298069266029272E+00
    0.272064000000000E+04    0.302428153397796E+01    0.298068400809822E+00
    0.272692000000000E+04    0.485163922258835E+00    0.298894792275611E+00
    0.272694000000000E+04    0.517119774210187E+00    0.298898826794557E+00
    0.273320000000000E+04    0.424224415620938E+01    0.299726346302085E+00
    0.273322000000000E+04    0.427423327204906E+01    0.299727919769823E+00
    0.273948000000000E+04    0.172367621085050E+01    0.300225277506208E+00
    0.273950000000000E+04    0.175568524526170E+01    0.300226181289599E+00
    0.274576000000000E+04    0.548907649853027E+01    0.299507643317830E+00
    0.274578000000000E+04    0.552105671230674E+01    0.299502193471309E+00
    0.275204000000000E+04    0.295416874288185E+01    0.298101617711959E+00
    0.275206000000000E+04    0.298609272032991E+01    0.298100508627173E+00
    0.275832000000000E+04    0.414850756666056E+00    0.298825859006867E+00
    0.275834000000000E+04    0.446803929457019E+00    0.298829594644901E+00
    0.276462000000000E+04    0.420275004192808E+01    0.299638610000886E+00
    0.276464000000000E+04    0.423473560313232E+01    0.299640414449972E+00
    0.277090000000000E+04    0.168374031506482E+01    0.300259908492044E+00
    0.277092000000000E+04    0.171575050222691E+01    0.300261172247147E+00
    0.277718000000000E+04    0.544993513615645E+01    0.299586992072634E+00
    0.277720000000000E+04    0.548191852405307E+01    0.299581504447895E+00
    0.278346000000000E+04    0.291582828864648E+01    0.298139660866926E+00
    0.278348000000000E+04    0.294775383857359E+01    0.298138326168799E+00
    0.278974000000000E+04    0.376390614458614E+00    0.298762066373566E+00
    0.278976000000000E+04    0.408341173882036E+00    0.298765461138938E+00
    0.279602000000000E+04    0.413108723330697E+01    0.299540169657654E+00
    0.279604000000000E+04    0.416306888713007E+01    0.299542187885275E+00
    0.280232000000000E+04    0.164358211665149E+01    0.300280264715182E+00
    0.280234000000000E+04    0.167559337822604E+01    0.300281906590028E+00
    0.280860000000000E+04    0.541062444026102E+01    0.299670037266286E+00
    0.280862000000000E+04    0.544261126226229E+01    0.299664552277301E+00
    0.281488000000000E+04    0.287740686009329E+01    0.298189943131573E+00
    0.281490000000000E+04    0.290933429185316E+01    0.298188382494799E+00
    0.282116000000000E+04    0.337944188463553E+00    0.298706602820062E+00
    0.282118000000000E+04    0.369892514266212E+00    0.298709637933781E+00
    0.282744000000000E+04    0.409150380265692E+01    0.299444705211155E+00
    0.282746000000000E+04    0.412348163380921E+01    0.299446906270199E+00
    0.283372000000000E+04    0.157142464043773E+01    0.300293899530583E+00
    0.283374000000000E+04    0.160343638677659E+01    0.300295927360897E+00
    0.284000000000000E+04    0.533925545707734E+01    0.299752002047982E+00
    0.284002000000000E+04    0.537124577791656E+01    0.299746579660147E+00
    0.284630000000000E+04    0.283908304355191E+01    0.298247995033472E+00
    0.284632000000000E+04    0.287101292205534E+01    0.298246230070073E+00
    0.285258000000000E+04    0.299815706317531E+00    0.298661918586680E+00
    0.285260000000000E+04    0.331762239904492E+00    0.298664573883446E+00
    0.285886000000000E+04    0.405231927583645E+01    0.299351521286929E+00
    0.285888000000000E+04    0.408429319808874E+01    0.299353881432187E+00
    0.286514000000000E+04    0.153160080580437E+01    0.300305621139374E+00
    0.286516000000000E+04    0.156361275886775E+01    0.300308002145890E+00
    0.287142000000000E+04    0.529998326219356E+01    0.299832024979396E+00
    0.287144000000000E+04    0.533197645550717E+01    0.299826672454625E+00
    0.287770000000000E+04    0.276874928153029E+01    0.298311941923318E+00
    0.287772000000000E+04    0.280068171751191E+01    0.298309964501716E+00
    0.288400000000000E+04    0.261624769754235E+00    0.298617962584398E+00
    0.288402000000000E+04    0.293569723145083E+00    0.298620212560236E+00
    0.289028000000000E+04    0.401310261200069E+01    0.299251826569836E+00
    0.289030000000000E+04    0.404507285687941E+01    0.299254320054825E+00
    0.289656000000000E+04    0.149173208269076E+01    0.300304412629037E+00
    0.289658000000000E+04    0.152374427559062E+01    0.300307157810734E+00
    0.290284000000000E+04    0.526066955981696E+01    0.299904653725636E+00
    0.290286000000000E+04    0.529266564471436E+01    0.299899409988482E+00
    0.290912000000000E+04    0.273039980436897E+01    0.298382269443202E+00
    0.290914000000000E+04    0.276233492387109E+01    0.298380135214934E+00
    0.291540000000000E+04    0.191593050540178E+00    0.298579950410261E+00
    0.291542000000000E+04    0.223536267841155E+00    0.298581787978168E+00
    0.292170000000000E+04    0.397392848683103E+01    0.299150252938218E+00
    0.292172000000000E+04    0.400589456475063E+01    0.299152830296710E+00
    0.292798000000000E+04    0.145177882436747E+01    0.300293962843403E+00
    0.292800000000000E+04    0.148379064036999E+01    0.300297055327614E+00
    0.293426000000000E+04    0.522115228279563E+01    0.299971832715566E+00
    0.293428000000000E+04    0.525315106447124E+01    0.299966727830263E+00
    0.294054000000000E+04    0.269187314842202E+01    0.298456522886969E+00
    0.294056000000000E+04    0.272381135169871E+01    0.298454244546910E+00
    0.294682000000000E+04    0.153493462756160E+00    0.298553226463618E+00
    0.294684000000000E+04    0.185435653371314E+00    0.298554646663345E+00
    0.295310000000000E+04    0.390289903172925E+01    0.299049406411025E+00
    0.295312000000000E+04    0.393486095702610E+01    0.299052035010468E+00
    0.295940000000000E+04    0.141185977992427E+01    0.300276606794190E+00
    0.295942000000000E+04    0.144387088951135E+01    0.300280030410894E+00
    0.296568000000000E+04    0.518158968117586E+01    0.300035040052355E+00
    0.296570000000000E+04    0.521359107914304E+01    0.300030114484947E+00
    0.297196000000000E+04    0.265333070448833E+01    0.298538296851955E+00
    0.297198000000000E+04    0.268527211374021E+01    0.298535897353891E+00
    0.297824000000000E+04    0.115425707048416E+00    0.298531609155004E+00
    0.297826000000000E+04    0.147366993867763E+00    0.298532596833764E+00
    0.298452000000000E+04    0.386391967848886E+01    0.298950807593965E+00
    0.298454000000000E+04    0.389587777498946E+01    0.298953474855042E+00
    0.299080000000000E+04    0.134003288517670E+01    0.300247905922065E+00
    0.299082000000000E+04    0.137204285708503E+01    0.300251660784633E+00
    0.299708000000000E+04    0.510999006250040E+01    0.300096615958332E+00
    0.299710000000000E+04    0.514199384974381E+01    0.300091907503447E+00
    0.300338000000000E+04    0.261470907254716E+01    0.298622761832776E+00
    0.300340000000000E+04    0.264665391015478E+01    0.298620260012706E+00
    0.300966000000000E+04    0.773906409604024E-01    0.298518758970165E+00
    0.300968000000000E+04    0.109331438956360E+00    0.298519300551030E+00
    0.301594000000000E+04    0.382502922676940E+01    0.298853653007625E+00
    0.301596000000000E+04    0.385698336784844E+01    0.298856320834745E+00
    0.302222000000000E+04    0.130020012357727E+01    0.300214280638998E+00
    0.302224000000000E+04    0.133220874581912E+01    0.300218330960608E+00
    0.302850000000000E+04    0.507032972280376E+01    0.300147753650585E+00
    0.302852000000000E+04    0.510233574439098E+01    0.300143284725244E+00
    0.303478000000000E+04    0.254413387816749E+01    0.298716313918166E+00
    0.303480000000000E+04    0.257608247000189E+01    0.298713726517598E+00
    0.304108000000000E+04    0.394333777485372E-01    0.298513848337546E+00
    0.304110000000000E+04    0.713739443481245E-01    0.298513950405623E+00
    0.304736000000000E+04    0.378632105270663E+01    0.298761522903914E+00
    0.304738000000000E+04    0.381827148927459E+01    0.298764169974470E+00
    0.305364000000000E+04    0.126057437188410E+01    0.300174738962341E+00
    0.305366000000000E+04    0.129258138778914E+01    0.300179053662422E+00
    0.305992000000000E+04    0.503071515576539E+01    0.300193075248204E+00
    0.305994000000000E+04    0.506272286566946E+01    0.300188863786329E+00
    0.306620000000000E+04    0.250546259894418E+01    0.298809580824378E+00
    0.306622000000000E+04    0.253741491907749E+01    0.298806953576134E+00
    0.307248000000000E+04    0.625275157155465E+01    0.298515908804760E+00
    0.307250000000000E+04    0.150678871068521E-02    0.298515562296990E+00
    0.307878000000000E+04    0.374771378243986E+01    0.298670942786901E+00
    0.307880000000000E+04    0.377966068946080E+01    0.298673542929384E+00
    0.308506000000000E+04    0.122102331095539E+01    0.300128591759259E+00
    0.308508000000000E+04    0.125302850296248E+01    0.300133155568011E+00
    0.309134000000000E+04    0.499107737732538E+01    0.300230357446200E+00
    0.309136000000000E+04    0.502308652857482E+01    0.300226427111322E+00
    0.309762000000000E+04    0.246674008945593E+01    0.298904905675682E+00
    0.309764000000000E+04    0.249869620471600E+01    0.298902271663292E+00
    0.310390000000000E+04    0.621483399865701E+01    0.298525038024346E+00
    0.310392000000000E+04    0.624677499063091E+01    0.298524240684260E+00
    0.311018000000000E+04    0.367720195576385E+01    0.298578970614112E+00
    0.311020000000000E+04    0.370914514910874E+01    0.298581464666061E+00
    0.311646000000000E+04    0.114944454583383E+01    0.300069065274139E+00
    0.311648000000000E+04    0.118144745457084E+01    0.300073867995960E+00
    0.312276000000000E+04    0.495134667011553E+01    0.300260499763208E+00
    0.312278000000000E+04    0.498335710742049E+01    0.300256872751834E+00
    0.312904000000000E+04    0.242788138663491E+01    0.299003852150959E+00
    0.312906000000000E+04    0.245984134286937E+01    0.299001229637427E+00
    0.313532000000000E+04    0.617680401721464E+01    0.298540565725343E+00
    0.313534000000000E+04    0.620874561834898E+01    0.298539344454704E+00
    0.314160000000000E+04    0.363862954998240E+01    0.298495328476984E+00
    0.314162000000000E+04    0.367056940555085E+01    0.298497716898667E+00
    0.314788000000000E+04    0.110987533101525E+01    0.300006484014041E+00
    0.314790000000000E+04    0.114187587630386E+01    0.300011471895743E+00
    0.315416000000000E+04    0.487950383642328E+01    0.300282758832876E+00
    0.315418000000000E+04    0.491151549635742E+01    0.300279479818912E+00
    0.316046000000000E+04    0.238894973055903E+01    0.299101367372868E+00
    0.316048000000000E+04    0.242091365464239E+01    0.299098799707859E+00
    0.316674000000000E+04    0.613884164944739E+01    0.298564544347500E+00
    0.316676000000000E+04    0.617078419078371E+01    0.298562876490875E+00
    0.317302000000000E+04    0.360021699865229E+01    0.298416655213716E+00
    0.317304000000000E+04    0.363215369781028E+01    0.298418916295056E+00
    0.317930000000000E+04    0.107046487674234E+01    0.299941372498483E+00
    0.317932000000000E+04    0.110246263451791E+01    0.299946522555781E+00
    0.318558000000000E+04    0.483962846466784E+01    0.300296099418676E+00
    0.318560000000000E+04    0.487164024660524E+01    0.300293152611610E+00
    0.319186000000000E+04    0.231783771587016E+01    0.299201446866485E+00
    0.319188000000000E+04    0.234980569656364E+01    0.299198943419979E+00
    0.319816000000000E+04    0.610069628257406E+01    0.298596181596564E+00
    0.319818000000000E+04    0.613264014473134E+01    0.298594111480188E+00
    0.320444000000000E+04    0.356171499791435E+01    0.298345045619937E+00
    0.320446000000000E+04    0.359364852077124E+01    0.298347170464929E+00
    0.321072000000000E+04    0.103089760066996E+01    0.299871201460146E+00
    0.321074000000000E+04    0.106289218359416E+01    0.299876453780636E+00
    0.321700000000000E+04    0.479951927706225E+01    0.300298442077514E+00
    0.321702000000000E+04    0.483153119577128E+01    0.300295851501717E+00
    0.322328000000000E+04    0.227845148912638E+01    0.299299193848396E+00
    0.322330000000000E+04    0.231042340053500E+01    0.299296793786015E+00
    0.322956000000000E+04    0.603038158297386E+01    0.298634908079894E+00
    0.322958000000000E+04    0.606232697707128E+01    0.298632433834806E+00
    0.323586000000000E+04    0.352306238635083E+01    0.298274768819245E+00
    0.323588000000000E+04    0.355499339704875E+01    0.298276706971074E+00
    0.324214000000000E+04    0.991327623790312E+00    0.299794978798046E+00
    0.324216000000000E+04    0.102331955232603E+01    0.299800348398918E+00
    0.324842000000000E+04    0.475940949913547E+01    0.300296534019716E+00
    0.324844000000000E+04    0.479142132974994E+01    0.300294307549083E+00
    0.325470000000000E+04    0.223900865098040E+01    0.299398279513245E+00
    0.325472000000000E+04    0.227098444016610E+01    0.299396017813895E+00
    0.326098000000000E+04    0.599204934485351E+01    0.298680285229010E+00
    0.326100000000000E+04    0.602399663132928E+01    0.298677414888812E+00
    0.326726000000000E+04    0.345268859968201E+01    0.298215644880332E+00
    0.326728000000000E+04    0.348461725923244E+01    0.298217356915890E+00
    0.327354000000000E+04    0.919963268812353E+00    0.299711717709744E+00
    0.327356000000000E+04    0.951951848493991E+00    0.299717158172566E+00
    0.327984000000000E+04    0.471935527758433E+01    0.300285145147061E+00
    0.327986000000000E+04    0.475136664435740E+01    0.300283286113531E+00
    0.328612000000000E+04    0.219957273733689E+01    0.299496070830837E+00
    0.328614000000000E+04    0.223155251718708E+01    0.299493970894504E+00
    0.329240000000000E+04    0.595373490770817E+01    0.298733912363995E+00
    0.329242000000000E+04    0.598568425351368E+01    0.298730669084159E+00
    0.329868000000000E+04    0.341426652745122E+01    0.298163321531374E+00
    0.329870000000000E+04    0.344619298306498E+01    0.298164824156493E+00
    0.330496000000000E+04    0.880589894819423E+00    0.299631323859309E+00
    0.330498000000000E+04    0.912575277077849E+00    0.299636791957964E+00
    0.331124000000000E+04    0.464727349428904E+01    0.300264018457726E+00
    0.331126000000000E+04    0.467928429873245E+01    0.300262553865224E+00
    0.331754000000000E+04    0.216009538844082E+01    0.299594469905769E+00
    0.331756000000000E+04    0.219207911295143E+01    0.299592567182223E+00
    0.332382000000000E+04    0.591546060017663E+01    0.298795909524949E+00
    0.332384000000000E+04    0.594741247421098E+01    0.298792311223489E+00
    0.333010000000000E+04    0.337608842428472E+01    0.298122279007444E+00
    0.333012000000000E+04    0.340801330262366E+01    0.298123556758958E+00
    0.333638000000000E+04    0.841627009831427E+00    0.299552806986737E+00
    0.333640000000000E+04    0.873609365723496E+00    0.299558248588849E+00
    0.334266000000000E+04    0.460753365807886E+01    0.300239777021197E+00
    0.334268000000000E+04    0.463954355656278E+01    0.300238685481113E+00
    0.334894000000000E+04    0.208884348267020E+01    0.299687944684614E+00
    0.334896000000000E+04    0.212083096276365E+01    0.299686257806644E+00
    0.335524000000000E+04    0.587734428627846E+01    0.298859310300663E+00
    0.335526000000000E+04    0.590929858491472E+01    0.298855395882493E+00
    0.336152000000000E+04    0.333811394673467E+01    0.298088251603683E+00
    0.336154000000000E+04    0.337003738841850E+01    0.298089298064344E+00
    0.336780000000000E+04    0.802857324569231E+00    0.299471609574717E+00
    0.336782000000000E+04    0.834836294644447E+00    0.299477007780134E+00
    0.337408000000000E+04    0.456784037020498E+01    0.300205485104567E+00
    0.337410000000000E+04    0.459984866533159E+01    0.300204755690818E+00
    0.338036000000000E+04    0.204948069352213E+01    0.299774570179735E+00
    0.338038000000000E+04    0.208147164597176E+01    0.299773128279006E+00
    0.338664000000000E+04    0.580719940640847E+01    0.298930315598787E+00
    0.338666000000000E+04    0.583915663380958E+01    0.298926104723106E+00
    0.339294000000000E+04    0.330018388976532E+01    0.298060456695272E+00
    0.339296000000000E+04    0.333210630698250E+01    0.298061254375277E+00
    0.339922000000000E+04    0.764211885801160E+00    0.299389997975411E+00
    0.339924000000000E+04    0.796187558518795E+00    0.299395302705187E+00
    0.340550000000000E+04    0.452823738901043E+01    0.300162460935351E+00
    0.340552000000000E+04    0.456024389527101E+01    0.300162089884044E+00
    0.341178000000000E+04    0.201013368194526E+01    0.299857263839665E+00
    0.341180000000000E+04    0.204212789712619E+01    0.299856093381967E+00
    0.341806000000000E+04    0.576898456449271E+01    0.299001649944665E+00
    0.341808000000000E+04    0.580094457937594E+01    0.298997172444222E+00
    0.342434000000000E+04    0.323031148328209E+01    0.298037264919302E+00
    0.342436000000000E+04    0.326223293005296E+01    0.298037781765615E+00
    0.343062000000000E+04    0.693584916164582E+00    0.299300822336038E+00
    0.343064000000000E+04    0.725557087389461E+00    0.299306025243380E+00
    0.343692000000000E+04    0.448857772140036E+01    0.300109857204354E+00
    0.343694000000000E+04    0.452058212255906E+01    0.300109837878432E+00
    0.344320000000000E+04    0.197061857693643E+01    0.299932560402082E+00
    0.344322000000000E+04    0.200261570268958E+01    0.299931673589970E+00
    0.344948000000000E+04    0.573058787139053E+01    0.299076702330692E+00
    0.344950000000000E+04    0.576255088946073E+01    0.299071977656520E+00
    0.345576000000000E+04    0.319233029694988E+01    0.298026560140209E+00
    0.345578000000000E+04    0.322425133100296E+01    0.298026818938596E+00
    0.346204000000000E+04    0.654983300795720E+00    0.299218291699887E+00
    0.346206000000000E+04    0.686952096841196E+00    0.299223329283204E+00
    0.346832000000000E+04    0.441689393272191E+01    0.300049245349923E+00
    0.346834000000000E+04    0.444889594243341E+01    0.300049575310963E+00
    0.347462000000000E+04    0.193104259306619E+01    0.300003618667561E+00
    0.347464000000000E+04    0.196304271846111E+01    0.300003046833224E+00
    0.348090000000000E+04    0.569214792430557E+01    0.299154922238108E+00
    0.348092000000000E+04    0.572411402374200E+01    0.299149986028300E+00
    0.348718000000000E+04    0.315435193373287E+01    0.298022346815577E+00
    0.348720000000000E+04    0.318627277389987E+01    0.298022344201745E+00
    0.349346000000000E+04    0.616462783776115E+00    0.299138087240574E+00
    0.349348000000000E+04    0.648428464483914E+00    0.299142947376957E+00
    0.349974000000000E+04    0.437729759453487E+01    0.299983613195549E+00
    0.349976000000000E+04    0.440929697837782E+01    0.299984264076457E+00
    0.350602000000000E+04    0.185939765857984E+01    0.300068759555887E+00
    0.350604000000000E+04    0.189140023641539E+01    0.300068514313599E+00
    0.351232000000000E+04    0.565354271504475E+01    0.299233693260749E+00
    0.351234000000000E+04    0.568551201441369E+01    0.299228568320823E+00
    0.351860000000000E+04    0.311629706297754E+01    0.298026969296352E+00
    0.351862000000000E+04    0.314821812813079E+01    0.298026727744739E+00
    0.352488000000000E+04    0.577942258229086E+00    0.299059397422819E+00
    0.352490000000000E+04    0.609904728490619E+00    0.299064036624707E+00
    0.353116000000000E+04    0.433762505973755E+01    0.299910038802105E+00
    0.353118000000000E+04    0.436962150794534E+01    0.299911000060104E+00
    0.353744000000000E+04    0.181964763078940E+01    0.300125712851698E+00
    0.353746000000000E+04    0.185165267742468E+01    0.300125817636762E+00
    0.354372000000000E+04    0.558292582412469E+01    0.299322958959613E+00
    0.354374000000000E+04    0.561489870534660E+01    0.299317692662001E+00
    0.355000000000000E+04    0.304637106455266E+01    0.298041975559760E+00
    0.355002000000000E+04    0.307829268147452E+01    0.298041422312692E+00
    0.355630000000000E+04    0.539548131582706E+00    0.298984629300383E+00
    0.355632000000000E+04    0.571507754521917E+00    0.298989012915793E+00
    0.356258000000000E+04    0.429812804296216E+01    0.299832547909557E+00
    0.356260000000000E+04    0.433012155633332E+01    0.299833807083231E+00
    0.356886000000000E+04    0.177996733792770E+01    0.300176203109528E+00
    0.356888000000000E+04    0.181197437496667E+01    0.300176653971337E+00
    0.357514000000000E+04    0.554422571393116E+01    0.299406486621040E+00
    0.357516000000000E+04    0.557620186858821E+01    0.299401122328726E+00
    0.358142000000000E+04    0.300837064786720E+01    0.298066675551166E+00
    0.358144000000000E+04    0.304029308262398E+01    0.298065879941134E+00
    0.358770000000000E+04    0.469265850265401E+00    0.298909009931342E+00
    0.358772000000000E+04    0.501222201301971E+00    0.298913106686526E+00
    0.359400000000000E+04    0.425860499183727E+01    0.299747040476970E+00
    0.359402000000000E+04    0.429059498810057E+01    0.299748555683852E+00
    0.360028000000000E+04    0.174013909977930E+01    0.300219837052791E+00
    0.360030000000000E+04    0.177214790972630E+01    0.300220650116931E+00
    0.360656000000000E+04    0.550536082051076E+01    0.299491196480553E+00
    0.360658000000000E+04    0.553734038244329E+01    0.299485752024305E+00
    0.361284000000000E+04    0.297030685135996E+01    0.298097471629608E+00
    0.361286000000000E+04    0.300223068412470E+01    0.298096436180340E+00
    0.361912000000000E+04    0.431089396220159E+00    0.298846415231217E+00
    0.361914000000000E+04    0.463043344854668E+00    0.298850226224593E+00
    0.362540000000000E+04    0.418732218712739E+01    0.299662808122620E+00
    0.362542000000000E+04    0.421930865768718E+01    0.299664562589431E+00
    0.363170000000000E+04    0.170048009722359E+01    0.300255355911075E+00
    0.363172000000000E+04    0.173249023968947E+01    0.300256534910503E+00
    0.363798000000000E+04    0.546659585706402E+01    0.299574126825343E+00
    0.363800000000000E+04    0.549857878138118E+01    0.299568645807922E+00
    0.364426000000000E+04    0.293239235701549E+01    0.298137652234491E+00
    0.364428000000000E+04    0.296431775661222E+01    0.298136378018193E+00
    0.365054000000000E+04    0.393061664083689E+00    0.298784817947063E+00
    0.365056000000000E+04    0.425013094771202E+00    0.298788285079124E+00
    0.365682000000000E+04    0.414814387264596E+01    0.299571707823814E+00
    0.365684000000000E+04    0.418012679430467E+01    0.299573679590062E+00
    0.366310000000000E+04    0.162886061602967E+01    0.300281123578877E+00
    0.366312000000000E+04    0.166087186119421E+01    0.300282683651692E+00
    0.366940000000000E+04    0.542778027487475E+01    0.299654825706536E+00
    0.366942000000000E+04    0.545976637611420E+01    0.299649333575507E+00
    0.367568000000000E+04    0.289441712349344E+01    0.298182849171568E+00
    0.367570000000000E+04    0.292634438515779E+01    0.298181359456215E+00
    0.368196000000000E+04    0.355088555772454E+00    0.298729358558808E+00
    0.368198000000000E+04    0.387037812426570E+00    0.298732486296888E+00
    0.368824000000000E+04    0.410904431872495E+01    0.299477550691612E+00
    0.368826000000000E+04    0.414102339887995E+01    0.299479707379543E+00
    0.369452000000000E+04    0.158920173546448E+01    0.300298886298507E+00
    0.369454000000000E+04    0.162121372448291E+01    0.300300814353588E+00
    0.370080000000000E+04    0.535690266307665E+01    0.299739311997110E+00
    0.370082000000000E+04    0.538889229608958E+01    0.299733870001281E+00
    0.370708000000000E+04    0.282457394707217E+01    0.298240474537933E+00
    0.370710000000000E+04    0.285650346388775E+01    0.298238747211387E+00
    0.371338000000000E+04    0.317277678313985E+00    0.298681875929287E+00
    0.371340000000000E+04    0.349224989676259E+00    0.298684616153073E+00
    0.371966000000000E+04    0.407014373533184E+01    0.299382442380598E+00
    0.371968000000000E+04    0.410211907918983E+01    0.299384760636590E+00
    0.372594000000000E+04    0.154972504552370E+01    0.300309724093643E+00
    0.372596000000000E+04    0.158173746307693E+01    0.300312015138484E+00
    0.373222000000000E+04    0.531804105780247E+01    0.299816235120686E+00
    0.373224000000000E+04    0.535003361773579E+01    0.299810854225250E+00
    0.373850000000000E+04    0.278658874426947E+01    0.298299104304820E+00
    0.373852000000000E+04    0.281852061581321E+01    0.298297190268937E+00
    0.374478000000000E+04    0.247517253845217E+00    0.298633690243796E+00
    0.374480000000000E+04    0.279462674746355E+00    0.298636058612191E+00
    0.375108000000000E+04    0.403126146286650E+01    0.299284616164303E+00
    0.375110000000000E+04    0.406323275748036E+01    0.299287069591233E+00
    0.375736000000000E+04    0.151011824837224E+01    0.300310532484568E+00
    0.375738000000000E+04    0.154213050458020E+01    0.300313171328605E+00
    0.376364000000000E+04    0.527898360238851E+01    0.299887922188026E+00
    0.376366000000000E+04    0.531097911483630E+01    0.299882640516833E+00
    0.376992000000000E+04    0.274852856683265E+01    0.298367930084055E+00
    0.376994000000000E+04    0.278046323667513E+01    0.298365838054091E+00
    0.377620000000000E+04    0.209744413745284E+00    0.298597722549146E+00
    0.377622000000000E+04    0.241688376148886E+00    0.298599687325297E+00
    0.378248000000000E+04    0.396050626218312E+01    0.299184237473434E+00
    0.378250000000000E+04    0.399247371480942E+01    0.299186785147053E+00
    0.378878000000000E+04    0.147065828974883E+01    0.300306422008974E+00
    0.378880000000000E+04    0.150267060679653E+01    0.300309415749727E+00
    0.379506000000000E+04    0.524002155955441E+01    0.299959224113166E+00
    0.379508000000000E+04    0.527201984922795E+01    0.299954076131977E+00
    0.380134000000000E+04    0.271053360164478E+01    0.298440806565379E+00
    0.380136000000000E+04    0.274247112834746E+01    0.298438570499138E+00
    0.380762000000000E+04    0.172124850629189E+00    0.298568165866488E+00
    0.380764000000000E+04    0.204067651790865E+00    0.298569711011101E+00
    0.381390000000000E+04    0.392192098661690E+01    0.299086407404229E+00
    0.381392000000000E+04    0.395388433933022E+01    0.299089030580083E+00
    0.382018000000000E+04    0.139919363838180E+01    0.300288738166422E+00
    0.382020000000000E+04    0.143120495032235E+01    0.300292070189070E+00
    0.382646000000000E+04    0.516885756420925E+01    0.300024886520072E+00
    0.382648000000000E+04    0.520085848596864E+01    0.300019915053500E+00
    0.383276000000000E+04    0.267233182675409E+01    0.298517005437685E+00
    0.383278000000000E+04    0.270427245112751E+01    0.298514638833017E+00
    0.383904000000000E+04    0.134340759170300E+00    0.298542183423272E+00
    0.383906000000000E+04    0.166282470422630E+00    0.298543294467389E+00
    0.384532000000000E+04    0.388316204618241E+01    0.298984684022104E+00
    0.384534000000000E+04    0.391512149662412E+01    0.298987344093196E+00
    0.385160000000000E+04    0.135960837308357E+01    0.300262522296203E+00
    0.385162000000000E+04    0.139161899009832E+01    0.300266184016588E+00
    0.385788000000000E+04    0.512959420328843E+01    0.300084878149184E+00
    0.385790000000000E+04    0.516159754218825E+01    0.300080099904770E+00
    0.386416000000000E+04    0.260211584580247E+01    0.298603768899154E+00
    0.386418000000000E+04    0.263405986759699E+01    0.298601278280499E+00
    0.387046000000000E+04    0.966183969439953E-01    0.298526365735535E+00
    0.387048000000000E+04    0.128559727399988E+00    0.298527022281099E+00
    0.387674000000000E+04    0.384463626129218E+01    0.298887887302772E+00
    0.387676000000000E+04    0.387659206935768E+01    0.298890587240695E+00
    0.388302000000000E+04    0.132024532794640E+01    0.300235055239380E+00
    0.388304000000000E+04    0.135225484714829E+01    0.300239015795600E+00
    0.388930000000000E+04    0.509043551586092E+01    0.300138871462084E+00
    0.388932000000000E+04    0.512244100689895E+01    0.300134313766937E+00
    0.389558000000000E+04    0.256396079343540E+01    0.298692867394722E+00
    0.389560000000000E+04    0.259590841207773E+01    0.298690303808565E+00
    0.390186000000000E+04    0.271889184487009E-01    0.298520209583260E+00
    0.390188000000000E+04    0.591298329463825E-01    0.298520450859316E+00
    0.390816000000000E+04    0.380636511517605E+01    0.298797356499576E+00
    0.390818000000000E+04    0.383831705387638E+01    0.298800015847484E+00
    0.391444000000000E+04    0.128101699729359E+01    0.300195301436684E+00
    0.391446000000000E+04    0.131302483220225E+01    0.300199527707819E+00
    0.392072000000000E+04    0.505122250914701E+01    0.300184210374934E+00
    0.392074000000000E+04    0.508322983085873E+01    0.300179908372520E+00
    0.392700000000000E+04    0.252571117936714E+01    0.298784553219139E+00
    0.392702000000000E+04    0.255766244407641E+01    0.298781948669162E+00
    0.393328000000000E+04    0.627281176811266E+01    0.298519375386101E+00
    0.393330000000000E+04    0.215670445850265E-01    0.298519156117879E+00
    0.393956000000000E+04    0.373608303066794E+01    0.298701419230194E+00
    0.393958000000000E+04    0.376803113341248E+01    0.298704018172753E+00
    0.394586000000000E+04    0.124172257123519E+01    0.300150099418599E+00
    0.394588000000000E+04    0.127372870278123E+01    0.300154585656813E+00
    0.395214000000000E+04    0.501189522372897E+01    0.300223414533713E+00
    0.395216000000000E+04    0.504390409214011E+01    0.300219385872941E+00
    0.395842000000000E+04    0.248729567262217E+01    0.298877608468703E+00
    0.395844000000000E+04    0.251925062800365E+01    0.298874973428773E+00
    0.396470000000000E+04    0.623517848801021E+01    0.298525228913940E+00
    0.396472000000000E+04    0.626711972909106E+01    0.298524571480270E+00
    0.397098000000000E+04    0.369786503958858E+01    0.298614143122690E+00
    0.397100000000000E+04    0.372980984831702E+01    0.298616705452052E+00
    0.397726000000000E+04    0.117056751651489E+01    0.300096097975483E+00
    0.397728000000000E+04    0.120257144197967E+01    0.300100825585604E+00
    0.398354000000000E+04    0.494059473673587E+01    0.300260452036047E+00
    0.398356000000000E+04    0.497260508831459E+01    0.300256734705979E+00
    0.398984000000000E+04    0.244893582037093E+01    0.298975478489373E+00
    0.398986000000000E+04    0.248089476630503E+01    0.298972853969526E+00
    0.399612000000000E+04    0.619768964807554E+01    0.298542405706845E+00
    0.399614000000000E+04    0.622963134759902E+01    0.298541320370133E+00
    0.400240000000000E+04    0.365978310696028E+01    0.298531471715193E+00
    0.400242000000000E+04    0.369172438365877E+01    0.298533904572201E+00
