    0.000000000000000E+00    0.190000000000000E+01    0.350000000000000E+00
    0.200000000000000E-01    0.193399998902974E+01    0.349999434512647E+00
    0.630000000000000E+01    0.404566302740381E-01    0.349543548706651E+00
    0.632000000000000E+01    0.744383722320592E-01    0.349543696183211E+00
    0.125800000000000E+02    0.443041337754200E+01    0.350022603600131E+00
    0.126000000000000E+02    0.446441428822321E+01    0.350022957361643E+00
    0.188600000000000E+02    0.253679338588576E+01    0.349275680959294E+00
    0.188800000000000E+02    0.257076435970095E+01    0.349273077705090E+00
    0.251400000000000E+02    0.637939686255280E+00    0.349820071864749E+00
    0.251600000000000E+02    0.671932587932233E+00    0.349825048462108E+00
    0.314200000000000E+02    0.503430646839585E+01    0.350208887818817E+00
    0.314400000000000E+02    0.506831476390516E+01    0.350204599650201E+00
    0.377000000000000E+02    0.313659315091300E+01    0.348865856212625E+00
    0.377200000000000E+02    0.317054773435054E+01    0.348865845608230E+00
    0.440000000000000E+02    0.127281632090546E+01    0.350210655394299E+00
    0.440200000000000E+02    0.130682482966581E+01    0.350214947417332E+00
    0.502800000000000E+02    0.566923148538211E+01    0.349822416174932E+00
    0.503000000000000E+02    0.570322427252603E+01    0.349817393359448E+00
    0.565600000000000E+02    0.377029319578669E+01    0.349263065009077E+00
    0.565800000000000E+02    0.380426374696754E+01    0.349265702373771E+00
    0.628400000000000E+02    0.187663841083987E+01    0.350031010855681E+00
    0.628600000000000E+02    0.191063972172385E+01    0.350030680637005E+00
    0.691200000000000E+02    0.626669884833522E+01    0.349540912970572E+00
    0.691400000000000E+02    0.174949544049809E-01    0.349540679312419E+00
    0.754000000000000E+02    0.437299445114047E+01    0.349985841190497E+00
    0.754200000000000E+02    0.440699403416562E+01    0.349986476271609E+00
    0.817000000000000E+02    0.251356441834764E+01    0.349317003217243E+00
    0.817200000000000E+02    0.254753707729822E+01    0.349314378055813E+00
    0.879800000000000E+02    0.614819037017128E+00    0.349793606885474E+00
    0.880000000000000E+02    0.648810653313859E+00    0.349798410118385E+00
    0.942600000000000E+02    0.501087390911425E+01    0.350215026806921E+00
    0.942800000000000E+02    0.504488248029008E+01    0.350210959279844E+00
    0.100540000000000E+03    0.311337910271052E+01    0.348867555989828E+00
    0.100560000000000E+03    0.314733375530346E+01    0.348867339334655E+00
    0.106820000000000E+03    0.121537518511329E+01    0.350194264556201E+00
    0.106840000000000E+03    0.124938303892378E+01    0.350198779852259E+00
    0.113100000000000E+03    0.561203195317833E+01    0.349853610687914E+00
    0.113120000000000E+03    0.564602612835833E+01    0.349848466115607E+00
    0.119400000000000E+03    0.374696924855235E+01    0.349223096282795E+00
    0.119420000000000E+03    0.378093814836990E+01    0.349225687996810E+00
    0.125680000000000E+03    0.185313287813005E+01    0.350062220945930E+00
    0.125700000000000E+03    0.188713550076494E+01    0.350062164506417E+00
    0.131960000000000E+03    0.624368290761350E+01    0.349546910524012E+00
    0.131980000000000E+03    0.627766476494611E+01    0.349546315193911E+00
    0.138240000000000E+03    0.434957839096910E+01    0.349953855848151E+00
    0.138260000000000E+03    0.438357652970021E+01    0.349954727220555E+00
    0.144520000000000E+03    0.245629278286290E+01    0.349365348188216E+00
    0.144540000000000E+03    0.249026735141149E+01    0.349362707070102E+00
    0.150800000000000E+03    0.557778303924465E+00    0.349766449902062E+00
    0.150820000000000E+03    0.591769011209749E+00    0.349771078517084E+00
    0.157080000000000E+03    0.495359917682794E+01    0.350226608537926E+00
    0.157100000000000E+03    0.498760818663396E+01    0.350222799013485E+00
    0.163380000000000E+03    0.309035214171308E+01    0.348874388729989E+00
    0.163400000000000E+03    0.312430709514825E+01    0.348873979363160E+00
    0.169660000000000E+03    0.119219029909368E+01    0.350184194076779E+00
    0.169680000000000E+03    0.122619773813943E+01    0.350188881332726E+00
    0.175940000000000E+03    0.558903313853284E+01    0.349880212965545E+00
    0.175960000000000E+03    0.562302825814248E+01    0.349874943430771E+00
    0.182220000000000E+03    0.368991169366933E+01    0.349182279126848E+00
    0.182240000000000E+03    0.372387897703129E+01    0.349184799551574E+00
    0.188500000000000E+03    0.179585972545834E+01    0.350091560994002E+00
    0.188520000000000E+03    0.182986340346520E+01    0.350091810572447E+00
    0.194780000000000E+03    0.618683568316931E+01    0.349549909634545E+00
    0.194800000000000E+03    0.622081763263827E+01    0.349548948495369E+00
    0.201080000000000E+03    0.432628170679823E+01    0.349915490900616E+00
    0.201100000000000E+03    0.436027834122422E+01    0.349916599747693E+00
    0.207360000000000E+03    0.243312005910906E+01    0.349408195986446E+00
    0.207380000000000E+03    0.246709629943160E+01    0.349405570193310E+00
    0.213640000000000E+03    0.534780389129708E+00    0.349740473006743E+00
    0.213660000000000E+03    0.568770060409804E+00    0.349744891347101E+00
    0.219920000000000E+03    0.493031897417569E+01    0.350228987047615E+00
    0.219940000000000E+03    0.496432826657832E+01    0.350225415432207E+00
    0.226200000000000E+03    0.303337107585349E+01    0.348882468335054E+00
    0.226220000000000E+03    0.306732621186069E+01    0.348881810688136E+00
    0.232480000000000E+03    0.113493684353944E+01    0.350163092926185E+00
    0.232500000000000E+03    0.116894343507090E+01    0.350167969604571E+00
    0.238780000000000E+03    0.556596914254874E+01    0.349905487281852E+00
    0.238800000000000E+03    0.559996545718491E+01    0.349900135550352E+00
    0.245060000000000E+03    0.366678718071802E+01    0.349145358964527E+00
    0.245080000000000E+03    0.370075296931515E+01    0.349147798034794E+00
    0.251340000000000E+03    0.177253112784405E+01    0.350118881794117E+00
    0.251360000000000E+03    0.180653594307097E+01    0.350119402002493E+00
    0.257620000000000E+03    0.616396932870299E+01    0.349558210028575E+00
    0.257640000000000E+03    0.619795160545368E+01    0.349556886082454E+00
    0.263900000000000E+03    0.426900500732097E+01    0.349877124655265E+00
    0.263920000000000E+03    0.430300002742558E+01    0.349878461782914E+00
    0.270180000000000E+03    0.237595656531693E+01    0.349456129961401E+00
    0.270200000000000E+03    0.240993476640665E+01    0.349453530451481E+00
    0.276480000000000E+03    0.511846581663576E+00    0.349718557810371E+00
    0.276500000000000E+03    0.545835384944041E+00    0.349722764368033E+00
    0.282760000000000E+03    0.490705742276458E+01    0.350229332643202E+00
    0.282780000000000E+03    0.494106654539200E+01    0.350226001736921E+00
    0.289040000000000E+03    0.301031974109475E+01    0.348893603055094E+00
    0.289060000000000E+03    0.304427543430768E+01    0.348892751419614E+00
    0.295320000000000E+03    0.111176953433494E+01    0.350147849039730E+00
    0.295340000000000E+03    0.114577552876148E+01    0.350152861308921E+00
    0.301600000000000E+03    0.550891439564634E+01    0.349936528739894E+00
    0.301620000000000E+03    0.554291175445803E+01    0.349931104213473E+00
    0.307880000000000E+03    0.360968257101547E+01    0.349105164983093E+00
    0.307900000000000E+03    0.364364677978506E+01    0.349107490896583E+00
    0.314160000000000E+03    0.171516508125831E+01    0.350140385988480E+00
    0.314180000000000E+03    0.174917073182917E+01    0.350141202653572E+00
    0.320460000000000E+03    0.614100236570539E+01    0.349563383183366E+00
    0.320480000000000E+03    0.617498484363284E+01    0.349561720018156E+00
    0.326740000000000E+03    0.424562271247817E+01    0.349833920460006E+00
    0.326760000000000E+03    0.427961610045998E+01    0.349835470102154E+00
    0.333020000000000E+03    0.235266158618367E+01    0.349499977701596E+00
    0.333040000000000E+03    0.238664152183128E+01    0.349497434017216E+00
    0.339300000000000E+03    0.454780122277725E+00    0.349690179441918E+00
    0.339320000000000E+03    0.488767742285972E+00    0.349694136886812E+00
    0.345580000000000E+03    0.484963725203238E+01    0.350229044717762E+00
    0.345600000000000E+03    0.488364652652069E+01    0.350226017253057E+00
    0.351860000000000E+03    0.295324673123014E+01    0.348909122495665E+00
    0.351880000000000E+03    0.298720279945121E+01    0.348908051805056E+00
    0.358160000000000E+03    0.108843171367198E+01    0.350129833575436E+00
    0.358180000000000E+03    0.112243662341132E+01    0.350134944243305E+00
    0.364440000000000E+03    0.548564368083453E+01    0.349959522522781E+00
    0.364460000000000E+03    0.551964201518433E+01    0.349954052734790E+00
    0.370720000000000E+03    0.358637522012680E+01    0.349070749275541E+00
    0.370740000000000E+03    0.362033806882380E+01    0.349072965606512E+00
    0.377000000000000E+03    0.169162479631450E+01    0.350161793608715E+00
    0.377020000000000E+03    0.172563130235028E+01    0.350162916257246E+00
    0.383280000000000E+03    0.608391684291757E+01    0.349575983800414E+00
    0.383300000000000E+03    0.611789985202540E+01    0.349573971190243E+00
    0.389560000000000E+03    0.418813637037249E+01    0.349791147568574E+00
    0.389580000000000E+03    0.422212799857732E+01    0.349792896688535E+00
    0.395860000000000E+03    0.232922202451027E+01    0.349545482339736E+00
    0.395880000000000E+03    0.236320377840354E+01    0.349543010303680E+00
    0.402140000000000E+03    0.431624261281740E+00    0.349669377820675E+00
    0.402160000000000E+03    0.465611047828133E+00    0.349673067450909E+00
    0.408420000000000E+03    0.482610745457350E+01    0.350224888392098E+00
    0.408440000000000E+03    0.486011653647461E+01    0.350222123069729E+00
    0.414700000000000E+03    0.292990586288090E+01    0.348924530476848E+00
    0.414720000000000E+03    0.296386278775572E+01    0.348923259476647E+00
    0.420980000000000E+03    0.103101245252890E+01    0.350102016260985E+00
    0.421000000000000E+03    0.106501677180017E+01    0.350107275785695E+00
    0.427260000000000E+03    0.542837827802191E+01    0.349991366338121E+00
    0.427280000000000E+03    0.546237801543032E+01    0.349985881608651E+00
    0.433540000000000E+03    0.352912529446257E+01    0.349035428323967E+00
    0.433560000000000E+03    0.356308664772519E+01    0.349037486562748E+00
    0.439840000000000E+03    0.166808274035873E+01    0.350179393254444E+00
    0.439860000000000E+03    0.170209003385912E+01    0.350180800384176E+00
    0.446120000000000E+03    0.606080838759999E+01    0.349587620834773E+00
    0.446140000000000E+03    0.609479180125572E+01    0.349585267508799E+00
    0.452400000000000E+03    0.416462130118543E+01    0.349746095662872E+00
    0.452420000000000E+03    0.419861108303553E+01    0.349748012605728E+00
    0.458680000000000E+03    0.227176357965766E+01    0.349593744849437E+00
    0.458700000000000E+03    0.230574733314859E+01    0.349591367350020E+00
    0.464960000000000E+03    0.374482911107293E+00    0.349647649562911E+00
    0.464980000000000E+03    0.408468823922249E+00    0.349651060294631E+00
    0.471240000000000E+03    0.476855685298790E+01    0.350220008371833E+00
    0.471260000000000E+03    0.480256564923570E+01    0.350217555750406E+00
    0.477540000000000E+03    0.290663047241117E+01    0.348947167638591E+00
    0.477560000000000E+03    0.294058834691839E+01    0.348945737141090E+00
    0.483820000000000E+03    0.100766786963743E+01    0.350083380996714E+00
    0.483840000000000E+03    0.104167125337278E+01    0.350088710339409E+00
    0.490100000000000E+03    0.540504962332614E+01    0.350017103925920E+00
    0.490120000000000E+03    0.543905023837453E+01    0.350011625052835E+00
    0.496380000000000E+03    0.350585896924554E+01    0.349008972938526E+00
    0.496400000000000E+03    0.353981928339749E+01    0.349010905452094E+00
    0.502660000000000E+03    0.161059257550755E+01    0.350196021670822E+00
    0.502680000000000E+03    0.164460045081591E+01    0.350197748118462E+00
    0.508940000000000E+03    0.600374994009769E+01    0.349604742725499E+00
    0.508960000000000E+03    0.603773408468328E+01    0.349602057395060E+00
    0.515240000000000E+03    0.414122302823648E+01    0.349704600581239E+00
    0.515260000000000E+03    0.417521121381731E+01    0.349706683595439E+00
    0.521520000000000E+03    0.224840832151949E+01    0.349640000472776E+00
    0.521540000000000E+03    0.228239386749851E+01    0.349637730053899E+00
    0.527800000000000E+03    0.351436400266266E+00    0.349629484667513E+00
    0.527820000000000E+03    0.385421622673448E+00    0.349632601757850E+00
    0.534080000000000E+03    0.474514923107893E+01    0.350211179091849E+00
    0.534100000000000E+03    0.477915774915255E+01    0.350209008085774E+00
    0.540360000000000E+03    0.284951512916518E+01    0.348970679256543E+00
    0.540380000000000E+03    0.288347388600357E+01    0.348969031102110E+00
    0.546640000000000E+03    0.950409682404711E+00    0.350054134866658E+00
    0.546660000000000E+03    0.984412063216610E+00    0.350059544990869E+00
    0.552940000000000E+03    0.538186671283609E+01    0.350040809054496E+00
    0.552960000000000E+03    0.541586857585355E+01    0.350035351018920E+00
    0.559220000000000E+03    0.348270684250815E+01    0.348981033846378E+00
    0.559240000000000E+03    0.351666601839520E+01    0.348982810013750E+00
    0.565500000000000E+03    0.158717588950026E+01    0.350209044513304E+00
    0.565520000000000E+03    0.162118441653865E+01    0.350211050989419E+00
    0.571780000000000E+03    0.598076134290636E+01    0.349621556723697E+00
    0.571800000000000E+03    0.601474614725873E+01    0.349618557037938E+00
    0.578060000000000E+03    0.408389361052866E+01    0.349657892432274E+00
    0.578080000000000E+03    0.411787986862237E+01    0.349660115674923E+00
    0.584340000000000E+03    0.219107563623174E+01    0.349687609365583E+00
    0.584360000000000E+03    0.222506311402481E+01    0.349685474765924E+00
    0.590620000000000E+03    0.294456851656946E+00    0.349611388201851E+00
    0.590640000000000E+03    0.328441268455435E+00    0.349614198393347E+00
    0.596920000000000E+03    0.472173619446789E+01    0.350197890784830E+00
    0.596940000000000E+03    0.475574409306660E+01    0.350196012183994E+00
    0.603200000000000E+03    0.282634704318275E+01    0.348997243611175E+00
    0.603220000000000E+03    0.286030690715461E+01    0.348995454613229E+00
    0.609480000000000E+03    0.927219723936105E+00    0.350032989537018E+00
    0.609500000000000E+03    0.961221121553763E+00    0.350038428813631E+00
    0.615760000000000E+03    0.532462028422765E+01    0.350069539102471E+00
    0.615780000000000E+03    0.535862298608049E+01    0.350064143910436E+00
    0.622040000000000E+03    0.342559036601438E+01    0.348956495853841E+00
    0.622060000000000E+03    0.345954859142967E+01    0.348958083868736E+00
    0.628320000000000E+03    0.152978856402387E+01    0.350219015441152E+00
    0.628340000000000E+03    0.156379736128656E+01    0.350221326318490E+00
    0.634620000000000E+03    0.595774977001929E+01    0.349637752398972E+00
    0.634640000000000E+03    0.599173522458636E+01    0.349634460578399E+00
    0.640900000000000E+03    0.406056880346955E+01    0.349613202689897E+00
    0.640920000000000E+03    0.409455333730762E+01    0.349615553443568E+00
    0.647180000000000E+03    0.216774788193334E+01    0.349731499577155E+00
    0.647200000000000E+03    0.220173710470840E+01    0.349729509972720E+00
    0.653460000000000E+03    0.271471456369227E+00    0.349595800020784E+00
    0.653480000000000E+03    0.305455312786307E+00    0.349598294330645E+00
    0.659740000000000E+03    0.466435468413715E+01    0.350185430443129E+00
    0.659760000000000E+03    0.469836215274859E+01    0.350183866330874E+00
    0.666020000000000E+03    0.276926562297695E+01    0.349027140129147E+00
    0.666040000000000E+03    0.280322661439595E+01    0.349025162539388E+00
    0.672320000000000E+03    0.904033695483804E+00    0.350006886822122E+00
    0.672340000000000E+03    0.938034091372856E+00    0.350012337853283E+00
    0.678600000000000E+03    0.530144983475702E+01    0.350090538652850E+00
    0.678620000000000E+03    0.533545377929772E+01    0.350085216731369E+00
    0.684880000000000E+03    0.340251970004692E+01    0.348936197083793E+00
    0.684900000000000E+03    0.343647692406989E+01    0.348937618443271E+00
    0.691160000000000E+03    0.150641817188034E+01    0.350226426454040E+00
    0.691180000000000E+03    0.154042728081345E+01    0.350229032502980E+00
    0.697440000000000E+03    0.590076577281502E+01    0.349659591860434E+00
    0.697460000000000E+03    0.593475213010129E+01    0.349656014257489E+00
    0.703720000000000E+03    0.400327425018941E+01    0.349564298833050E+00
    0.703740000000000E+03    0.403725682853155E+01    0.349566748995785E+00
    0.710000000000000E+03    0.211040048175573E+01    0.349776136727866E+00
    0.710020000000000E+03    0.214439154652177E+01    0.349774318022392E+00
    0.716300000000000E+03    0.248502999414086E+00    0.349583817590479E+00
    0.716320000000000E+03    0.282486343583514E+00    0.349585979542852E+00
    0.722580000000000E+03    0.464097031049187E+01    0.350168267239005E+00
    0.722600000000000E+03    0.467497705779260E+01    0.350166976812830E+00
    0.728860000000000E+03    0.274610881584363E+01    0.349058539639510E+00
    0.728880000000000E+03    0.278007110520093E+01    0.349056434250055E+00
    0.735140000000000E+03    0.846896500522234E+00    0.349978115491779E+00
    0.735160000000000E+03    0.880895715886936E+00    0.349983571253129E+00
    0.741420000000000E+03    0.524418715457000E+01    0.350115950359238E+00
    0.741440000000000E+03    0.527819169749318E+01    0.350110732853115E+00
    0.747700000000000E+03    0.334539023548996E+01    0.348914276356342E+00
    0.747720000000000E+03    0.337934681519505E+01    0.348915469009163E+00
    0.754000000000000E+03    0.148304436552780E+01    0.350232996962866E+00
    0.754020000000000E+03    0.151705375770212E+01    0.350235863172957E+00
    0.760280000000000E+03    0.587774151593044E+01    0.349678947262094E+00
    0.760300000000000E+03    0.591172859646372E+01    0.349675093586924E+00
    0.766560000000000E+03    0.397995307002179E+01    0.349518304273345E+00
    0.766580000000000E+03    0.401393383753998E+01    0.349520846127316E+00
    0.772840000000000E+03    0.208701991153976E+01    0.349817503859438E+00
    0.772860000000000E+03    0.212101260558302E+01    0.349815872128135E+00
    0.779120000000000E+03    0.191487247557234E+00    0.349567845245627E+00
    0.779140000000000E+03    0.225469924514073E+00    0.349569660799725E+00
    0.785400000000000E+03    0.458348392996731E+01    0.350146501986561E+00
    0.785420000000000E+03    0.461748984493761E+01    0.350145545707546E+00
    0.791700000000000E+03    0.272287623828379E+01    0.349090175697330E+00
    0.791720000000000E+03    0.275683969883289E+01    0.349087958978257E+00
    0.797980000000000E+03    0.823622453231565E+00    0.349950130285987E+00
    0.798000000000000E+03    0.857620406376100E+00    0.349955545858591E+00
    0.804260000000000E+03    0.522080700435595E+01    0.350132982950731E+00
    0.804280000000000E+03    0.525481235190114E+01    0.350127880612707E+00
    0.810540000000000E+03    0.332216508558167E+01    0.348899499637249E+00
    0.810560000000000E+03    0.335612095100964E+01    0.348900516883178E+00
    0.816820000000000E+03    0.142554303912289E+01    0.350232500322963E+00
    0.816840000000000E+03    0.145955239933073E+01    0.350235673655133E+00
    0.823100000000000E+03    0.582061658294265E+01    0.349705322461802E+00
    0.823120000000000E+03    0.585460476042635E+01    0.349701219799571E+00
    0.829400000000000E+03    0.395655219283594E+01    0.349474100758198E+00
    0.829420000000000E+03    0.399053110386490E+01    0.349476702626279E+00
    0.835680000000000E+03    0.206352845949687E+01    0.349859182335169E+00
    0.835700000000000E+03    0.209752282520321E+01    0.349857738648217E+00
    0.841960000000000E+03    0.168412449369953E+00    0.349560415608202E+00
    0.841980000000000E+03    0.202394893457267E+00    0.349561882602368E+00
    0.848240000000000E+03    0.455998163113736E+01    0.350124848842823E+00
    0.848260000000000E+03    0.459398664795231E+01    0.350124172831779E+00
    0.854520000000000E+03    0.266560392448537E+01    0.349128308493440E+00
    0.854540000000000E+03    0.269956900227157E+01    0.349125958554646E+00
    0.860800000000000E+03    0.766403503731226E+00    0.349920175955704E+00
    0.860820000000000E+03    0.800400432286324E+00    0.349925551596355E+00
    0.867080000000000E+03    0.516346243424982E+01    0.350155824501638E+00
    0.867100000000000E+03    0.519746858558324E+01    0.350150876951589E+00
    0.873380000000000E+03    0.329893881274961E+01    0.348884893577776E+00
    0.873400000000000E+03    0.333289417717333E+01    0.348885716277923E+00
    0.879660000000000E+03    0.140208424405159E+01    0.350232925033188E+00
    0.879680000000000E+03    0.143609364509120E+01    0.350236350869731E+00
    0.885940000000000E+03    0.579746583573069E+01    0.349726048017404E+00
    0.885960000000000E+03    0.583145477996618E+01    0.349721704457234E+00
    0.892220000000000E+03    0.389916309676119E+01    0.349423339578424E+00
    0.892240000000000E+03    0.393314009184428E+01    0.349425987597688E+00
    0.898500000000000E+03    0.200603859587409E+01    0.349899101475846E+00
    0.898520000000000E+03    0.204003463574122E+01    0.349897873374972E+00
    0.904780000000000E+03    0.111317623650848E+00    0.349549033299225E+00
    0.904800000000000E+03    0.145299542211660E+00    0.349550128025108E+00
    0.911080000000000E+03    0.453641262112842E+01    0.350095633053709E+00
    0.911100000000000E+03    0.457041679444524E+01    0.350095237378593E+00
    0.917360000000000E+03    0.264232836917859E+01    0.349166348958845E+00
    0.917380000000000E+03    0.267629529177725E+01    0.349163953086768E+00
    0.923640000000000E+03    0.743211619922022E+00    0.349895675418079E+00
    0.923660000000000E+03    0.777207460923137E+00    0.349900959969415E+00
    0.929920000000000E+03    0.514010313589029E+01    0.350172615011923E+00
    0.929940000000000E+03    0.517410995523164E+01    0.350167816992207E+00
    0.936200000000000E+03    0.324180490822073E+01    0.348877252983890E+00
    0.936220000000000E+03    0.327575981991458E+01    0.348877836693426E+00
    0.942480000000000E+03    0.134463584963305E+01    0.350227865570921E+00
    0.942500000000000E+03    0.137864502982916E+01    0.350231569862377E+00
    0.948780000000000E+03    0.577435506646952E+01    0.349751801213961E+00
    0.948800000000000E+03    0.580834512078059E+01    0.349747257251753E+00
    0.955060000000000E+03    0.387587038618744E+01    0.349381468024163E+00
    0.955080000000000E+03    0.390984564279142E+01    0.349384136498873E+00
    0.961340000000000E+03    0.198265006813199E+01    0.349938545162249E+00
    0.961360000000000E+03    0.201664774780829E+01    0.349937546643620E+00
    0.967620000000000E+03    0.884231540601377E-01    0.349550440401643E+00
    0.967640000000000E+03    0.122405191496227E+00    0.349551191068257E+00
    0.973900000000000E+03    0.447913872887580E+01    0.350075695098527E+00
    0.973920000000000E+03    0.451314177041968E+01    0.350075603249867E+00
    0.980180000000000E+03    0.258524780364519E+01    0.349210267215296E+00
    0.980200000000000E+03    0.261921616227528E+01    0.349207742225763E+00
    0.986480000000000E+03    0.720220794920579E+00    0.349871707648900E+00
    0.986500000000000E+03    0.754215753341214E+00    0.349876899122611E+00
    0.992760000000000E+03    0.511698071817000E+01    0.350187806450578E+00
    0.992780000000000E+03    0.515098815755618E+01    0.350183176858831E+00
    0.999040000000000E+03    0.321889572239456E+01    0.348872059471103E+00
    0.999060000000000E+03    0.325285058586655E+01    0.348872444458770E+00
    0.100532000000000E+04    0.132156519527234E+01    0.350226394369015E+00
    0.100534000000000E+04    0.135557433011309E+01    0.350230323683454E+00
    0.101160000000000E+04    0.571758568431414E+01    0.349781708075607E+00
    0.101162000000000E+04    0.575157686146872E+01    0.349776958307853E+00
    0.101788000000000E+04    0.381893799179852E+01    0.349336688599773E+00
    0.101790000000000E+04    0.385291148608053E+01    0.349339360100654E+00
    0.102416000000000E+04    0.192557193005700E+01    0.349977027388230E+00
    0.102418000000000E+04    0.195957100069199E+01    0.349976295233066E+00
    0.103046000000000E+04    0.657348086790535E-01    0.349544232837662E+00
    0.103048000000000E+04    0.997165302137546E-01    0.349544623399029E+00
    0.103674000000000E+04    0.445599110392345E+01    0.350043470846468E+00
    0.103676000000000E+04    0.448999288776076E+01    0.350043650799896E+00
    0.104302000000000E+04    0.256228538208916E+01    0.349248375881514E+00
    0.104304000000000E+04    0.259625521377393E+01    0.349245803177601E+00
    0.104930000000000E+04    0.663328814883926E+00    0.349838079222197E+00
    0.104932000000000E+04    0.697322323550225E+00    0.349843143798107E+00
    0.105558000000000E+04    0.505984924993481E+01    0.350202208616505E+00
    0.105560000000000E+04    0.509385736097806E+01    0.350197791656107E+00
    0.106186000000000E+04    0.316201637406061E+01    0.348868136759173E+00
    0.106188000000000E+04    0.319597100907527E+01    0.348868270525296E+00
    0.106816000000000E+04    0.129839057611071E+01    0.350218215029893E+00
    0.106818000000000E+04    0.133239942764021E+01    0.350222362415007E+00
    0.107444000000000E+04    0.569468912372486E+01    0.349807104334269E+00
    0.107446000000000E+04    0.572868143504593E+01    0.349802198431903E+00
    0.108072000000000E+04    0.379587615937476E+01    0.349294565109890E+00
    0.108074000000000E+04    0.382984790435080E+01    0.349297217614821E+00
    0.108700000000000E+04    0.190235071087886E+01    0.350012429219299E+00
    0.108702000000000E+04    0.193635121750958E+01    0.350011943375140E+00
    0.109328000000000E+04    0.898431506175257E-02    0.349544852109036E+00
    0.109330000000000E+04    0.429660233185132E-01    0.349544864978809E+00
    0.109956000000000E+04    0.439878014428746E+01    0.350011601408752E+00
    0.109958000000000E+04    0.443278061665478E+01    0.350012064449284E+00
    0.110586000000000E+04    0.253924509182434E+01    0.349291731075927E+00
    0.110588000000000E+04    0.257321680334007E+01    0.349289137392467E+00
    0.111214000000000E+04    0.640490260022943E+00    0.349815789939644E+00
    0.111216000000000E+04    0.674482937673474E+00    0.349820704845310E+00
    0.111842000000000E+04    0.503679679421339E+01    0.350213225614636E+00
    0.111844000000000E+04    0.507080531883526E+01    0.350209004114367E+00
    0.112470000000000E+04    0.313920287759447E+01    0.348870761092235E+00
    0.112472000000000E+04    0.317315766143474E+01    0.348870692237181E+00
    0.113098000000000E+04    0.124140310363009E+01    0.350208022257384E+00
    0.113100000000000E+04    0.127541144534052E+01    0.350212387705767E+00
    0.113726000000000E+04    0.563795203603991E+01    0.349838654729930E+00
    0.113728000000000E+04    0.567194552179421E+01    0.349833587176159E+00
    0.114354000000000E+04    0.373905166482268E+01    0.349253273833716E+00
    0.114356000000000E+04    0.377302177107208E+01    0.349255885000954E+00
    0.114984000000000E+04    0.187936253990551E+01    0.350046114303631E+00
    0.114986000000000E+04    0.191336440359828E+01    0.350045882404700E+00
    0.115612000000000E+04    0.626962898165493E+01    0.349546937723226E+00
    0.115614000000000E+04    0.204253535591761E-01    0.349546604001461E+00
    0.116240000000000E+04    0.437585293073994E+01    0.349980573914466E+00
    0.116242000000000E+04    0.440985216184981E+01    0.349981281803083E+00
    0.116868000000000E+04    0.248250542556298E+01    0.349337363333720E+00
    0.116870000000000E+04    0.251647884110412E+01    0.349334723857212E+00
    0.117496000000000E+04    0.583886982258264E+00    0.349785869609968E+00
    0.117498000000000E+04    0.617878466100137E+00    0.349790618057904E+00
    0.118124000000000E+04    0.497995499786998E+01    0.350225219502699E+00
    0.118126000000000E+04    0.501396412476220E+01    0.350221234429663E+00
    0.118754000000000E+04    0.311657139291469E+01    0.348872177791904E+00
    0.118756000000000E+04    0.315052623298470E+01    0.348871906245719E+00
    0.119382000000000E+04    0.121857256089879E+01    0.350195724133573E+00
    0.119384000000000E+04    0.125258065733124E+01    0.350200290674471E+00
    0.120010000000000E+04    0.561537610715732E+01    0.349863955615148E+00
    0.120012000000000E+04    0.564937064540777E+01    0.349858760498098E+00
    0.120638000000000E+04    0.371632669156679E+01    0.349211628891308E+00
    0.120640000000000E+04    0.375029506775763E+01    0.349214188243449E+00
    0.121266000000000E+04    0.182244250051008E+01    0.350075054296520E+00
    0.121268000000000E+04    0.185644559651519E+01    0.350075107042195E+00
    0.121894000000000E+04    0.621318205792613E+01    0.349550878902560E+00
    0.121896000000000E+04    0.624716402936747E+01    0.349550161286596E+00
    0.122524000000000E+04    0.435295089677311E+01    0.349944514832235E+00
    0.122526000000000E+04    0.438694862557577E+01    0.349945447527846E+00
    0.123152000000000E+04    0.245973041060597E+01    0.349381188301681E+00
    0.123154000000000E+04    0.249370562397507E+01    0.349378556456604E+00
    0.123780000000000E+04    0.561317059001340E+00    0.349763174579225E+00
    0.123782000000000E+04    0.595307615203637E+00    0.349767736922434E+00
    0.124408000000000E+04    0.495708192748998E+01    0.350229361442052E+00
    0.124410000000000E+04    0.499109109071924E+01    0.350225607513846E+00
    0.125036000000000E+04    0.305998454473456E+01    0.348880961907563E+00
    0.125038000000000E+04    0.309393977540185E+01    0.348880456323372E+00
    0.125664000000000E+04    0.116177677475480E+01    0.350180257737902E+00
    0.125666000000000E+04    0.119578404173490E+01    0.350185011648857E+00
    0.126294000000000E+04    0.559272497653501E+01    0.349890420733067E+00
    0.126296000000000E+04    0.562672051399022E+01    0.349885119578846E+00
    0.126922000000000E+04    0.369361926562306E+01    0.349175538064516E+00
    0.126924000000000E+04    0.372758625657616E+01    0.349178045042554E+00
    0.127550000000000E+04    0.179956334079134E+01    0.350104054297356E+00
    0.127552000000000E+04    0.183356752984901E+01    0.350104380527818E+00
    0.128178000000000E+04    0.619071838136142E+01    0.349555460218245E+00
    0.128180000000000E+04    0.622470056092197E+01    0.349554400436959E+00
    0.128806000000000E+04    0.429609696443094E+01    0.349907167320452E+00
    0.128808000000000E+04    0.433009325906187E+01    0.349908355149448E+00
    0.129434000000000E+04    0.240302904753162E+01    0.349427640542713E+00
    0.129436000000000E+04    0.243700607166829E+01    0.349425015142383E+00
    0.130062000000000E+04    0.504803585635727E+00    0.349734613891425E+00
    0.130064000000000E+04    0.538792980006292E+00    0.349738960914286E+00
    0.130692000000000E+04    0.493429164510917E+01    0.350232530213377E+00
    0.130694000000000E+04    0.496830107192591E+01    0.350229017554273E+00
    0.131320000000000E+04    0.303742858903661E+01    0.348888564135369E+00
    0.131322000000000E+04    0.307138406637660E+01    0.348887856642304E+00
    0.131948000000000E+04    0.113902943732410E+01    0.350163469175269E+00
    0.131950000000000E+04    0.117303631589994E+01    0.350168372293430E+00
    0.132576000000000E+04    0.553622052882747E+01    0.349920611546828E+00
    0.132578000000000E+04    0.557021783182608E+01    0.349915250927383E+00
    0.133204000000000E+04    0.363713100395489E+01    0.349137649551651E+00
    0.133206000000000E+04    0.367109650955854E+01    0.349140044248263E+00
    0.133832000000000E+04    0.174285445797977E+01    0.350130666133924E+00
    0.133834000000000E+04    0.177685975473423E+01    0.350131288277024E+00
    0.134462000000000E+04    0.616848237287059E+01    0.349564968884963E+00
    0.134464000000000E+04    0.620246491306943E+01    0.349563556497407E+00
    0.135090000000000E+04    0.427347342416897E+01    0.349869911635471E+00
    0.135092000000000E+04    0.430746819954311E+01    0.349871302594946E+00
    0.135718000000000E+04    0.238052955191051E+01    0.349474516066093E+00
    0.135720000000000E+04    0.241450853267452E+01    0.349471936569614E+00
    0.136346000000000E+04    0.482592884400219E+00    0.349716877356648E+00
    0.136348000000000E+04    0.516581565045271E+00    0.349721009533653E+00
    0.136974000000000E+04    0.487776561998953E+01    0.350237955057571E+00
    0.136976000000000E+04    0.491177510631496E+01    0.350234723809951E+00
    0.137602000000000E+04    0.298122576006153E+01    0.348905610762519E+00
    0.137604000000000E+04    0.301518196890493E+01    0.348904682097000E+00
    0.138232000000000E+04    0.111669608270086E+01    0.350151692362467E+00
    0.138234000000000E+04    0.115070220575126E+01    0.350156727659232E+00
    0.138860000000000E+04    0.551396006839013E+01    0.349948969908622E+00
    0.138862000000000E+04    0.554795795366545E+01    0.349943530084055E+00
    0.139488000000000E+04    0.361480922780402E+01    0.349104985033711E+00
    0.139490000000000E+04    0.364877339090208E+01    0.349107296164739E+00
    0.140116000000000E+04    0.172033579854087E+01    0.350154295825592E+00
    0.140118000000000E+04    0.175434199874871E+01    0.350155198654933E+00
    0.140744000000000E+04    0.611239995238338E+01    0.349575144193056E+00
    0.140746000000000E+04    0.614638291495703E+01    0.349573384053644E+00
    0.141372000000000E+04    0.421701122796685E+01    0.349830257213544E+00
    0.141374000000000E+04    0.425100444376494E+01    0.349831864619357E+00
    0.142000000000000E+04    0.232416788396404E+01    0.349521495080113E+00
    0.142002000000000E+04    0.235814867199542E+01    0.349518962617250E+00
    0.142630000000000E+04    0.460448216150780E+00    0.349694382266695E+00
    0.142632000000000E+04    0.494436007104468E+00    0.349698268698295E+00
    0.143258000000000E+04    0.485531159514312E+01    0.350235834704266E+00
    0.143260000000000E+04    0.488932112982729E+01    0.350232858124817E+00
    0.143886000000000E+04    0.295901425687907E+01    0.348919137419297E+00
    0.143888000000000E+04    0.299297095402335E+01    0.348918017114476E+00
    0.144514000000000E+04    0.106032426345701E+01    0.350126894839429E+00
    0.144516000000000E+04    0.109432961637367E+01    0.350132068213658E+00
    0.145142000000000E+04    0.545776334229413E+01    0.349979087513697E+00
    0.145144000000000E+04    0.549176288308126E+01    0.349973628575927E+00
    0.145770000000000E+04    0.355862086968546E+01    0.349071908611149E+00
    0.145772000000000E+04    0.359258351443896E+01    0.349074078953243E+00
    0.146400000000000E+04    0.169783801674657E+01    0.350173449709922E+00
    0.146402000000000E+04    0.173184501475589E+01    0.350174633041234E+00
    0.147028000000000E+04    0.609030476062799E+01    0.349583726249575E+00
    0.147030000000000E+04    0.612428806853768E+01    0.349581638812884E+00
    0.147656000000000E+04    0.419452994447283E+01    0.349788321595445E+00
    0.147658000000000E+04    0.422852150181461E+01    0.349790110792663E+00
    0.148284000000000E+04    0.230173861529875E+01    0.349566035752762E+00
    0.148286000000000E+04    0.233572119865858E+01    0.349563580831322E+00
    0.148912000000000E+04    0.404313222496967E+00    0.349670931005907E+00
    0.148914000000000E+04    0.438300072303718E+00    0.349674553576122E+00
    0.149540000000000E+04    0.479880343636387E+01    0.350233540895490E+00
    0.149542000000000E+04    0.483281285047815E+01    0.350230854149131E+00
    0.150170000000000E+04    0.293674916828695E+01    0.348936705751393E+00
    0.150172000000000E+04    0.297070658555867E+01    0.348935409232052E+00
    0.150798000000000E+04    0.103795868378029E+01    0.350108055561317E+00
    0.150800000000000E+04    0.107196317802300E+01    0.350113327236141E+00
    0.151426000000000E+04    0.543541450445673E+01    0.350002584477556E+00
    0.151428000000000E+04    0.546941452086094E+01    0.349997099406160E+00
    0.152054000000000E+04    0.353624922994095E+01    0.349037352418501E+00
    0.152056000000000E+04    0.357021068945278E+01    0.349039399796045E+00
    0.152682000000000E+04    0.164128106473163E+01    0.350190482188739E+00
    0.152684000000000E+04    0.167528878959365E+01    0.350191971880723E+00
    0.153310000000000E+04    0.603421239975023E+01    0.349598979399145E+00
    0.153312000000000E+04    0.606819621470822E+01    0.349596548631490E+00
    0.153940000000000E+04    0.417201770866450E+01    0.349744507964654E+00
    0.153942000000000E+04    0.420600750559652E+01    0.349746462960354E+00
    0.154568000000000E+04    0.227926505764617E+01    0.349609386287255E+00
    0.154570000000000E+04    0.231324949854707E+01    0.349607032974055E+00
    0.155196000000000E+04    0.382142501704038E+00    0.349652786192268E+00
    0.155198000000000E+04    0.416128594501970E+00    0.349656143675036E+00
    0.155824000000000E+04    0.477623453491151E+01    0.350224531221900E+00
    0.155826000000000E+04    0.481024349762811E+01    0.350222124379826E+00
    0.156452000000000E+04    0.288046875131840E+01    0.348959411748507E+00
    0.156454000000000E+04    0.291442710064121E+01    0.348957906511267E+00
    0.157080000000000E+04    0.981540162823421E+00    0.350082268086540E+00
    0.157082000000000E+04    0.101554347408864E+01    0.350087619409511E+00
    0.157708000000000E+04    0.537902526958169E+01    0.350031512114168E+00
    0.157710000000000E+04    0.541302651643400E+01    0.350026046036815E+00
    0.158338000000000E+04    0.351393263877571E+01    0.349012361650991E+00
    0.158340000000000E+04    0.354789310210481E+01    0.349014279441059E+00
    0.158966000000000E+04    0.161874186303976E+01    0.350207571642443E+00
    0.158968000000000E+04    0.165275019937417E+01    0.350209332983625E+00
    0.159594000000000E+04    0.601206761957110E+01    0.349614797378103E+00
    0.159596000000000E+04    0.604605216401433E+01    0.349612059173867E+00
    0.160222000000000E+04    0.411558857461978E+01    0.349703177221243E+00
    0.160224000000000E+04    0.414957669436671E+01    0.349705289634314E+00
    0.160850000000000E+04    0.222287360644987E+01    0.349657308890932E+00
    0.160852000000000E+04    0.225685984634174E+01    0.349655060824572E+00
    0.161478000000000E+04    0.326060562161274E+00    0.349632481260960E+00
    0.161480000000000E+04    0.360045891932259E+00    0.349635536135073E+00
    0.162108000000000E+04    0.475379613310679E+01    0.350216204167371E+00
    0.162110000000000E+04    0.478780484842582E+01    0.350214069572920E+00
    0.162736000000000E+04    0.285828193506450E+01    0.348982158329674E+00
    0.162738000000000E+04    0.289224115871775E+01    0.348980497037489E+00
    0.163364000000000E+04    0.959284099285924E+00    0.350060294794509E+00
    0.163366000000000E+04    0.993286722432913E+00    0.350065707843028E+00
    0.163992000000000E+04    0.535682722094771E+01    0.350055616741706E+00
    0.163994000000000E+04    0.539082955011054E+01    0.350050168775581E+00
    0.164620000000000E+04    0.345779267925991E+01    0.348982855016202E+00
    0.164622000000000E+04    0.349175193667816E+01    0.348984583399430E+00
    0.165248000000000E+04    0.156233308524133E+01    0.350214930236944E+00
    0.165250000000000E+04    0.159634232692861E+01    0.350216973412276E+00
    0.165878000000000E+04    0.599018028454111E+01    0.349630241659082E+00
    0.165880000000000E+04    0.602416609148077E+01    0.349627280055107E+00
    0.166506000000000E+04    0.409346161924441E+01    0.349665633711482E+00
    0.166508000000000E+04    0.412744822902641E+01    0.349667879226174E+00
    0.167134000000000E+04    0.220081334495626E+01    0.349705799885849E+00
    0.167136000000000E+04    0.223480153703167E+01    0.349703683540612E+00
    0.167762000000000E+04    0.304397441699621E+00    0.349622321708777E+00
    0.167764000000000E+04    0.338382309180815E+00    0.349625095420736E+00
    0.168390000000000E+04    0.469777775688408E+01    0.350208984994441E+00
    0.168392000000000E+04    0.473178608307171E+01    0.350207162792514E+00
    0.169018000000000E+04    0.280259820801484E+01    0.349013809055235E+00
    0.169020000000000E+04    0.283655871628662E+01    0.349011973100173E+00
    0.169648000000000E+04    0.937591541783604E+00    0.350044083732259E+00
    0.169650000000000E+04    0.971593386190307E+00    0.350049520306225E+00
    0.170276000000000E+04    0.533514017028619E+01    0.350082120386706E+00
    0.170278000000000E+04    0.536914336479640E+01    0.350076724104066E+00
    0.170904000000000E+04    0.343624966070047E+01    0.348966038184504E+00
    0.170906000000000E+04    0.347020828482937E+01    0.348967618700175E+00
    0.171532000000000E+04    0.154058904838030E+01    0.350232987886600E+00
    0.171534000000000E+04    0.157459840982756E+01    0.350235316564237E+00
    0.172160000000000E+04    0.593474543259299E+01    0.349653586139307E+00
    0.172162000000000E+04    0.596873151275759E+01    0.349650252480857E+00
    0.172788000000000E+04    0.403767674860092E+01    0.349618409277892E+00
    0.172790000000000E+04    0.407166149690966E+01    0.349620772649857E+00
    0.173416000000000E+04    0.214499633654032E+01    0.349748828602161E+00
    0.173418000000000E+04    0.217898625748603E+01    0.349746860272900E+00
    0.174046000000000E+04    0.282890051179493E+00    0.349606964045585E+00
    0.174048000000000E+04    0.316874338000162E+00    0.349609433867949E+00
    0.174674000000000E+04    0.467588847245543E+01    0.350194651497746E+00
    0.174676000000000E+04    0.470989630782105E+01    0.350193103583842E+00
    0.175302000000000E+04    0.278095459703309E+01    0.349040863668418E+00
    0.175304000000000E+04    0.281491611393767E+01    0.349038888410653E+00
    0.175930000000000E+04    0.881880110389375E+00    0.350013320008453E+00
    0.175932000000000E+04    0.915880658180413E+00    0.350018780430636E+00
    0.176558000000000E+04    0.527945795576352E+01    0.350105427751378E+00
    0.176560000000000E+04    0.531346253741822E+01    0.350100128784129E+00
    0.177186000000000E+04    0.338080197854697E+01    0.348947906642480E+00
    0.177188000000000E+04    0.341475974290370E+01    0.348949297813694E+00
    0.177816000000000E+04    0.151887168079656E+01    0.350242875587276E+00
    0.177818000000000E+04    0.155288139030245E+01    0.350245454160145E+00
    0.178444000000000E+04    0.591340628333955E+01    0.349673741665665E+00
    0.178446000000000E+04    0.594739317249469E+01    0.349670136821647E+00
    0.179072000000000E+04    0.401604162156809E+01    0.349576471823834E+00
    0.179074000000000E+04    0.405002456241573E+01    0.349578926225436E+00
    0.179700000000000E+04    0.212332289142569E+01    0.349791435350419E+00
    0.179702000000000E+04    0.215731455189962E+01    0.349789626433897E+00
    0.180328000000000E+04    0.227628317077233E+00    0.349594967448088E+00
    0.180330000000000E+04    0.261612111868089E+00    0.349597106885874E+00
    0.180956000000000E+04    0.462021278434258E+01    0.350179934914893E+00
    0.180958000000000E+04    0.465421995745828E+01    0.350178693009782E+00
    0.181586000000000E+04    0.275951990532667E+01    0.349072706648184E+00
    0.181588000000000E+04    0.279348278501675E+01    0.349070617473583E+00
    0.182214000000000E+04    0.860499888432514E+00    0.349993366290304E+00
    0.182216000000000E+04    0.894499689195527E+00    0.349998812066589E+00
    0.182842000000000E+04    0.525795572352035E+01    0.350128254553892E+00
    0.182844000000000E+04    0.529196078094992E+01    0.350123030285620E+00
    0.183470000000000E+04    0.335932761584399E+01    0.348928726046099E+00
    0.183472000000000E+04    0.339328473937258E+01    0.348929936094092E+00
    0.184098000000000E+04    0.146316184674652E+01    0.350245268560050E+00
    0.184100000000000E+04    0.149717169820087E+01    0.350248152965303E+00
    0.184726000000000E+04    0.585806311673468E+01    0.349696163448042E+00
    0.184728000000000E+04    0.589205090200994E+01    0.349692300518181E+00
    0.185354000000000E+04    0.396046153447378E+01    0.349531206512559E+00
    0.185356000000000E+04    0.399444278438659E+01    0.349533743296673E+00
    0.185984000000000E+04    0.210169094555658E+01    0.349832161016295E+00
    0.185986000000000E+04    0.213568421123364E+01    0.349830523496425E+00
    0.186612000000000E+04    0.206347793121040E+00    0.349583907877340E+00
    0.186614000000000E+04    0.240331151776900E+00    0.349585731905228E+00
    0.187240000000000E+04    0.459853607282093E+01    0.350161173812679E+00
    0.187242000000000E+04    0.463254255597894E+01    0.350160203956207E+00
    0.187868000000000E+04    0.270410432038625E+01    0.349105647045064E+00
    0.187870000000000E+04    0.273806844955470E+01    0.349103409653692E+00
    0.188496000000000E+04    0.805033902141531E+00    0.349961646924680E+00
    0.188498000000000E+04    0.839032445150224E+00    0.349967069529106E+00
    0.189124000000000E+04    0.520243482020396E+01    0.350150814188318E+00
    0.189126000000000E+04    0.523644112368856E+01    0.350145721622775E+00
    0.189754000000000E+04    0.333794402042440E+01    0.348913907186086E+00
    0.189756000000000E+04    0.337190043283726E+01    0.348914941670352E+00
    0.190382000000000E+04    0.144150411173587E+01    0.350247536088708E+00
    0.190384000000000E+04    0.147551409479775E+01    0.350250687127312E+00
    0.191010000000000E+04    0.583674154398432E+01    0.349716909879145E+00
    0.191012000000000E+04    0.587073021330025E+01    0.349712823065090E+00
    0.191638000000000E+04    0.393888544182755E+01    0.349487314290238E+00
    0.191640000000000E+04    0.397286491921341E+01    0.349489909698290E+00
    0.192266000000000E+04    0.204604789252107E+01    0.349872574014831E+00
    0.192268000000000E+04    0.208004285659126E+01    0.349871132257167E+00
    0.192894000000000E+04    0.151128175585654E+00    0.349575696321834E+00
    0.192896000000000E+04    0.185111189880899E+00    0.349577164318038E+00
    0.193524000000000E+04    0.457690362232779E+01    0.350141112995170E+00
    0.193526000000000E+04    0.461090927024270E+01    0.350140401870464E+00
    0.194152000000000E+04    0.268268726987799E+01    0.349140877953038E+00
    0.194154000000000E+04    0.271665285436211E+01    0.349138546740175E+00
    0.194780000000000E+04    0.783698492703934E+00    0.349940047419715E+00
    0.194782000000000E+04    0.817696171408897E+00    0.349945418896410E+00
    0.195408000000000E+04    0.518095076466216E+01    0.350168085277827E+00
    0.195410000000000E+04    0.521495740282580E+01    0.350163112784257E+00
    0.196036000000000E+04    0.328263924829707E+01    0.348901347069939E+00
    0.196038000000000E+04    0.331659530432034E+01    0.348902152024169E+00
    0.196664000000000E+04    0.138596735136070E+01    0.350246661696323E+00
    0.196666000000000E+04    0.141997728141814E+01    0.350250077790358E+00
    0.197294000000000E+04    0.581551572464014E+01    0.349738028313682E+00
    0.197296000000000E+04    0.584950516658910E+01    0.349733706789510E+00
    0.197922000000000E+04    0.391743312597600E+01    0.349445116538716E+00
    0.197924000000000E+04    0.395141094541077E+01    0.349447765468466E+00
    0.198550000000000E+04    0.202450900508666E+01    0.349910640424502E+00
    0.198552000000000E+04    0.205850543033921E+01    0.349909403918465E+00
    0.199178000000000E+04    0.129944518160755E+00    0.349566458900756E+00
    0.199180000000000E+04    0.163927145264552E+00    0.349567605235591E+00
    0.199806000000000E+04    0.452128460390395E+01    0.350116039785754E+00
    0.199808000000000E+04    0.455528927490559E+01    0.350115637356812E+00
    0.200434000000000E+04    0.262731026414622E+01    0.349176787318760E+00
    0.200436000000000E+04    0.266127721407884E+01    0.349174348528026E+00
    0.201062000000000E+04    0.728310659980252E+00    0.349907506573031E+00
    0.201064000000000E+04    0.762306994841765E+00    0.349912806844607E+00
    0.201692000000000E+04    0.515946666214086E+01    0.350179971821346E+00
    0.201694000000000E+04    0.519347413619880E+01    0.350175148241140E+00
    0.202320000000000E+04    0.326141807156637E+01    0.348894860743207E+00
    0.202322000000000E+04    0.329537372630966E+01    0.348895494764470E+00
    0.202948000000000E+04    0.136452548401121E+01    0.350246980550164E+00
    0.202950000000000E+04    0.139853533549149E+01    0.350250609045185E+00
    0.203576000000000E+04    0.576039185030686E+01    0.349766778988794E+00
    0.203578000000000E+04    0.579438243318145E+01    0.349762249259029E+00
    0.204204000000000E+04    0.386210969754393E+01    0.349402090606224E+00
    0.204206000000000E+04    0.389608565937488E+01    0.349404747638697E+00
    0.204832000000000E+04    0.196905256830269E+01    0.349949511865454E+00
    0.204834000000000E+04    0.200305057990090E+01    0.349948498591082E+00
    0.205462000000000E+04    0.108922694294506E+00    0.349564022398167E+00
    0.205464000000000E+04    0.142905240216351E+00    0.349564826835005E+00
    0.206090000000000E+04    0.449986501125295E+01    0.350091557684448E+00
    0.206092000000000E+04    0.453386865913853E+01    0.350091406035847E+00
    0.206718000000000E+04    0.260608743695502E+01    0.349215807618403E+00
    0.206720000000000E+04    0.264005604054501E+01    0.349213307186992E+00
    0.207346000000000E+04    0.707235739984299E+00    0.349887183690900E+00
    0.207348000000000E+04    0.741231283463094E+00    0.349892388869347E+00
    0.207974000000000E+04    0.510418047212761E+01    0.350201720518902E+00
    0.207976000000000E+04    0.513818847509992E+01    0.350197070014243E+00
    0.208602000000000E+04    0.320627115294019E+01    0.348887025732381E+00
    0.208604000000000E+04    0.324022662366588E+01    0.348887413087759E+00
    0.209232000000000E+04    0.134313400857855E+01    0.350243059242719E+00
    0.209234000000000E+04    0.137714378044302E+01    0.350246924859223E+00
    0.209860000000000E+04    0.573927392341238E+01    0.349789101292855E+00
    0.209862000000000E+04    0.577326541381717E+01    0.349784386974833E+00
    0.210488000000000E+04    0.384083536491153E+01    0.349360953296741E+00
    0.210490000000000E+04    0.387480979723159E+01    0.349363630549506E+00
    0.211116000000000E+04    0.194768202175555E+01    0.349984594743424E+00
    0.211118000000000E+04    0.198168141299038E+01    0.349983807295876E+00
    0.211744000000000E+04    0.539582378810337E-01    0.349559461009964E+00
    0.211746000000000E+04    0.879405885148117E-01    0.349559917196247E+00
    0.212372000000000E+04    0.444447334118559E+01    0.350064281977230E+00
    0.212374000000000E+04    0.447847593022107E+01    0.350064420131502E+00
    0.213000000000000E+04    0.255091119915642E+01    0.349255688119571E+00
    0.213002000000000E+04    0.258488132824459E+01    0.349253111441274E+00
    0.213630000000000E+04    0.686105973444683E+00    0.349860586396277E+00
    0.213632000000000E+04    0.720100412279862E+00    0.349865672705746E+00
    0.214258000000000E+04    0.508288830383663E+01    0.350212413741371E+00
    0.214260000000000E+04    0.511689699946555E+01    0.350207937995032E+00
    0.214886000000000E+04    0.318516983934660E+01    0.348882658407717E+00
    0.214888000000000E+04    0.321912503311569E+01    0.348882859602685E+00
    0.215514000000000E+04    0.128777751363668E+01    0.350231886442931E+00
    0.215516000000000E+04    0.132178691405670E+01    0.350236000342393E+00
    0.216142000000000E+04    0.568420869069769E+01    0.349817414301867E+00
    0.216144000000000E+04    0.571820148091865E+01    0.349812548392417E+00
    0.216770000000000E+04    0.378562506919616E+01    0.349317946804285E+00
    0.216772000000000E+04    0.381959774225879E+01    0.349320594915499E+00
    0.217400000000000E+04    0.192629683458972E+01    0.350018066633628E+00
    0.217402000000000E+04    0.196029757498354E+01    0.350017507741640E+00
    0.218028000000000E+04    0.329956165560361E-01    0.349558885518184E+00
    0.218030000000000E+04    0.669778918045267E-01    0.349558997589219E+00
    0.218656000000000E+04    0.442308260803929E+01    0.350034341968020E+00
    0.218658000000000E+04    0.445708391942662E+01    0.350034708984811E+00
    0.219284000000000E+04    0.252966777452821E+01    0.349294931428100E+00
    0.219286000000000E+04    0.256363953564687E+01    0.349292323713752E+00
    0.219912000000000E+04    0.631023975457083E+00    0.349832994083078E+00
    0.219914000000000E+04    0.665017368125064E+00    0.349837954439978E+00
    0.220540000000000E+04    0.502755009075099E+01    0.350226009945951E+00
    0.220542000000000E+04    0.506155906539061E+01    0.350221750863898E+00
    0.221170000000000E+04    0.316401996984905E+01    0.348882358092937E+00
    0.221172000000000E+04    0.319797525867352E+01    0.348882371183200E+00
    0.221798000000000E+04    0.126646486060008E+01    0.350225249022146E+00
    0.221800000000000E+04    0.130047393601126E+01    0.350229554587303E+00
    0.222426000000000E+04    0.566309120501182E+01    0.349840831822153E+00
    0.222428000000000E+04    0.569708475298012E+01    0.349835801171642E+00
    0.223054000000000E+04    0.376435753618216E+01    0.349277229944485E+00
    0.223056000000000E+04    0.379832862358307E+01    0.349279864831393E+00
    0.223682000000000E+04    0.187087977956753E+01    0.350048644356081E+00
    0.223684000000000E+04    0.190488173982340E+01    0.350048352648306E+00
    0.224310000000000E+04    0.626117279128039E+01    0.349557731369139E+00
    0.224312000000000E+04    0.119695769431019E-01    0.349557485417509E+00
    0.224940000000000E+04    0.440165417904836E+01    0.350002006448330E+00
    0.224942000000000E+04    0.443565427606381E+01    0.350002632600826E+00
    0.225568000000000E+04    0.250839845866540E+01    0.349334671153357E+00
    0.225570000000000E+04    0.254237174721720E+01    0.349332043933850E+00
    0.226196000000000E+04    0.609876359199006E+00    0.349807219967556E+00
    0.226198000000000E+04    0.643868665877562E+00    0.349812018349212E+00
    0.226824000000000E+04    0.500618404971783E+01    0.350232269252611E+00
    0.226826000000000E+04    0.504019350735871E+01    0.350228212733294E+00
    0.227452000000000E+04    0.310892688057129E+01    0.348884127429714E+00
    0.227454000000000E+04    0.314288203774959E+01    0.348883907348315E+00
    0.228080000000000E+04    0.121107415435426E+01    0.350209186269828E+00
    0.228082000000000E+04    0.124508260717630E+01    0.350213708137106E+00
    0.228708000000000E+04    0.560792271960599E+01    0.349869913551538E+00
    0.228710000000000E+04    0.564191751610906E+01    0.349864763918578E+00
    0.229338000000000E+04    0.374306389379490E+01    0.349238292920013E+00
    0.229340000000000E+04    0.377703341882579E+01    0.349240882324028E+00
    0.229966000000000E+04    0.184942068214104E+01    0.350077777055109E+00
    0.229968000000000E+04    0.188342393913717E+01    0.350077717561045E+00
    0.230594000000000E+04    0.624016555176468E+01    0.349562667971800E+00
    0.230596000000000E+04    0.627414809278980E+01    0.349562110061120E+00
    0.231222000000000E+04    0.434627188510240E+01    0.349970374441732E+00
    0.231224000000000E+04    0.438027070184808E+01    0.349971248904509E+00
    0.231850000000000E+04    0.245319244392431E+01    0.349381006414296E+00
    0.231852000000000E+04    0.248716763137918E+01    0.349378362943280E+00
    0.232478000000000E+04    0.554873836266779E+00    0.349782325636665E+00
    0.232480000000000E+04    0.588865205284492E+00    0.349786960196833E+00
    0.233108000000000E+04    0.498492127799773E+01    0.350238820559640E+00
    0.233110000000000E+04    0.501893076939314E+01    0.350234968281806E+00
    0.233736000000000E+04    0.308785950886477E+01    0.348889697445498E+00
    0.233738000000000E+04    0.312181504740283E+01    0.348889284549546E+00
    0.234364000000000E+04    0.118989737539778E+01    0.350199998440589E+00
    0.234366000000000E+04    0.122390545655981E+01    0.350204684003653E+00
    0.234992000000000E+04    0.558693403040297E+01    0.349895240041185E+00
    0.234994000000000E+04    0.562092973523932E+01    0.349889973862129E+00
    0.235620000000000E+04    0.368801148817965E+01    0.349198921722260E+00
    0.235622000000000E+04    0.372197946009692E+01    0.349201441608964E+00
    0.236248000000000E+04    0.179416574213428E+01    0.350105562875003E+00
    0.236250000000000E+04    0.182817000166642E+01    0.350105780001205E+00
    0.236878000000000E+04    0.621929260896604E+01    0.349564024670024E+00
    0.236880000000000E+04    0.625327511529531E+01    0.349563097261712E+00
    0.237506000000000E+04    0.432497291124128E+01    0.349932746543072E+00
    0.237508000000000E+04    0.435897027330748E+01    0.349933843524858E+00
    0.238134000000000E+04    0.243200846713671E+01    0.349420620321540E+00
    0.238136000000000E+04    0.246598522970316E+01    0.349417993873278E+00
    0.238762000000000E+04    0.533837500734080E+00    0.349757072103096E+00
    0.238764000000000E+04    0.567827752166068E+00    0.349761511379181E+00
    0.239390000000000E+04    0.492963526996027E+01    0.350240607211432E+00
    0.239392000000000E+04    0.496364528369941E+01    0.350237014767726E+00
    0.240018000000000E+04    0.303299797741829E+01    0.348903714633819E+00
    0.240020000000000E+04    0.306695411170767E+01    0.348903065360982E+00
    0.240648000000000E+04    0.116889297594980E+01    0.350191510637439E+00
    0.240650000000000E+04    0.120290068939630E+01    0.350196338686733E+00
    0.241276000000000E+04    0.556614844250726E+01    0.349925554220188E+00
    0.241278000000000E+04    0.560014537169900E+01    0.349920204112361E+00
    0.241904000000000E+04    0.366715963306524E+01    0.349172336902085E+00
    0.241906000000000E+04    0.370112619164865E+01    0.349174782392650E+00
    0.242532000000000E+04    0.177309444767616E+01    0.350133766954127E+00
    0.242534000000000E+04    0.180709982965436E+01    0.350134261169267E+00
    0.243160000000000E+04    0.616469818109636E+01    0.349574876303300E+00
    0.243162000000000E+04    0.619868115422469E+01    0.349573611881747E+00
    0.243788000000000E+04    0.427002571442517E+01    0.349898817309493E+00
    0.243790000000000E+04    0.430402168135333E+01    0.349900132614759E+00
    0.244416000000000E+04    0.237720432455444E+01    0.349469210489924E+00
    0.244418000000000E+04    0.241118306376120E+01    0.349466605533527E+00
    0.245046000000000E+04    0.513307268531207E+00    0.349741280397806E+00
    0.245048000000000E+04    0.547296966233262E+00    0.349745521290915E+00
    0.245674000000000E+04    0.490880401488994E+01    0.350248592470483E+00
    0.245676000000000E+04    0.494281389282150E+01    0.350245233842935E+00
    0.246302000000000E+04    0.301227309803744E+01    0.348910980771501E+00
    0.246304000000000E+04    0.304622949181703E+01    0.348910158348032E+00
    0.246930000000000E+04    0.111398554374955E+01    0.350169494075920E+00
    0.246932000000000E+04    0.114799240252796E+01    0.350174486149521E+00
    0.247558000000000E+04    0.551134954346162E+01    0.349951671940108E+00
    0.247560000000000E+04    0.554534751275241E+01    0.349946257962050E+00
    0.248186000000000E+04    0.361236941214884E+01    0.349130483423499E+00
    0.248188000000000E+04    0.364633462918937E+01    0.349132826194697E+00
    0.248816000000000E+04    0.175213405906288E+01    0.350156055603573E+00
    0.248818000000000E+04    0.178614032572932E+01    0.350156798189041E+00
    0.249444000000000E+04    0.614413043543482E+01    0.349581186171486E+00
    0.249446000000000E+04    0.617811362775137E+01    0.349579587462771E+00
    0.250072000000000E+04    0.424906938633194E+01    0.349861006943561E+00
    0.250074000000000E+04    0.428306384925600E+01    0.349862518115473E+00
    0.250700000000000E+04    0.235633108558523E+01    0.349510267315527E+00
    0.250702000000000E+04    0.239031142488420E+01    0.349507710341703E+00
    0.251328000000000E+04    0.458641355495274E+00    0.349713958267779E+00
    0.251330000000000E+04    0.492629954327640E+00    0.349717965195844E+00
    0.251956000000000E+04    0.485380724718743E+01    0.350249295077248E+00
    0.251958000000000E+04    0.488781732339066E+01    0.350246211913390E+00
    0.252586000000000E+04    0.299154606554748E+01    0.348923529081763E+00
    0.252588000000000E+04    0.302550277592218E+01    0.348922532637134E+00
    0.253214000000000E+04    0.109306230402217E+01    0.350151198434421E+00
    0.253216000000000E+04    0.112706830931893E+01    0.350156294717763E+00
    0.253842000000000E+04    0.549052388433665E+01    0.349974909398914E+00
    0.253844000000000E+04    0.552452284964602E+01    0.349969452860510E+00
    0.254470000000000E+04    0.359151383300741E+01    0.349098181088635E+00
    0.254472000000000E+04    0.362547775731855E+01    0.349100420255043E+00
    0.255098000000000E+04    0.169705715803957E+01    0.350175885188774E+00
    0.255100000000000E+04    0.173106429988457E+01    0.350176932017358E+00
    0.255726000000000E+04    0.608950632519918E+01    0.349593647107368E+00
    0.255728000000000E+04    0.612349002344763E+01    0.349591706648377E+00
    0.256354000000000E+04    0.419406642569447E+01    0.349820872259661E+00
    0.256356000000000E+04    0.422805922196130E+01    0.349822567718088E+00
    0.256984000000000E+04    0.233538745437636E+01    0.349554043926522E+00
    0.256986000000000E+04    0.236936960662842E+01    0.349551554701736E+00
    0.257612000000000E+04    0.437995264553138E+00    0.349697237853799E+00
    0.257614000000000E+04    0.471983161282878E+00    0.349701009939481E+00
    0.258240000000000E+04    0.483282467841764E+01    0.350246711427490E+00
    0.258242000000000E+04    0.486683451039244E+01    0.350243877111201E+00
    0.258868000000000E+04    0.293681511343129E+01    0.348941424891843E+00
    0.258870000000000E+04    0.297077274720141E+01    0.348940219058220E+00
    0.259496000000000E+04    0.103823988715249E+01    0.350130542009656E+00
    0.259498000000000E+04    0.107224517383929E+01    0.350135767092436E+00
    0.260124000000000E+04    0.543580307570210E+01    0.350005096305631E+00
    0.260126000000000E+04    0.546980320080547E+01    0.349999620264756E+00
    0.260754000000000E+04    0.357079891786634E+01    0.349069771401095E+00
    0.260756000000000E+04    0.360476167701654E+01    0.349071911727457E+00
    0.261382000000000E+04    0.167614360248535E+01    0.350195281470176E+00
    0.261384000000000E+04    0.171015144012563E+01    0.350196597498256E+00
    0.262010000000000E+04    0.606897726494844E+01    0.349604083197297E+00
    0.262012000000000E+04    0.610296137992100E+01    0.349601840021386E+00
    0.262638000000000E+04    0.417319967906406E+01    0.349782356447833E+00
    0.262640000000000E+04    0.420719097973324E+01    0.349784225294972E+00
    0.263266000000000E+04    0.228059445044801E+01    0.349598989630177E+00
    0.263268000000000E+04    0.231457834671346E+01    0.349596574339663E+00
    0.263894000000000E+04    0.383448515622149E+00    0.349673839377563E+00
    0.263896000000000E+04    0.417435524758730E+00    0.349677342212786E+00
    0.264524000000000E+04    0.481193947292559E+01    0.350241075733570E+00
    0.264526000000000E+04    0.484594920201835E+01    0.350238492782676E+00
    0.265152000000000E+04    0.291616733605042E+01    0.348958293027447E+00
    0.265154000000000E+04    0.295012558539838E+01    0.348956910844380E+00
    0.265780000000000E+04    0.101746369581815E+01    0.350109599078147E+00
    0.265782000000000E+04    0.105146829710247E+01    0.350114902743464E+00
    0.266408000000000E+04    0.541515498523768E+01    0.350027414774483E+00
    0.266410000000000E+04    0.544915649398081E+01    0.350021942773345E+00
    0.267036000000000E+04    0.351624816982985E+01    0.349040466923102E+00
    0.267038000000000E+04    0.355020976834203E+01    0.349042445733940E+00
    0.267664000000000E+04    0.162133568829358E+01    0.350211091397417E+00
    0.267666000000000E+04    0.165534423531972E+01    0.350212701882007E+00
    0.268294000000000E+04    0.604859789868351E+01    0.349618589100647E+00
    0.268296000000000E+04    0.608258259265949E+01    0.349616037383949E+00
    0.268922000000000E+04    0.415248897078527E+01    0.349742890546504E+00
    0.268924000000000E+04    0.418647865105231E+01    0.349744906079164E+00
    0.269550000000000E+04    0.225993166522858E+01    0.349643103931012E+00
    0.269552000000000E+04    0.229391738662798E+01    0.349640789971696E+00
    0.270178000000000E+04    0.363120246355720E+00    0.349660343182792E+00
    0.270180000000000E+04    0.397106632421128E+00    0.349663593367248E+00
    0.270806000000000E+04    0.475725602879720E+01    0.350236565031507E+00
    0.270808000000000E+04    0.479126545927829E+01    0.350234277496525E+00
    0.271434000000000E+04    0.286178142448352E+01    0.348983075140373E+00
    0.271436000000000E+04    0.289574071999232E+01    0.348981511097969E+00
    0.272062000000000E+04    0.963010987245070E+00    0.350087978120806E+00
    0.272064000000000E+04    0.997014575895264E+00    0.350093360453442E+00
    0.272692000000000E+04    0.539468628016766E+01    0.350051894961568E+00
    0.272694000000000E+04    0.542868828126211E+01    0.350046424111198E+00
    0.273320000000000E+04    0.349578955326979E+01    0.349015961113723E+00
    0.273322000000000E+04    0.352975015384800E+01    0.349017817436081E+00
    0.273948000000000E+04    0.160066977434599E+01    0.350225623897548E+00
    0.273950000000000E+04    0.163467883297290E+01    0.350227491509328E+00
    0.274576000000000E+04    0.599431498549893E+01    0.349634527166557E+00
    0.274578000000000E+04    0.602830031523717E+01    0.349631676163332E+00
    0.275204000000000E+04    0.409789177388393E+01    0.349701110412583E+00
    0.275206000000000E+04    0.413187982317595E+01    0.349703273446012E+00
    0.275832000000000E+04    0.220535558229403E+01    0.349686981309386E+00
    0.275834000000000E+04    0.223934301197096E+01    0.349684777763558E+00
    0.276462000000000E+04    0.342814809213451E+00    0.349643064234854E+00
    0.276464000000000E+04    0.376800582224860E+00    0.349646034841075E+00
    0.277090000000000E+04    0.473660359803125E+01    0.350226656758147E+00
    0.277092000000000E+04    0.477061273044092E+01    0.350224626919283E+00
    0.277718000000000E+04    0.284136399175441E+01    0.349004846047051E+00
    0.277720000000000E+04    0.287532410193216E+01    0.349003124686191E+00
    0.278346000000000E+04    0.942504698408811E+00    0.350065206073963E+00
    0.278348000000000E+04    0.976507485363982E+00    0.350070630349449E+00
    0.278974000000000E+04    0.534024038678308E+01    0.350078420856146E+00
    0.278976000000000E+04    0.537424385606209E+01    0.350073003071952E+00
    0.279602000000000E+04    0.344143993816124E+01    0.348991390031621E+00
    0.279604000000000E+04    0.347539941675313E+01    0.348993065254091E+00
    0.280232000000000E+04    0.158000929640639E+01    0.350236653309042E+00
    0.280234000000000E+04    0.161401881932125E+01    0.350238793662009E+00
    0.280860000000000E+04    0.597402262858304E+01    0.349649747226971E+00
    0.280862000000000E+04    0.600800859699939E+01    0.349646625645962E+00
    0.281488000000000E+04    0.407728294997833E+01    0.349658719120325E+00
    0.281490000000000E+04    0.411126929637703E+01    0.349661001500160E+00
    0.282116000000000E+04    0.218473539860952E+01    0.349727824196909E+00
    0.282118000000000E+04    0.221872452445314E+01    0.349725750327581E+00
    0.282744000000000E+04    0.288551770844606E+00    0.349627122816946E+00
    0.282746000000000E+04    0.322536861026492E+00    0.349629795257095E+00
    0.283372000000000E+04    0.468194839139051E+01    0.350216219341516E+00
    0.283374000000000E+04    0.471595704335232E+01    0.350214467392678E+00
    0.284000000000000E+04    0.278697688409466E+01    0.349032596784445E+00
    0.284002000000000E+04    0.282093813467145E+01    0.349030704453716E+00
    0.284630000000000E+04    0.922069477970581E+00    0.350045398325389E+00
    0.284632000000000E+04    0.956071375250758E+00    0.350050844631047E+00
    0.285258000000000E+04    0.531972899441007E+01    0.350099016000216E+00
    0.285260000000000E+04    0.535373285621881E+01    0.350093641580613E+00
    0.285886000000000E+04    0.342098873398118E+01    0.348968707561790E+00
    0.285888000000000E+04    0.345494747550947E+01    0.348970227607658E+00
    0.286514000000000E+04    0.152536508413141E+01    0.350244343178126E+00
    0.286516000000000E+04    0.155937491437635E+01    0.350246759249280E+00
    0.287142000000000E+04    0.591974585167100E+01    0.349668702314689E+00
    0.287144000000000E+04    0.595373252975696E+01    0.349665286960793E+00
    0.287770000000000E+04    0.402270805268745E+01    0.349614586221291E+00
    0.287772000000000E+04    0.405669266043151E+01    0.349616979497827E+00
    0.288400000000000E+04    0.216412395302541E+01    0.349767947588969E+00
    0.288402000000000E+04    0.219811464821578E+01    0.349766018006138E+00
    0.289028000000000E+04    0.268238714471408E+00    0.349611762378354E+00
    0.289030000000000E+04    0.302223170059733E+00    0.349614143450152E+00
    0.289656000000000E+04    0.466123794679606E+01    0.350199469976884E+00
    0.289658000000000E+04    0.469524597512918E+01    0.350198005223659E+00
    0.290284000000000E+04    0.276650186221013E+01    0.349058434584681E+00
    0.290286000000000E+04    0.280046404718360E+01    0.349056419127163E+00
    0.290912000000000E+04    0.867522850117894E+00    0.350014913294877E+00
    0.290914000000000E+04    0.901523533047111E+00    0.350020374538767E+00
    0.291540000000000E+04    0.526512602257571E+01    0.350122792688154E+00
    0.291542000000000E+04    0.529913095526081E+01    0.350117514304693E+00
    0.292170000000000E+04    0.340047442391733E+01    0.348949081191668E+00
    0.292172000000000E+04    0.343443235996074E+01    0.348950442748191E+00
    0.292798000000000E+04    0.150461013460063E+01    0.350250197401764E+00
    0.292800000000000E+04    0.153862035723432E+01    0.350252879354467E+00
    0.293426000000000E+04    0.589937906484101E+01    0.349687995430400E+00
    0.293428000000000E+04    0.593336651375921E+01    0.349684323382035E+00
    0.294054000000000E+04    0.400205678831298E+01    0.349573293737538E+00
    0.294056000000000E+04    0.403603962965826E+01    0.349575770100544E+00
    0.294682000000000E+04    0.210943040479742E+01    0.349810566992096E+00
    0.294684000000000E+04    0.214342282688813E+01    0.349808802373061E+00
    0.295310000000000E+04    0.213933420517606E+00    0.349600170254737E+00
    0.295312000000000E+04    0.247917411773415E+00    0.349602228249406E+00
    0.295940000000000E+04    0.464052374615221E+01    0.350182676932394E+00
    0.295942000000000E+04    0.467453102764739E+01    0.350181471954046E+00
    0.296568000000000E+04    0.274598999512818E+01    0.349088815238601E+00
    0.296570000000000E+04    0.277995351301070E+01    0.349086688639279E+00
    0.297196000000000E+04    0.847066952268506E+00    0.349994498737470E+00
    0.297198000000000E+04    0.881066802128771E+00    0.349999941509667E+00
    0.297824000000000E+04    0.524460533759793E+01    0.350142061964821E+00
    0.297826000000000E+04    0.527861094504715E+01    0.350136865817218E+00
    0.298452000000000E+04    0.334611934228997E+01    0.348932949138698E+00
    0.298454000000000E+04    0.338007663718236E+01    0.348934108068105E+00
    0.299080000000000E+04    0.144998960805424E+01    0.350253667312069E+00
    0.299082000000000E+04    0.148399979637816E+01    0.350256617859254E+00
    0.299708000000000E+04    0.584507426984237E+01    0.349709837049277E+00
    0.299710000000000E+04    0.587906259985903E+01    0.349705916447755E+00
    0.300338000000000E+04    0.398150020684443E+01    0.349531563388781E+00
    0.300340000000000E+04    0.401548147229732E+01    0.349534120828439E+00
    0.300966000000000E+04    0.208883276090182E+01    0.349849437308711E+00
    0.300968000000000E+04    0.212282672003221E+01    0.349847842781457E+00
    0.301594000000000E+04    0.193677048962854E+00    0.349589597792923E+00
    0.301596000000000E+04    0.227660630916034E+00    0.349591347093429E+00
    0.302222000000000E+04    0.458587338325469E+01    0.350164979738259E+00
    0.302224000000000E+04    0.461988001708141E+01    0.350164075588941E+00
    0.302850000000000E+04    0.269159951038637E+01    0.349121308627830E+00
    0.302852000000000E+04    0.272556426267965E+01    0.349119043020629E+00
    0.303478000000000E+04    0.792630484927940E+00    0.349963461149596E+00
    0.303480000000000E+04    0.826629082625914E+00    0.349968875422879E+00
    0.304108000000000E+04    0.522411661021761E+01    0.350158479778235E+00
    0.304110000000000E+04    0.525812322537422E+01    0.350153394081567E+00
    0.304736000000000E+04    0.332576551325110E+01    0.348919523793153E+00
    0.304738000000000E+04    0.335972211149328E+01    0.348920514627527E+00
    0.305364000000000E+04    0.142936347209979E+01    0.350255195948208E+00
    0.305366000000000E+04    0.146337374347513E+01    0.350258405626914E+00
    0.305992000000000E+04    0.582476505154409E+01    0.349729938501957E+00
    0.305994000000000E+04    0.585875423099969E+01    0.349725802429074E+00
    0.306620000000000E+04    0.392696665942185E+01    0.349486201690511E+00
    0.306622000000000E+04    0.396094610335149E+01    0.349488805687645E+00
    0.307248000000000E+04    0.203421252753833E+01    0.349887998203235E+00
    0.307250000000000E+04    0.206820813133163E+01    0.349886595139450E+00
    0.307878000000000E+04    0.173457037632033E+00    0.349583952922703E+00
    0.307880000000000E+04    0.207440385732298E+00    0.349585370891310E+00
    0.308506000000000E+04    0.456527519709107E+01    0.350145593207239E+00
    0.308508000000000E+04    0.459928103451693E+01    0.350144942261005E+00
    0.309134000000000E+04    0.267121314193719E+01    0.349156218810369E+00
    0.309136000000000E+04    0.270517933963038E+01    0.349153865220146E+00
    0.309762000000000E+04    0.772333343045830E+00    0.349942829870440E+00
    0.309764000000000E+04    0.806331141547162E+00    0.349948192505612E+00
    0.310390000000000E+04    0.516966794103246E+01    0.350180248554627E+00
    0.310392000000000E+04    0.520367506657567E+01    0.350175306855499E+00
    0.311018000000000E+04    0.327149744611779E+01    0.348907700735845E+00
    0.311020000000000E+04    0.330545376567989E+01    0.348908468771951E+00
    0.311646000000000E+04    0.137488035373008E+01    0.350254167050009E+00
    0.311648000000000E+04    0.140889059290112E+01    0.350257633510412E+00
    0.312276000000000E+04    0.580458867463039E+01    0.349750953296499E+00
    0.312278000000000E+04    0.583857863005414E+01    0.349746594445603E+00
    0.312904000000000E+04    0.390657527690382E+01    0.349445570105570E+00
    0.312906000000000E+04    0.394055312416640E+01    0.349448223705922E+00
    0.313532000000000E+04    0.201373508096549E+01    0.349925056012172E+00
    0.313534000000000E+04    0.204773208406823E+01    0.349923857083178E+00
    0.314160000000000E+04    0.119340174205718E+00    0.349573443620420E+00
    0.314162000000000E+04    0.153323072826424E+00    0.349574530607513E+00
    0.314788000000000E+04    0.451071324605164E+01    0.350120200628234E+00
    0.314790000000000E+04    0.454471809110419E+01    0.350119845586892E+00
    0.315416000000000E+04    0.261688553662862E+01    0.349191174596161E+00
    0.315418000000000E+04    0.265085305744105E+01    0.349188720336842E+00
    0.316046000000000E+04    0.751987062270018E+00    0.349916251023636E+00
    0.316048000000000E+04    0.785983761667012E+00    0.349921534536582E+00
    0.316674000000000E+04    0.514917084602894E+01    0.350192792003200E+00
    0.316676000000000E+04    0.518317861671039E+01    0.350187992456377E+00
    0.317302000000000E+04    0.325115933433426E+01    0.348898828087544E+00
    0.317304000000000E+04    0.328511518578762E+01    0.348899415704040E+00
    0.317930000000000E+04    0.135429283510075E+01    0.350251020450764E+00
    0.317932000000000E+04    0.138830297873756E+01    0.350254715641504E+00
    0.318558000000000E+04    0.575030746682205E+01    0.349777762793291E+00
    0.318560000000000E+04    0.578429857228821E+01    0.349773217005811E+00
    0.319186000000000E+04    0.385211025304761E+01    0.349402019174351E+00
    0.319188000000000E+04    0.388608630669842E+01    0.349404677526200E+00
    0.319816000000000E+04    0.199314653619149E+01    0.349960430084324E+00
    0.319818000000000E+04    0.202714505872973E+01    0.349959429911553E+00
    0.320444000000000E+04    0.991900096369136E-01    0.349572301719993E+00
    0.320446000000000E+04    0.133172887219189E+00    0.349573052208835E+00
    0.321072000000000E+04    0.449018740329757E+01    0.350097448656717E+00
    0.321074000000000E+04    0.452419129613372E+01    0.350097336139973E+00
    0.321700000000000E+04    0.259654505161143E+01    0.349229803604039E+00
    0.321702000000000E+04    0.263051419525800E+01    0.349227288472599E+00
    0.322328000000000E+04    0.697802371748367E+00    0.349891067338767E+00
    0.322330000000000E+04    0.731798076875748E+00    0.349896261253478E+00
    0.322956000000000E+04    0.509482466830650E+01    0.350212116897570E+00
    0.322958000000000E+04    0.512883308151140E+01    0.350207493213565E+00
    0.323586000000000E+04    0.323100118658112E+01    0.348894727486680E+00
    0.323588000000000E+04    0.326495697580049E+01    0.348895127272312E+00
    0.324214000000000E+04    0.133397437245094E+01    0.350249769575507E+00
    0.324216000000000E+04    0.136798442260715E+01    0.350253669248733E+00
    0.324842000000000E+04    0.573024631591943E+01    0.349800626173496E+00
    0.324844000000000E+04    0.576423826076552E+01    0.349795890671445E+00
    0.325470000000000E+04    0.383188918882479E+01    0.349363510411119E+00
    0.325472000000000E+04    0.386586373009868E+01    0.349366185623253E+00
    0.326098000000000E+04    0.193881479017273E+01    0.349996158962979E+00
    0.326100000000000E+04    0.197281464535354E+01    0.349995400954663E+00
    0.326726000000000E+04    0.452356803461953E-01    0.349566893726224E+00
    0.326728000000000E+04    0.792183223184111E-01    0.349567308810752E+00
    0.327354000000000E+04    0.443580140572431E+01    0.350068907147194E+00
    0.327356000000000E+04    0.446980418143903E+01    0.350069076084826E+00
    0.327984000000000E+04    0.257633282891857E+01    0.349265309911457E+00
    0.327986000000000E+04    0.261030333679901E+01    0.349262747328252E+00
    0.328612000000000E+04    0.677661899794657E+00    0.349865097862539E+00
    0.328614000000000E+04    0.711656501539437E+00    0.349870171840225E+00
    0.329240000000000E+04    0.507452321528490E+01    0.350221748742759E+00
    0.329242000000000E+04    0.510853228794713E+01    0.350217298301598E+00
    0.329868000000000E+04    0.317694616718563E+01    0.348891279904562E+00
    0.329870000000000E+04    0.321090158381685E+01    0.348891463529128E+00
    0.330496000000000E+04    0.127960526595962E+01    0.350238223690239E+00
    0.330498000000000E+04    0.131361485971865E+01    0.350242359510349E+00
    0.331124000000000E+04    0.567613208989587E+01    0.349827885912876E+00
    0.331126000000000E+04    0.571012518029966E+01    0.349822995653097E+00
    0.331754000000000E+04    0.381160682592417E+01    0.349323266275003E+00
    0.331756000000000E+04    0.384557976098131E+01    0.349325928751112E+00
    0.332382000000000E+04    0.191840221324946E+01    0.350027174208628E+00
    0.332384000000000E+04    0.195240346123683E+01    0.350026624252854E+00
    0.333010000000000E+04    0.252588650610051E-01    0.349568775691913E+00
    0.333012000000000E+04    0.592416538256657E-01    0.349568891145240E+00
    0.333638000000000E+04    0.441546079594445E+01    0.350042736354987E+00
    0.333640000000000E+04    0.444946251511556E+01    0.350043142372767E+00
    0.334266000000000E+04    0.252220097324789E+01    0.349308972545079E+00
    0.334268000000000E+04    0.255617327657274E+01    0.349306358612570E+00
    0.334894000000000E+04    0.623688580269118E+00    0.349840275149514E+00
    0.334896000000000E+04    0.657682284833754E+00    0.349845229391278E+00
    0.335524000000000E+04    0.505434122891711E+01    0.350232379282891E+00
    0.335526000000000E+04    0.508835044544321E+01    0.350228106066830E+00
    0.336152000000000E+04    0.315693846813338E+01    0.348891379994914E+00
    0.336154000000000E+04    0.319089407787305E+01    0.348891373738084E+00
    0.336780000000000E+04    0.125948259316283E+01    0.350233432128845E+00
    0.336782000000000E+04    0.129349201203786E+01    0.350237757705399E+00
    0.337408000000000E+04    0.565624502471292E+01    0.349852277384494E+00
    0.337410000000000E+04    0.569023901137098E+01    0.349847238005167E+00
    0.338036000000000E+04    0.375761935335140E+01    0.349283303670643E+00
    0.338038000000000E+04    0.379159071358299E+01    0.349285932987170E+00
    0.338664000000000E+04    0.186425121366756E+01    0.350059225170459E+00
    0.338666000000000E+04    0.189825362541615E+01    0.350058927936133E+00
    0.339294000000000E+04    0.547409391583642E-02    0.349566366497456E+00
    0.339296000000000E+04    0.394566971963286E-01    0.349566115602055E+00
    0.339922000000000E+04    0.439525054585829E+01    0.350008971801651E+00
    0.339924000000000E+04    0.442925099380500E+01    0.350009612230708E+00
    0.340550000000000E+04    0.250214117430824E+01    0.349345798278862E+00
    0.340552000000000E+04    0.253611496337999E+01    0.349343169752624E+00
    0.341178000000000E+04    0.603724459118894E+00    0.349814919736101E+00
    0.341180000000000E+04    0.637716958811325E+00    0.349819714785618E+00
    0.341806000000000E+04    0.500010400001429E+01    0.350241384358324E+00
    0.341808000000000E+04    0.503411368531124E+01    0.350237338648488E+00
    0.342434000000000E+04    0.310297653747057E+01    0.348894153542146E+00
    0.342436000000000E+04    0.313693217980199E+01    0.348893921342544E+00
    0.343062000000000E+04    0.120525753705624E+01    0.350218670117885E+00
    0.343064000000000E+04    0.123926627226865E+01    0.350223181970633E+00
    0.343692000000000E+04    0.563622070194106E+01    0.349875886747626E+00
    0.343694000000000E+04    0.567021568002292E+01    0.349870728097460E+00
    0.344320000000000E+04    0.373748261102355E+01    0.349247373943593E+00
    0.344322000000000E+04    0.377145245643624E+01    0.349249960960203E+00
    0.344948000000000E+04    0.184393463917786E+01    0.350087851701780E+00
    0.344950000000000E+04    0.187793820419574E+01    0.350087807215759E+00
    0.345576000000000E+04    0.623477853567056E+01    0.349570303488712E+00
    0.345578000000000E+04    0.626876133797396E+01    0.349569727634219E+00
    0.346204000000000E+04    0.434097839771857E+01    0.349977630149257E+00
    0.346206000000000E+04    0.437497751228420E+01    0.349978510389319E+00
    0.346832000000000E+04    0.244800399981796E+01    0.349389553157846E+00
    0.346834000000000E+04    0.248197951731254E+01    0.349386906606927E+00
    0.347462000000000E+04    0.583772134287756E+00    0.349794006333321E+00
    0.347464000000000E+04    0.617763968988584E+00    0.349798639902382E+00
    0.348090000000000E+04    0.497993669056177E+01    0.350248087601744E+00
    0.348092000000000E+04    0.501394665815133E+01    0.350244228510879E+00
    0.348718000000000E+04    0.308298624450617E+01    0.348897716183879E+00
    0.348720000000000E+04    0.311694209932102E+01    0.348897292873490E+00
    0.349346000000000E+04    0.118511726250199E+01    0.350207311369449E+00
    0.349348000000000E+04    0.121912566675292E+01    0.350212001775240E+00
    0.349974000000000E+04    0.558227071094279E+01    0.349903909063228E+00
    0.349976000000000E+04    0.561626674770105E+01    0.349898644614918E+00
    0.350602000000000E+04    0.368344781534688E+01    0.349206762482122E+00
    0.350604000000000E+04    0.371741609100627E+01    0.349209270244197E+00
    0.351232000000000E+04    0.182371310130384E+01    0.350114227694699E+00
    0.351234000000000E+04    0.185771781010953E+01    0.350114433116819E+00
    0.351860000000000E+04    0.621495089340169E+01    0.349572574538399E+00
    0.351862000000000E+04    0.624893372605402E+01    0.349571649001295E+00
    0.352488000000000E+04    0.432072153165518E+01    0.349940584662409E+00
    0.352490000000000E+04    0.435471925700313E+01    0.349941676735324E+00
    0.353116000000000E+04    0.242786852658992E+01    0.349429250662427E+00
    0.353118000000000E+04    0.246184578823704E+01    0.349426633605484E+00
    0.353744000000000E+04    0.529821752192220E+00    0.349767474853853E+00
    0.353746000000000E+04    0.563812432874329E+00    0.349771912751254E+00
    0.354372000000000E+04    0.492565254209785E+01    0.350253323902881E+00
    0.354374000000000E+04    0.495966265455081E+01    0.350249730732412E+00
    0.355000000000000E+04    0.302897679279886E+01    0.348906290683550E+00
    0.355002000000000E+04    0.306293296348122E+01    0.348905646627135E+00
    0.355630000000000E+04    0.116489078291761E+01    0.350193701502209E+00
    0.355632000000000E+04    0.119889858286842E+01    0.350198528603102E+00
    0.356258000000000E+04    0.556220593224589E+01    0.349926565904630E+00
    0.356260000000000E+04    0.559620304214877E+01    0.349921220823029E+00
    0.356886000000000E+04    0.366336734052402E+01    0.349176139076312E+00
    0.356888000000000E+04    0.369733437736340E+01    0.349178590744497E+00
    0.357514000000000E+04    0.176946782989944E+01    0.350140745180777E+00
    0.357516000000000E+04    0.180347347988572E+01    0.350141234178112E+00
    0.358142000000000E+04    0.616115706871278E+01    0.349582767481249E+00
    0.358144000000000E+04    0.619514035085467E+01    0.349581509960530E+00
    0.358770000000000E+04    0.426659446379108E+01    0.349908761679434E+00
    0.358772000000000E+04    0.430059080774663E+01    0.349910070461756E+00
    0.359400000000000E+04    0.240784321824049E+01    0.349471903057155E+00
    0.359402000000000E+04    0.244182202500451E+01    0.349469302304301E+00
    0.360028000000000E+04    0.510029353620666E+00    0.349747713783286E+00
    0.360030000000000E+04    0.544019294230566E+00    0.349751954000213E+00
    0.360656000000000E+04    0.490563531762018E+01    0.350256649132988E+00
    0.360658000000000E+04    0.493964566866089E+01    0.350253270557983E+00
    0.361284000000000E+04    0.300918794809968E+01    0.348916849346676E+00
    0.361286000000000E+04    0.304314457258988E+01    0.348916024379096E+00
    0.361912000000000E+04    0.111097913527828E+01    0.350175877239939E+00
    0.361914000000000E+04    0.114498635777636E+01    0.350180870417363E+00
    0.362540000000000E+04    0.550845468744956E+01    0.349957591107207E+00
    0.362542000000000E+04    0.554245290693052E+01    0.349952183569422E+00
    0.363170000000000E+04    0.364351653234644E+01    0.349140536030470E+00
    0.363172000000000E+04    0.367748210838818E+01    0.349142905789472E+00
    0.363798000000000E+04    0.174943001113024E+01    0.350161044808930E+00
    0.363800000000000E+04    0.178343662140560E+01    0.350161786930638E+00
    0.364426000000000E+04    0.614156470960461E+01    0.349589601499680E+00
    0.364428000000000E+04    0.617554821588146E+01    0.349588022193020E+00
    0.365054000000000E+04    0.424661444419780E+01    0.349870845509221E+00
    0.365056000000000E+04    0.428060924413967E+01    0.349872335030817E+00
    0.365682000000000E+04    0.235396598085754E+01    0.349515800416040E+00
    0.365684000000000E+04    0.238794661858628E+01    0.349513241539867E+00
    0.366310000000000E+04    0.456395203436841E+00    0.349725411713007E+00
    0.366312000000000E+04    0.490384238923070E+00    0.349729434499649E+00
    0.366940000000000E+04    0.488567780651920E+01    0.350255622116130E+00
    0.366942000000000E+04    0.491968800292216E+01    0.350252485992276E+00
    0.367568000000000E+04    0.298947074991429E+01    0.348931648552432E+00
    0.367570000000000E+04    0.302342799882626E+01    0.348930658603928E+00
    0.368196000000000E+04    0.109115802163888E+01    0.350162138690326E+00
    0.368198000000000E+04    0.112516455570767E+01    0.350167235003890E+00
    0.368824000000000E+04    0.548872442538050E+01    0.349982278484981E+00
    0.368826000000000E+04    0.552272364518012E+01    0.349976823707895E+00
    0.369452000000000E+04    0.358983523075949E+01    0.349110568788074E+00
    0.369454000000000E+04    0.362379961822808E+01    0.349112823168297E+00
    0.370080000000000E+04    0.169550689095649E+01    0.350182687171255E+00
    0.370082000000000E+04    0.172951422749065E+01    0.350183716588496E+00
    0.370708000000000E+04    0.608800719646661E+01    0.349600489681205E+00
    0.370710000000000E+04    0.612199117282307E+01    0.349598588683299E+00
    0.371338000000000E+04    0.422671332597838E+01    0.349835490186301E+00
    0.371340000000000E+04    0.426070674981020E+01    0.349837164719855E+00
    0.371966000000000E+04    0.233414224661101E+01    0.349557589056504E+00
    0.371968000000000E+04    0.236812448062483E+01    0.349555087548549E+00
    0.372594000000000E+04    0.436799191861610E+00    0.349705451638520E+00
    0.372596000000000E+04    0.470787427324467E+00    0.349709239091594E+00
    0.373222000000000E+04    0.483177821812387E+01    0.350255767564131E+00
    0.373224000000000E+04    0.486578854513391E+01    0.350252902699544E+00
    0.373850000000000E+04    0.293584779540652E+01    0.348946193517345E+00
    0.373852000000000E+04    0.296980557581173E+01    0.348944990254154E+00
    0.374478000000000E+04    0.103735168203730E+01    0.350138157880566E+00
    0.374480000000000E+04    0.107135747607845E+01    0.350143377170367E+00
    0.375108000000000E+04    0.546907130811269E+01    0.350005031677934E+00
    0.375110000000000E+04    0.550307184489884E+01    0.349999555286420E+00
    0.375736000000000E+04    0.357016077442586E+01    0.349081767115083E+00
    0.375738000000000E+04    0.360412389182784E+01    0.349083911523981E+00
    0.376364000000000E+04    0.167558425187326E+01    0.350200222313617E+00
    0.376366000000000E+04    0.170959231653887E+01    0.350201505894106E+00
    0.376992000000000E+04    0.606847012044727E+01    0.349610980016494E+00
    0.376994000000000E+04    0.610245453758398E+01    0.349608781629235E+00
    0.377620000000000E+04    0.417282972944940E+01    0.349794423703297E+00
    0.377622000000000E+04    0.420682150081029E+01    0.349796269033461E+00
    0.378248000000000E+04    0.228030845085505E+01    0.349601060833298E+00
    0.378250000000000E+04    0.231429248141012E+01    0.349598635739798E+00
    0.378878000000000E+04    0.417229685277562E+00    0.349688590028501E+00
    0.378880000000000E+04    0.451217258076213E+00    0.349692148769708E+00
    0.379506000000000E+04    0.481187616224452E+01    0.350249763891403E+00
    0.379508000000000E+04    0.484588612215339E+01    0.350247132711285E+00
    0.380134000000000E+04    0.291616214542955E+01    0.348964152402382E+00
    0.380136000000000E+04    0.295012066081563E+01    0.348962793975675E+00
    0.380762000000000E+04    0.101759531355310E+01    0.350121569175873E+00
    0.380764000000000E+04    0.105160025538680E+01    0.350126865755895E+00
    0.381390000000000E+04    0.541530250886080E+01    0.350032575154095E+00
    0.381392000000000E+04    0.544930371442933E+01    0.350027091228151E+00
    0.382018000000000E+04    0.351643661091566E+01    0.349050487130382E+00
    0.382020000000000E+04    0.355039862122794E+01    0.349052486692587E+00
    0.382646000000000E+04    0.162163995395440E+01    0.350214806806923E+00
    0.382648000000000E+04    0.165564858532525E+01    0.350216364776197E+00
    0.383276000000000E+04    0.604889848501261E+01    0.349621515380814E+00
    0.383278000000000E+04    0.608288328527669E+01    0.349619012304910E+00
    0.383904000000000E+04    0.415291910793712E+01    0.349755129020147E+00
    0.383906000000000E+04    0.418690933297876E+01    0.349757128804066E+00
    0.384532000000000E+04    0.226043180120178E+01    0.349641487857059E+00
    0.384534000000000E+04    0.229441740972106E+01    0.349639154868864E+00
    0.385160000000000E+04    0.363611040443175E+00    0.349666023407404E+00
    0.385162000000000E+04    0.397597701619816E+00    0.349669313928613E+00
    0.385788000000000E+04    0.475788640490464E+01    0.350243604584175E+00
    0.385790000000000E+04    0.479189622149170E+01    0.350241275251914E+00
    0.386416000000000E+04    0.286246665259750E+01    0.348984250742930E+00
    0.386418000000000E+04    0.289642586105401E+01    0.348982700661134E+00
    0.387046000000000E+04    0.997729850908399E+00    0.350099953501151E+00
    0.387048000000000E+04    0.103173394020814E+01    0.350105312243554E+00
    0.387674000000000E+04    0.539546822577904E+01    0.350053747180740E+00
    0.387676000000000E+04    0.542947038129569E+01    0.350048279281178E+00
    0.388302000000000E+04    0.349662370198894E+01    0.349024204022001E+00
    0.388304000000000E+04    0.353058464844344E+01    0.349026071552665E+00
    0.388930000000000E+04    0.160162134552775E+01    0.350226867728783E+00
    0.388932000000000E+04    0.163563084010639E+01    0.350228683975635E+00
    0.389558000000000E+04    0.599536441097916E+01    0.349640120991360E+00
    0.389560000000000E+04    0.602935029354467E+01    0.349637373035006E+00
    0.390186000000000E+04    0.409911342812757E+01    0.349716971733526E+00
    0.390188000000000E+04    0.413310209581141E+01    0.349719109375758E+00
    0.390816000000000E+04    0.224066373024289E+01    0.349686472345130E+00
    0.390818000000000E+04    0.227465114819915E+01    0.349684248005103E+00
    0.391444000000000E+04    0.344191952369329E+00    0.349655563001614E+00
    0.391446000000000E+04    0.378178117909556E+00    0.349658586778928E+00
    0.392072000000000E+04    0.473812695485412E+01    0.350236658965806E+00
    0.392074000000000E+04    0.477213644765925E+01    0.350234584749383E+00
    0.392700000000000E+04    0.284295067830044E+01    0.349008845995836E+00
    0.392702000000000E+04    0.287691101778728E+01    0.349007166794839E+00
    0.393328000000000E+04    0.944253658834896E+00    0.350080815371754E+00
    0.393330000000000E+04    0.978256982157291E+00    0.350086233916002E+00
    0.393956000000000E+04    0.534206021272075E+01    0.350085157287771E+00
    0.393958000000000E+04    0.537606353027968E+01    0.350079726496893E+00
    0.394586000000000E+04    0.347733356553636E+01    0.349006712766056E+00
    0.394588000000000E+04    0.351129380350358E+01    0.349008454893190E+00
    0.395214000000000E+04    0.158215660090900E+01    0.350244818931523E+00
    0.395216000000000E+04    0.161616642914851E+01    0.350246891462083E+00
    0.395842000000000E+04    0.597621769237412E+01    0.349656401665231E+00
    0.395844000000000E+04    0.601020389206860E+01    0.349653327014065E+00
    0.396470000000000E+04    0.407967351655498E+01    0.349678306548607E+00
    0.396472000000000E+04    0.411366065828952E+01    0.349680567201358E+00
    0.397098000000000E+04    0.218725876537974E+01    0.349729221672493E+00
    0.397100000000000E+04    0.222124789218469E+01    0.349727118408004E+00
    0.397726000000000E+04    0.291105341941147E+00    0.349638630431558E+00
    0.397728000000000E+04    0.325090914237990E+00    0.349641368600347E+00
    0.398354000000000E+04    0.468470431570677E+01    0.350228684444898E+00
    0.398356000000000E+04    0.471871352037124E+01    0.350226894125137E+00
    0.398984000000000E+04    0.282377939723938E+01    0.349033973365946E+00
    0.398986000000000E+04    0.285774065448732E+01    0.349032144488868E+00
    0.399612000000000E+04    0.925007338233627E+00    0.350058260493854E+00
    0.399614000000000E+04    0.959009763449103E+00    0.350063701966263E+00
    0.400240000000000E+04    0.532286343610303E+01    0.350103591390674E+00
    0.400242000000000E+04    0.535686795067613E+01    0.350098215165896E+00
