    0.000000000000000E+00    0.190000000000000E+01    0.360000000000000E+00
    0.200000000000000E-01    0.193439998912550E+01    0.359999433141491E+00
    0.630000000000000E+01    0.166762336224116E+00    0.359671692303891E+00
    0.632000000000000E+01    0.201149212137130E+00    0.359673083646108E+00
    0.125800000000000E+02    0.468535106200343E+01    0.360186991669914E+00
    0.126000000000000E+02    0.471975855120262E+01    0.360185341431075E+00
    0.188600000000000E+02    0.291545358613222E+01    0.359000046141038E+00
    0.188800000000000E+02    0.294981353465606E+01    0.358998697404155E+00
    0.251400000000000E+02    0.114328299834650E+01    0.360193955174255E+00
    0.251600000000000E+02    0.117769084960389E+01    0.360198824041359E+00
    0.314200000000000E+02    0.566590894638563E+01    0.359895039490176E+00
    0.314400000000000E+02    0.570030462464770E+01    0.359890075928616E+00
    0.377000000000000E+02    0.389420805199397E+01    0.359462361013845E+00
    0.377200000000000E+02    0.392858660900427E+01    0.359464996668705E+00
    0.440000000000000E+02    0.216082237154484E+01    0.359762328668586E+00
    0.440200000000000E+02    0.219521293240174E+01    0.359760399503207E+00
    0.502800000000000E+02    0.390922027685050E+00    0.359749449741411E+00
    0.503000000000000E+02    0.425311944740230E+00    0.359752857643925E+00
    0.565600000000000E+02    0.491174668523459E+01    0.360237387629045E+00
    0.565800000000000E+02    0.494615618289897E+01    0.360233974936947E+00
    0.628400000000000E+02    0.314060301314665E+01    0.358936963369693E+00
    0.628600000000000E+02    0.317496038699038E+01    0.358936920315844E+00
    0.691200000000000E+02    0.136931892005147E+01    0.360240867856895E+00
    0.691400000000000E+02    0.140372865623783E+01    0.360244427285791E+00
    0.754000000000000E+02    0.589041477850611E+01    0.359762705067649E+00
    0.754200000000000E+02    0.592480523263683E+01    0.359759102862076E+00
    0.817000000000000E+02    0.415466931503073E+01    0.359733502098323E+00
    0.817200000000000E+02    0.418905861802207E+01    0.359735520101378E+00
    0.879800000000000E+02    0.238691626768713E+01    0.359495162102886E+00
    0.880000000000000E+02    0.242129608886589E+01    0.359492583127355E+00
    0.942600000000000E+02    0.615422153117606E+00    0.359882970061273E+00
    0.942800000000000E+02    0.649817513901411E+00    0.359887809593143E+00
    0.100540000000000E+03    0.513791225658537E+01    0.360200771715942E+00
    0.100560000000000E+03    0.517232021383663E+01    0.360195981562003E+00
    0.106820000000000E+03    0.336580692028556E+01    0.358988340304627E+00
    0.106840000000000E+03    0.340016643948812E+01    0.358989612504633E+00
    0.113100000000000E+03    0.159579269417370E+01    0.360200599576938E+00
    0.113120000000000E+03    0.163020075659938E+01    0.360202399468303E+00
    0.119400000000000E+03    0.614906804303922E+01    0.359675116322099E+00
    0.119420000000000E+03    0.618345499896256E+01    0.359673508807445E+00
    0.125680000000000E+03    0.438114545672505E+01    0.359974846427569E+00
    0.125700000000000E+03    0.441554445845460E+01    0.359975576291882E+00
    0.131960000000000E+03    0.261278506087407E+01    0.359241726124612E+00
    0.131980000000000E+03    0.264715465648885E+01    0.359239232520976E+00
    0.138240000000000E+03    0.840428962576652E+00    0.360030658405877E+00
    0.138260000000000E+03    0.874830348268176E+00    0.360036109604062E+00
    0.144520000000000E+03    0.536369021169648E+01    0.360091534944467E+00
    0.144540000000000E+03    0.539809381472398E+01    0.360086078580163E+00
    0.150800000000000E+03    0.359119849096396E+01    0.359142095032370E+00
    0.150820000000000E+03    0.362556409844774E+01    0.359144361347022E+00
    0.157080000000000E+03    0.182241967663992E+01    0.360063071174574E+00
    0.157100000000000E+03    0.185682245185274E+01    0.360063068668811E+00
    0.163380000000000E+03    0.901094583003896E-01    0.359662947652071E+00
    0.163400000000000E+03    0.124495975038371E+00    0.359663585434996E+00
    0.169660000000000E+03    0.460789127635837E+01    0.360150354843134E+00
    0.169680000000000E+03    0.464229728864950E+01    0.360149349072168E+00
    0.175940000000000E+03    0.283846667298144E+01    0.359050384619958E+00
    0.175960000000000E+03    0.287282850526350E+01    0.359048662349919E+00
    0.182220000000000E+03    0.106612947831684E+01    0.360163870057549E+00
    0.182240000000000E+03    0.110053611244189E+01    0.360169028858662E+00
    0.188500000000000E+03    0.558914308988955E+01    0.359950106949568E+00
    0.188520000000000E+03    0.562354116450314E+01    0.359944882807090E+00
    0.194780000000000E+03    0.381717613087744E+01    0.359379441915905E+00
    0.194800000000000E+03    0.385155129962402E+01    0.359382102427121E+00
    0.201080000000000E+03    0.208366528226293E+01    0.359852828040540E+00
    0.201100000000000E+03    0.211805940720211E+01    0.359851294746203E+00
    0.207360000000000E+03    0.314555234706006E+00    0.359722928715513E+00
    0.207380000000000E+03    0.348944068264530E+00    0.359725723018986E+00
    0.213640000000000E+03    0.483472989402401E+01    0.360235159669407E+00
    0.213660000000000E+03    0.486913925188509E+01    0.360232320973841E+00
    0.219920000000000E+03    0.306403474742092E+01    0.358949731317542E+00
    0.219940000000000E+03    0.309839271674753E+01    0.358949236055201E+00
    0.226200000000000E+03    0.129246209155036E+01    0.360238562630704E+00
    0.226220000000000E+03    0.132687170415625E+01    0.360242623730946E+00
    0.232480000000000E+03    0.581419649167918E+01    0.359806594983331E+00
    0.232500000000000E+03    0.584858868128373E+01    0.359802449388554E+00
    0.238780000000000E+03    0.407789539778673E+01    0.359648631202055E+00
    0.238800000000000E+03    0.411228135901615E+01    0.359650947786161E+00
    0.245060000000000E+03    0.231025149913381E+01    0.359589484801449E+00
    0.245080000000000E+03    0.234463501519997E+01    0.359587040199865E+00
    0.251340000000000E+03    0.539238466116501E+00    0.359836487355975E+00
    0.251360000000000E+03    0.573631952272819E+00    0.359840923240443E+00
    0.257620000000000E+03    0.506132119572078E+01    0.360225829477575E+00
    0.257640000000000E+03    0.509573031939556E+01    0.360221424311353E+00
    0.263900000000000E+03    0.328951032392246E+01    0.358960382012461E+00
    0.263920000000000E+03    0.332386868195493E+01    0.358961228600032E+00
    0.270180000000000E+03    0.151910179118113E+01    0.360226888768235E+00
    0.270200000000000E+03    0.155351112564676E+01    0.360229312956522E+00
    0.276480000000000E+03    0.607327065342798E+01    0.359700388265031E+00
    0.276500000000000E+03    0.610765860488647E+01    0.359698060275292E+00
    0.282760000000000E+03    0.430458856168917E+01    0.359902438178957E+00
    0.282780000000000E+03    0.433898464644818E+01    0.359903657781785E+00
    0.289040000000000E+03    0.253654510702620E+01    0.359326378330380E+00
    0.289060000000000E+03    0.257091818261898E+01    0.359323781251945E+00
    0.295320000000000E+03    0.764437942217057E+00    0.359986046724003E+00
    0.295340000000000E+03    0.798837421917881E+00    0.359991385733341E+00
    0.301600000000000E+03    0.528757459098426E+01    0.360137837346138E+00
    0.301620000000000E+03    0.532198003672977E+01    0.360132514968387E+00
    0.307880000000000E+03    0.351519665720139E+01    0.359085438125950E+00
    0.307900000000000E+03    0.354956005764643E+01    0.359087432255827E+00
    0.314160000000000E+03    0.174605894182537E+01    0.360124224003078E+00
    0.314180000000000E+03    0.178046394616899E+01    0.360124814831192E+00
    0.320460000000000E+03    0.145481785219772E-01    0.359661254605650E+00
    0.320480000000000E+03    0.489346135981350E-01    0.359661148409965E+00
    0.326740000000000E+03    0.453151332081632E+01    0.360103950666811E+00
    0.326760000000000E+03    0.456591749485244E+01    0.360103550565200E+00
    0.333020000000000E+03    0.276250947803919E+01    0.359106650743187E+00
    0.333040000000000E+03    0.279687369140413E+01    0.359104603611246E+00
    0.339300000000000E+03    0.990122914322683E+00    0.360126166770432E+00
    0.339320000000000E+03    0.102452811302021E+01    0.360131522934260E+00
    0.345580000000000E+03    0.551334819350143E+01    0.360000378257652E+00
    0.345600000000000E+03    0.554774810351830E+01    0.359994969316082E+00
    0.351860000000000E+03    0.374110828712753E+01    0.359294601157306E+00
    0.351880000000000E+03    0.377548011316196E+01    0.359297209991100E+00
    0.358160000000000E+03    0.200739316073634E+01    0.359931649171362E+00
    0.358180000000000E+03    0.204179063168931E+01    0.359930563494184E+00
    0.364440000000000E+03    0.239029239710931E+00    0.359696010201909E+00
    0.364460000000000E+03    0.273416880764785E+00    0.359698121329047E+00
    0.370720000000000E+03    0.475840162354780E+01    0.360216863640028E+00
    0.370740000000000E+03    0.479281027105719E+01    0.360214623475987E+00
    0.377000000000000E+03    0.298812761552426E+01    0.358970893337231E+00
    0.377020000000000E+03    0.302248643617463E+01    0.358969954370440E+00
    0.383280000000000E+03    0.121623910963035E+01    0.360221018904375E+00
    0.383300000000000E+03    0.125064802186773E+01    0.360225520339988E+00
    0.389560000000000E+03    0.573849553151865E+01    0.359851371716739E+00
    0.389580000000000E+03    0.577288956712687E+01    0.359846777540199E+00
    0.395860000000000E+03    0.400167471447787E+01    0.359559497197510E+00
    0.395880000000000E+03    0.403605706958035E+01    0.359562019075205E+00
    0.402140000000000E+03    0.223401763880429E+01    0.359679349849222E+00
    0.402160000000000E+03    0.226840476752136E+01    0.359677129131996E+00
    0.408420000000000E+03    0.463558255300995E+00    0.359792407321709E+00
    0.408440000000000E+03    0.497949986796698E+00    0.359796365507937E+00
    0.414700000000000E+03    0.498507735560599E+01    0.360238316859170E+00
    0.414720000000000E+03    0.501948690137931E+01    0.360234368911024E+00
    0.420980000000000E+03    0.321358716308532E+01    0.358943180703966E+00
    0.421000000000000E+03    0.324794483172809E+01    0.358943584717467E+00
    0.427260000000000E+03    0.144274923512171E+01    0.360241194924955E+00
    0.427280000000000E+03    0.147715897567787E+01    0.360244211155692E+00
    0.433540000000000E+03    0.596320644246691E+01    0.359729529045815E+00
    0.433560000000000E+03    0.599759550163174E+01    0.359726518052411E+00
    0.439840000000000E+03    0.422814788562323E+01    0.359819685405385E+00
    0.439860000000000E+03    0.426254083697268E+01    0.359821342775716E+00
    0.446120000000000E+03    0.246036923624581E+01    0.359409433746235E+00
    0.446140000000000E+03    0.249474609058746E+01    0.359406823560482E+00
    0.452400000000000E+03    0.688599307458958E+00    0.359936215798569E+00
    0.452420000000000E+03    0.722996847600484E+00    0.359941351276320E+00
    0.458680000000000E+03    0.521151214447821E+01    0.360177057041675E+00
    0.458700000000000E+03    0.524591912802771E+01    0.360171961741963E+00
    0.464960000000000E+03    0.343923005109809E+01    0.359034802813889E+00
    0.464980000000000E+03    0.347359117502708E+01    0.359036450189953E+00
    0.471240000000000E+03    0.166966406753647E+01    0.360171818027997E+00
    0.471260000000000E+03    0.170407111356360E+01    0.360173011491587E+00
    0.477540000000000E+03    0.622224817147492E+01    0.359670597736282E+00
    0.477560000000000E+03    0.625663495919309E+01    0.359669717670860E+00
    0.483820000000000E+03    0.445522947087795E+01    0.360048389305557E+00
    0.483840000000000E+03    0.448963139396437E+01    0.360048567807495E+00
    0.490100000000000E+03    0.268664620825587E+01    0.359177101650303E+00
    0.490120000000000E+03    0.272101327222674E+01    0.359174805179883E+00
    0.496380000000000E+03    0.914308598220487E+00    0.360087216031043E+00
    0.496400000000000E+03    0.948712103122830E+00    0.360092660379779E+00
    0.502660000000000E+03    0.543765549296393E+01    0.360053143574087E+00
    0.502680000000000E+03    0.547205755514779E+01    0.360047663335851E+00
    0.508940000000000E+03    0.366534709634720E+01    0.359222720544636E+00
    0.508960000000000E+03    0.369971601431894E+01    0.359225200414073E+00
    0.515240000000000E+03    0.193138541823862E+01    0.360008608010691E+00
    0.515260000000000E+03    0.196578577377454E+01    0.360008024061893E+00
    0.521520000000000E+03    0.163861293603304E+00    0.359680249350401E+00
    0.521540000000000E+03    0.198248521910955E+00    0.359681641907310E+00
    0.527800000000000E+03    0.468255450042511E+01    0.360195895005892E+00
    0.527820000000000E+03    0.471696237299261E+01    0.360194259453702E+00
    0.534080000000000E+03    0.291277711711177E+01    0.359009112835466E+00
    0.534100000000000E+03    0.294713743182888E+01    0.359007757332675E+00
    0.540360000000000E+03    0.114070812970397E+01    0.360201787228495E+00
    0.540380000000000E+03    0.117511635229243E+01    0.360206662404642E+00
    0.546640000000000E+03    0.566346118902095E+01    0.359904377968721E+00
    0.546660000000000E+03    0.569785724020119E+01    0.359899414633471E+00
    0.552940000000000E+03    0.392623916892433E+01    0.359473098778746E+00
    0.552960000000000E+03    0.396061810802064E+01    0.359475740538909E+00
    0.559220000000000E+03    0.215860371482938E+01    0.359770704722763E+00
    0.559240000000000E+03    0.219299482766144E+01    0.359768795046745E+00
    0.565500000000000E+03    0.388903258412824E+00    0.359761720851255E+00
    0.565520000000000E+03    0.423293714589590E+00    0.359765133132726E+00
    0.571780000000000E+03    0.490986210646236E+01    0.360248696424910E+00
    0.571800000000000E+03    0.494427200255097E+01    0.360245282703896E+00
    0.578060000000000E+03    0.313883843157009E+01    0.358947377630762E+00
    0.578080000000000E+03    0.317319620925207E+01    0.358947337182271E+00
    0.584340000000000E+03    0.136767910245760E+01    0.360250729369424E+00
    0.584360000000000E+03    0.140208919879558E+01    0.360254291314302E+00
    0.590620000000000E+03    0.588888919379337E+01    0.359772306493272E+00
    0.590640000000000E+03    0.592328006472258E+01    0.359768716504717E+00
    0.596920000000000E+03    0.415328294495953E+01    0.359744352963345E+00
    0.596940000000000E+03    0.418767270735680E+01    0.359746371418096E+00
    0.603200000000000E+03    0.238565131403425E+01    0.359504326713056E+00
    0.603220000000000E+03    0.242003148331810E+01    0.359501745226500E+00
    0.609480000000000E+03    0.614272853615375E+00    0.359893120072241E+00
    0.609500000000000E+03    0.648668633720945E+00    0.359897967177533E+00
    0.615760000000000E+03    0.513689599046415E+01    0.360210521711116E+00
    0.615780000000000E+03    0.517130433133298E+01    0.360205730572637E+00
    0.622040000000000E+03    0.336490947942661E+01    0.358998512809804E+00
    0.622060000000000E+03    0.339926941693648E+01    0.358999783881571E+00
    0.628320000000000E+03    0.159502524386949E+01    0.360210079408987E+00
    0.628340000000000E+03    0.162943370897119E+01    0.360211867455616E+00
    0.634620000000000E+03    0.614840763168354E+01    0.359684455672152E+00
    0.634640000000000E+03    0.618279494981789E+01    0.359682854558605E+00
    0.640900000000000E+03    0.438061906880966E+01    0.359985521777884E+00
    0.640920000000000E+03    0.441501850774534E+01    0.359986243138580E+00
    0.647180000000000E+03    0.261237910168120E+01    0.359249789373111E+00
    0.647200000000000E+03    0.264674899116585E+01    0.359247297408464E+00
    0.653460000000000E+03    0.840130046418381E+00    0.360040772186462E+00
    0.653480000000000E+03    0.874531773615900E+00    0.360046218381056E+00
    0.659740000000000E+03    0.536353299002553E+01    0.360100958111275E+00
    0.659760000000000E+03    0.539793727067695E+01    0.360095508503207E+00
    0.666020000000000E+03    0.359117737765018E+01    0.359155599254634E+00
    0.666040000000000E+03    0.362554346329034E+01    0.359157866744210E+00
    0.672320000000000E+03    0.185686322394326E+01    0.360072222576541E+00
    0.672340000000000E+03    0.189126616776662E+01    0.360072172682815E+00
    0.678600000000000E+03    0.901626860570559E-01    0.359670011190499E+00
    0.678620000000000E+03    0.124549477271785E+00    0.359670668862436E+00
    0.684880000000000E+03    0.460804906869930E+01    0.360158286226202E+00
    0.684900000000000E+03    0.464245538535579E+01    0.360157267269701E+00
    0.691160000000000E+03    0.283870735306709E+01    0.359055387143449E+00
    0.691180000000000E+03    0.287306956262751E+01    0.359053685258976E+00
    0.697440000000000E+03    0.106649914767286E+01    0.360172756794886E+00
    0.697460000000000E+03    0.110090611935789E+01    0.360177905386212E+00
    0.703720000000000E+03    0.558956398777900E+01    0.359954964222683E+00
    0.703740000000000E+03    0.562396209770645E+01    0.359949734807269E+00
    0.710000000000000E+03    0.381767597684052E+01    0.359388215217112E+00
    0.710020000000000E+03    0.385205152295885E+01    0.359390882697948E+00
    0.716300000000000E+03    0.208424688482773E+01    0.359855649036440E+00
    0.716320000000000E+03    0.211864109415046E+01    0.359854099732470E+00
    0.722580000000000E+03    0.315168237186526E+00    0.359728090721350E+00
    0.722600000000000E+03    0.349557415027448E+00    0.359730891772250E+00
    0.728860000000000E+03    0.483546291014295E+01    0.360242930251608E+00
    0.728880000000000E+03    0.486987269462884E+01    0.360240061676854E+00
    0.735140000000000E+03    0.306483443091020E+01    0.358954590646893E+00
    0.735160000000000E+03    0.309919256520129E+01    0.358954097597204E+00
    0.741420000000000E+03    0.129334203954045E+01    0.360244170196227E+00
    0.741440000000000E+03    0.132775202738162E+01    0.360248222323991E+00
    0.747700000000000E+03    0.581517837889464E+01    0.359811727938331E+00
    0.747720000000000E+03    0.584957075718376E+01    0.359807600792984E+00
    0.754000000000000E+03    0.407894105414744E+01    0.359657343767214E+00
    0.754020000000000E+03    0.411332719976417E+01    0.359659639911218E+00
    0.760280000000000E+03    0.231136937779547E+01    0.359591377451141E+00
    0.760300000000000E+03    0.234575307592718E+01    0.359588931196436E+00
    0.766560000000000E+03    0.540452083531591E+00    0.359846261163689E+00
    0.766580000000000E+03    0.574846014030982E+00    0.359850718233322E+00
    0.772840000000000E+03    0.506263720842162E+01    0.360232636877986E+00
    0.772860000000000E+03    0.509704649313744E+01    0.360228227891338E+00
    0.779120000000000E+03    0.329094043776809E+01    0.358971260956679E+00
    0.779140000000000E+03    0.332529923918310E+01    0.358972130320586E+00
    0.785400000000000E+03    0.152064597695744E+01    0.360235420741090E+00
    0.785420000000000E+03    0.155505546893210E+01    0.360237820276898E+00
    0.791700000000000E+03    0.607483557888690E+01    0.359707838023323E+00
    0.791720000000000E+03    0.610922384158903E+01    0.359705539366325E+00
    0.797980000000000E+03    0.430628810906410E+01    0.359916196680962E+00
    0.798000000000000E+03    0.434068466597728E+01    0.359917393799063E+00
    0.804260000000000E+03    0.253830787785500E+01    0.359328643686598E+00
    0.804280000000000E+03    0.257268097802535E+01    0.359326041224365E+00
    0.810540000000000E+03    0.766263425202396E+00    0.359994056764278E+00
    0.810560000000000E+03    0.800663280196204E+00    0.359999410669697E+00
    0.816820000000000E+03    0.528949747235902E+01    0.360142480040569E+00
    0.816840000000000E+03    0.532390307039600E+01    0.360137148932213E+00
    0.823100000000000E+03    0.351718358221251E+01    0.359093730950508E+00
    0.823120000000000E+03    0.355154732910978E+01    0.359095729386792E+00
    0.829400000000000E+03    0.178255245815058E+01    0.360128000643122E+00
    0.829420000000000E+03    0.181695764961478E+01    0.360128509317516E+00
    0.835680000000000E+03    0.166567580251922E-01    0.359666050151025E+00
    0.835700000000000E+03    0.510433461249704E-01    0.359665969993296E+00
    0.841960000000000E+03    0.453373498124142E+01    0.360111749330941E+00
    0.841980000000000E+03    0.456813949328898E+01    0.360111321640628E+00
    0.848240000000000E+03    0.276480361647123E+01    0.359109220021176E+00
    0.848260000000000E+03    0.279916782994133E+01    0.359107190535052E+00
    0.854520000000000E+03    0.992459148601256E+00    0.360133201984736E+00
    0.854540000000000E+03    0.102686456226888E+01    0.360138545762150E+00
    0.860800000000000E+03    0.551574278866360E+01    0.360004136709579E+00
    0.860820000000000E+03    0.555014296442732E+01    0.359998743994267E+00
    0.867080000000000E+03    0.374360786830744E+01    0.359306018914760E+00
    0.867100000000000E+03    0.377798007068054E+01    0.359308629224520E+00
    0.873380000000000E+03    0.200995849823516E+01    0.359933141963474E+00
    0.873400000000000E+03    0.204435585477722E+01    0.359932028563524E+00
    0.879660000000000E+03    0.241632820235736E+00    0.359702899960440E+00
    0.879680000000000E+03    0.276020906567965E+00    0.359705046155224E+00
    0.885940000000000E+03    0.476117658361545E+01    0.360226267650355E+00
    0.885960000000000E+03    0.479558564660215E+01    0.360223985714298E+00
    0.892220000000000E+03    0.299098611904833E+01    0.358977339676583E+00
    0.892240000000000E+03    0.302534518424318E+01    0.358976416148418E+00
    0.898500000000000E+03    0.121920420063179E+01    0.360230331066719E+00
    0.898520000000000E+03    0.125361343990357E+01    0.360234799539811E+00
    0.904780000000000E+03    0.574152238504871E+01    0.359856290653349E+00
    0.904800000000000E+03    0.577591659086966E+01    0.359851720969784E+00
    0.911080000000000E+03    0.400483229632323E+01    0.359572617798245E+00
    0.911100000000000E+03    0.403921520292647E+01    0.359575127697173E+00
    0.917360000000000E+03    0.223727550514400E+01    0.359681358246488E+00
    0.917380000000000E+03    0.227166271909459E+01    0.359679118998937E+00
    0.923640000000000E+03    0.466879369574599E+00    0.359803530791277E+00
    0.923660000000000E+03    0.501271553508332E+00    0.359807527330886E+00
    0.929920000000000E+03    0.498854274525297E+01    0.360246007445323E+00
    0.929940000000000E+03    0.502295257558831E+01    0.360242025715688E+00
    0.936200000000000E+03    0.321713324518055E+01    0.358952290645490E+00
    0.936220000000000E+03    0.325149128083581E+01    0.358952726819683E+00
    0.942480000000000E+03    0.144642675568434E+01    0.360248691944462E+00
    0.942500000000000E+03    0.148083679322667E+01    0.360251667004764E+00
    0.948780000000000E+03    0.600131946003694E+01    0.359732479061182E+00
    0.948800000000000E+03    0.603570865969527E+01    0.359729532849244E+00
    0.955060000000000E+03    0.423203529318516E+01    0.359834105499089E+00
    0.955080000000000E+03    0.426642886286618E+01    0.359835736121834E+00
    0.961340000000000E+03    0.246433023558393E+01    0.359412235781358E+00
    0.961360000000000E+03    0.249870701610325E+01    0.359409616315579E+00
    0.967620000000000E+03    0.692572279579736E+00    0.359945639174781E+00
    0.967640000000000E+03    0.726970137176977E+00    0.359950793145091E+00
    0.973900000000000E+03    0.521557722100783E+01    0.360179719117436E+00
    0.973920000000000E+03    0.524998435883299E+01    0.360174604679484E+00
    0.980180000000000E+03    0.344339378895688E+01    0.359045730534732E+00
    0.980200000000000E+03    0.347775540398379E+01    0.359047422841623E+00
    0.986480000000000E+03    0.170833739805880E+01    0.360172938583462E+00
    0.986500000000000E+03    0.174274435189454E+01    0.360174059703145E+00
    0.992760000000000E+03    0.622644753296254E+01    0.359671387728185E+00
    0.992780000000000E+03    0.626083436625618E+01    0.359670583639357E+00
    0.999040000000000E+03    0.445952875289117E+01    0.360056098653502E+00
    0.999060000000000E+03    0.449393100306634E+01    0.360056235950039E+00
    0.100532000000000E+04    0.269093624985157E+01    0.359172517966320E+00
    0.100534000000000E+04    0.272530310437537E+01    0.359170230138559E+00
    0.101160000000000E+04    0.918620759325449E+00    0.360092285112081E+00
    0.101162000000000E+04    0.953024549764223E+00    0.360097732756547E+00
    0.101788000000000E+04    0.544199999631292E+01    0.360051695117509E+00
    0.101790000000000E+04    0.547640194551718E+01    0.360046215245880E+00
    0.102416000000000E+04    0.366970790385994E+01    0.359229289553111E+00
    0.102418000000000E+04    0.370407708203584E+01    0.359231775174344E+00
    0.103046000000000E+04    0.193579687739475E+01    0.360003886301877E+00
    0.103048000000000E+04    0.197019711413395E+01    0.360003242237278E+00
    0.103674000000000E+04    0.168209445153025E+00    0.359681379370108E+00
    0.103676000000000E+04    0.202596650781970E+00    0.359682826337406E+00
    0.104302000000000E+04    0.468698577415398E+01    0.360198271018391E+00
    0.104304000000000E+04    0.472139383521767E+01    0.360196592529840E+00
    0.104930000000000E+04    0.291725002278304E+01    0.359008476896110E+00
    0.104932000000000E+04    0.295161028267739E+01    0.359007155944995E+00
    0.105558000000000E+04    0.114521021722385E+01    0.360205444632125E+00
    0.105560000000000E+04    0.117961852045028E+01    0.360210291291370E+00
    0.106186000000000E+04    0.566795029054379E+01    0.359903218123405E+00
    0.106188000000000E+04    0.570234642525020E+01    0.359898295523157E+00
    0.106816000000000E+04    0.393081700787707E+01    0.359484295756247E+00
    0.106818000000000E+04    0.396519635152004E+01    0.359486927198608E+00
    0.107444000000000E+04    0.216317604700635E+01    0.359766680771049E+00
    0.107446000000000E+04    0.219756672232165E+01    0.359764736602895E+00
    0.108072000000000E+04    0.393394023729115E+00    0.359765935310205E+00
    0.108074000000000E+04    0.427784642035931E+00    0.359769402924632E+00
    0.108700000000000E+04    0.491442635776389E+01    0.360249848425650E+00
    0.108702000000000E+04    0.494883630324807E+01    0.360246391176871E+00
    0.109328000000000E+04    0.314338498211873E+01    0.358948209098568E+00
    0.109330000000000E+04    0.317774290863917E+01    0.358948201088306E+00
    0.109956000000000E+04    0.137229171291915E+01    0.360252481545922E+00
    0.109958000000000E+04    0.140670187267119E+01    0.360255985464815E+00
    0.110586000000000E+04    0.592784131365488E+01    0.359766025375408E+00
    0.110588000000000E+04    0.596223188750400E+01    0.359762486472400E+00
    0.111214000000000E+04    0.415791293498341E+01    0.359753180087464E+00
    0.111216000000000E+04    0.419230307366820E+01    0.359755173938338E+00
    0.111842000000000E+04    0.239028416148676E+01    0.359497407821979E+00
    0.111844000000000E+04    0.242466398495435E+01    0.359494813300907E+00
    0.112470000000000E+04    0.618851317745566E+00    0.359895796566479E+00
    0.112472000000000E+04    0.653247210011159E+00    0.359900666979492E+00
    0.113098000000000E+04    0.514153013590840E+01    0.360208559829752E+00
    0.113100000000000E+04    0.517593854688016E+01    0.360203725434991E+00
    0.113726000000000E+04    0.336951685286522E+01    0.359000668700881E+00
    0.113728000000000E+04    0.340387681464358E+01    0.359001975690317E+00
    0.114354000000000E+04    0.159967414307812E+01    0.360206218799032E+00
    0.114356000000000E+04    0.163408261741210E+01    0.360207970175898E+00
    0.114984000000000E+04    0.615306055713245E+01    0.359685018409371E+00
    0.114986000000000E+04    0.618744788983167E+01    0.359683479600394E+00
    0.115612000000000E+04    0.438534403943004E+01    0.359991964499804E+00
    0.115614000000000E+04    0.441974372782965E+01    0.359992639571317E+00
    0.116240000000000E+04    0.261709498101573E+01    0.359245221810312E+00
    0.116242000000000E+04    0.265146480735189E+01    0.359242755796402E+00
    0.116868000000000E+04    0.844875383010503E+00    0.360048063057469E+00
    0.116870000000000E+04    0.879277337447547E+00    0.360053512003479E+00
    0.117496000000000E+04    0.536824992313586E+01    0.360098368754756E+00
    0.117498000000000E+04    0.540265378676145E+01    0.360092911319983E+00
    0.118124000000000E+04    0.359593248337728E+01    0.359162567591526E+00
    0.118126000000000E+04    0.363029897596152E+01    0.359164863479877E+00
    0.118754000000000E+04    0.186170810784324E+01    0.360069352980525E+00
    0.118756000000000E+04    0.189611090661742E+01    0.360069258426740E+00
    0.119382000000000E+04    0.949523665908600E-01    0.359672860522142E+00
    0.119384000000000E+04    0.129339285030710E+00    0.359673596358942E+00
    0.120010000000000E+04    0.461294931542488E+01    0.360165402343133E+00
    0.120012000000000E+04    0.464735595644333E+01    0.360164319523545E+00
    0.120638000000000E+04    0.284358915839539E+01    0.359052000039534E+00
    0.120640000000000E+04    0.287795118834265E+01    0.359050311048263E+00
    0.121266000000000E+04    0.107140020219003E+01    0.360176286236259E+00
    0.121268000000000E+04    0.110580739237548E+01    0.360181419558769E+00
    0.121894000000000E+04    0.559447548201751E+01    0.359951897468463E+00
    0.121896000000000E+04    0.562887343393504E+01    0.359946688309180E+00
    0.122524000000000E+04    0.385698838195140E+01    0.359398590081207E+00
    0.122526000000000E+04    0.389136430583130E+01    0.359401264428968E+00
    0.123152000000000E+04    0.208924203872311E+01    0.359849627789817E+00
    0.123154000000000E+04    0.212363626612796E+01    0.359848044994697E+00
    0.123780000000000E+04    0.320121603582265E+00    0.359734286029289E+00
    0.123782000000000E+04    0.354510765067062E+00    0.359737154631457E+00
    0.124408000000000E+04    0.484043490800059E+01    0.360243191640457E+00
    0.124410000000000E+04    0.487484465566331E+01    0.360240284065560E+00
    0.125036000000000E+04    0.306976651690729E+01    0.358953176956473E+00
    0.125038000000000E+04    0.310412456988388E+01    0.358952747441116E+00
    0.125664000000000E+04    0.129832524515177E+01    0.360247372723736E+00
    0.125666000000000E+04    0.133273522687023E+01    0.360251381166623E+00
    0.126294000000000E+04    0.585448289772739E+01    0.359805694529423E+00
    0.126296000000000E+04    0.588887504554441E+01    0.359801624253595E+00
    0.126922000000000E+04    0.408396811214016E+01    0.359668227303125E+00
    0.126924000000000E+04    0.411835487330882E+01    0.359670511772838E+00
    0.127550000000000E+04    0.231642515003477E+01    0.359585754275065E+00
    0.127552000000000E+04    0.235080851556677E+01    0.359583286582201E+00
    0.128178000000000E+04    0.545442500491390E+00    0.359850367430491E+00
    0.128180000000000E+04    0.579836537192932E+00    0.359854860125759E+00
    0.128806000000000E+04    0.506769686875259E+01    0.360232107434871E+00
    0.128808000000000E+04    0.510210629561016E+01    0.360227655838768E+00
    0.129434000000000E+04    0.329596246365190E+01    0.358972286067349E+00
    0.129436000000000E+04    0.333032129263529E+01    0.358973187015909E+00
    0.130062000000000E+04    0.152568681519915E+01    0.360232432010197E+00
    0.130064000000000E+04    0.156009625593879E+01    0.360234777098437E+00
    0.130692000000000E+04    0.607980751586547E+01    0.359704863490686E+00
    0.130694000000000E+04    0.611419561652792E+01    0.359702632887479E+00
    0.131320000000000E+04    0.431132264110647E+01    0.359920726330186E+00
    0.131322000000000E+04    0.434571946597089E+01    0.359921883548787E+00
    0.131948000000000E+04    0.254334877549218E+01    0.359322006419638E+00
    0.131950000000000E+04    0.257772171055058E+01    0.359319418459836E+00
    0.132576000000000E+04    0.771319157544440E+00    0.360000750613467E+00
    0.132578000000000E+04    0.805719261561535E+00    0.360006112611229E+00
    0.133204000000000E+04    0.529459410758000E+01    0.360141430435881E+00
    0.133206000000000E+04    0.532899969157052E+01    0.360136086849465E+00
    0.133832000000000E+04    0.352231811652928E+01    0.359102578940073E+00
    0.133834000000000E+04    0.355668217767652E+01    0.359104615518610E+00
    0.134462000000000E+04    0.178774225235111E+01    0.360125424093437E+00
    0.134464000000000E+04    0.182214730585565E+01    0.360125897998018E+00
    0.135090000000000E+04    0.218085190695092E-01    0.359669613972772E+00
    0.135092000000000E+04    0.561952872853908E-01    0.359669620348313E+00
    0.135718000000000E+04    0.453900490823480E+01    0.360120370617601E+00
    0.135720000000000E+04    0.457340974034742E+01    0.360119883284089E+00
    0.136346000000000E+04    0.277005246527096E+01    0.359106214225207E+00
    0.136348000000000E+04    0.280441666170236E+01    0.359104208115400E+00
    0.136974000000000E+04    0.997777486223185E+00    0.360140466457753E+00
    0.136976000000000E+04    0.103218325476064E+01    0.360145801013798E+00
    0.137602000000000E+04    0.552108518717705E+01    0.360001795714667E+00
    0.137604000000000E+04    0.555548515056671E+01    0.359996407502024E+00
    0.138232000000000E+04    0.378336098072305E+01    0.359318245520657E+00
    0.138234000000000E+04    0.381773376162573E+01    0.359320885687633E+00
    0.138860000000000E+04    0.201541735261844E+01    0.359928183264710E+00
    0.138862000000000E+04    0.204981468994220E+01    0.359927024661034E+00
    0.139488000000000E+04    0.247038184039866E+00    0.359708110133919E+00
    0.139490000000000E+04    0.281426317711976E+00    0.359710329145128E+00
    0.140116000000000E+04    0.476664118828830E+01    0.360229233529190E+00
    0.140118000000000E+04    0.480105033144355E+01    0.360226898596105E+00
    0.140744000000000E+04    0.299641141501843E+01    0.358975263209383E+00
    0.140746000000000E+04    0.303077040987864E+01    0.358974385503252E+00
    0.141372000000000E+04    0.122467096504033E+01    0.360232360560419E+00
    0.141374000000000E+04    0.125908033214409E+01    0.360236798510582E+00
    0.142000000000000E+04    0.574695921499642E+01    0.359852817150638E+00
    0.142002000000000E+04    0.578135331501608E+01    0.359848292273550E+00
    0.142630000000000E+04    0.401033039252525E+01    0.359582894424978E+00
    0.142632000000000E+04    0.404471368213945E+01    0.359585387168645E+00
    0.143258000000000E+04    0.224278727162437E+01    0.359673150192514E+00
    0.143260000000000E+04    0.227717415072266E+01    0.359670886433619E+00
    0.143886000000000E+04    0.472337279282783E+00    0.359807723592922E+00
    0.143888000000000E+04    0.506729627902132E+00    0.359811768420693E+00
    0.144514000000000E+04    0.499406257265446E+01    0.360245723815170E+00
    0.144516000000000E+04    0.502847240904111E+01    0.360241695957634E+00
    0.145142000000000E+04    0.322262596380097E+01    0.358953730463900E+00
    0.145144000000000E+04    0.325698405464709E+01    0.358954207518066E+00
    0.145770000000000E+04    0.145196119981802E+01    0.360247823847848E+00
    0.145772000000000E+04    0.148637120494777E+01    0.360250744111679E+00
    0.146400000000000E+04    0.600679234290737E+01    0.359730021017662E+00
    0.146402000000000E+04    0.604118142645757E+01    0.359727138191167E+00
    0.147028000000000E+04    0.423757889652188E+01    0.359842672089036E+00
    0.147030000000000E+04    0.427197278706626E+01    0.359844258261899E+00
    0.147656000000000E+04    0.246987843225543E+01    0.359402978650001E+00
    0.147658000000000E+04    0.250425502950338E+01    0.359400367580227E+00
    0.148284000000000E+04    0.698153804470167E+00    0.359953153842693E+00
    0.148286000000000E+04    0.732552020735966E+00    0.359958333534006E+00
    0.148912000000000E+04    0.522122442338559E+01    0.360179951405983E+00
    0.148914000000000E+04    0.525563158504065E+01    0.360174813896067E+00
    0.149540000000000E+04    0.344902712807152E+01    0.359051477038458E+00
    0.149542000000000E+04    0.348338890377408E+01    0.359053187144288E+00
    0.150170000000000E+04    0.171405529309004E+01    0.360174155936279E+00
    0.150172000000000E+04    0.174846236680105E+01    0.360175212469598E+00
    0.150798000000000E+04    0.623217710713971E+01    0.359677173393282E+00
    0.150800000000000E+04    0.626656409661791E+01    0.359676436307406E+00
    0.151426000000000E+04    0.446540023642820E+01    0.360067668019972E+00
    0.151428000000000E+04    0.449980294455690E+01    0.360067752722689E+00
    0.152054000000000E+04    0.269684579454633E+01    0.359172143343307E+00
    0.152056000000000E+04    0.273121255686556E+01    0.359169877641811E+00
    0.152682000000000E+04    0.924584793938720E+00    0.360102235993475E+00
    0.152684000000000E+04    0.958988989263162E+00    0.360107675304473E+00
    0.153310000000000E+04    0.544804256048656E+01    0.360053967500253E+00
    0.153312000000000E+04    0.548244464715663E+01    0.360048495890287E+00
    0.153940000000000E+04    0.371020616876694E+01    0.359246628661724E+00
    0.153942000000000E+04    0.374457591392093E+01    0.359249159307821E+00
    0.154568000000000E+04    0.194205441148097E+01    0.360002383673511E+00
    0.154570000000000E+04    0.197645468004657E+01    0.360001703118095E+00
    0.155196000000000E+04    0.174551970012999E+00    0.359693927407483E+00
    0.155198000000000E+04    0.208939728671794E+00    0.359695454952648E+00
    0.155824000000000E+04    0.469352649943767E+01    0.360212320233724E+00
    0.155826000000000E+04    0.472793496157465E+01    0.360210574936836E+00
    0.156452000000000E+04    0.292379192244334E+01    0.359013843545391E+00
    0.156454000000000E+04    0.295815225199522E+01    0.359012565985333E+00
    0.157080000000000E+04    0.115185402994484E+01    0.360218186790976E+00
    0.157082000000000E+04    0.118626285197706E+01    0.360222995492652E+00
    0.157708000000000E+04    0.567466420563869E+01    0.359907681310278E+00
    0.157710000000000E+04    0.570906042218803E+01    0.359902784541123E+00
    0.158338000000000E+04    0.393765502772476E+01    0.359503727214615E+00
    0.158340000000000E+04    0.397203495061785E+01    0.359506345350750E+00
    0.158966000000000E+04    0.217014841917080E+01    0.359765125153333E+00
    0.158968000000000E+04    0.220453910747801E+01    0.359763143083230E+00
    0.159594000000000E+04    0.400435774733523E+00    0.359780822966154E+00
    0.159596000000000E+04    0.434827045538896E+00    0.359784353367287E+00
    0.160222000000000E+04    0.492169327067541E+01    0.360261745243419E+00
    0.160224000000000E+04    0.495610370065197E+01    0.360258220674390E+00
    0.160850000000000E+04    0.315075919161927E+01    0.358959835212119E+00
    0.160852000000000E+04    0.318511754537849E+01    0.358959877968110E+00
    0.161478000000000E+04    0.137984765731653E+01    0.360263622416762E+00
    0.161480000000000E+04    0.141425823390000E+01    0.360267052392207E+00
    0.162108000000000E+04    0.593546241598415E+01    0.359773030848341E+00
    0.162110000000000E+04    0.596985328405526E+01    0.359769568156464E+00
    0.162736000000000E+04    0.416576769370386E+01    0.359776030616441E+00
    0.162738000000000E+04    0.420015874470027E+01    0.359777980524458E+00
    0.163364000000000E+04    0.239827060316111E+01    0.359497728914641E+00
    0.163366000000000E+04    0.243265044769669E+01    0.359495123320455E+00
    0.163992000000000E+04    0.626937091360105E+00    0.359914162138122E+00
    0.163994000000000E+04    0.661333744860258E+00    0.359919081008879E+00
    0.164620000000000E+04    0.514981324100881E+01    0.360216649980162E+00
    0.164622000000000E+04    0.518422189272496E+01    0.360211770815262E+00
    0.165248000000000E+04    0.337791841233457E+01    0.359017584714820E+00
    0.165250000000000E+04    0.341227905461437E+01    0.359018946977245E+00
    0.165878000000000E+04    0.164268440446403E+01    0.360216134156278E+00
    0.165880000000000E+04    0.167709315781940E+01    0.360217769580897E+00
    0.166506000000000E+04    0.616165377373954E+01    0.359693481034021E+00
    0.166508000000000E+04    0.619604134558176E+01    0.359692047378093E+00
    0.167134000000000E+04    0.439416314160189E+01    0.360012180349091E+00
    0.167136000000000E+04    0.442856364015006E+01    0.360012785528929E+00
    0.167762000000000E+04    0.262601546884525E+01    0.359244793182797E+00
    0.167764000000000E+04    0.266038534795098E+01    0.359242357260879E+00
    0.168390000000000E+04    0.853932052974869E+00    0.360065244114836E+00
    0.168392000000000E+04    0.888334763530111E+00    0.360070701743674E+00
    0.169018000000000E+04    0.537751581465363E+01    0.360103184680480E+00
    0.169020000000000E+04    0.541192015832166E+01    0.360097727568364E+00
    0.169648000000000E+04    0.363977416463740E+01    0.359189875775772E+00
    0.169650000000000E+04    0.367414166815252E+01    0.359192237006192E+00
    0.170276000000000E+04    0.187139231865376E+01    0.360072873739132E+00
    0.170278000000000E+04    0.190579523432416E+01    0.360072694673189E+00
    0.170904000000000E+04    0.104669906128493E+00    0.359687122650908E+00
    0.170906000000000E+04    0.139057286774459E+00    0.359687971963144E+00
    0.171532000000000E+04    0.462292662298614E+01    0.360182993153673E+00
    0.171534000000000E+04    0.465733392244374E+01    0.360181824287682E+00
    0.172160000000000E+04    0.285366179194261E+01    0.359057667539283E+00
    0.172162000000000E+04    0.288802408445463E+01    0.359056047177000E+00
    0.172788000000000E+04    0.108165945471774E+01    0.360194372255522E+00
    0.172790000000000E+04    0.111606728889865E+01    0.360199457067308E+00
    0.173416000000000E+04    0.560483488552609E+01    0.359956893694353E+00
    0.173418000000000E+04    0.563923310020982E+01    0.359951726340664E+00
    0.174046000000000E+04    0.386759197204765E+01    0.359427763282862E+00
    0.174048000000000E+04    0.390196907799373E+01    0.359430441407258E+00
    0.174674000000000E+04    0.210001070941644E+01    0.359848858038245E+00
    0.174676000000000E+04    0.213440464110590E+01    0.359847203726394E+00
    0.175302000000000E+04    0.330932953140291E+00    0.359750543883178E+00
    0.175304000000000E+04    0.365322985430794E+00    0.359753506430345E+00
    0.175930000000000E+04    0.485159686914039E+01    0.360260259399659E+00
    0.175932000000000E+04    0.488600732254099E+01    0.360257234056419E+00
    0.176558000000000E+04    0.308104103274673E+01    0.358965615088204E+00
    0.176560000000000E+04    0.311539960300024E+01    0.358965237989575E+00
    0.177186000000000E+04    0.130981814825827E+01    0.360261353548692E+00
    0.177188000000000E+04    0.134422871384140E+01    0.360265279317693E+00
    0.177816000000000E+04    0.586604632992930E+01    0.359810676139122E+00
    0.177818000000000E+04    0.590043861488766E+01    0.359806697442275E+00
    0.178444000000000E+04    0.409576787487003E+01    0.359695204265337E+00
    0.178446000000000E+04    0.413015568453511E+01    0.359697439573865E+00
    0.179072000000000E+04    0.232843261650942E+01    0.359580677474145E+00
    0.179074000000000E+04    0.236281624840240E+01    0.359578195548847E+00
    0.179700000000000E+04    0.557621375822691E+00    0.359875094292434E+00
    0.179702000000000E+04    0.592016463689106E+00    0.359879668689802E+00
    0.180328000000000E+04    0.508014137741566E+01    0.360244523389532E+00
    0.180330000000000E+04    0.511455106990752E+01    0.360240001435817E+00
    0.180956000000000E+04    0.330853581217843E+01    0.358993362595728E+00
    0.180958000000000E+04    0.334289537718723E+01    0.358994346430494E+00
    0.181586000000000E+04    0.157296163403316E+01    0.360248201811629E+00
    0.181588000000000E+04    0.160737164099510E+01    0.360250397873083E+00
    0.182214000000000E+04    0.609272239878010E+01    0.359718008125930E+00
    0.182216000000000E+04    0.612711085641467E+01    0.359715920263136E+00
    0.182842000000000E+04    0.432456998619728E+01    0.359952846484455E+00
    0.182844000000000E+04    0.435896810463373E+01    0.359953913008935E+00
    0.183470000000000E+04    0.255676872968615E+01    0.359322045268265E+00
    0.183472000000000E+04    0.259114170480507E+01    0.359319475078804E+00
    0.184098000000000E+04    0.784928107395444E+00    0.360028700858981E+00
    0.184100000000000E+04    0.819329355996615E+00    0.360034090519756E+00
    0.184726000000000E+04    0.530847536737519E+01    0.360151832472366E+00
    0.184728000000000E+04    0.534288138447619E+01    0.360146459685619E+00
    0.185354000000000E+04    0.353643005672211E+01    0.359133833344297E+00
    0.185356000000000E+04    0.357079539442384E+01    0.359135922212020E+00
    0.185984000000000E+04    0.180217325931517E+01    0.360133033441196E+00
    0.185986000000000E+04    0.183657864731776E+01    0.360133375053581E+00
    0.186612000000000E+04    0.363135646230148E-01    0.359689573276738E+00
    0.186614000000000E+04    0.707010597816407E-01    0.359689730464161E+00
    0.187240000000000E+04    0.455391609960498E+01    0.360150604095877E+00
    0.187242000000000E+04    0.458832206189300E+01    0.360149956883165E+00
    0.187868000000000E+04    0.278510113922584E+01    0.359111602535403E+00
    0.187870000000000E+04    0.281946555631475E+01    0.359109664622607E+00
    0.188496000000000E+04    0.101307578005799E+01    0.360167870325853E+00
    0.188498000000000E+04    0.104748257815163E+01    0.360173161740767E+00
    0.189124000000000E+04    0.553655240423450E+01    0.360008879389749E+00
    0.189126000000000E+04    0.557095265759426E+01    0.360003524081133E+00
    0.189754000000000E+04    0.379912781552184E+01    0.359356295080797E+00
    0.189756000000000E+04    0.383350210221261E+01    0.359358958072543E+00
    0.190382000000000E+04    0.203144768546872E+01    0.359927641814099E+00
    0.190384000000000E+04    0.206584479348794E+01    0.359926376822595E+00
    0.191010000000000E+04    0.263098250093663E+00    0.359730084267189E+00
    0.191012000000000E+04    0.297487445353909E+00    0.359732467379907E+00
    0.191638000000000E+04    0.478317204795167E+01    0.360253942747925E+00
    0.191640000000000E+04    0.481758226627653E+01    0.360251462363316E+00
    0.192266000000000E+04    0.301308568878403E+01    0.358987481751303E+00
    0.192268000000000E+04    0.304744509759939E+01    0.358986704902637E+00
    0.192894000000000E+04    0.124163501320800E+01    0.360254942783611E+00
    0.192896000000000E+04    0.127604566722221E+01    0.360259258861840E+00
    0.193524000000000E+04    0.579854271199292E+01    0.359853749904199E+00
    0.193526000000000E+04    0.583293748171445E+01    0.359849383479226E+00
    0.194152000000000E+04    0.402799792009137E+01    0.359629684416450E+00
    0.194154000000000E+04    0.406238312226424E+01    0.359632127994498E+00
    0.194780000000000E+04    0.226077016863519E+01    0.359675290551345E+00
    0.194782000000000E+04    0.229515713981573E+01    0.359672967576422E+00
    0.195408000000000E+04    0.490491180536083E+00    0.359845106156988E+00
    0.195410000000000E+04    0.524884982703952E+00    0.359849287681769E+00
    0.196036000000000E+04    0.501265887989530E+01    0.360267501338170E+00
    0.196038000000000E+04    0.504706953178993E+01    0.360263363492100E+00
    0.196664000000000E+04    0.324145395599271E+01    0.358983866805808E+00
    0.196666000000000E+04    0.327581331589681E+01    0.358984469797206E+00
    0.197294000000000E+04    0.150563187094031E+01    0.360272569297477E+00
    0.197296000000000E+04    0.154004284310076E+01    0.360275282378335E+00
    0.197922000000000E+04    0.602615544446917E+01    0.359747413610966E+00
    0.197924000000000E+04    0.606054527486322E+01    0.359744715494525E+00
    0.198550000000000E+04    0.425748967445043E+01    0.359892658371482E+00
    0.198552000000000E+04    0.429188539791903E+01    0.359894131708766E+00
    0.199178000000000E+04    0.248997180038259E+01    0.359403656601783E+00
    0.199180000000000E+04    0.252434785678815E+01    0.359401019641446E+00
    0.199806000000000E+04    0.718380011893714E+00    0.359988932377076E+00
    0.199808000000000E+04    0.752779636615742E+00    0.359994177452368E+00
    0.200434000000000E+04    0.524183839288753E+01    0.360191106699756E+00
    0.200436000000000E+04    0.527624618995924E+01    0.360185888284992E+00
    0.201062000000000E+04    0.346991023127021E+01    0.359087747569388E+00
    0.201064000000000E+04    0.350427366857366E+01    0.359089558411007E+00
    0.201692000000000E+04    0.173534543422647E+01    0.360180685613946E+00
    0.201694000000000E+04    0.176975274401912E+01    0.360181558731656E+00
    0.202320000000000E+04    0.625345931745687E+01    0.359695147582983E+00
    0.202322000000000E+04    0.466155304866334E-02    0.359694640050197E+00
    0.202948000000000E+04    0.448719287304766E+01    0.360106169078232E+00
    0.202950000000000E+04    0.452159712054845E+01    0.360106075606912E+00
    0.203576000000000E+04    0.271877540304877E+01    0.359171494521966E+00
    0.203578000000000E+04    0.275314188968377E+01    0.359169320794816E+00
    0.204204000000000E+04    0.946660408836124E+00    0.360137414789670E+00
    0.204206000000000E+04    0.981065371387558E+00    0.360142808554647E+00
    0.204832000000000E+04    0.547027503260870E+01    0.360056366574951E+00
    0.204834000000000E+04    0.550467721358382E+01    0.360050912828698E+00
    0.205462000000000E+04    0.373274606310042E+01    0.359289938172675E+00
    0.205464000000000E+04    0.376711770381917E+01    0.359292510285544E+00
    0.206090000000000E+04    0.196491348319614E+01    0.359997364710768E+00
    0.206092000000000E+04    0.199931354076307E+01    0.359996512634527E+00
    0.206718000000000E+04    0.197364101355561E+00    0.359718565541820E+00
    0.206720000000000E+04    0.231752847896587E+00    0.359720329126556E+00
    0.207346000000000E+04    0.471683727942036E+01    0.360240573357196E+00
    0.207348000000000E+04    0.475124686627851E+01    0.360238626923565E+00
    0.207974000000000E+04    0.294721196575301E+01    0.359020456983184E+00
    0.207976000000000E+04    0.298157276244456E+01    0.359019312301768E+00
    0.208602000000000E+04    0.117562970507015E+01    0.360245304460142E+00
    0.208604000000000E+04    0.121003955180186E+01    0.360249984559350E+00
    0.209232000000000E+04    0.573291370525067E+01    0.359903466068066E+00
    0.209234000000000E+04    0.576730977772240E+01    0.359898694906185E+00
    0.209860000000000E+04    0.396192692299746E+01    0.359552766570021E+00
    0.209862000000000E+04    0.399630905088679E+01    0.359555353791833E+00
    0.210488000000000E+04    0.219467518264673E+01    0.359753555902674E+00
    0.210490000000000E+04    0.222906528279555E+01    0.359751459944670E+00
    0.211116000000000E+04    0.424920168481094E+00    0.359809404630059E+00
    0.211118000000000E+04    0.459312560133640E+00    0.359813123906092E+00
    0.211744000000000E+04    0.494661452841819E+01    0.360276973839092E+00
    0.211746000000000E+04    0.498102566865509E+01    0.360273252241694E+00
    0.212372000000000E+04    0.317573103826317E+01    0.358975010379043E+00
    0.212374000000000E+04    0.321008998322213E+01    0.358975212232739E+00
    0.213000000000000E+04    0.140515498623836E+01    0.360277858690127E+00
    0.213002000000000E+04    0.143956623802933E+01    0.360281115955714E+00
    0.213630000000000E+04    0.596075342904851E+01    0.359776301796638E+00
    0.213632000000000E+04    0.599514432329715E+01    0.359773052856625E+00
    0.214258000000000E+04    0.419145402838876E+01    0.359820398899327E+00
    0.214260000000000E+04    0.422584686782557E+01    0.359822219202482E+00
    0.214886000000000E+04    0.242410944325957E+01    0.359480674904227E+00
    0.214888000000000E+04    0.245848876084847E+01    0.359478058207500E+00
    0.215514000000000E+04    0.652845645325669E+00    0.359949002323549E+00
    0.215516000000000E+04    0.687243621807738E+00    0.359954028892433E+00
    0.216142000000000E+04    0.517601996916756E+01    0.360221707391503E+00
    0.216144000000000E+04    0.521042876642650E+01    0.360216726534339E+00
    0.216770000000000E+04    0.340426353985413E+01    0.359049341932116E+00
    0.216772000000000E+04    0.343862546675791E+01    0.359050850127603E+00
    0.217400000000000E+04    0.166936888490955E+01    0.360218512488187E+00
    0.217402000000000E+04    0.170377769002107E+01    0.360219919596941E+00
    0.218028000000000E+04    0.618821387793696E+01    0.359704276599878E+00
    0.218030000000000E+04    0.622260203733913E+01    0.359703139047233E+00
    0.218656000000000E+04    0.442127661642189E+01    0.360055690990545E+00
    0.218658000000000E+04    0.445567885092214E+01    0.360056086495496E+00
    0.219284000000000E+04    0.265319501586828E+01    0.359232560130407E+00
    0.219286000000000E+04    0.268756426494065E+01    0.359230172670689E+00
    0.219912000000000E+04    0.881249839243083E+00    0.360098796851199E+00
    0.219914000000000E+04    0.915653926608684E+00    0.360104264412768E+00
    0.220540000000000E+04    0.540499664260642E+01    0.360101004495310E+00
    0.220542000000000E+04    0.543940058372345E+01    0.360095526393741E+00
    0.221170000000000E+04    0.366738685420160E+01    0.359227440827331E+00
    0.221172000000000E+04    0.370175599889035E+01    0.359229873321239E+00
    0.221798000000000E+04    0.189931788781132E+01    0.360061173030820E+00
    0.221800000000000E+04    0.193372049832033E+01    0.360060775035168E+00
    0.222426000000000E+04    0.132444152050539E+00    0.359703929842902E+00
    0.222428000000000E+04    0.166832257457827E+00    0.359705059739032E+00
    0.223054000000000E+04    0.465119231740209E+01    0.360211775938243E+00
    0.223056000000000E+04    0.468560083729199E+01    0.360210360167453E+00
    0.223682000000000E+04    0.288194298416420E+01    0.359053293618491E+00
    0.223684000000000E+04    0.291630503886290E+01    0.359051806446626E+00
    0.224310000000000E+04    0.111016294097044E+01    0.360220211593426E+00
    0.224312000000000E+04    0.114457183375589E+01    0.360225197720863E+00
    0.224940000000000E+04    0.566782968370308E+01    0.359944049047589E+00
    0.224942000000000E+04    0.570222764341815E+01    0.359939002101334E+00
    0.225568000000000E+04    0.389656252050054E+01    0.359479702316224E+00
    0.225570000000000E+04    0.393094173549480E+01    0.359482362831581E+00
    0.226196000000000E+04    0.212926068834213E+01    0.359832266005447E+00
    0.226198000000000E+04    0.216365396384845E+01    0.359830459433163E+00
    0.226824000000000E+04    0.360127605643356E+00    0.359782227433371E+00
    0.226826000000000E+04    0.394518887089362E+00    0.359785462019447E+00
    0.227452000000000E+04    0.488128734922930E+01    0.360279434792065E+00
    0.227454000000000E+04    0.491569846344964E+01    0.360276193622287E+00
    0.228080000000000E+04    0.311078019172146E+01    0.358979635867870E+00
    0.228082000000000E+04    0.314513933975059E+01    0.358979456743173E+00
    0.228708000000000E+04    0.133992497962390E+01    0.360281631647043E+00
    0.228710000000000E+04    0.137433632835700E+01    0.360285344766674E+00
    0.229338000000000E+04    0.589609860040036E+01    0.359811144501662E+00
    0.229340000000000E+04    0.593049096761843E+01    0.359807391955291E+00
    0.229966000000000E+04    0.412631568519782E+01    0.359750801947598E+00
    0.229968000000000E+04    0.416070577066148E+01    0.359752916898837E+00
    0.230594000000000E+04    0.235910851668132E+01    0.359560320646016E+00
    0.230596000000000E+04    0.239349086482025E+01    0.359557764942714E+00
    0.231222000000000E+04    0.588202271047521E+00    0.359908375068009E+00
    0.231224000000000E+04    0.622598696465502E+00    0.359913118236610E+00
    0.231850000000000E+04    0.511111969970852E+01    0.360248309761550E+00
    0.231852000000000E+04    0.514552981281076E+01    0.360243622339486E+00
    0.232478000000000E+04    0.333960407705672E+01    0.359021802021938E+00
    0.232480000000000E+04    0.337396468915676E+01    0.359022975272653E+00
    0.233108000000000E+04    0.160433335933703E+01    0.360247904114996E+00
    0.233110000000000E+04    0.163874332539672E+01    0.360249837891684E+00
    0.233736000000000E+04    0.612389346463442E+01    0.359719966770290E+00
    0.233738000000000E+04    0.615828224238521E+01    0.359718193951754E+00
    0.234364000000000E+04    0.435628242309940E+01    0.359997269838616E+00
    0.234366000000000E+04    0.439068230912153E+01    0.359998113992714E+00
    0.234992000000000E+04    0.258848368430472E+01    0.359299002170354E+00
    0.234994000000000E+04    0.262285561954377E+01    0.359296475069228E+00
    0.235620000000000E+04    0.816673093242571E+00    0.360060574303397E+00
    0.235622000000000E+04    0.851075584008413E+00    0.360066009424401E+00
    0.236248000000000E+04    0.534038745429916E+01    0.360141970069306E+00
    0.236250000000000E+04    0.537479303125974E+01    0.360136538548285E+00
    0.236878000000000E+04    0.360279275170069E+01    0.359171674724983E+00
    0.236880000000000E+04    0.363715962755396E+01    0.359173919545451E+00
    0.237506000000000E+04    0.183444678190199E+01    0.360115695243750E+00
    0.237508000000000E+04    0.186885142305573E+01    0.360115772494686E+00
    0.238134000000000E+04    0.682958538563980E-01    0.359698227583113E+00
    0.238136000000000E+04    0.102683740987231E+00    0.359698727314680E+00
    0.238762000000000E+04    0.458639086437324E+01    0.360179923090333E+00
    0.238764000000000E+04    0.462079808670114E+01    0.360179034626425E+00
    0.239390000000000E+04    0.281752003712609E+01    0.359095514064627E+00
    0.239392000000000E+04    0.285188376211136E+01    0.359093719447941E+00
    0.240018000000000E+04    0.104562618867749E+01    0.360192564644115E+00
    0.240020000000000E+04    0.108003413214192E+01    0.360197762662944E+00
    0.240648000000000E+04    0.560359275631708E+01    0.359990588871586E+00
    0.240650000000000E+04    0.563799272789311E+01    0.359985335147015E+00
    0.241276000000000E+04    0.383203599812896E+01    0.359404948435040E+00
    0.241278000000000E+04    0.386641218242494E+01    0.359407619258684E+00
    0.241904000000000E+04    0.206457360085369E+01    0.359901809297864E+00
    0.241906000000000E+04    0.209896968787689E+01    0.359900341720421E+00
    0.242532000000000E+04    0.296033460299441E+00    0.359755095867354E+00
    0.242534000000000E+04    0.330423567378602E+00    0.359757793360076E+00
    0.243160000000000E+04    0.481655993768163E+01    0.360270493260054E+00
    0.243162000000000E+04    0.485097070854226E+01    0.360267742247763E+00
    0.243788000000000E+04    0.304639124880214E+01    0.358988640441911E+00
    0.243790000000000E+04    0.308075077477133E+01    0.358988076156075E+00
    0.244416000000000E+04    0.127522475369551E+01    0.360272565503839E+00
    0.244418000000000E+04    0.130963572500968E+01    0.360276691928145E+00
    0.245046000000000E+04    0.583188378748673E+01    0.359845233962716E+00
    0.245048000000000E+04    0.586627752382083E+01    0.359841038697644E+00
    0.245674000000000E+04    0.406158998343199E+01    0.359674638370854E+00
    0.245676000000000E+04    0.409597698273501E+01    0.359676982349862E+00
    0.246302000000000E+04    0.229440502353191E+01    0.359636165664606E+00
    0.246304000000000E+04    0.232879040880835E+01    0.359633740328735E+00
    0.246930000000000E+04    0.523906083815746E+00    0.359867747046845E+00
    0.246932000000000E+04    0.558300821896410E+00    0.359872137001069E+00
    0.247558000000000E+04    0.504639437053720E+01    0.360264937747979E+00
    0.247560000000000E+04    0.508080504892314E+01    0.360260579265857E+00
    0.248186000000000E+04    0.327508221470362E+01    0.358994876380714E+00
    0.248188000000000E+04    0.330944195168468E+01    0.358995674823627E+00
    0.248816000000000E+04    0.153949452295365E+01    0.360267070419603E+00
    0.248818000000000E+04    0.157390541612767E+01    0.360269517943334E+00
    0.249444000000000E+04    0.605976555728375E+01    0.359738953280863E+00
    0.249446000000000E+04    0.609415494289715E+01    0.359736571917093E+00
    0.250072000000000E+04    0.429143754295092E+01    0.359934491869445E+00
    0.250074000000000E+04    0.432583466102369E+01    0.359935733567150E+00
    0.250700000000000E+04    0.252381538410282E+01    0.359365273201573E+00
    0.250702000000000E+04    0.255818996143080E+01    0.359362659026131E+00
    0.251328000000000E+04    0.752134137579560E+00    0.360015191125066E+00
    0.251330000000000E+04    0.786534851844408E+00    0.360020527942489E+00
    0.251956000000000E+04    0.527569573755500E+01    0.360175734553382E+00
    0.251958000000000E+04    0.531010266738940E+01    0.360170426249030E+00
    0.252586000000000E+04    0.353811648430383E+01    0.359117714681062E+00
    0.252588000000000E+04    0.357248119170436E+01    0.359119711668075E+00
    0.253214000000000E+04    0.176942764966225E+01    0.360160978460823E+00
    0.253216000000000E+04    0.180383416529639E+01    0.360161551716220E+00
    0.253842000000000E+04    0.396998133237503E-02    0.359694528350337E+00
    0.253844000000000E+04    0.383577084730859E-01    0.359694373205297E+00
    0.254470000000000E+04    0.452132387261190E+01    0.360135086260501E+00
    0.254472000000000E+04    0.455572932341693E+01    0.360134716366452E+00
    0.255098000000000E+04    0.275278607619111E+01    0.359142883426546E+00
    0.255100000000000E+04    0.278715163406923E+01    0.359140824272325E+00
    0.255726000000000E+04    0.980784000194035E+00    0.360157221997620E+00
    0.255728000000000E+04    0.101519039142750E+01    0.360162580559383E+00
    0.256354000000000E+04    0.550443108011586E+01    0.360036929880273E+00
    0.256356000000000E+04    0.553883256101926E+01    0.360031528734900E+00
    0.256984000000000E+04    0.376701619034793E+01    0.359330665471372E+00
    0.256986000000000E+04    0.380138938482651E+01    0.359333287783270E+00
    0.257612000000000E+04    0.199932773261025E+01    0.359966224595969E+00
    0.257614000000000E+04    0.203372642649447E+01    0.359965145440998E+00
    0.258240000000000E+04    0.231412138245105E+00    0.359729827922904E+00
    0.258242000000000E+04    0.265801280039341E+00    0.359731931826378E+00
    0.258868000000000E+04    0.475126014844773E+01    0.360253512405822E+00
    0.258870000000000E+04    0.478567026629935E+01    0.360251273592129E+00
    0.259496000000000E+04    0.298144645828052E+01    0.359006760851478E+00
    0.259498000000000E+04    0.301580670052226E+01    0.359005808455868E+00
    0.260124000000000E+04    0.120999305912937E+01    0.360256333885882E+00
    0.260126000000000E+04    0.124440334429619E+01    0.360260827204502E+00
    0.260754000000000E+04    0.576708284719371E+01    0.359882174198912E+00
    0.260756000000000E+04    0.580147810172548E+01    0.359877593141511E+00
    0.261382000000000E+04    0.399633834457927E+01    0.359597008606370E+00
    0.261384000000000E+04    0.403072223490017E+01    0.359599525012408E+00
    0.262010000000000E+04    0.222913389919722E+01    0.359712970003326E+00
    0.262012000000000E+04    0.226352237413266E+01    0.359710740054814E+00
    0.262638000000000E+04    0.459111752114040E+00    0.359830082572422E+00
    0.262640000000000E+04    0.493504992187809E+00    0.359834061160298E+00
    0.263266000000000E+04    0.498111339478055E+01    0.360275192171037E+00
    0.263268000000000E+04    0.501552441422064E+01    0.360271226578305E+00
    0.263894000000000E+04    0.321007525323512E+01    0.358980281678218E+00
    0.263896000000000E+04    0.324443440618052E+01    0.358980700563696E+00
    0.264524000000000E+04    0.147411894841116E+01    0.360279414775890E+00
    0.264526000000000E+04    0.150853021711919E+01    0.360282368362373E+00
    0.265152000000000E+04    0.599497302918098E+01    0.359761791273814E+00
    0.265154000000000E+04    0.602936338251857E+01    0.359758836537344E+00
    0.265780000000000E+04    0.422603542392699E+01    0.359861716664333E+00
    0.265782000000000E+04    0.426043006808504E+01    0.359863347347176E+00
    0.266408000000000E+04    0.245870145486151E+01    0.359439880790797E+00
    0.266410000000000E+04    0.249307951981791E+01    0.359437267387264E+00
    0.267036000000000E+04    0.687354188460631E+00    0.359975671545979E+00
    0.267038000000000E+04    0.721753300781529E+00    0.359980828304247E+00
    0.267664000000000E+04    0.521074322043751E+01    0.360211279267737E+00
    0.267666000000000E+04    0.524515158117902E+01    0.360206163559097E+00
    0.268294000000000E+04    0.347332054154322E+01    0.359076865012865E+00
    0.268296000000000E+04    0.350768363885891E+01    0.359078579901387E+00
    0.268922000000000E+04    0.170433092580606E+01    0.360204314709102E+00
    0.268924000000000E+04    0.173873913075022E+01    0.360205427920891E+00
    0.269550000000000E+04    0.622283391970814E+01    0.359704006232081E+00
    0.269552000000000E+04    0.625722205384409E+01    0.359703217065762E+00
    0.270178000000000E+04    0.445634694113960E+01    0.360090881791074E+00
    0.270180000000000E+04    0.449075058450580E+01    0.360091007470584E+00
    0.270806000000000E+04    0.268815477666703E+01    0.359202324240175E+00
    0.270808000000000E+04    0.272252281004421E+01    0.359200039240451E+00
    0.271434000000000E+04    0.916228599617170E+00    0.360124715911155E+00
    0.271436000000000E+04    0.950633754984665E+00    0.360130167440597E+00
    0.272062000000000E+04    0.544002355264092E+01    0.360082203399122E+00
    0.272064000000000E+04    0.547442675730144E+01    0.360076730892755E+00
    0.272692000000000E+04    0.370250675700572E+01    0.359267072807798E+00
    0.272694000000000E+04    0.373687741987214E+01    0.359269594021730E+00
    0.273320000000000E+04    0.193464940144895E+01    0.360031626083960E+00
    0.273322000000000E+04    0.196905084021000E+01    0.360030975216134E+00
    0.273948000000000E+04    0.167478166297769E+00    0.359716479939866E+00
    0.273950000000000E+04    0.201866778532349E+00    0.359717972620267E+00
    0.274576000000000E+04    0.468669565311757E+01    0.360233881601709E+00
    0.274578000000000E+04    0.472110503784643E+01    0.360232161480412E+00
    0.275204000000000E+04    0.291730367467699E+01    0.359038873123337E+00
    0.275206000000000E+04    0.295166520451676E+01    0.359037569788831E+00
    0.275832000000000E+04    0.114569247464169E+01    0.360240097350484E+00
    0.275834000000000E+04    0.118010210431930E+01    0.360244908670996E+00
    0.276462000000000E+04    0.570319820911755E+01    0.359926962026929E+00
    0.276464000000000E+04    0.573759524221532E+01    0.359922060366376E+00
    0.277090000000000E+04    0.393212470362232E+01    0.359525136885385E+00
    0.277092000000000E+04    0.396650570455404E+01    0.359527761910279E+00
    0.277718000000000E+04    0.216489951700896E+01    0.359791132535199E+00
    0.277720000000000E+04    0.219929113314629E+01    0.359789152392666E+00
    0.278346000000000E+04    0.395450043983146E+00    0.359800547418941E+00
    0.278348000000000E+04    0.429842091635692E+00    0.359804062082725E+00
    0.278974000000000E+04    0.491696957069598E+01    0.360282834771349E+00
    0.278976000000000E+04    0.495138088354361E+01    0.360279303279152E+00
    0.279602000000000E+04    0.314629077726750E+01    0.358979469706007E+00
    0.279604000000000E+04    0.318064989964023E+01    0.358979505324781E+00
    0.280232000000000E+04    0.141004723539572E+01    0.360287538746702E+00
    0.280234000000000E+04    0.144445882456967E+01    0.360290962012121E+00
    0.280860000000000E+04    0.593152220882530E+01    0.359794156312211E+00
    0.280862000000000E+04    0.596591387314038E+01    0.359790683577716E+00
    0.281488000000000E+04    0.416206276855610E+01    0.359794225729711E+00
    0.281490000000000E+04    0.419645470180694E+01    0.359796179620757E+00
    0.282116000000000E+04    0.239486713669066E+01    0.359518525497575E+00
    0.282118000000000E+04    0.242924801998561E+01    0.359515924332422E+00
    0.282744000000000E+04    0.623758129277121E+00    0.359936150870848E+00
    0.282746000000000E+04    0.658155423932840E+00    0.359941061047566E+00
    0.283372000000000E+04    0.514681832938186E+01    0.360235874281357E+00
    0.283374000000000E+04    0.518122770564332E+01    0.360231008890951E+00
    0.284000000000000E+04    0.337518580981396E+01    0.359038125919574E+00
    0.284002000000000E+04    0.340954732615228E+01    0.359039488111072E+00
    0.284630000000000E+04    0.164018859176849E+01    0.360234892688653E+00
    0.284632000000000E+04    0.167459808002059E+01    0.360236517651035E+00
    0.285258000000000E+04    0.615938800527601E+01    0.359714009169484E+00
    0.285260000000000E+04    0.619377657409768E+01    0.359712607803540E+00
    0.285886000000000E+04    0.439220570741418E+01    0.360035984662550E+00
    0.285888000000000E+04    0.442660713430178E+01    0.360036574810769E+00
    0.286514000000000E+04    0.262428734456444E+01    0.359262751154718E+00
    0.286516000000000E+04    0.265865780141212E+01    0.359260296076671E+00
    0.287142000000000E+04    0.852418443148053E+00    0.360084919187042E+00
    0.287144000000000E+04    0.886821964782939E+00    0.360090384781180E+00
    0.287770000000000E+04    0.537619552669821E+01    0.360121173428800E+00
    0.287772000000000E+04    0.541060027253570E+01    0.360115707931170E+00
    0.288400000000000E+04    0.363861311066285E+01    0.359205503548350E+00
    0.288402000000000E+04    0.367298134991506E+01    0.359207857944997E+00
    0.289028000000000E+04    0.187046220226330E+01    0.360087442073395E+00
    0.289030000000000E+04    0.190486584613973E+01    0.360087239270599E+00
    0.289656000000000E+04    0.103919681437219E+00    0.359702919497064E+00
    0.289658000000000E+04    0.138307757559232E+00    0.359703782176757E+00
    0.290284000000000E+04    0.462242578652786E+01    0.360201129017004E+00
    0.290286000000000E+04    0.465683395487849E+01    0.360199934177081E+00
    0.290912000000000E+04    0.285339244936131E+01    0.359073223104507E+00
    0.290914000000000E+04    0.288775530480507E+01    0.359071601533591E+00
    0.291540000000000E+04    0.108158054325850E+01    0.360212430541370E+00
    0.291542000000000E+04    0.111598899006458E+01    0.360217495169986E+00
    0.292170000000000E+04    0.563934830816470E+01    0.359967366225764E+00
    0.292172000000000E+04    0.567374693502916E+01    0.359962213035496E+00
    0.292798000000000E+04    0.386791886759966E+01    0.359448132544435E+00
    0.292800000000000E+04    0.390229672957230E+01    0.359450801898101E+00
    0.293426000000000E+04    0.210053991559835E+01    0.359859959176759E+00
    0.293428000000000E+04    0.213493436556473E+01    0.359858276355627E+00
    0.294054000000000E+04    0.331643423582136E+00    0.359770607257802E+00
    0.294056000000000E+04    0.366034282579676E+00    0.359773605158148E+00
    0.294682000000000E+04    0.485257257972626E+01    0.360279051634715E+00
    0.294684000000000E+04    0.488698371624196E+01    0.360275999614731E+00
    0.295310000000000E+04    0.308223068765619E+01    0.358984014842552E+00
    0.295312000000000E+04    0.311658999894735E+01    0.358983666261368E+00
    0.295940000000000E+04    0.134567484008039E+01    0.360284461803336E+00
    0.295942000000000E+04    0.138008630358399E+01    0.360288323640307E+00
    0.296568000000000E+04    0.586767434639387E+01    0.359826941844536E+00
    0.296570000000000E+04    0.590206733533250E+01    0.359822996863556E+00
    0.297196000000000E+04    0.409768992319096E+01    0.359720405344009E+00
    0.297198000000000E+04    0.413207883733958E+01    0.359722625956180E+00
    0.297824000000000E+04    0.233053426424704E+01    0.359593681865758E+00
    0.297826000000000E+04    0.236491799352189E+01    0.359591176094935E+00
    0.298452000000000E+04    0.559803151078086E+00    0.359892513145217E+00
    0.298454000000000E+04    0.594198811967544E+00    0.359897121983602E+00
    0.299080000000000E+04    0.508260938604053E+01    0.360254190198601E+00
    0.299082000000000E+04    0.511701987761444E+01    0.360249641300963E+00
    0.299708000000000E+04    0.331132812939086E+01    0.359016649134009E+00
    0.299710000000000E+04    0.334568877592756E+01    0.359017665086977E+00
    0.300338000000000E+04    0.157604833414916E+01    0.360264988224677E+00
    0.300340000000000E+04    0.161045897594067E+01    0.360267135818593E+00
    0.300966000000000E+04    0.609598193762213E+01    0.359734976499002E+00
    0.300968000000000E+04    0.613037123895174E+01    0.359732939189523E+00
    0.301594000000000E+04    0.432816265330075E+01    0.359979959164940E+00
    0.301596000000000E+04    0.436256171048990E+01    0.359980964448773E+00
    0.302222000000000E+04    0.256053350595812E+01    0.359332551658784E+00
    0.302224000000000E+04    0.259490678452585E+01    0.359329980602955E+00
    0.302850000000000E+04    0.788856877083163E+00    0.360049652036697E+00
    0.302852000000000E+04    0.823258972533040E+00    0.360055058510747E+00
    0.303478000000000E+04    0.531262247946506E+01    0.360164440501225E+00
    0.303480000000000E+04    0.534702895264309E+01    0.360159051804609E+00
    0.304108000000000E+04    0.357512819007388E+01    0.359157103944598E+00
    0.304110000000000E+04    0.360949447293842E+01    0.359159248940052E+00
    0.304736000000000E+04    0.180675047194836E+01    0.360142997459090E+00
    0.304738000000000E+04    0.184115627309529E+01    0.360143267126782E+00
    0.305364000000000E+04    0.409787438720741E-01    0.359704028460133E+00
    0.305366000000000E+04    0.753668528668641E-01    0.359704262321570E+00
    0.305992000000000E+04    0.455888050513931E+01    0.360170697359995E+00
    0.305994000000000E+04    0.459328739746888E+01    0.360170018262274E+00
    0.306620000000000E+04    0.279026428080033E+01    0.359121975083963E+00
    0.306622000000000E+04    0.282462898244103E+01    0.359120073867106E+00
    0.307248000000000E+04    0.101840089440884E+01    0.360187158521126E+00
    0.307250000000000E+04    0.105280836471229E+01    0.360192422745745E+00
    0.307878000000000E+04    0.557647746759994E+01    0.360013812946238E+00
    0.307880000000000E+04    0.561087807254080E+01    0.360008480771620E+00
    0.308506000000000E+04    0.380493301378829E+01    0.359384117829295E+00
    0.308508000000000E+04    0.383930842801055E+01    0.359386777402257E+00
    0.309134000000000E+04    0.203752347082172E+01    0.359936570037964E+00
    0.309136000000000E+04    0.207192105807371E+01    0.359935250647421E+00
    0.309762000000000E+04    0.269362948123671E+00    0.359753811713606E+00
    0.309764000000000E+04    0.303753092934130E+00    0.359756271810200E+00
    0.310390000000000E+04    0.478976292380685E+01    0.360275474028878E+00
    0.310392000000000E+04    0.482417396056553E+01    0.360272914824828E+00
    0.311018000000000E+04    0.301987672518226E+01    0.359005542719612E+00
    0.311020000000000E+04    0.305423688030442E+01    0.359004822166700E+00
    0.311646000000000E+04    0.124871451780018E+01    0.360277559916652E+00
    0.311648000000000E+04    0.128312562439714E+01    0.360281823017015E+00
    0.312276000000000E+04    0.580568111230605E+01    0.359869843645063E+00
    0.312278000000000E+04    0.584007586381358E+01    0.359865497021381E+00
    0.312904000000000E+04    0.403534843912439E+01    0.359656089291557E+00
    0.312906000000000E+04    0.406973469051081E+01    0.359658503716474E+00
    0.313532000000000E+04    0.226829443001407E+01    0.359675993060509E+00
    0.313534000000000E+04    0.230268142988734E+01    0.359673634047809E+00
    0.314160000000000E+04    0.498110113829171E+00    0.359864481299236E+00
    0.314162000000000E+04    0.532504751135093E+00    0.359868731727170E+00
    0.314788000000000E+04    0.502055657152596E+01    0.360280146248763E+00
    0.314790000000000E+04    0.505496773081541E+01    0.360275931673005E+00
    0.315416000000000E+04    0.324947871988297E+01    0.358999529197161E+00
    0.315418000000000E+04    0.328383865313754E+01    0.359000192903788E+00
    0.316046000000000E+04    0.151388843212499E+01    0.360283954947813E+00
    0.316048000000000E+04    0.154829988392521E+01    0.360286591653723E+00
    0.316674000000000E+04    0.603447888346454E+01    0.359756905507640E+00
    0.316676000000000E+04    0.606886908022170E+01    0.359754307030421E+00
    0.317302000000000E+04    0.426608967620086E+01    0.359917561510863E+00
    0.317304000000000E+04    0.430048658580108E+01    0.359918968178689E+00
    0.317930000000000E+04    0.249876331982250E+01    0.359404942058267E+00
    0.317932000000000E+04    0.253313957377941E+01    0.359402315967234E+00
    0.318558000000000E+04    0.727267350024704E+00    0.360013892885063E+00
    0.318560000000000E+04    0.761667696033328E+00    0.360019164521753E+00
    0.319186000000000E+04    0.525084601789786E+01    0.360196519658565E+00
    0.319188000000000E+04    0.528525380869814E+01    0.360191264888983E+00
    0.319816000000000E+04    0.351341978724395E+01    0.359111294085207E+00
    0.319818000000000E+04    0.354778426162284E+01    0.359113194616653E+00
    0.320444000000000E+04    0.174473419657534E+01    0.360185967858795E+00
    0.320446000000000E+04    0.177914165187212E+01    0.360186742995317E+00
    0.321072000000000E+04    0.626285478297359E+01    0.359706775370095E+00
    0.321074000000000E+04    0.140575400000671E-01    0.359706400857365E+00
    0.321700000000000E+04    0.449690937918876E+01    0.360129992447491E+00
    0.321702000000000E+04    0.453131459435826E+01    0.360129798886801E+00
    0.322328000000000E+04    0.272859919085749E+01    0.359171902942803E+00
    0.322330000000000E+04    0.276296600155183E+01    0.359169755705941E+00
    0.322956000000000E+04    0.956746241179644E+00    0.360155379853791E+00
    0.322958000000000E+04    0.991152652033634E+00    0.360160783084308E+00
    0.323586000000000E+04    0.551498911103317E+01    0.360056357863136E+00
    0.323588000000000E+04    0.554939127696707E+01    0.360050910458229E+00
    0.324214000000000E+04    0.374323042687138E+01    0.359316761054016E+00
    0.324216000000000E+04    0.377760301794933E+01    0.359319354855740E+00
    0.324842000000000E+04    0.197565057313932E+01    0.359993647628382E+00
    0.324844000000000E+04    0.201005074834848E+01    0.359992705213050E+00
    0.325470000000000E+04    0.208199929627881E+00    0.359739538236314E+00
    0.325472000000000E+04    0.242589518184104E+00    0.359741430900246E+00
    0.326098000000000E+04    0.472804404468479E+01    0.360263209280725E+00
    0.326100000000000E+04    0.476245454730724E+01    0.360261130463930E+00
    0.326726000000000E+04    0.295855109476634E+01    0.359031087667443E+00
    0.326728000000000E+04    0.299291231669486E+01    0.359030016143925E+00
    0.327354000000000E+04    0.118722492036977E+01    0.360266193195012E+00
    0.327356000000000E+04    0.122163560432818E+01    0.360270800568199E+00
    0.327984000000000E+04    0.574463777785877E+01    0.359911216701196E+00
    0.327986000000000E+04    0.577903417132438E+01    0.359906522098627E+00
    0.328612000000000E+04    0.397395941454397E+01    0.359587854809304E+00
    0.328614000000000E+04    0.400834294904689E+01    0.359590414490524E+00
    0.329240000000000E+04    0.220693665329145E+01    0.359752716241619E+00
    0.329242000000000E+04    0.224132671696316E+01    0.359750560841218E+00
    0.329868000000000E+04    0.437270099751913E+00    0.359834577064758E+00
    0.329870000000000E+04    0.471663499187343E+00    0.359838408950831E+00
    0.330496000000000E+04    0.495930910891366E+01    0.360293358581651E+00
    0.330498000000000E+04    0.499372090987436E+01    0.360289532170626E+00
    0.331124000000000E+04    0.318856812966351E+01    0.358993508958122E+00
    0.331126000000000E+04    0.322292781466240E+01    0.358993803861470E+00
    0.331754000000000E+04    0.145270082976185E+01    0.360296625938859E+00
    0.331756000000000E+04    0.148711284219371E+01    0.360299729473014E+00
    0.332382000000000E+04    0.597395887908351E+01    0.359786557274935E+00
    0.332384000000000E+04    0.600835018224916E+01    0.359783443589246E+00
    0.333010000000000E+04    0.420502466270591E+01    0.359856231132257E+00
    0.333012000000000E+04    0.423941887825913E+01    0.359857962298142E+00
    0.333638000000000E+04    0.243785894322536E+01    0.359477875031080E+00
    0.333640000000000E+04    0.247223812942320E+01    0.359475246062974E+00
    0.334266000000000E+04    0.666745695165446E+00    0.359976544047795E+00
    0.334268000000000E+04    0.701144854273480E+00    0.359981636139275E+00
    0.334894000000000E+04    0.519026634735656E+01    0.360232640669296E+00
    0.334896000000000E+04    0.522467577965290E+01    0.360227599428971E+00
    0.335524000000000E+04    0.345310463590886E+01    0.359081805285538E+00
    0.335526000000000E+04    0.348746773255425E+01    0.359083445467067E+00
    0.336152000000000E+04    0.168416435621748E+01    0.360227622162268E+00
    0.336154000000000E+04    0.171857348669982E+01    0.360228884673886E+00
    0.336780000000000E+04    0.620303621410039E+01    0.359719990387896E+00
    0.336782000000000E+04    0.623742488828066E+01    0.359719013275677E+00
    0.337408000000000E+04    0.443648644112727E+01    0.360087352981296E+00
    0.337410000000000E+04    0.447088990287830E+01    0.360087604353881E+00
    0.338036000000000E+04    0.266854377897198E+01    0.359232886670022E+00
    0.338038000000000E+04    0.270291308968353E+01    0.359230557675877E+00
    0.338664000000000E+04    0.896808660063471E+00    0.360127806802555E+00
    0.338666000000000E+04    0.931213834634036E+00    0.360133261268248E+00
    0.339294000000000E+04    0.545516585714631E+01    0.360101920489700E+00
    0.339296000000000E+04    0.548956987166275E+01    0.360096430904570E+00
    0.339922000000000E+04    0.368342750160446E+01    0.359265601353374E+00
    0.339924000000000E+04    0.371779810992484E+01    0.359268086117222E+00
    0.340550000000000E+04    0.191565233655729E+01    0.360061867469620E+00
    0.340552000000000E+04    0.195005482401848E+01    0.360061335205574E+00
    0.341178000000000E+04    0.148796802068318E+00    0.359726541121928E+00
    0.341180000000000E+04    0.183185881875943E+00    0.359727870357524E+00
    0.341806000000000E+04    0.466802107046442E+01    0.360241185315976E+00
    0.341808000000000E+04    0.470243074966857E+01    0.360239601597889E+00
    0.342434000000000E+04    0.289887811428434E+01    0.359059576125307E+00
    0.342436000000000E+04    0.293324044727979E+01    0.359058185355357E+00
    0.343062000000000E+04    0.112738348184212E+01    0.360246465278777E+00
    0.343064000000000E+04    0.116179347514480E+01    0.360251364833954E+00
    0.343692000000000E+04    0.568514806509211E+01    0.359950664270115E+00
    0.343694000000000E+04    0.571954595972147E+01    0.359945687049925E+00
    0.344320000000000E+04    0.391411963741484E+01    0.359516394645247E+00
    0.344322000000000E+04    0.394850026149015E+01    0.359519034603030E+00
    0.344948000000000E+04    0.214706133994696E+01    0.359822041499319E+00
    0.344950000000000E+04    0.218145450001521E+01    0.359820142695386E+00
    0.345576000000000E+04    0.377946776335193E+00    0.359805968765190E+00
    0.345578000000000E+04    0.412339029217037E+00    0.359809357877165E+00
    0.346204000000000E+04    0.489947155188747E+01    0.360295543708318E+00
    0.346206000000000E+04    0.493388337857687E+01    0.360292145934079E+00
    0.346832000000000E+04    0.312906419614228E+01    0.358994419730001E+00
    0.346834000000000E+04    0.316342387995428E+01    0.358994362396041E+00
    0.347462000000000E+04    0.139289390675185E+01    0.360300139547863E+00
    0.347464000000000E+04    0.142730595674857E+01    0.360303661666738E+00
    0.348090000000000E+04    0.591467312784334E+01    0.359815836594178E+00
    0.348092000000000E+04    0.594906573594926E+01    0.359812256737801E+00
    0.348718000000000E+04    0.414528107661590E+01    0.359792542052667E+00
    0.348720000000000E+04    0.417967278066226E+01    0.359794560127324E+00
    0.349346000000000E+04    0.237823300341552E+01    0.359550017172267E+00
    0.349348000000000E+04    0.241261495943854E+01    0.359547428425215E+00
    0.349974000000000E+04    0.607417386780980E+00    0.359939133002629E+00
    0.349976000000000E+04    0.641815039297398E+00    0.359943991196226E+00
    0.350602000000000E+04    0.513063891426827E+01    0.360256662585608E+00
    0.350604000000000E+04    0.516504910505955E+01    0.360251869359032E+00
    0.351232000000000E+04    0.339359051551310E+01    0.359046932090648E+00
    0.351234000000000E+04    0.342795237911105E+01    0.359048264197507E+00
    0.351860000000000E+04    0.162434347618182E+01    0.360256099794496E+00
    0.351862000000000E+04    0.165875382593549E+01    0.360257842437734E+00
    0.352488000000000E+04    0.614386250666212E+01    0.359730150989740E+00
    0.352490000000000E+04    0.617825165500381E+01    0.359728584509633E+00
    0.353116000000000E+04    0.437669867006116E+01    0.360035006909776E+00
    0.353118000000000E+04    0.441110025564194E+01    0.360035699284179E+00
    0.353744000000000E+04    0.260906353169048E+01    0.359291558579155E+00
    0.353746000000000E+04    0.264343516724966E+01    0.359289068256174E+00
    0.354372000000000E+04    0.837348519150510E+00    0.360091931219343E+00
    0.354374000000000E+04    0.871751977635540E+00    0.360097375572352E+00
    0.355000000000000E+04    0.536124326768913E+01    0.360142885625163E+00
    0.355002000000000E+04    0.539564890461224E+01    0.360137432190349E+00
    0.355630000000000E+04    0.362384837219543E+01    0.359207951193695E+00
    0.355632000000000E+04    0.365821670187051E+01    0.359210268818116E+00
    0.356258000000000E+04    0.185579812777632E+01    0.360111475171044E+00
    0.356260000000000E+04    0.189020266737953E+01    0.360111367672368E+00
    0.356886000000000E+04    0.895943753475876E-01    0.359717692920034E+00
    0.356888000000000E+04    0.123983062148000E+00    0.359718423569247E+00
    0.357514000000000E+04    0.460816374044953E+01    0.360211132123533E+00
    0.357516000000000E+04    0.464257219883802E+01    0.360210029429279E+00
    0.358142000000000E+04    0.283934753194080E+01    0.359094551982853E+00
    0.358144000000000E+04    0.287371126538437E+01    0.359092868494635E+00
    0.358770000000000E+04    0.106771067296359E+01    0.360220813060318E+00
    0.358772000000000E+04    0.110211960123161E+01    0.360225937643330E+00
    0.359400000000000E+04    0.562571223661871E+01    0.359989001646027E+00
    0.359402000000000E+04    0.566011167192028E+01    0.359983801860796E+00
    0.360028000000000E+04    0.385440734308031E+01    0.359446889809392E+00
    0.360030000000000E+04    0.388878526351255E+01    0.359449566762787E+00
    0.360656000000000E+04    0.208720369946150E+01    0.359887694956956E+00
    0.360658000000000E+04    0.212159927832636E+01    0.359886072861649E+00
