    0.000000000000000E+00    0.190000000000000E+01    0.370000000000000E+00
    0.200000000000000E-01    0.193479998922503E+01    0.369999431773003E+00
    0.630000000000000E+01    0.293112566302694E+00    0.369806779784833E+00
    0.632000000000000E+01    0.327904847103643E+00    0.369809343264955E+00
    0.125800000000000E+02    0.493976845555466E+01    0.370248885611622E+00
    0.126000000000000E+02    0.497457838528265E+01    0.370245276930742E+00
    0.188600000000000E+02    0.329427359098976E+01    0.369007052365457E+00
    0.188800000000000E+02    0.332903382317647E+01    0.369007904544947E+00
    0.251400000000000E+02    0.164986412430542E+01    0.370181219175099E+00
    0.251600000000000E+02    0.168467148613398E+01    0.370182649686442E+00
    0.314200000000000E+02    0.107820745678708E-01    0.369760499731745E+00
    0.314400000000000E+02    0.455724460526810E-01    0.369760555805095E+00
    0.377000000000000E+02    0.465497574720781E+01    0.370181808174718E+00
    0.377200000000000E+02    0.468978338530650E+01    0.370180244303364E+00
    0.440000000000000E+02    0.304537053970596E+01    0.369007831879354E+00
    0.440200000000000E+02    0.308013083418372E+01    0.369007143523889E+00
    0.502800000000000E+02    0.140001256720994E+01    0.370256633492999E+00
    0.503000000000000E+02    0.143482288367058E+01    0.370260063715778E+00
    0.565600000000000E+02    0.604660675630845E+01    0.369803392903363E+00
    0.565800000000000E+02    0.608139882555444E+01    0.369800944659865E+00
    0.628400000000000E+02    0.440501132144038E+01    0.370009880958930E+00
    0.628600000000000E+02    0.443981161373407E+01    0.370010330590458E+00
    0.691200000000000E+02    0.276160301439390E+01    0.369138666735239E+00
    0.691400000000000E+02    0.279636852855255E+01    0.369136649647313E+00
    0.754000000000000E+02    0.111569435702307E+01    0.370217828877755E+00
    0.754200000000000E+02    0.115050316288927E+01    0.370222779343349E+00
    0.817000000000000E+02    0.579889780157723E+01    0.369910951565485E+00
    0.817200000000000E+02    0.583369414234841E+01    0.369906542704629E+00
    0.879800000000000E+02    0.415505016930464E+01    0.369750864509897E+00
    0.880000000000000E+02    0.418984029426980E+01    0.369752869035833E+00
    0.942600000000000E+02    0.251237823420050E+01    0.369376838308404E+00
    0.942800000000000E+02    0.254715321862014E+01    0.369374214884098E+00
    0.100540000000000E+03    0.866758003120111E+00    0.370103490805103E+00
    0.100560000000000E+03    0.901562198165095E+00    0.370108954147791E+00
    0.106820000000000E+03    0.551600673500297E+01    0.370056290180035E+00
    0.106840000000000E+03    0.555080938977665E+01    0.370050899584294E+00
    0.113100000000000E+03    0.387075767837169E+01    0.369464308761581E+00
    0.113120000000000E+03    0.390553625509583E+01    0.369466962704486E+00
    0.119400000000000E+03    0.226301442266467E+01    0.369669016638649E+00
    0.119420000000000E+03    0.229780114310250E+01    0.369666722512640E+00
    0.125680000000000E+03    0.618721061750421E+00    0.369964641983209E+00
    0.125700000000000E+03    0.653519662986810E+00    0.369969464397505E+00
    0.131960000000000E+03    0.526751013014675E+01    0.370189672531258E+00
    0.131980000000000E+03    0.530231764250220E+01    0.370184414227299E+00
    0.138240000000000E+03    0.362161604853125E+01    0.369205701923819E+00
    0.138260000000000E+03    0.365638429707931E+01    0.369208040290477E+00
    0.144520000000000E+03    0.197855428968506E+01    0.369945260762845E+00
    0.144540000000000E+03    0.201335210739441E+01    0.369944241868705E+00
    0.150800000000000E+03    0.336321804964768E+00    0.369835079161561E+00
    0.150820000000000E+03    0.371115246332181E+00    0.369838202831102E+00
    0.157080000000000E+03    0.498359570376755E+01    0.370257982370446E+00
    0.157100000000000E+03    0.501840611561568E+01    0.370253966697082E+00
    0.163380000000000E+03    0.337279948621125E+01    0.369037481189332E+00
    0.163400000000000E+03    0.340756092085996E+01    0.369038709286166E+00
    0.169660000000000E+03    0.172879038469995E+01    0.370148066834685E+00
    0.169680000000000E+03    0.176359678865242E+01    0.370148926737743E+00
    0.175940000000000E+03    0.892305100280169E-01    0.369777432592363E+00
    0.175960000000000E+03    0.124021598257571E+00    0.369778160239508E+00
    0.182220000000000E+03    0.473424353730331E+01    0.370223488905393E+00
    0.182240000000000E+03    0.476905244871875E+01    0.370221364590236E+00
    0.188500000000000E+03    0.308963256972407E+01    0.369003766981778E+00
    0.188520000000000E+03    0.312439269577533E+01    0.369003442598460E+00
    0.194780000000000E+03    0.144457201139193E+01    0.370255188936669E+00
    0.194800000000000E+03    0.147938226130464E+01    0.370258148091100E+00
    0.201080000000000E+03    0.612548285803467E+01    0.369792640281227E+00
    0.201100000000000E+03    0.616027451810163E+01    0.369790837021741E+00
    0.207360000000000E+03    0.448469423588591E+01    0.370074595040254E+00
    0.207380000000000E+03    0.451949723216177E+01    0.370074561521957E+00
    0.213640000000000E+03    0.284114889931112E+01    0.369102218385056E+00
    0.213660000000000E+03    0.287591293705486E+01    0.369100499337124E+00
    0.219920000000000E+03    0.119543673509577E+01    0.370246934076612E+00
    0.219940000000000E+03    0.123024677149647E+01    0.370251570695342E+00
    0.226200000000000E+03    0.584359209703382E+01    0.369889195726941E+00
    0.226220000000000E+03    0.587838750542136E+01    0.369885213668985E+00
    0.232480000000000E+03    0.420036690653689E+01    0.369830838635090E+00
    0.232500000000000E+03    0.423516015694264E+01    0.369832522280454E+00
    0.238780000000000E+03    0.259245802444553E+01    0.369316391197267E+00
    0.238800000000000E+03    0.262723068592601E+01    0.369313862117656E+00
    0.245060000000000E+03    0.946815766133000E+00    0.370150398206827E+00
    0.245080000000000E+03    0.981621780429634E+00    0.370155816767537E+00
    0.251340000000000E+03    0.559600754333314E+01    0.370028056230561E+00
    0.251360000000000E+03    0.563080857387291E+01    0.370022801310912E+00
    0.257620000000000E+03    0.395105276541182E+01    0.369544432046181E+00
    0.257640000000000E+03    0.398583442970909E+01    0.369547007352507E+00
    0.263900000000000E+03    0.230862152368485E+01    0.369597646452851E+00
    0.263920000000000E+03    0.234340546664026E+01    0.369595172558090E+00
    0.270180000000000E+03    0.663990623164807E+00    0.370004924937511E+00
    0.270200000000000E+03    0.698790904103191E+00    0.370010021768269E+00
    0.276480000000000E+03    0.534789777203622E+01    0.370164932905069E+00
    0.276500000000000E+03    0.538270431782996E+01    0.370159524141518E+00
    0.282760000000000E+03    0.370214262948326E+01    0.369275684655375E+00
    0.282780000000000E+03    0.373691359315416E+01    0.369278212906108E+00
    0.289040000000000E+03    0.205934970500550E+01    0.369882444613623E+00
    0.289060000000000E+03    0.209414498763266E+01    0.369881000098945E+00
    0.295320000000000E+03    0.416579515508261E+00    0.369870193683945E+00
    0.295340000000000E+03    0.451374354399491E+00    0.369873849282279E+00
    0.301600000000000E+03    0.506441719084000E+01    0.370252948457381E+00
    0.301620000000000E+03    0.509922725112995E+01    0.370248508000407E+00
    0.307880000000000E+03    0.341874683378262E+01    0.369074807716895E+00
    0.307900000000000E+03    0.345350978748365E+01    0.369076371581130E+00
    0.314160000000000E+03    0.177504271370140E+01    0.370111383907063E+00
    0.314180000000000E+03    0.180984730618036E+01    0.370111742343083E+00
    0.320460000000000E+03    0.169538758613157E+00    0.369786450990061E+00
    0.320480000000000E+03    0.204330168851016E+00    0.369787861553714E+00
    0.326740000000000E+03    0.481519958789227E+01    0.370242857012143E+00
    0.326760000000000E+03    0.485000932004914E+01    0.370240194512563E+00
    0.333020000000000E+03    0.317031282274581E+01    0.369001028212482E+00
    0.333040000000000E+03    0.320507278091839E+01    0.369001140441449E+00
    0.339300000000000E+03    0.152553076488573E+01    0.370241381186100E+00
    0.339320000000000E+03    0.156034052729342E+01    0.370243810588223E+00
    0.345580000000000E+03    0.617102759386717E+01    0.369782763830511E+00
    0.345600000000000E+03    0.620581879634221E+01    0.369781590879787E+00
    0.351860000000000E+03    0.453089921132005E+01    0.370124379673339E+00
    0.351880000000000E+03    0.456570408423272E+01    0.370123792924829E+00
    0.358160000000000E+03    0.292184873492374E+01    0.369062238254156E+00
    0.358180000000000E+03    0.295661118942485E+01    0.369060875433814E+00
    0.364440000000000E+03    0.127626521770071E+01    0.370260304740991E+00
    0.364460000000000E+03    0.131107570655161E+01    0.370264550046388E+00
    0.370720000000000E+03    0.592392362492546E+01    0.369855666401533E+00
    0.370740000000000E+03    0.595871778047911E+01    0.369852188718080E+00
    0.377000000000000E+03    0.428130107775860E+01    0.369902343867380E+00
    0.377020000000000E+03    0.431609718702589E+01    0.369903636895737E+00
    0.383280000000000E+03    0.263841121174926E+01    0.369250619550835E+00
    0.383300000000000E+03    0.267318115691376E+01    0.369248201579060E+00
    0.389560000000000E+03    0.992624560088757E+00    0.370177566481523E+00
    0.389580000000000E+03    0.102743187402746E+01    0.370182903220318E+00
    0.395860000000000E+03    0.567647438743722E+01    0.369985823601934E+00
    0.395880000000000E+03    0.571127374929551E+01    0.369980799642295E+00
    0.402140000000000E+03    0.403185977461385E+01    0.369620563242111E+00
    0.402160000000000E+03    0.406664446694776E+01    0.369622991226969E+00
    0.408420000000000E+03    0.238940736155348E+01    0.369518200822802E+00
    0.408440000000000E+03    0.242418816135068E+01    0.369515615270045E+00
    0.414700000000000E+03    0.744413016356475E+00    0.370044483204590E+00
    0.414720000000000E+03    0.779214881764574E+00    0.370049782006522E+00
    0.420980000000000E+03    0.539364715998829E+01    0.370133947488693E+00
    0.421000000000000E+03    0.542845246741263E+01    0.370128474945087E+00
    0.427260000000000E+03    0.374801919934816E+01    0.369339871988198E+00
    0.427280000000000E+03    0.378279270803955E+01    0.369342493501322E+00
    0.433540000000000E+03    0.210534968604486E+01    0.369809910146623E+00
    0.433560000000000E+03    0.214014205481647E+01    0.369808114755766E+00
    0.439840000000000E+03    0.496782572950451E+00    0.369902055312726E+00
    0.439860000000000E+03    0.531578707749304E+00    0.369906194018099E+00
    0.446120000000000E+03    0.514503480050189E+01    0.370234749102523E+00
    0.446140000000000E+03    0.517984410522513E+01    0.370229961828302E+00
    0.452400000000000E+03    0.349922182823332E+01    0.369114995814851E+00
    0.452420000000000E+03    0.353398641693968E+01    0.369116890013825E+00
    0.458680000000000E+03    0.185578049723381E+01    0.370057751306511E+00
    0.458700000000000E+03    0.189058295602570E+01    0.370057575444985E+00
    0.464960000000000E+03    0.214770282521272E+00    0.369798389565693E+00
    0.464980000000000E+03    0.249562173729942E+00    0.369800429195671E+00
    0.471240000000000E+03    0.486102729995912E+01    0.370255853301205E+00
    0.471260000000000E+03    0.489583753753413E+01    0.370252695935046E+00
    0.477540000000000E+03    0.325065932790653E+01    0.369005910930085E+00
    0.477560000000000E+03    0.328541948906150E+01    0.369006447719956E+00
    0.483820000000000E+03    0.160614532490877E+01    0.370216808871650E+00
    0.483840000000000E+03    0.164095406500860E+01    0.370218682029323E+00
    0.490100000000000E+03    0.625093590975621E+01    0.369773421758380E+00
    0.490120000000000E+03    0.254126236086449E-02    0.369772935094174E+00
    0.496380000000000E+03    0.461149112551595E+01    0.370164206831693E+00
    0.496400000000000E+03    0.464629772992384E+01    0.370163097524903E+00
    0.502660000000000E+03    0.296739375255720E+01    0.369033782588186E+00
    0.502680000000000E+03    0.300215507910764E+01    0.369032747669778E+00
    0.508940000000000E+03    0.132193625509558E+01    0.370262766499419E+00
    0.508960000000000E+03    0.135674683746993E+01    0.370266611824989E+00
    0.515240000000000E+03    0.600390181552871E+01    0.369828822419702E+00
    0.515260000000000E+03    0.603869496524794E+01    0.369825924509213E+00
    0.521520000000000E+03    0.436191351111108E+01    0.369969681947957E+00
    0.521540000000000E+03    0.439671228573343E+01    0.369970528824339E+00
    0.527800000000000E+03    0.271880511381323E+01    0.369191029526165E+00
    0.527820000000000E+03    0.275357271017356E+01    0.369188822429877E+00
    0.534080000000000E+03    0.107300985354834E+01    0.370208906409423E+00
    0.534100000000000E+03    0.110781830191979E+01    0.370214048720017E+00
    0.540360000000000E+03    0.572177801144835E+01    0.369951270205037E+00
    0.540380000000000E+03    0.575657594452173E+01    0.369946550952984E+00
    0.546640000000000E+03    0.407763790549097E+01    0.369696214316343E+00
    0.546660000000000E+03    0.411242587311131E+01    0.369698443609615E+00
    0.552940000000000E+03    0.246993883221421E+01    0.369442791530798E+00
    0.552960000000000E+03    0.250471652022986E+01    0.369440161151567E+00
    0.559220000000000E+03    0.824607398329704E+00    0.370083440674925E+00
    0.559240000000000E+03    0.859410686121578E+00    0.370088856084947E+00
    0.565500000000000E+03    0.547389260634213E+01    0.370095216799795E+00
    0.565520000000000E+03    0.550869642011241E+01    0.370089749460138E+00
    0.571780000000000E+03    0.382843140877617E+01    0.369408680295038E+00
    0.571800000000000E+03    0.386320772808847E+01    0.369411346881282E+00
    0.578060000000000E+03    0.218589018764874E+01    0.369734688945562E+00
    0.578080000000000E+03    0.222067961646667E+01    0.369732594306053E+00
    0.584340000000000E+03    0.542040048103559E+00    0.369936718711637E+00
    0.584360000000000E+03    0.576837543373813E+00    0.369941261236182E+00
    0.590620000000000E+03    0.519065060023991E+01    0.370218804292129E+00
    0.590640000000000E+03    0.522545927330088E+01    0.370213745070789E+00
    0.596920000000000E+03    0.357961352101916E+01    0.369166868294954E+00
    0.596940000000000E+03    0.361438019193452E+01    0.369169044894079E+00
    0.603200000000000E+03    0.193643437181709E+01    0.370000027680871E+00
    0.603220000000000E+03    0.197123438629592E+01    0.369999358346499E+00
    0.609480000000000E+03    0.294771765467658E+00    0.369821355297700E+00
    0.609500000000000E+03    0.329564646750669E+00    0.369824015344514E+00
    0.615760000000000E+03    0.494166877379962E+01    0.370262073226870E+00
    0.615780000000000E+03    0.497647928656761E+01    0.370258393876843E+00
    0.622040000000000E+03    0.329629572539716E+01    0.369021524159140E+00
    0.622060000000000E+03    0.333105652066615E+01    0.369022425875115E+00
    0.628320000000000E+03    0.165206590193657E+01    0.370185656685824E+00
    0.628340000000000E+03    0.168687343823922E+01    0.370187002295981E+00
    0.634620000000000E+03    0.478124267031035E-01    0.369773339106866E+00
    0.634640000000000E+03    0.826032051620587E-01    0.369773545377023E+00
    0.640900000000000E+03    0.469224315187330E+01    0.370199117036756E+00
    0.640920000000000E+03    0.472705118087606E+01    0.370197432974969E+00
    0.647180000000000E+03    0.304785529564765E+01    0.369014125441016E+00
    0.647200000000000E+03    0.308261587502625E+01    0.369013524747649E+00
    0.653460000000000E+03    0.140265257691726E+01    0.370264460563437E+00
    0.653480000000000E+03    0.143746330522299E+01    0.370267819399311E+00
    0.659740000000000E+03    0.604929778561313E+01    0.369811487268089E+00
    0.659760000000000E+03    0.608409019959163E+01    0.369809150630767E+00
    0.666020000000000E+03    0.440798098103073E+01    0.370031284465730E+00
    0.666040000000000E+03    0.444278221420382E+01    0.370031663316632E+00
    0.672320000000000E+03    0.279945806938099E+01    0.369140837231079E+00
    0.672340000000000E+03    0.283422369251593E+01    0.369138909965780E+00
    0.678600000000000E+03    0.115373150964001E+01    0.370236898780147E+00
    0.678620000000000E+03    0.118854101921829E+01    0.370241766009542E+00
    0.684880000000000E+03    0.580219181216216E+01    0.369916043607546E+00
    0.684900000000000E+03    0.583698838359624E+01    0.369911714058821E+00
    0.691160000000000E+03    0.415859230466890E+01    0.369776589220623E+00
    0.691180000000000E+03    0.419338338419470E+01    0.369778531612342E+00
    0.697440000000000E+03    0.251602181278895E+01    0.369374194647549E+00
    0.697460000000000E+03    0.255079671627595E+01    0.369371573616963E+00
    0.703720000000000E+03    0.870514444861556E+00    0.370120883406389E+00
    0.703740000000000E+03    0.905319437992148E+00    0.370126353743172E+00
    0.710000000000000E+03    0.551983328302413E+01    0.370063342657431E+00
    0.710020000000000E+03    0.555463571761675E+01    0.370057961257664E+00
    0.716300000000000E+03    0.390943859899721E+01    0.369486199641367E+00
    0.716320000000000E+03    0.394421808463744E+01    0.369488850736945E+00
    0.722580000000000E+03    0.226705280486613E+01    0.369659408472865E+00
    0.722600000000000E+03    0.230183951134745E+01    0.369657081706029E+00
    0.728860000000000E+03    0.622797833149889E+00    0.369980532672457E+00
    0.728880000000000E+03    0.657597007695585E+00    0.369985419350042E+00
    0.735140000000000E+03    0.527173139840966E+01    0.370193110389545E+00
    0.735160000000000E+03    0.530653902182416E+01    0.370187828994112E+00
    0.741420000000000E+03    0.362594239990062E+01    0.369224186955465E+00
    0.741440000000000E+03    0.366071134976096E+01    0.369226555599979E+00
    0.747700000000000E+03    0.198298849042681E+01    0.369937156639244E+00
    0.747720000000000E+03    0.201778605605637E+01    0.369936029512535E+00
    0.754000000000000E+03    0.375516328565027E+00    0.369851997825317E+00
    0.754020000000000E+03    0.410310442157879E+00    0.369855241768631E+00
    0.760280000000000E+03    0.502301489194565E+01    0.370262104462413E+00
    0.760300000000000E+03    0.505782534107789E+01    0.370257966592180E+00
    0.766560000000000E+03    0.337749049907870E+01    0.369052364523729E+00
    0.766580000000000E+03    0.341225255008544E+01    0.369053667480999E+00
    0.772840000000000E+03    0.173362377437684E+01    0.370151203019297E+00
    0.772860000000000E+03    0.176842994875528E+01    0.370151975083724E+00
    0.779120000000000E+03    0.939153251192693E-01    0.369781395238426E+00
    0.779140000000000E+03    0.128706533128934E+00    0.369782263740056E+00
    0.785400000000000E+03    0.473909591110646E+01    0.370232214697594E+00
    0.785420000000000E+03    0.477390524837074E+01    0.370230002181689E+00
    0.791700000000000E+03    0.312926432889503E+01    0.369006474223925E+00
    0.791720000000000E+03    0.316402447947166E+01    0.369006282981508E+00
    0.797980000000000E+03    0.148433707688559E+01    0.370258924872859E+00
    0.798000000000000E+03    0.151914749773823E+01    0.370261761307361E+00
    0.804260000000000E+03    0.613034007753072E+01    0.369796201358401E+00
    0.804280000000000E+03    0.616513137568359E+01    0.369794556659265E+00
    0.810540000000000E+03    0.448961798776213E+01    0.370088285098233E+00
    0.810560000000000E+03    0.452442108353785E+01    0.370088065033295E+00
    0.816820000000000E+03    0.284600835094557E+01    0.369092907087871E+00
    0.816840000000000E+03    0.288077202307431E+01    0.369091248451546E+00
    0.823100000000000E+03    0.120031074842677E+01    0.370249809921128E+00
    0.823120000000000E+03    0.123512083368632E+01    0.370254377604875E+00
    0.829400000000000E+03    0.588316388372618E+01    0.369880508706246E+00
    0.829420000000000E+03    0.591795902778108E+01    0.369876639506514E+00
    0.835680000000000E+03    0.424010768489575E+01    0.369850270501777E+00
    0.835700000000000E+03    0.427490171740305E+01    0.369851864181919E+00
    0.841960000000000E+03    0.259737913868071E+01    0.369302706146012E+00
    0.841980000000000E+03    0.263215115906564E+01    0.369300183033467E+00
    0.848240000000000E+03    0.951707576887884E+00    0.370156701592975E+00
    0.848260000000000E+03    0.986514042339650E+00    0.370162120044420E+00
    0.854520000000000E+03    0.560092912985101E+01    0.370021755260637E+00
    0.854540000000000E+03    0.563572990812668E+01    0.370016541361116E+00
    0.860800000000000E+03    0.395605507128539E+01    0.369561246748814E+00
    0.860820000000000E+03    0.399083735318686E+01    0.369563793316722E+00
    0.867080000000000E+03    0.231363522996571E+01    0.369581816920431E+00
    0.867100000000000E+03    0.234841855638024E+01    0.369579310715045E+00
    0.873380000000000E+03    0.703732955477790E+00    0.370018182229260E+00
    0.873400000000000E+03    0.738533782608556E+00    0.370023330774409E+00
    0.879660000000000E+03    0.535291376766554E+01    0.370160818306366E+00
    0.879680000000000E+03    0.538772029009760E+01    0.370155395680986E+00
    0.885940000000000E+03    0.370722228764839E+01    0.369290964341747E+00
    0.885960000000000E+03    0.374199385645647E+01    0.369293505622271E+00
    0.892220000000000E+03    0.206447374464415E+01    0.369869691058542E+00
    0.892240000000000E+03    0.209926850513739E+01    0.369868171297632E+00
    0.898500000000000E+03    0.421590896875841E+00    0.369879006075618E+00
    0.898520000000000E+03    0.456386005137347E+00    0.369882767067541E+00
    0.904780000000000E+03    0.506951576085953E+01    0.370253172950694E+00
    0.904800000000000E+03    0.510432584786213E+01    0.370248668447756E+00
    0.911080000000000E+03    0.345863685068844E+01    0.369087162117954E+00
    0.911100000000000E+03    0.349340032284067E+01    0.369088825073419E+00
    0.917360000000000E+03    0.181503678255967E+01    0.370102202956114E+00
    0.917380000000000E+03    0.184984094080551E+01    0.370102413628689E+00
    0.923640000000000E+03    0.174618056431427E+00    0.369792570006445E+00
    0.923660000000000E+03    0.209409744422146E+00    0.369794115769962E+00
    0.929920000000000E+03    0.482047733965601E+01    0.370250748240328E+00
    0.929940000000000E+03    0.485528736196238E+01    0.370247951024252E+00
    0.936200000000000E+03    0.317556095305167E+01    0.369003181138336E+00
    0.936220000000000E+03    0.321032103606626E+01    0.369003373843754E+00
    0.942480000000000E+03    0.153086976021882E+01    0.370239197894178E+00
    0.942500000000000E+03    0.156567942854667E+01    0.370241518183674E+00
    0.948780000000000E+03    0.621102908151306E+01    0.369780884581570E+00
    0.948800000000000E+03    0.624582026268240E+01    0.369779878490687E+00
    0.955060000000000E+03    0.457111757936855E+01    0.370135463224516E+00
    0.955080000000000E+03    0.460592312972108E+01    0.370134770574755E+00
    0.961340000000000E+03    0.292729589174382E+01    0.369058976401139E+00
    0.961360000000000E+03    0.296205798890992E+01    0.369057690739872E+00
    0.967620000000000E+03    0.128169549778659E+01    0.370264549875630E+00
    0.967640000000000E+03    0.131650581350141E+01    0.370268664462893E+00
    0.973900000000000E+03    0.592924464220800E+01    0.369850162700225E+00
    0.973920000000000E+03    0.596403858787539E+01    0.369846800211089E+00
    0.980180000000000E+03    0.428676629144888E+01    0.369918382693672E+00
    0.980200000000000E+03    0.432156305277135E+01    0.369919588304998E+00
    0.986480000000000E+03    0.267862743143337E+01    0.369237020430510E+00
    0.986500000000000E+03    0.271339684491090E+01    0.369234664112451E+00
    0.992760000000000E+03    0.103288259748092E+01    0.370190515041254E+00
    0.992780000000000E+03    0.106769040385075E+01    0.370195801850436E+00
    0.999040000000000E+03    0.568189282213939E+01    0.369980682721410E+00
    0.999060000000000E+03    0.571669193991556E+01    0.369975722951629E+00
    0.100532000000000E+04    0.403740783056719E+01    0.369639322988350E+00
    0.100534000000000E+04    0.407219341210089E+01    0.369641714574067E+00
    0.101160000000000E+04    0.239498432200480E+01    0.369504730752765E+00
    0.101162000000000E+04    0.242976459811939E+01    0.369502131019705E+00
    0.101788000000000E+04    0.749915280917321E+00    0.370053504750251E+00
    0.101790000000000E+04    0.784717423888424E+00    0.370058837012139E+00
    0.102416000000000E+04    0.539917102064624E+01    0.370129130047397E+00
    0.102418000000000E+04    0.543397608576788E+01    0.370123654982858E+00
    0.103046000000000E+04    0.378830906890107E+01    0.369358642398555E+00
    0.103048000000000E+04    0.382308306849245E+01    0.369361281173845E+00
    0.103674000000000E+04    0.214563283895518E+01    0.369791868894538E+00
    0.103676000000000E+04    0.218042451979068E+01    0.369789991679496E+00
    0.104302000000000E+04    0.502166976372564E+00    0.369909602075387E+00
    0.104304000000000E+04    0.536963433659594E+00    0.369913833735060E+00
    0.104930000000000E+04    0.515050993346495E+01    0.370233102114265E+00
    0.104932000000000E+04    0.518531922418242E+01    0.370228248343975E+00
    0.105558000000000E+04    0.350473188494925E+01    0.369127778566530E+00
    0.105560000000000E+04    0.353949694220205E+01    0.369129733381252E+00
    0.106186000000000E+04    0.186134217605081E+01    0.370045479289124E+00
    0.106188000000000E+04    0.189614401160725E+01    0.370045205904769E+00
    0.106816000000000E+04    0.254984263795450E+00    0.369805581309168E+00
    0.106818000000000E+04    0.289776523345381E+00    0.369807787352770E+00
    0.107444000000000E+04    0.490142985315379E+01    0.370257270462431E+00
    0.107446000000000E+04    0.493624017944194E+01    0.370253955206072E+00
    0.108072000000000E+04    0.325620392032829E+01    0.369008099917551E+00
    0.108074000000000E+04    0.329096418034965E+01    0.369008712332461E+00
    0.108700000000000E+04    0.161176404645630E+01    0.370210647606270E+00
    0.108702000000000E+04    0.164657258038665E+01    0.370212407578431E+00
    0.109328000000000E+04    0.625642621454494E+01    0.369773289704834E+00
    0.109330000000000E+04    0.803148864679315E-02    0.369772952673783E+00
    0.109956000000000E+04    0.461712044828641E+01    0.370173358142050E+00
    0.109958000000000E+04    0.465192743404009E+01    0.370172131896138E+00
    0.110586000000000E+04    0.300773986851550E+01    0.369028164118599E+00
    0.110588000000000E+04    0.304250102705328E+01    0.369027287480451E+00
    0.111214000000000E+04    0.136238857897047E+01    0.370267356433914E+00
    0.111216000000000E+04    0.139719939896236E+01    0.370271071590283E+00
    0.111842000000000E+04    0.600946124020743E+01    0.369826844871944E+00
    0.111844000000000E+04    0.604425427794581E+01    0.369824061033774E+00
    0.112470000000000E+04    0.436763478543821E+01    0.369984577881641E+00
    0.112472000000000E+04    0.440243414718475E+01    0.369985318139873E+00
    0.113098000000000E+04    0.272451417109642E+01    0.369181664066592E+00
    0.113100000000000E+04    0.275928143126089E+01    0.369179511862368E+00
    0.113726000000000E+04    0.107873604599831E+01    0.370215922443078E+00
    0.113728000000000E+04    0.111354472503581E+01    0.370221014271814E+00
    0.114354000000000E+04    0.572745911401353E+01    0.369946299259057E+00
    0.114356000000000E+04    0.576225688979071E+01    0.369941661735162E+00
    0.114984000000000E+04    0.411826068799519E+01    0.369718739940352E+00
    0.114986000000000E+04    0.415304945718890E+01    0.369720901460099E+00
    0.115612000000000E+04    0.247576218233030E+01    0.369428760370058E+00
    0.115614000000000E+04    0.251053926523355E+01    0.369426121771769E+00
    0.116240000000000E+04    0.830424401846585E+00    0.370093731410015E+00
    0.116242000000000E+04    0.865228302468722E+00    0.370099174642597E+00
    0.116868000000000E+04    0.547976236987233E+01    0.370090344342629E+00
    0.116870000000000E+04    0.551456590036651E+01    0.370084887380788E+00
    0.117496000000000E+04    0.383436830985374E+01    0.369426455118520E+00
    0.117498000000000E+04    0.386914537843791E+01    0.369429123076313E+00
    0.118124000000000E+04    0.219191514991508E+01    0.369719280901960E+00
    0.118126000000000E+04    0.222670422136707E+01    0.369717132823904E+00
    0.118754000000000E+04    0.582825046093603E+00    0.369951325623843E+00
    0.118756000000000E+04    0.617623178340182E+00    0.369955955405091E+00
    0.119382000000000E+04    0.523156908527699E+01    0.370213831795136E+00
    0.119384000000000E+04    0.526637756493574E+01    0.370208701640564E+00
    0.120010000000000E+04    0.358576105738939E+01    0.369183039450721E+00
    0.120012000000000E+04    0.362052824587545E+01    0.369185251257591E+00
    0.120638000000000E+04    0.194266694265389E+01    0.369988931604437E+00
    0.120640000000000E+04    0.197746662032932E+01    0.369988156583984E+00
    0.121266000000000E+04    0.300945179681094E+00    0.369832208848931E+00
    0.121268000000000E+04    0.335738474394475E+00    0.369835013307600E+00
    0.121894000000000E+04    0.494802848610925E+01    0.370268698036427E+00
    0.121896000000000E+04    0.498283917916979E+01    0.370264936063540E+00
    0.122524000000000E+04    0.333746827600817E+01    0.369034294128741E+00
    0.122526000000000E+04    0.337222962074384E+01    0.369035322143196E+00
    0.123152000000000E+04    0.169340451449034E+01    0.370183092426763E+00
    0.123154000000000E+04    0.172821187240243E+01    0.370184279841498E+00
    0.123780000000000E+04    0.542370531888992E-01    0.369779304128033E+00
    0.123782000000000E+04    0.890282060909158E-01    0.369779680448028E+00
    0.124408000000000E+04    0.469894538494873E+01    0.370214246389924E+00
    0.124410000000000E+04    0.473375398403414E+01    0.370212438691000E+00
    0.125036000000000E+04    0.305455104687053E+01    0.369014458253223E+00
    0.125038000000000E+04    0.308931157312645E+01    0.369013916065708E+00
    0.125664000000000E+04    0.140943918873290E+01    0.370266558739678E+00
    0.125666000000000E+04    0.144424996512180E+01    0.370269813253094E+00
    0.126294000000000E+04    0.609077444957074E+01    0.369807847577857E+00
    0.126296000000000E+04    0.612556659981647E+01    0.369805686558785E+00
    0.126922000000000E+04    0.444964400125536E+01    0.370048287060681E+00
    0.126924000000000E+04    0.448444597831531E+01    0.370048532664651E+00
    0.127550000000000E+04    0.280631746205836E+01    0.369132815381737E+00
    0.127552000000000E+04    0.284108274181244E+01    0.369130933050515E+00
    0.128178000000000E+04    0.116062309694144E+01    0.370242503744680E+00
    0.128180000000000E+04    0.119543286705994E+01    0.370247307096579E+00
    0.128806000000000E+04    0.580905652807314E+01    0.369912638240553E+00
    0.128808000000000E+04    0.584385306456807E+01    0.369908426986382E+00
    0.129434000000000E+04    0.416564460663085E+01    0.369798872908839E+00
    0.129436000000000E+04    0.420043654566007E+01    0.369800737241444E+00
    0.130062000000000E+04    0.252309322805513E+01    0.369361459413178E+00
    0.130064000000000E+04    0.255786764647837E+01    0.369358850471032E+00
    0.130692000000000E+04    0.912395678609755E+00    0.370138377884789E+00
    0.130694000000000E+04    0.947201293014132E+00    0.370143828940986E+00
    0.131320000000000E+04    0.556172312524086E+01    0.370053634854362E+00
    0.131322000000000E+04    0.559652515790867E+01    0.370048281129239E+00
    0.131948000000000E+04    0.391667362869521E+01    0.369508922650105E+00
    0.131950000000000E+04    0.395145405435233E+01    0.369511561566382E+00
    0.132576000000000E+04    0.227430994255337E+01    0.369644877918129E+00
    0.132578000000000E+04    0.230909570543145E+01    0.369642493158824E+00
    0.133204000000000E+04    0.629923700083964E+00    0.369988409949443E+00
    0.133206000000000E+04    0.664723333532947E+00    0.369993365756948E+00
    0.133832000000000E+04    0.527900016812055E+01    0.370190898794838E+00
    0.133834000000000E+04    0.531380803364709E+01    0.370185585252753E+00
    0.134462000000000E+04    0.366808210451245E+01    0.369245464799292E+00
    0.134464000000000E+04    0.370285189616516E+01    0.369247898827210E+00
    0.135090000000000E+04    0.202524954284809E+01    0.369924256210460E+00
    0.135092000000000E+04    0.206004655092147E+01    0.369923027168537E+00
    0.135718000000000E+04    0.382884941418524E+00    0.369861401336331E+00
    0.135720000000000E+04    0.417679382223923E+00    0.369864789756143E+00
    0.136346000000000E+04    0.503052139797273E+01    0.370263662879190E+00
    0.136348000000000E+04    0.506533188770618E+01    0.370259439005821E+00
    0.136974000000000E+04    0.338501023108574E+01    0.369062916473727E+00
    0.136976000000000E+04    0.341977273669045E+01    0.369064293140684E+00
    0.137602000000000E+04    0.174122281726113E+01    0.370141272171914E+00
    0.137604000000000E+04    0.177602849871664E+01    0.370141920038125E+00
    0.138232000000000E+04    0.136154771507790E+00    0.369787119774708E+00
    0.138234000000000E+04    0.170946255087983E+00    0.369788196971469E+00
    0.138860000000000E+04    0.478157211496773E+01    0.370239930442667E+00
    0.138862000000000E+04    0.481638174980753E+01    0.370237539852732E+00
    0.139488000000000E+04    0.313688115005380E+01    0.369006150791296E+00
    0.139490000000000E+04    0.317164134073892E+01    0.369006045015619E+00
    0.140116000000000E+04    0.149204775544649E+01    0.370256697477134E+00
    0.140118000000000E+04    0.152685813579819E+01    0.370259409692840E+00
    0.140744000000000E+04    0.613795786959508E+01    0.369793906180487E+00
    0.140746000000000E+04    0.617274945027975E+01    0.369792391392668E+00
    0.141372000000000E+04    0.449752641297846E+01    0.370103686668522E+00
    0.141374000000000E+04    0.453233060752336E+01    0.370103418218106E+00
    0.142000000000000E+04    0.285396916401487E+01    0.369090844734812E+00
    0.142002000000000E+04    0.288873282723080E+01    0.369089283913753E+00
    0.142630000000000E+04    0.124318434188672E+01    0.370262340107440E+00
    0.142632000000000E+04    0.127799491294763E+01    0.370266791981451E+00
    0.143258000000000E+04    0.589121100928969E+01    0.369880203433774E+00
    0.143260000000000E+04    0.592600624499937E+01    0.369876484355762E+00
    0.143886000000000E+04    0.424839363191177E+01    0.369875017566120E+00
    0.143888000000000E+04    0.428318861499065E+01    0.369876507945828E+00
    0.144514000000000E+04    0.260570648244129E+01    0.369292969835314E+00
    0.144516000000000E+04    0.264047818447125E+01    0.369290480250352E+00
    0.145142000000000E+04    0.960100233528010E+00    0.370172404278772E+00
    0.145144000000000E+04    0.994907186019645E+00    0.370177796859530E+00
    0.145770000000000E+04    0.560932253125839E+01    0.370019166344311E+00
    0.145772000000000E+04    0.564412320889141E+01    0.370014011793045E+00
    0.146400000000000E+04    0.399945524746681E+01    0.369591442469922E+00
    0.146402000000000E+04    0.403423894057778E+01    0.369593965943054E+00
    0.147028000000000E+04    0.235712712088798E+01    0.369566709982607E+00
    0.147030000000000E+04    0.239190971885864E+01    0.369564165590325E+00
    0.147656000000000E+04    0.712383524394681E+00    0.370032719098492E+00
    0.147658000000000E+04    0.747184929984087E+00    0.370037928899886E+00
    0.148284000000000E+04    0.536167850702759E+01    0.370158644654847E+00
    0.148286000000000E+04    0.539648480837877E+01    0.370153189650156E+00
    0.148912000000000E+04    0.371604910891165E+01    0.369310627042949E+00
    0.148914000000000E+04    0.375082143557484E+01    0.369313195223294E+00
    0.149540000000000E+04    0.207341861099030E+01    0.369854890077392E+00
    0.149542000000000E+04    0.210821290687545E+01    0.369853275578074E+00
    0.150170000000000E+04    0.465265167235430E+00    0.369896218315554E+00
    0.150172000000000E+04    0.500060985709752E+00    0.369900126636986E+00
    0.150798000000000E+04    0.511339843584028E+01    0.370251980501034E+00
    0.150800000000000E+04    0.514820842957852E+01    0.370247357043608E+00
    0.151426000000000E+04    0.346774280464024E+01    0.369103529532839E+00
    0.151428000000000E+04    0.350250686530262E+01    0.369105266957139E+00
    0.152054000000000E+04    0.182425190733238E+01    0.370092467009310E+00
    0.152056000000000E+04    0.185905567008194E+01    0.370092544966582E+00
    0.152682000000000E+04    0.183704274098545E+00    0.369800472547127E+00
    0.152684000000000E+04    0.218496272901575E+00    0.369802204503901E+00
    0.153310000000000E+04    0.482977980367787E+01    0.370259668239780E+00
    0.153312000000000E+04    0.486459016391609E+01    0.370256761290394E+00
    0.153940000000000E+04    0.321963742890512E+01    0.369010701284958E+00
    0.153942000000000E+04    0.325439785074514E+01    0.369011034177234E+00
    0.154568000000000E+04    0.157512023520712E+01    0.370238999936035E+00
    0.154570000000000E+04    0.160992984447466E+01    0.370241121179487E+00
    0.155196000000000E+04    0.622034831209066E+01    0.369784534102713E+00
    0.155198000000000E+04    0.625513964880565E+01    0.369783722890202E+00
    0.155824000000000E+04    0.458070012347980E+01    0.370154475569586E+00
    0.155826000000000E+04    0.461550632291119E+01    0.370153634473607E+00
    0.156452000000000E+04    0.293683454014854E+01    0.369054620391312E+00
    0.156454000000000E+04    0.297159667519963E+01    0.369053408870609E+00
    0.157080000000000E+04    0.129140375497445E+01    0.370269735343589E+00
    0.157082000000000E+04    0.132621471262883E+01    0.370273794117265E+00
    0.157708000000000E+04    0.593895139521601E+01    0.369852172661079E+00
    0.157710000000000E+04    0.597374530436218E+01    0.369848966116708E+00
    0.158338000000000E+04    0.433150800848443E+01    0.369944477340515E+00
    0.158340000000000E+04    0.436630579796156E+01    0.369945546115654E+00
    0.158966000000000E+04    0.268862199685418E+01    0.369226990262979E+00
    0.158968000000000E+04    0.272339116627381E+01    0.369224706840403E+00
    0.159594000000000E+04    0.104296313970553E+01    0.370204823822206E+00
    0.159596000000000E+04    0.107777142459236E+01    0.370210057931748E+00
    0.160222000000000E+04    0.569198960034055E+01    0.369978733290088E+00
    0.160224000000000E+04    0.572678877860062E+01    0.369973872791937E+00
    0.160850000000000E+04    0.404777938644747E+01    0.369671014881261E+00
    0.160852000000000E+04    0.408256622214367E+01    0.369673344529708E+00
    0.161478000000000E+04    0.240543472537729E+01    0.369491192880410E+00
    0.161480000000000E+04    0.244021435364857E+01    0.369488564519243E+00
    0.162108000000000E+04    0.795185428002242E+00    0.370078204509983E+00
    0.162110000000000E+04    0.829988601342393E+00    0.370083575407498E+00
    0.162736000000000E+04    0.544457785647637E+01    0.370122117323388E+00
    0.162738000000000E+04    0.547938264359072E+01    0.370116626699742E+00
    0.163364000000000E+04    0.379914303763690E+01    0.369385629053967E+00
    0.163366000000000E+04    0.383391850017188E+01    0.369388293484192E+00
    0.163992000000000E+04    0.215668235222665E+01    0.369780055639399E+00
    0.163994000000000E+04    0.219147352361733E+01    0.369778088765006E+00
    0.164620000000000E+04    0.513162088711852E+00    0.369928560439565E+00
    0.164622000000000E+04    0.547959254495254E+00    0.369932912626570E+00
    0.165248000000000E+04    0.516175644097393E+01    0.370238222425606E+00
    0.165250000000000E+04    0.519656604367992E+01    0.370233273741609E+00
    0.165878000000000E+04    0.355083377555502E+01    0.369151720365483E+00
    0.165880000000000E+04    0.358559975429625E+01    0.369153773572253E+00
    0.166506000000000E+04    0.190770483995539E+01    0.370032902259646E+00
    0.166508000000000E+04    0.194250657535349E+01    0.370032441561618E+00
    0.167134000000000E+04    0.266580814634381E+00    0.369827051357062E+00
    0.167136000000000E+04    0.301373909263475E+00    0.369829443953083E+00
    0.167762000000000E+04    0.491339798553327E+01    0.370275042109529E+00
    0.167764000000000E+04    0.494820892111147E+01    0.370271597041229E+00
    0.168390000000000E+04    0.326831539472414E+01    0.369028979381052E+00
    0.168392000000000E+04    0.330307651818430E+01    0.369029709419125E+00
    0.169018000000000E+04    0.162413471680384E+01    0.370214875389444E+00
    0.169020000000000E+04    0.165894335943585E+01    0.370216468655754E+00
    0.169648000000000E+04    0.203570259341177E-01    0.369787368667889E+00
    0.169650000000000E+04    0.551484915795299E-01    0.369787291486801E+00
    0.170276000000000E+04    0.466471655771420E+01    0.370201226296375E+00
    0.170278000000000E+04    0.469952463123900E+01    0.370199788442442E+00
    0.170904000000000E+04    0.302061923030897E+01    0.369035122211393E+00
    0.170906000000000E+04    0.305538058538968E+01    0.369034325661406E+00
    0.171532000000000E+04    0.137549348008861E+01    0.370280298003964E+00
    0.171534000000000E+04    0.141030481265216E+01    0.370283870061871E+00
    0.172160000000000E+04    0.602254548347446E+01    0.369832380145824E+00
    0.172162000000000E+04    0.605733861238514E+01    0.369829786276108E+00
    0.172788000000000E+04    0.438107692524227E+01    0.370017729155415E+00
    0.172790000000000E+04    0.441587767697501E+01    0.370018326547012E+00
    0.173416000000000E+04    0.273805849787141E+01    0.369177113759917E+00
    0.173418000000000E+04    0.277282555069951E+01    0.369175023373881E+00
    0.174046000000000E+04    0.112723396439515E+01    0.370239542497965E+00
    0.174048000000000E+04    0.116204360871234E+01    0.370244526581728E+00
    0.174674000000000E+04    0.577602048978679E+01    0.369944116330853E+00
    0.174676000000000E+04    0.581081827898106E+01    0.369939631181510E+00
    0.175302000000000E+04    0.413237319482005E+01    0.369758746247234E+00
    0.175304000000000E+04    0.416716351760033E+01    0.369760810270554E+00
    0.175930000000000E+04    0.249000716882801E+01    0.369417288215001E+00
    0.175932000000000E+04    0.252478382300342E+01    0.369414653784906E+00
    0.176558000000000E+04    0.844761208444197E+00    0.370119791598166E+00
    0.176560000000000E+04    0.879566076980154E+00    0.370125248510886E+00
    0.177186000000000E+04    0.549424181486302E+01    0.370091776154997E+00
    0.177188000000000E+04    0.552904537556651E+01    0.370086345223047E+00
    0.177816000000000E+04    0.388391177144013E+01    0.369469159101862E+00
    0.177818000000000E+04    0.391869059737974E+01    0.369471836914617E+00
    0.178444000000000E+04    0.224162723818972E+01    0.369704127577514E+00
    0.178446000000000E+04    0.227641537499494E+01    0.369701879885165E+00
    0.179072000000000E+04    0.597653695845565E+00    0.369974281402489E+00
    0.179074000000000E+04    0.632452742562691E+00    0.369979034193832E+00
    0.179700000000000E+04    0.524667275273623E+01    0.370216738565562E+00
    0.179702000000000E+04    0.528148161637318E+01    0.370211533268912E+00
    0.180328000000000E+04    0.360102634033819E+01    0.369214922309062E+00
    0.180330000000000E+04    0.363579477328585E+01    0.369217208470101E+00
    0.180956000000000E+04    0.195810819694088E+01    0.369975917049828E+00
    0.180958000000000E+04    0.199290726266508E+01    0.369974979428654E+00
    0.181586000000000E+04    0.351038537713976E+00    0.369851603430455E+00
    0.181588000000000E+04    0.385832632806341E+00    0.369854633875684E+00
    0.182214000000000E+04    0.499844357999336E+01    0.370273619071141E+00
    0.182216000000000E+04    0.503325448997475E+01    0.370269658368839E+00
    0.182842000000000E+04    0.335312639904032E+01    0.369052247851865E+00
    0.182844000000000E+04    0.338788846838406E+01    0.369053401066432E+00
    0.183470000000000E+04    0.170927254545768E+01    0.370177077293887E+00
    0.183472000000000E+04    0.174407965621594E+01    0.370178050916647E+00
    0.184098000000000E+04    0.699570514898369E-01    0.369789432371123E+00
    0.184100000000000E+04    0.104748605118857E+00    0.369790052501514E+00
    0.184726000000000E+04    0.471502641573716E+01    0.370233878425154E+00
    0.184728000000000E+04    0.474983580852268E+01    0.370231873209374E+00
    0.185354000000000E+04    0.307064709214319E+01    0.369018645182338E+00
    0.185356000000000E+04    0.310540778709901E+01    0.369018243135687E+00
    0.185984000000000E+04    0.146052965408626E+01    0.370273701452138E+00
    0.185986000000000E+04    0.149534075955762E+01    0.370276734851129E+00
    0.186612000000000E+04    0.610694788798037E+01    0.369810892707874E+00
    0.186614000000000E+04    0.614174010156421E+01    0.369808976448866E+00
    0.187240000000000E+04    0.446616488939208E+01    0.370077613957597E+00
    0.187242000000000E+04    0.450096797898641E+01    0.370077667594121E+00
    0.187868000000000E+04    0.282283921085718E+01    0.369123445368555E+00
    0.187870000000000E+04    0.285760415391087E+01    0.369121687238242E+00
    0.188496000000000E+04    0.117728077496258E+01    0.370256706978808E+00
    0.188498000000000E+04    0.121209112258794E+01    0.370261395867719E+00
    0.189124000000000E+04    0.582566589286353E+01    0.369909085629783E+00
    0.189126000000000E+04    0.586046225817790E+01    0.369905040331528E+00
    0.189754000000000E+04    0.421736354211998E+01    0.369837726871261E+00
    0.189756000000000E+04    0.425215702078731E+01    0.369839450570469E+00
    0.190382000000000E+04    0.257484587032104E+01    0.369339940053737E+00
    0.190384000000000E+04    0.260961941467440E+01    0.369337379251716E+00
    0.191010000000000E+04    0.929394247324126E+00    0.370157809680694E+00
    0.191012000000000E+04    0.964200685151809E+00    0.370163253543899E+00
    0.191638000000000E+04    0.557878695854379E+01    0.370047444435221E+00
    0.191640000000000E+04    0.561358872253550E+01    0.370042157600566E+00
    0.192266000000000E+04    0.393395531312080E+01    0.369545373686597E+00
    0.192268000000000E+04    0.396873716260143E+01    0.369547968061107E+00
    0.192894000000000E+04    0.229172285306231E+01    0.369622782319759E+00
    0.192896000000000E+04    0.232650790876505E+01    0.369620324347173E+00
    0.193524000000000E+04    0.682056973438648E+00    0.370016263936349E+00
    0.193526000000000E+04    0.716857493231601E+00    0.370021322935313E+00
    0.194152000000000E+04    0.533124929459154E+01    0.370181363171496E+00
    0.194154000000000E+04    0.536605648765226E+01    0.370175974142712E+00
    0.194780000000000E+04    0.368563301326321E+01    0.369276374589026E+00
    0.194782000000000E+04    0.372040409715419E+01    0.369278867689000E+00
    0.195408000000000E+04    0.204296661794706E+01    0.369903640213384E+00
    0.195410000000000E+04    0.207776282738905E+01    0.369902250227233E+00
    0.196036000000000E+04    0.400451845929183E+00    0.369879613580259E+00
    0.196038000000000E+04    0.435247040504692E+00    0.369883214527992E+00
    0.196664000000000E+04    0.504838909011187E+01    0.370267951387965E+00
    0.196666000000000E+04    0.508319972986874E+01    0.370263581124502E+00
    0.197294000000000E+04    0.343767448315748E+01    0.369084454166636E+00
    0.197296000000000E+04    0.347243789111599E+01    0.369086000804312E+00
    0.197922000000000E+04    0.179412408083454E+01    0.370129864051394E+00
    0.197924000000000E+04    0.182892936552344E+01    0.370130247084505E+00
    0.198550000000000E+04    0.154049706285605E+00    0.369796823656313E+00
    0.198552000000000E+04    0.188841527738532E+00    0.369798153504728E+00
    0.199178000000000E+04    0.479981223862751E+01    0.370254319291427E+00
    0.199180000000000E+04    0.483462246434783E+01    0.370251730111127E+00
    0.199806000000000E+04    0.315512862620426E+01    0.369013691268981E+00
    0.199808000000000E+04    0.318988891895060E+01    0.369013754630546E+00
    0.200434000000000E+04    0.151041643702501E+01    0.370254336972669E+00
    0.200436000000000E+04    0.154522667600122E+01    0.370256841371986E+00
    0.201062000000000E+04    0.615612940029177E+01    0.369795880351897E+00
    0.201064000000000E+04    0.619092121593030E+01    0.369794631856968E+00
    0.201692000000000E+04    0.455089831260784E+01    0.370130143423879E+00
    0.201694000000000E+04    0.458570350880382E+01    0.370129631985783E+00
    0.202320000000000E+04    0.290725921224430E+01    0.369079994506780E+00
    0.202322000000000E+04    0.294202241479115E+01    0.369078600371169E+00
    0.202948000000000E+04    0.126182483278808E+01    0.370272731040099E+00
    0.202950000000000E+04    0.129663580342503E+01    0.370277023210936E+00
    0.203576000000000E+04    0.590970735786368E+01    0.369873032333329E+00
    0.203578000000000E+04    0.594450220540739E+01    0.369869496764872E+00
    0.204204000000000E+04    0.426719302176298E+01    0.369908538859769E+00
    0.204206000000000E+04    0.430198938084823E+01    0.369909876633245E+00
    0.204832000000000E+04    0.262449449254973E+01    0.369270670016724E+00
    0.204834000000000E+04    0.265926523834742E+01    0.369268229898789E+00
    0.205462000000000E+04    0.101368421677398E+01    0.370192354027748E+00
    0.205464000000000E+04    0.104849212153977E+01    0.370197687437808E+00
    0.206090000000000E+04    0.566291703104753E+01    0.370003917233253E+00
    0.206092000000000E+04    0.569771711756721E+01    0.369998867660488E+00
    0.206718000000000E+04    0.401843835271075E+01    0.369626581898453E+00
    0.206720000000000E+04    0.405322327972590E+01    0.369629025745723E+00
    0.207346000000000E+04    0.237615638148100E+01    0.369538804023339E+00
    0.207348000000000E+04    0.241093800284034E+01    0.369536223735209E+00
    0.207974000000000E+04    0.731356173930635E+00    0.370053564140108E+00
    0.207976000000000E+04    0.766158405296665E+00    0.370058849716339E+00
    0.208602000000000E+04    0.538075125024989E+01    0.370151437416889E+00
    0.208604000000000E+04    0.541555726515162E+01    0.370145971542987E+00
    0.209232000000000E+04    0.377007300308742E+01    0.369348843584656E+00
    0.209234000000000E+04    0.380484696227040E+01    0.369351468933433E+00
    0.209860000000000E+04    0.212759207024055E+01    0.369829258649855E+00
    0.209862000000000E+04    0.216238524465189E+01    0.369827481394386E+00
    0.210488000000000E+04    0.484476095681202E+00    0.369915238131952E+00
    0.210490000000000E+04    0.519272713460396E+00    0.369919349283989E+00
    0.211116000000000E+04    0.513287743742148E+01    0.370252348050908E+00
    0.211118000000000E+04    0.516768745446416E+01    0.370247585951128E+00
    0.211744000000000E+04    0.348727951417459E+01    0.369127083112381E+00
    0.211746000000000E+04    0.352204459754739E+01    0.369128938610089E+00
    0.212372000000000E+04    0.184399561670762E+01    0.370075805609813E+00
    0.212374000000000E+04    0.187879866116737E+01    0.370075665616213E+00
    0.213000000000000E+04    0.203215756608188E+00    0.369812219180568E+00
    0.213002000000000E+04    0.238008225563590E+00    0.369814227006368E+00
    0.213630000000000E+04    0.488445999057240E+01    0.370269047490570E+00
    0.213632000000000E+04    0.491927082311486E+01    0.370265887118239E+00
    0.214258000000000E+04    0.323948656449420E+01    0.369019271371558E+00
    0.214260000000000E+04    0.327424727554535E+01    0.369019769820324E+00
    0.214886000000000E+04    0.159513419342238E+01    0.370232225098312E+00
    0.214888000000000E+04    0.162994365532040E+01    0.370234134057165E+00
    0.215514000000000E+04    0.624018091516382E+01    0.369789291227113E+00
    0.215516000000000E+04    0.627497237120451E+01    0.369788767780352E+00
    0.216142000000000E+04    0.460088368726247E+01    0.370177290208321E+00
    0.216144000000000E+04    0.463569075732357E+01    0.370176220152769E+00
    0.216770000000000E+04    0.295697616831649E+01    0.369049201354610E+00
    0.216772000000000E+04    0.299173806746967E+01    0.369048143811802E+00
    0.217400000000000E+04    0.134647673181962E+01    0.370279568794726E+00
    0.217402000000000E+04    0.138128799037850E+01    0.370283408818456E+00
    0.218028000000000E+04    0.599383162586810E+01    0.369844761922191E+00
    0.218030000000000E+04    0.602862539237094E+01    0.369841830736161E+00
    0.218656000000000E+04    0.435198448042365E+01    0.369979740462018E+00
    0.218658000000000E+04    0.438678364890211E+01    0.369980604033367E+00
    0.219284000000000E+04    0.270906766585176E+01    0.369207584009973E+00
    0.219286000000000E+04    0.274383595197514E+01    0.369205366769957E+00
    0.219912000000000E+04    0.106345018262937E+01    0.370221724875060E+00
    0.219914000000000E+04    0.109825912583210E+01    0.370226878005579E+00
    0.220540000000000E+04    0.571240742770033E+01    0.369968018420660E+00
    0.220542000000000E+04    0.574720605866605E+01    0.369963288468673E+00
    0.221170000000000E+04    0.410323559810104E+01    0.369711004791683E+00
    0.221172000000000E+04    0.413802408249876E+01    0.369713234795607E+00
    0.221798000000000E+04    0.246091368253838E+01    0.369459636483760E+00
    0.221800000000000E+04    0.249569197889559E+01    0.369456999668239E+00
    0.222426000000000E+04    0.815783868234575E+00    0.370096091432504E+00
    0.222428000000000E+04    0.850587818792519E+00    0.370101509030785E+00
    0.223054000000000E+04    0.546529062737363E+01    0.370111855431208E+00
    0.223056000000000E+04    0.550009517784019E+01    0.370106379562246E+00
    0.223682000000000E+04    0.381998584292614E+01    0.369421331407608E+00
    0.223684000000000E+04    0.385476253568550E+01    0.369423992023347E+00
    0.224310000000000E+04    0.217760292433377E+01    0.369749290731519E+00
    0.224312000000000E+04    0.221239297466582E+01    0.369747198764921E+00
    0.224940000000000E+04    0.568739430265396E+00    0.369954200848718E+00
    0.224942000000000E+04    0.603537681398393E+00    0.369958741737618E+00
    0.225568000000000E+04    0.521755459449514E+01    0.370230484970283E+00
    0.225570000000000E+04    0.525236375893974E+01    0.370225410542422E+00
    0.226196000000000E+04    0.357191540010444E+01    0.369182923710387E+00
    0.226198000000000E+04    0.360668261785759E+01    0.369185100091181E+00
    0.226824000000000E+04    0.192891273635360E+01    0.370014852116314E+00
    0.226826000000000E+04    0.196371334190644E+01    0.370014192717807E+00
    0.227452000000000E+04    0.287435629040374E+00    0.369835178103633E+00
    0.227454000000000E+04    0.322229076613439E+00    0.369837833980038E+00
    0.228080000000000E+04    0.493450770890831E+01    0.370277068087893E+00
    0.228082000000000E+04    0.496931880829425E+01    0.370273397538098E+00
    0.228708000000000E+04    0.328932488887767E+01    0.369035876761578E+00
    0.228710000000000E+04    0.332408625778999E+01    0.369036770994573E+00
    0.229338000000000E+04    0.168007541357429E+01    0.370200975054793E+00
    0.229340000000000E+04    0.171488356141117E+01    0.370202287484069E+00
    0.229966000000000E+04    0.411916457037478E-01    0.369787633450772E+00
    0.229968000000000E+04    0.759830260644776E-01    0.369787837441659E+00
    0.230594000000000E+04    0.468581271739095E+01    0.370214146741281E+00
    0.230596000000000E+04    0.472062136948898E+01    0.370212462720783E+00
    0.231222000000000E+04    0.304161643279940E+01    0.369028457714562E+00
    0.231224000000000E+04    0.307637755937549E+01    0.369027826477206E+00
    0.231850000000000E+04    0.139658414608857E+01    0.370277845726386E+00
    0.231852000000000E+04    0.143139541673600E+01    0.370281203314408E+00
    0.232478000000000E+04    0.604340470934585E+01    0.369826107724549E+00
    0.232480000000000E+04    0.607819772467292E+01    0.369823788151828E+00
    0.233108000000000E+04    0.443708588776826E+01    0.370047351463448E+00
    0.233110000000000E+04    0.447188776215671E+01    0.370047695989431E+00
    0.233736000000000E+04    0.279394220257564E+01    0.369154406918197E+00
    0.233738000000000E+04    0.282870836446318E+01    0.369152477488240E+00
    0.234364000000000E+04    0.114838961976784E+01    0.370250862595014E+00
    0.234366000000000E+04    0.118319969134609E+01    0.370255728398724E+00
    0.234992000000000E+04    0.579702255333768E+01    0.369930317980238E+00
    0.234994000000000E+04    0.583181969453335E+01    0.369925998384349E+00
    0.235620000000000E+04    0.415362154833383E+01    0.369792930936389E+00
    0.235622000000000E+04    0.418841328345479E+01    0.369794865580614E+00
    0.236248000000000E+04    0.251122992000364E+01    0.369386588608822E+00
    0.236250000000000E+04    0.254600531551569E+01    0.369383965276788E+00
    0.236878000000000E+04    0.900695291782540E+00    0.370140924262493E+00
    0.236880000000000E+04    0.935501092415507E+00    0.370146383649546E+00
    0.237506000000000E+04    0.555019221363636E+01    0.370071924114816E+00
    0.237508000000000E+04    0.558499499862955E+01    0.370066543964380E+00
    0.238134000000000E+04    0.390519176806174E+01    0.369503246519719E+00
    0.238136000000000E+04    0.393997192452844E+01    0.369505893893321E+00
    0.238762000000000E+04    0.226299306237343E+01    0.369669797071065E+00
    0.238764000000000E+04    0.229778019360401E+01    0.369667461990364E+00
    0.239390000000000E+04    0.618937343239850E+00    0.369995513563306E+00
    0.239392000000000E+04    0.653737254718180E+00    0.370000410092186E+00
    0.240018000000000E+04    0.526810521687366E+01    0.370210772981509E+00
    0.240020000000000E+04    0.530291360460433E+01    0.370205488849237E+00
    0.240648000000000E+04    0.365726503224141E+01    0.369247363534403E+00
    0.240650000000000E+04    0.369203453471891E+01    0.369249763797805E+00
    0.241276000000000E+04    0.201454486911916E+01    0.369950657450346E+00
    0.241278000000000E+04    0.204934304422295E+01    0.369949503644464E+00
    0.241904000000000E+04    0.372508347511939E+00    0.369872267151136E+00
    0.241906000000000E+04    0.407303247808159E+00    0.369875554657941E+00
    0.242532000000000E+04    0.502026827990358E+01    0.370280463429424E+00
    0.242534000000000E+04    0.505507941654287E+01    0.370276320523498E+00
    0.243160000000000E+04    0.337497626089316E+01    0.369072574999773E+00
    0.243162000000000E+04    0.340973917210977E+01    0.369073882849411E+00
    0.243788000000000E+04    0.173134095482419E+01    0.370165284703001E+00
    0.243790000000000E+04    0.176614763571524E+01    0.370166007006463E+00
    0.244416000000000E+04    0.917972838369678E-01    0.369799359274803E+00
    0.244418000000000E+04    0.126589209330632E+00    0.369800279682575E+00
    0.245046000000000E+04    0.477207892886781E+01    0.370250854878169E+00
    0.245048000000000E+04    0.480688900478617E+01    0.370248570343406E+00
    0.245674000000000E+04    0.312763785007064E+01    0.369022853462764E+00
    0.245676000000000E+04    0.316239866348315E+01    0.369022680105533E+00
    0.246302000000000E+04    0.148293117419144E+01    0.370274182606401E+00
    0.246304000000000E+04    0.151774228561044E+01    0.370276979597641E+00
    0.246930000000000E+04    0.612914192489552E+01    0.369811991678112E+00
    0.246932000000000E+04    0.616393431590313E+01    0.369810364989852E+00
    0.247558000000000E+04    0.448881126304241E+01    0.370111008316465E+00
    0.247560000000000E+04    0.452361570028006E+01    0.370110829033878E+00
    0.248186000000000E+04    0.284545813016757E+01    0.369112173832250E+00
    0.248188000000000E+04    0.288022223899043E+01    0.369110558016052E+00
    0.248816000000000E+04    0.123472499999298E+01    0.370276119184543E+00
    0.248818000000000E+04    0.126953559879530E+01    0.370280569699202E+00
    0.249444000000000E+04    0.588291485967147E+01    0.369893689230629E+00
    0.249446000000000E+04    0.591771055015215E+01    0.369889867031328E+00
    0.250072000000000E+04    0.424012470642811E+01    0.369874501256902E+00
    0.250074000000000E+04    0.427491971887230E+01    0.369876059115838E+00
    0.250700000000000E+04    0.259760086724873E+01    0.369314304746226E+00
    0.250702000000000E+04    0.263237337807914E+01    0.369311790805875E+00
    0.251328000000000E+04    0.952147793030235E+00    0.370178193891566E+00
    0.251330000000000E+04    0.986955082963505E+00    0.370183608227254E+00
    0.251956000000000E+04    0.560156202071084E+01    0.370036579430190E+00
    0.251958000000000E+04    0.563636336427226E+01    0.370031390546093E+00
    0.252586000000000E+04    0.399175836385621E+01    0.369590286879451E+00
    0.252588000000000E+04    0.402654195903688E+01    0.369592830786403E+00
    0.253214000000000E+04    0.234962867329250E+01    0.369588986961215E+00
    0.253216000000000E+04    0.238441260511172E+01    0.369586478936906E+00
    0.253842000000000E+04    0.705170716724751E+00    0.370042165825398E+00
    0.253844000000000E+04    0.739972483889687E+00    0.370047341364247E+00
    0.254470000000000E+04    0.535459163627638E+01    0.370178018793711E+00
    0.254472000000000E+04    0.538939865026805E+01    0.370172581217852E+00
    0.255098000000000E+04    0.370914970262129E+01    0.369316586298662E+00
    0.255100000000000E+04    0.374392240912039E+01    0.369319139906034E+00
    0.255726000000000E+04    0.206667701067909E+01    0.369879597200069E+00
    0.255728000000000E+04    0.210147220732688E+01    0.369878024814958E+00
    0.256354000000000E+04    0.423983309914547E+00    0.369902471281700E+00
    0.256356000000000E+04    0.458779433973177E+00    0.369906311964655E+00
    0.256984000000000E+04    0.510706528416358E+01    0.370267615048901E+00
    0.256986000000000E+04    0.514187591418249E+01    0.370263038084769E+00
    0.257612000000000E+04    0.346160300549673E+01    0.369111875195347E+00
    0.257614000000000E+04    0.349636749814545E+01    0.369113578281001E+00
    0.258240000000000E+04    0.181829139838283E+01    0.370114316294691E+00
    0.258242000000000E+04    0.185309608620810E+01    0.370114450493426E+00
    0.258868000000000E+04    0.177994185934949E+00    0.369811962487403E+00
    0.258870000000000E+04    0.212786613915341E+00    0.369813609195071E+00
    0.259496000000000E+04    0.482419194458453E+01    0.370271090841276E+00
    0.259498000000000E+04    0.485900291784037E+01    0.370268246201736E+00
    0.260124000000000E+04    0.317955166150932E+01    0.369024779516578E+00
    0.260126000000000E+04    0.321431259016663E+01    0.369025026765103E+00
    0.260754000000000E+04    0.156994709347055E+01    0.370256819946129E+00
    0.260756000000000E+04    0.160475746112479E+01    0.370259017800375E+00
    0.261382000000000E+04    0.621545811916167E+01    0.369801417758752E+00
    0.261384000000000E+04    0.625025006718897E+01    0.369800522193048E+00
    0.262010000000000E+04    0.457589894023658E+01    0.370164604261804E+00
    0.262012000000000E+04    0.461070543068672E+01    0.370163780441295E+00
    0.262638000000000E+04    0.293222829763909E+01    0.369071882911002E+00
    0.262640000000000E+04    0.296699113104205E+01    0.369070640523134E+00
    0.263266000000000E+04    0.128696191120525E+01    0.370283633644363E+00
    0.263268000000000E+04    0.132177333961772E+01    0.370287730756007E+00
    0.263894000000000E+04    0.593470463058384E+01    0.369868042539763E+00
    0.263896000000000E+04    0.596949927973492E+01    0.369864775401201E+00
    0.264524000000000E+04    0.432740906794243E+01    0.369952756371622E+00
    0.264526000000000E+04    0.436220720617894E+01    0.369953864468343E+00
    0.265152000000000E+04    0.268470133972551E+01    0.369245905965032E+00
    0.265154000000000E+04    0.271947107238066E+01    0.369243580053438E+00
    0.265780000000000E+04    0.103918127054749E+01    0.370214605918364E+00
    0.265782000000000E+04    0.107399008216544E+01    0.370219857253415E+00
    0.266408000000000E+04    0.568843621857923E+01    0.369995018699332E+00
    0.266410000000000E+04    0.572323612879245E+01    0.369990130736996E+00
    0.267036000000000E+04    0.404432386429107E+01    0.369675845824305E+00
    0.267038000000000E+04    0.407911083895942E+01    0.369678190771188E+00
    0.267664000000000E+04    0.240213587992548E+01    0.369509650982481E+00
    0.267666000000000E+04    0.243691628508623E+01    0.369507030219128E+00
    0.268294000000000E+04    0.792071766716617E+00    0.370087285718225E+00
    0.268296000000000E+04    0.826875307736373E+00    0.370092643957262E+00
    0.268922000000000E+04    0.544161292592162E+01    0.370137256844495E+00
    0.268924000000000E+04    0.547641833549915E+01    0.370131767382417E+00
    0.269550000000000E+04    0.379632269235663E+01    0.369392964570497E+00
    0.269552000000000E+04    0.383109842069462E+01    0.369395624344229E+00
    0.270178000000000E+04    0.215400594490893E+01    0.369798429762303E+00
    0.270180000000000E+04    0.218879785108311E+01    0.369796482577267E+00
    0.270806000000000E+04    0.510692872316213E+00    0.369939090562797E+00
    0.270808000000000E+04    0.545490490638258E+00    0.369943418678378E+00
    0.271434000000000E+04    0.515941124689107E+01    0.370251436551816E+00
    0.271436000000000E+04    0.519422122223659E+01    0.370246516563182E+00
    0.272062000000000E+04    0.351387979951232E+01    0.369158979186587E+00
    0.272064000000000E+04    0.354864612633264E+01    0.369160986011920E+00
    0.272692000000000E+04    0.190563361882869E+01    0.370053951629017E+00
    0.272694000000000E+04    0.194043594167761E+01    0.370053531832243E+00
    0.273320000000000E+04    0.264599914753489E+00    0.369832667846378E+00
    0.273322000000000E+04    0.299393140336178E+00    0.369835016619358E+00
    0.273948000000000E+04    0.491143229936097E+01    0.370280137023520E+00
    0.273950000000000E+04    0.494624357978591E+01    0.370276708066637E+00
    0.274576000000000E+04    0.326647057572700E+01    0.369036408715476E+00
    0.274578000000000E+04    0.330123204297979E+01    0.369037111378567E+00
    0.275204000000000E+04    0.162239825960933E+01    0.370225883614313E+00
    0.275206000000000E+04    0.165720746548232E+01    0.370227499388403E+00
    0.275832000000000E+04    0.626720548117009E+01    0.369798034574166E+00
    0.275834000000000E+04    0.188118796286290E-01    0.369797866799492E+00
    0.276462000000000E+04    0.466323516726698E+01    0.370207494030061E+00
    0.276464000000000E+04    0.469804344453769E+01    0.370206095239885E+00
    0.277090000000000E+04    0.301927865701327E+01    0.369046937184032E+00
    0.277092000000000E+04    0.305404050566631E+01    0.369046117317182E+00
    0.277718000000000E+04    0.137425713533594E+01    0.370290074879301E+00
    0.277720000000000E+04    0.140906876632471E+01    0.370293649164564E+00
    0.278346000000000E+04    0.602144102632246E+01    0.369842549799579E+00
    0.278348000000000E+04    0.605623468254362E+01    0.369839929034139E+00
    0.278974000000000E+04    0.438009289386264E+01    0.370025573208772E+00
    0.278976000000000E+04    0.441489392591484E+01    0.370026195127249E+00
    0.279602000000000E+04    0.273719298291508E+01    0.369188697090717E+00
    0.279604000000000E+04    0.277196048104270E+01    0.369186597078676E+00
    0.280232000000000E+04    0.112650243304597E+01    0.370249072984088E+00
    0.280234000000000E+04    0.116131252862669E+01    0.370254078218475E+00
    0.280860000000000E+04    0.577542604292557E+01    0.369954841020229E+00
    0.280862000000000E+04    0.581022408800163E+01    0.369950320451902E+00
    0.281488000000000E+04    0.413184054608519E+01    0.369762450750289E+00
    0.281490000000000E+04    0.416663111845901E+01    0.369764528750785E+00
    0.282116000000000E+04    0.248966614922028E+01    0.369430088001234E+00
    0.282118000000000E+04    0.252444372967238E+01    0.369427479253587E+00
    0.282744000000000E+04    0.844576638372928E+00    0.370129865597844E+00
    0.282746000000000E+04    0.879381837531582E+00    0.370135315202881E+00
    0.283372000000000E+04    0.549417744825860E+01    0.370103668722769E+00
    0.283374000000000E+04    0.552898149357770E+01    0.370098237016934E+00
    0.284000000000000E+04    0.384918188463507E+01    0.369474252884089E+00
    0.284002000000000E+04    0.388396082198778E+01    0.369476909465567E+00
    0.284630000000000E+04    0.224178644791209E+01    0.369715466560232E+00
    0.284632000000000E+04    0.227657511814141E+01    0.369713217190076E+00
    0.285258000000000E+04    0.597983803062561E+00    0.369986317055175E+00
    0.285260000000000E+04    0.632783337168803E+00    0.369991061956924E+00
    0.285886000000000E+04    0.524712805352829E+01    0.370229659996793E+00
    0.285888000000000E+04    0.528193716056194E+01    0.370224461857827E+00
    0.286514000000000E+04    0.360163616671798E+01    0.369224240098153E+00
    0.286516000000000E+04    0.363640516358191E+01    0.369226521893252E+00
    0.287142000000000E+04    0.195893338901624E+01    0.369992122755838E+00
    0.287144000000000E+04    0.199373320659470E+01    0.369991189957089E+00
    0.287770000000000E+04    0.317242922766127E+00    0.369860834279674E+00
    0.287772000000000E+04    0.352037300222037E+00    0.369863825301802E+00
    0.288400000000000E+04    0.499959401131582E+01    0.370286250580416E+00
    0.288402000000000E+04    0.503440547100126E+01    0.370282305863159E+00
    0.289028000000000E+04    0.335445542269827E+01    0.369065549420110E+00
    0.289030000000000E+04    0.338921795181250E+01    0.369066703309220E+00
    0.289656000000000E+04    0.171074708324068E+01    0.370191403324099E+00
    0.289658000000000E+04    0.174555477939339E+01    0.370192398327345E+00
    0.290284000000000E+04    0.716087806749783E-01    0.369803931035980E+00
    0.290286000000000E+04    0.106400714761548E+00    0.369804548212589E+00
    0.290912000000000E+04    0.471678269920722E+01    0.370244002532538E+00
    0.290914000000000E+04    0.475159243790131E+01    0.370242013194977E+00
    0.291540000000000E+04    0.307255304291448E+01    0.369031131692511E+00
    0.291542000000000E+04    0.310731424563983E+01    0.369030752267786E+00
    0.292170000000000E+04    0.146260239051026E+01    0.370287490329774E+00
    0.292172000000000E+04    0.149741396770423E+01    0.370290521115033E+00
    0.292798000000000E+04    0.610915825936627E+01    0.369823392055961E+00
    0.292800000000000E+04    0.614395113342289E+01    0.369821462722076E+00
    0.293426000000000E+04    0.446858892457567E+01    0.370092207454767E+00
    0.293428000000000E+04    0.450339262609577E+01    0.370092266798845E+00
    0.294054000000000E+04    0.282543111438372E+01    0.369136372499323E+00
    0.294056000000000E+04    0.286019650035087E+01    0.369134597121136E+00
    0.294682000000000E+04    0.118002968247038E+01    0.370269931481176E+00
    0.294684000000000E+04    0.121484074099135E+01    0.370274624532668E+00
    0.295310000000000E+04    0.582861492933716E+01    0.369922174363673E+00
    0.295312000000000E+04    0.586341173080746E+01    0.369918113431766E+00
    0.295940000000000E+04    0.422041887799969E+01    0.369849430950647E+00
    0.295942000000000E+04    0.425521261639733E+01    0.369851133138053E+00
    0.296568000000000E+04    0.257803445087575E+01    0.369351513254578E+00
    0.296570000000000E+04    0.261280849084869E+01    0.369348957988601E+00
    0.297196000000000E+04    0.932748283444198E+00    0.370170895523419E+00
    0.297198000000000E+04    0.967555206325414E+00    0.370176331267686E+00
    0.297824000000000E+04    0.558228914003030E+01    0.370059390282181E+00
    0.297826000000000E+04    0.561709144771703E+01    0.370054108333329E+00
    0.298452000000000E+04    0.393764550026845E+01    0.369561264696421E+00
    0.298454000000000E+04    0.397242795246893E+01    0.369563861054576E+00
    0.299080000000000E+04    0.229553950650279E+01    0.369634007085021E+00
    0.299082000000000E+04    0.233032481220562E+01    0.369631545577629E+00
    0.299708000000000E+04    0.651254033841724E+00    0.370024486639274E+00
    0.299710000000000E+04    0.686055116895659E+00    0.370029560450947E+00
    0.300338000000000E+04    0.533546405316611E+01    0.370194036221424E+00
    0.300340000000000E+04    0.537027173521983E+01    0.370188644558623E+00
    0.300966000000000E+04    0.368998834918420E+01    0.369290389553869E+00
    0.300968000000000E+04    0.372475996870890E+01    0.369292893364905E+00
    0.301594000000000E+04    0.204750907919151E+01    0.369915523978207E+00
    0.301596000000000E+04    0.208230591764186E+01    0.369914128341835E+00
    0.302222000000000E+04    0.405118116986159E+00    0.369894487169412E+00
    0.302224000000000E+04    0.439913700798570E+00    0.369898093327006E+00
    0.302850000000000E+04    0.505316156095068E+01    0.370278147553060E+00
    0.302852000000000E+04    0.508797265795420E+01    0.370273750088844E+00
    0.303478000000000E+04    0.340780270676078E+01    0.369096206898687E+00
    0.303480000000000E+04    0.344256649591898E+01    0.369097767132411E+00
    0.304108000000000E+04    0.179918442450617E+01    0.370141206675785E+00
    0.304110000000000E+04    0.183399010600533E+01    0.370141580233551E+00
    0.304736000000000E+04    0.159254272231919E+00    0.369811055641244E+00
    0.304738000000000E+04    0.194046668260853E+00    0.369812416164047E+00
    0.305364000000000E+04    0.480521012720783E+01    0.370268672872709E+00
    0.305366000000000E+04    0.484002092161700E+01    0.370266059015582E+00
    0.305992000000000E+04    0.316066864375080E+01    0.369026092388537E+00
    0.305994000000000E+04    0.319542960819945E+01    0.369026162302565E+00
    0.306620000000000E+04    0.151617461213391E+01    0.370267769363641E+00
    0.306622000000000E+04    0.155098547748003E+01    0.370270243323611E+00
    0.307248000000000E+04    0.616205030652236E+01    0.369809590936403E+00
    0.307250000000000E+04    0.619684259068072E+01    0.369808373450594E+00
    0.307878000000000E+04    0.455701372127805E+01    0.370146152624749E+00
    0.307880000000000E+04    0.459181955630902E+01    0.370145612359267E+00
    0.308506000000000E+04    0.291352163326155E+01    0.369091952192391E+00
    0.308508000000000E+04    0.294828514109940E+01    0.369090566361110E+00
    0.309134000000000E+04    0.126821404679322E+01    0.370285212688804E+00
    0.309136000000000E+04    0.130302541224955E+01    0.370289460753078E+00
    0.309762000000000E+04    0.591623492313647E+01    0.369884563406046E+00
    0.309764000000000E+04    0.595103027652203E+01    0.369881070251759E+00
    0.310390000000000E+04    0.427392068544304E+01    0.369925216826204E+00
    0.310392000000000E+04    0.430871768982070E+01    0.369926524507091E+00
    0.311018000000000E+04    0.263137325556727E+01    0.369280216633074E+00
    0.311020000000000E+04    0.266614444816878E+01    0.369277793259865E+00
    0.311646000000000E+04    0.985944311104504E+00    0.370204456561432E+00
    0.311648000000000E+04    0.102075256148146E+01    0.370209795317472E+00
    0.312276000000000E+04    0.567010787431173E+01    0.370014560819346E+00
    0.312278000000000E+04    0.570490835719011E+01    0.370009528095714E+00
    0.312904000000000E+04    0.402585875390560E+01    0.369646210898242E+00
    0.312906000000000E+04    0.406064466164207E+01    0.369648655931518E+00
    0.313532000000000E+04    0.238374971282883E+01    0.369547472312434E+00
    0.313534000000000E+04    0.241853153546163E+01    0.369544879835690E+00
    0.314160000000000E+04    0.739054706599745E+00    0.370068776673987E+00
    0.314162000000000E+04    0.773857496752498E+00    0.370074071921813E+00
    0.314788000000000E+04    0.538865045080365E+01    0.370161263776423E+00
    0.314790000000000E+04    0.542345708975154E+01    0.370155791787307E+00
    0.315416000000000E+04    0.374332707158464E+01    0.369364130051843E+00
    0.315418000000000E+04    0.377810147062428E+01    0.369366737113722E+00
    0.316046000000000E+04    0.213574145556049E+01    0.369833909180218E+00
    0.316048000000000E+04    0.217053481819221E+01    0.369832104677917E+00
    0.316674000000000E+04    0.492720027966243E+00    0.369928441968656E+00
    0.316676000000000E+04    0.527517219482434E+00    0.369932580937303E+00
    0.317302000000000E+04    0.514129436973235E+01    0.370261762055839E+00
    0.317304000000000E+04    0.517610479258110E+01    0.370256968011443E+00
    0.317930000000000E+04    0.349584000541836E+01    0.369143079374562E+00
    0.317932000000000E+04    0.353060571354581E+01    0.369144972474229E+00
    0.318558000000000E+04    0.185272269376946E+01    0.370082809875502E+00
    0.318560000000000E+04    0.188752602704062E+01    0.370082636502617E+00
    0.319186000000000E+04    0.212035174713492E+00    0.369826116386647E+00
    0.319188000000000E+04    0.246828246489713E+00    0.369828178025360E+00
    0.319816000000000E+04    0.489348125002834E+01    0.370281114014294E+00
    0.319818000000000E+04    0.492829253961008E+01    0.370277893584935E+00
    0.320444000000000E+04    0.324861899881944E+01    0.369031622425309E+00
    0.320446000000000E+04    0.328338020168758E+01    0.369032163810434E+00
    0.321072000000000E+04    0.160445715809783E+01    0.370242022311615E+00
    0.321074000000000E+04    0.163926695616919E+01    0.370243880521784E+00
    0.321700000000000E+04    0.624957391916996E+01    0.369800132966499E+00
    0.321702000000000E+04    0.118022301012388E-02    0.369799679927663E+00
    0.322328000000000E+04    0.461046172505303E+01    0.370191817421354E+00
    0.322330000000000E+04    0.464526939165353E+01    0.370190691491659E+00
    0.322956000000000E+04    0.296666911178363E+01    0.369058225754718E+00
    0.322958000000000E+04    0.300143142910656E+01    0.369057216289931E+00
    0.323586000000000E+04    0.135635821460892E+01    0.370292106473551E+00
    0.323588000000000E+04    0.139116997408746E+01    0.370295900824737E+00
    0.324214000000000E+04    0.600381426604599E+01    0.369853935841888E+00
    0.324216000000000E+04    0.603860844176143E+01    0.369851077342619E+00
    0.324842000000000E+04    0.436219366709702E+01    0.370000409071484E+00
    0.324844000000000E+04    0.439699365360866E+01    0.370001228277249E+00
    0.325470000000000E+04    0.271939555761492E+01    0.369212612628946E+00
    0.325472000000000E+04    0.275416401416442E+01    0.369210417495942E+00
    0.326098000000000E+04    0.107391183924483E+01    0.370235303332471E+00
    0.326100000000000E+04    0.110872135930549E+01    0.370240432868671E+00
    0.326726000000000E+04    0.572297817109393E+01    0.369974122010104E+00
    0.326728000000000E+04    0.575777700248636E+01    0.369969429999512E+00
    0.327354000000000E+04    0.407919044626578E+01    0.369727282749775E+00
    0.327356000000000E+04    0.411397966509867E+01    0.369729488318089E+00
    0.327984000000000E+04    0.247181806919525E+01    0.369461975812527E+00
    0.327986000000000E+04    0.250659655135496E+01    0.369459342882086E+00
    0.328612000000000E+04    0.826771402305894E+00    0.370113205344460E+00
    0.328614000000000E+04    0.861575745892878E+00    0.370118622042789E+00
    0.329240000000000E+04    0.547633501601558E+01    0.370116073781416E+00
    0.329242000000000E+04    0.551113958537826E+01    0.370110607209185E+00
    0.329868000000000E+04    0.383121070281777E+01    0.369440185959229E+00
    0.329870000000000E+04    0.386598834117285E+01    0.369442853341762E+00
    0.330496000000000E+04    0.218898164908842E+01    0.369751076757927E+00
    0.330498000000000E+04    0.222377171250719E+01    0.369748951115652E+00
    0.331124000000000E+04    0.545375294493169E+00    0.369964488813498E+00
    0.331126000000000E+04    0.580173922507129E+00    0.369969080012060E+00
    0.331754000000000E+04    0.522914456893614E+01    0.370235451301389E+00
    0.331756000000000E+04    0.526395389976824E+01    0.370230343412313E+00
    0.332382000000000E+04    0.358359471952372E+01    0.369196393836275E+00
    0.332384000000000E+04    0.361836257373034E+01    0.369198584735064E+00
    0.333010000000000E+04    0.194074905078196E+01    0.370016010068757E+00
    0.333012000000000E+04    0.197554973253409E+01    0.370015269345372E+00
    0.333638000000000E+04    0.299294710389404E+00    0.369846945812834E+00
    0.333640000000000E+04    0.334088548561340E+00    0.369849690173446E+00
    0.334266000000000E+04    0.494656491749538E+01    0.370285931979794E+00
    0.334268000000000E+04    0.498137644046619E+01    0.370282216041088E+00
    0.334894000000000E+04    0.330148943917357E+01    0.369050635868806E+00
    0.334896000000000E+04    0.333625118246164E+01    0.369051598045337E+00
