    0.000000000000000E+00    0.190000000000000E+01    0.380000000000000E+00
    0.200000000000000E-01    0.193519998933681E+01    0.379999430407848E+00
    0.630000000000000E+01    0.419497530913809E+00    0.379944170695238E+00
    0.632000000000000E+01    0.454695328146492E+00    0.379947771015612E+00
    0.125800000000000E+02    0.519362145617060E+01    0.380241696792075E+00
    0.126000000000000E+02    0.522883104759992E+01    0.380236700467418E+00
    0.188600000000000E+02    0.367398859259923E+01    0.379268787986442E+00
    0.188800000000000E+02    0.370915938908531E+01    0.379271261173311E+00
    0.251400000000000E+02    0.215633697088295E+01    0.379762902888500E+00
    0.251600000000000E+02    0.219152766318523E+01    0.379760923070358E+00
    0.314200000000000E+02    0.638694867122524E+00    0.380049386537513E+00
    0.314400000000000E+02    0.673896723868019E+00    0.380054377816043E+00
    0.377000000000000E+02    0.541369231676974E+01    0.380159431595114E+00
    0.377200000000000E+02    0.544889863734728E+01    0.380153954369041E+00
    0.440000000000000E+02    0.392992666443426E+01    0.379508438179769E+00
    0.440200000000000E+02    0.396510702698492E+01    0.379511069613082E+00
    0.502800000000000E+02    0.241244974784298E+01    0.379500284122300E+00
    0.503000000000000E+02    0.244762975977993E+01    0.379497675341197E+00
    0.565600000000000E+02    0.893516760246200E+00    0.380167236176753E+00
    0.565800000000000E+02    0.928723515072164E+00    0.380172693837979E+00
    0.628400000000000E+02    0.566853892429553E+01    0.380043943471745E+00
    0.628600000000000E+02    0.570374057671428E+01    0.380038964254700E+00
    0.691200000000000E+02    0.415092746374759E+01    0.379767437116986E+00
    0.691400000000000E+02    0.418611823123102E+01    0.379769383276070E+00
    0.754000000000000E+02    0.263324410091400E+01    0.379264381286540E+00
    0.754200000000000E+02    0.266841455375149E+01    0.379261962538069E+00
    0.817000000000000E+02    0.114883232114749E+01    0.380250389554987E+00
    0.817200000000000E+02    0.118404260719859E+01    0.380255290060256E+00
    0.879800000000000E+02    0.592299645648089E+01    0.379938436185561E+00
    0.880000000000000E+02    0.595819421953979E+01    0.379934962257760E+00
    0.942600000000000E+02    0.440735388657788E+01    0.380004825507832E+00
    0.942800000000000E+02    0.444255408607393E+01    0.380005328474903E+00
    0.100540000000000E+03    0.288911737574026E+01    0.379097219161787E+00
    0.100560000000000E+03    0.292428115204703E+01    0.379095751639767E+00
    0.106820000000000E+03    0.136956742209057E+01    0.380269132956342E+00
    0.106840000000000E+03    0.140477830237128E+01    0.380272695479030E+00
    0.113100000000000E+03    0.614201110339593E+01    0.379876511754219E+00
    0.113120000000000E+03    0.617720612838860E+01    0.379875089465970E+00
    0.119400000000000E+03    0.466382070752135E+01    0.380175690127075E+00
    0.119420000000000E+03    0.469902773786001E+01    0.380174296157435E+00
    0.125680000000000E+03    0.314488522929094E+01    0.379030193302679E+00
    0.125700000000000E+03    0.318004640758568E+01    0.379030104233910E+00
    0.131960000000000E+03    0.162587455743582E+01    0.380203473042248E+00
    0.131980000000000E+03    0.166108273041814E+01    0.380205143786354E+00
    0.138240000000000E+03    0.112947283334847E+00    0.379870512472014E+00
    0.138260000000000E+03    0.148142102587940E+00    0.379871508882915E+00
    0.144520000000000E+03    0.488497379177221E+01    0.380261683820226E+00
    0.144540000000000E+03    0.492018427623304E+01    0.380258391695701E+00
    0.150800000000000E+03    0.336548338846796E+01    0.379074544697013E+00
    0.150820000000000E+03    0.340064630238436E+01    0.379075837900104E+00
    0.157080000000000E+03    0.184714479543720E+01    0.380047419485352E+00
    0.157100000000000E+03    0.188234684163967E+01    0.380047231304229E+00
    0.163380000000000E+03    0.367152535158652E+00    0.379928791956693E+00
    0.163400000000000E+03    0.402349576631821E+00    0.379931980581938E+00
    0.169660000000000E+03    0.514095346502273E+01    0.380254691499108E+00
    0.169680000000000E+03    0.517616362064615E+01    0.380249916461325E+00
    0.175940000000000E+03    0.362132252897396E+01    0.379227300377397E+00
    0.175960000000000E+03    0.365649164883274E+01    0.379229633627214E+00
    0.182220000000000E+03    0.210359000228470E+01    0.379820635130955E+00
    0.182240000000000E+03    0.213878285816526E+01    0.379818906588081E+00
    0.188500000000000E+03    0.586396045086303E+00    0.380028436617452E+00
    0.188520000000000E+03    0.621597228603946E+00    0.380033213435245E+00
    0.194780000000000E+03    0.536134461461478E+01    0.380185510114865E+00
    0.194800000000000E+03    0.539655192398908E+01    0.380180054048672E+00
    0.201080000000000E+03    0.387739839903037E+01    0.379455384419701E+00
    0.201100000000000E+03    0.391257667865131E+01    0.379458062025725E+00
    0.207360000000000E+03    0.235996675828602E+01    0.379559939383212E+00
    0.207380000000000E+03    0.239514913224832E+01    0.379557396295533E+00
    0.213640000000000E+03    0.841261514386929E+00    0.380144062939619E+00
    0.213660000000000E+03    0.876467384382465E+00    0.380149505738314E+00
    0.219920000000000E+03    0.561646940498605E+01    0.380069695970138E+00
    0.219940000000000E+03    0.565167260733284E+01    0.380064546457708E+00
    0.226200000000000E+03    0.409863811187921E+01    0.379719305824283E+00
    0.226220000000000E+03    0.413382689163888E+01    0.379721465775040E+00
    0.232480000000000E+03    0.258111490859085E+01    0.379319156217821E+00
    0.232500000000000E+03    0.261628762693982E+01    0.379316627005305E+00
    0.238780000000000E+03    0.109689042264444E+01    0.380245109148616E+00
    0.238800000000000E+03    0.113210028246647E+01    0.380250211782807E+00
    0.245060000000000E+03    0.587132024076476E+01    0.379962798653798E+00
    0.245080000000000E+03    0.590651868045433E+01    0.379958890707959E+00
    0.251340000000000E+03    0.435526679650053E+01    0.379963255051057E+00
    0.251360000000000E+03    0.439046534844738E+01    0.379964118125392E+00
    0.257620000000000E+03    0.283722681962979E+01    0.379129445850822E+00
    0.257640000000000E+03    0.287239192206675E+01    0.379127723252699E+00
    0.263900000000000E+03    0.131768861994601E+01    0.380275739495496E+00
    0.263920000000000E+03    0.135289993268259E+01    0.380279650366938E+00
    0.270180000000000E+03    0.609063142404443E+01    0.379890042859793E+00
    0.270200000000000E+03    0.612582694242337E+01    0.379888130186756E+00
    0.276480000000000E+03    0.461198628214487E+01    0.380149710302933E+00
    0.276500000000000E+03    0.464719227704484E+01    0.380148738810002E+00
    0.282760000000000E+03    0.309324821804643E+01    0.379038911825120E+00
    0.282780000000000E+03    0.312840974704091E+01    0.379038513981463E+00
    0.289040000000000E+03    0.157415028843411E+01    0.380229650679504E+00
    0.289060000000000E+03    0.160935952287917E+01    0.380231765961350E+00
    0.295320000000000E+03    0.617664014138199E-01    0.379870840110218E+00
    0.295340000000000E+03    0.969612413083496E-01    0.379871321349892E+00
    0.301600000000000E+03    0.483338943347690E+01    0.380255202424348E+00
    0.301620000000000E+03    0.486859962856147E+01    0.380252292758799E+00
    0.307880000000000E+03    0.331404578684260E+01    0.379059684757578E+00
    0.307900000000000E+03    0.334920813156998E+01    0.379060701172980E+00
    0.314160000000000E+03    0.179560931546985E+01    0.380091913440281E+00
    0.314180000000000E+03    0.183081312574041E+01    0.380092107431766E+00
    0.320460000000000E+03    0.316140183053449E+00    0.379914562320485E+00
    0.320480000000000E+03    0.351336709749376E+00    0.379917320257587E+00
    0.326740000000000E+03    0.508969150065218E+01    0.380267225446185E+00
    0.326760000000000E+03    0.512490220462803E+01    0.380262717987153E+00
    0.333020000000000E+03    0.357011034835841E+01    0.379193123891351E+00
    0.333040000000000E+03    0.360527800926207E+01    0.379195289035678E+00
    0.339300000000000E+03    0.205230870896048E+01    0.379877864802139E+00
    0.339320000000000E+03    0.208750379745413E+01    0.379876413896800E+00
    0.345580000000000E+03    0.535519681920277E+00    0.380008430715908E+00
    0.345600000000000E+03    0.570719896433388E+00    0.380012919282972E+00
    0.351860000000000E+03    0.531030343769999E+01    0.380208359965891E+00
    0.351880000000000E+03    0.534551170711518E+01    0.380202976675238E+00
    0.358160000000000E+03    0.382624934963246E+01    0.379406800095816E+00
    0.358180000000000E+03    0.386142565812952E+01    0.379409471199881E+00
    0.364440000000000E+03    0.230882517532507E+01    0.379619451482120E+00
    0.364460000000000E+03    0.234400995738702E+01    0.379617011297637E+00
    0.370720000000000E+03    0.790466932472100E+00    0.380126395759385E+00
    0.370740000000000E+03    0.825672054838833E+00    0.380131784257288E+00
    0.377000000000000E+03    0.556569813941883E+01    0.380100842292115E+00
    0.377020000000000E+03    0.560090205116649E+01    0.380095520071444E+00
    0.383280000000000E+03    0.404750382214820E+01    0.379662275365617E+00
    0.383300000000000E+03    0.408269041156223E+01    0.379664620448180E+00
    0.389560000000000E+03    0.253005263897182E+01    0.379367266855896E+00
    0.389580000000000E+03    0.256522723142632E+01    0.379364663652833E+00
    0.395860000000000E+03    0.104590397575703E+01    0.380227582330974E+00
    0.395880000000000E+03    0.108111316321413E+01    0.380232839936894E+00
    0.402140000000000E+03    0.582060478877202E+01    0.379985965449778E+00
    0.402160000000000E+03    0.585580423426529E+01    0.379981733764387E+00
    0.408420000000000E+03    0.430411223807926E+01    0.379915207699886E+00
    0.408440000000000E+03    0.433930875228839E+01    0.379916381571663E+00
    0.414700000000000E+03    0.278619045170058E+01    0.379162526572017E+00
    0.414720000000000E+03    0.282135683968454E+01    0.379160586068702E+00
    0.420980000000000E+03    0.126658460390797E+01    0.380273883430266E+00
    0.421000000000000E+03    0.130179560394140E+01    0.380278104444499E+00
    0.427260000000000E+03    0.603985784892063E+01    0.379900925585765E+00
    0.427280000000000E+03    0.607505387337733E+01    0.379898560105909E+00
    0.433540000000000E+03    0.452552268134684E+01    0.380116100060135E+00
    0.433560000000000E+03    0.456072731455549E+01    0.380115578283229E+00
    0.439840000000000E+03    0.304212518046529E+01    0.379048294647851E+00
    0.439860000000000E+03    0.307728711181323E+01    0.379047620190489E+00
    0.446120000000000E+03    0.152291044149183E+01    0.380247915728839E+00
    0.446140000000000E+03    0.155812042454522E+01    0.380250414408918E+00
    0.452400000000000E+03    0.109821033510116E-01    0.379867570182884E+00
    0.452420000000000E+03    0.461767598296774E-01    0.379867534610807E+00
    0.458680000000000E+03    0.478212505363229E+01    0.380240003620343E+00
    0.458700000000000E+03    0.481733469604706E+01    0.380237513287848E+00
    0.464960000000000E+03    0.326288304821924E+01    0.379044150750308E+00
    0.464980000000000E+03    0.329804475364199E+01    0.379044861145697E+00
    0.471240000000000E+03    0.174428485271835E+01    0.380125321249817E+00
    0.471260000000000E+03    0.177949009673785E+01    0.380125923116263E+00
    0.477540000000000E+03    0.265359595374548E+00    0.379902040315425E+00
    0.477560000000000E+03    0.300555676597810E+00    0.379904350141854E+00
    0.483820000000000E+03    0.503855445959221E+01    0.380272765719897E+00
    0.483840000000000E+03    0.507376529747808E+01    0.380268548910861E+00
    0.490100000000000E+03    0.351894862867164E+01    0.379158831433920E+00
    0.490120000000000E+03    0.355411473964909E+01    0.379160805628163E+00
    0.496380000000000E+03    0.200099800046110E+01    0.379926514102315E+00
    0.496400000000000E+03    0.203619507227859E+01    0.379925354457698E+00
    0.502660000000000E+03    0.484623451271204E+00    0.379984037144128E+00
    0.502680000000000E+03    0.519822876241619E+00    0.379988218756593E+00
    0.508940000000000E+03    0.525925046007637E+01    0.380227838583880E+00
    0.508960000000000E+03    0.529445950454260E+01    0.380222573838872E+00
    0.515240000000000E+03    0.377505265405102E+01    0.379356600535487E+00
    0.515260000000000E+03    0.381022696926073E+01    0.379359232586037E+00
    0.521520000000000E+03    0.225762234359058E+01    0.379677126895393E+00
    0.521540000000000E+03    0.229280961974814E+01    0.379674828781345E+00
    0.527800000000000E+03    0.739519104986243E+00    0.380103094335558E+00
    0.527820000000000E+03    0.774723033020564E+00    0.380108363416827E+00
    0.534080000000000E+03    0.551468849756452E+01    0.380123592281825E+00
    0.534100000000000E+03    0.554989335665857E+01    0.380118172172222E+00
    0.540360000000000E+03    0.399619985035190E+01    0.379605218606829E+00
    0.540380000000000E+03    0.403138409310304E+01    0.379607697722158E+00
    0.546640000000000E+03    0.247875914279314E+01    0.379417456575199E+00
    0.546660000000000E+03    0.251393580960291E+01    0.379414816499361E+00
    0.552940000000000E+03    0.994771616816820E+00    0.380209692483874E+00
    0.552960000000000E+03    0.102998010042234E+01    0.380215061575201E+00
    0.559220000000000E+03    0.576962749093946E+01    0.380006617891820E+00
    0.559240000000000E+03    0.580482763358054E+01    0.380002061207198E+00
    0.565500000000000E+03    0.425270996406982E+01    0.379862234259119E+00
    0.565520000000000E+03    0.428790460455855E+01    0.379863734062937E+00
    0.571780000000000E+03    0.273493541651010E+01    0.379198550657394E+00
    0.571800000000000E+03    0.277010322758269E+01    0.379196413847983E+00
    0.578060000000000E+03    0.121530265790136E+01    0.380268151516429E+00
    0.578080000000000E+03    0.125051335231353E+01    0.380272649275706E+00
    0.584340000000000E+03    0.598892001964327E+01    0.379913623804274E+00
    0.584360000000000E+03    0.602411657263860E+01    0.379910809445301E+00
    0.590620000000000E+03    0.447409846363644E+01    0.380078138833239E+00
    0.590640000000000E+03    0.450930158571055E+01    0.380078017141736E+00
    0.596920000000000E+03    0.299084647243444E+01    0.379063179410318E+00
    0.596940000000000E+03    0.302600899848017E+01    0.379062208702301E+00
    0.603200000000000E+03    0.147151708160868E+01    0.380261449216904E+00
    0.603220000000000E+03    0.150672760061866E+01    0.380264345180304E+00
    0.609480000000000E+03    0.624322568745129E+01    0.379868083938916E+00
    0.609500000000000E+03    0.627842035765707E+01    0.379867530951480E+00
    0.615760000000000E+03    0.473068929940109E+01    0.380220125273471E+00
    0.615780000000000E+03    0.476589813787155E+01    0.380218049022670E+00
    0.622040000000000E+03    0.321155941619372E+01    0.379034116079248E+00
    0.622060000000000E+03    0.324672072497378E+01    0.379034522153731E+00
    0.628320000000000E+03    0.169279722406895E+01    0.380156848115446E+00
    0.628340000000000E+03    0.172800377777844E+01    0.380157858767219E+00
    0.634620000000000E+03    0.214354296336069E+00    0.379889385055329E+00
    0.634640000000000E+03    0.249549870287183E+00    0.379891218766061E+00
    0.640900000000000E+03    0.498714612596427E+01    0.380272513161872E+00
    0.640920000000000E+03    0.502235695176546E+01    0.380268620617296E+00
    0.647180000000000E+03    0.346756571747846E+01    0.379124895116159E+00
    0.647200000000000E+03    0.350273055640127E+01    0.379126631151777E+00
    0.653460000000000E+03    0.194948399427017E+01    0.379976362685596E+00
    0.653480000000000E+03    0.198468303799086E+01    0.379975548709682E+00
    0.659740000000000E+03    0.433575337486673E+00    0.379962178345416E+00
    0.659760000000000E+03    0.468773885865403E+00    0.379966013065817E+00
    0.666020000000000E+03    0.520795087523970E+01    0.380243081568841E+00
    0.666040000000000E+03    0.524316050790048E+01    0.380237971188715E+00
    0.672320000000000E+03    0.372365946398031E+01    0.379307641308164E+00
    0.672340000000000E+03    0.375883180290566E+01    0.379310202500737E+00
    0.678600000000000E+03    0.220613958355329E+01    0.379731795710652E+00
    0.678620000000000E+03    0.224132884066671E+01    0.379729679127421E+00
    0.684880000000000E+03    0.688364623521920E+00    0.380074460163320E+00
    0.684900000000000E+03    0.723567635454856E+00    0.380079581811576E+00
    0.691160000000000E+03    0.546357570459395E+01    0.380149893723941E+00
    0.691180000000000E+03    0.549878189348601E+01    0.380144424263389E+00
    0.697440000000000E+03    0.394485279093374E+01    0.379551207464817E+00
    0.697460000000000E+03    0.398003475849282E+01    0.379553783438836E+00
    0.703720000000000E+03    0.242745502076082E+01    0.379472195086934E+00
    0.703740000000000E+03    0.246263393209892E+01    0.379469559906199E+00
    0.710000000000000E+03    0.908464221515715E+00    0.380185414159190E+00
    0.710020000000000E+03    0.943671714705715E+00    0.380190861061361E+00
    0.716300000000000E+03    0.571870108976395E+01    0.380032798225378E+00
    0.716320000000000E+03    0.575390232977543E+01    0.380027979817160E+00
    0.722580000000000E+03    0.420143641904906E+01    0.379813195960366E+00
    0.722600000000000E+03    0.423662894964559E+01    0.379814964925856E+00
    0.728860000000000E+03    0.268376438753944E+01    0.379241056419052E+00
    0.728880000000000E+03    0.271893398099564E+01    0.379238747363828E+00
    0.735140000000000E+03    0.116424153297453E+01    0.380263635633301E+00
    0.735160000000000E+03    0.119945219965462E+01    0.380268411339706E+00
    0.741420000000000E+03    0.593822528005489E+01    0.379933245515363E+00
    0.741440000000000E+03    0.597342246857625E+01    0.379929982076236E+00
    0.747700000000000E+03    0.442294093035730E+01    0.380038458614178E+00
    0.747720000000000E+03    0.445814281164576E+01    0.380038701143331E+00
    0.754000000000000E+03    0.293995163715817E+01    0.379087633018087E+00
    0.754020000000000E+03    0.297511533315469E+01    0.379086429406294E+00
    0.760280000000000E+03    0.142059776501401E+01    0.380275593607018E+00
    0.760300000000000E+03    0.145580883512162E+01    0.380278868526007E+00
    0.766560000000000E+03    0.619281558571333E+01    0.379878108273213E+00
    0.766580000000000E+03    0.622801066933198E+01    0.379877041566566E+00
    0.772840000000000E+03    0.467984312175167E+01    0.380200916735276E+00
    0.772860000000000E+03    0.471505111695365E+01    0.380199235060466E+00
    0.779120000000000E+03    0.316089660960483E+01    0.379035073204788E+00
    0.779140000000000E+03    0.319605796234168E+01    0.379035198124157E+00
    0.785400000000000E+03    0.164204834984184E+01    0.380192484310821E+00
    0.785420000000000E+03    0.167725614368510E+01    0.380193903496553E+00
    0.791700000000000E+03    0.164071726307611E+00    0.379882119209279E+00
    0.791720000000000E+03    0.199266954444738E+00    0.379883466579455E+00
    0.797980000000000E+03    0.493649959818663E+01    0.380271803553060E+00
    0.798000000000000E+03    0.497171053358579E+01    0.380268257420143E+00
    0.804260000000000E+03    0.341703858206210E+01    0.379101781501851E+00
    0.804280000000000E+03    0.345220236725390E+01    0.379103289200221E+00
    0.810540000000000E+03    0.189883624089293E+01    0.380021814861708E+00
    0.810560000000000E+03    0.193403713334305E+01    0.380021345764266E+00
    0.816820000000000E+03    0.383384759409182E+00    0.379944045573950E+00
    0.816840000000000E+03    0.418582570522403E+00    0.379947509848643E+00
    0.823100000000000E+03    0.515749965783425E+01    0.380256806935547E+00
    0.823120000000000E+03    0.519270985105481E+01    0.380251887308183E+00
    0.829400000000000E+03    0.367315713856829E+01    0.379264296648858E+00
    0.829420000000000E+03    0.370832773506208E+01    0.379266748085456E+00
    0.835680000000000E+03    0.215557665083679E+01    0.379787555020184E+00
    0.835700000000000E+03    0.219076814173923E+01    0.379785650921495E+00
    0.841960000000000E+03    0.638167220005926E+00    0.380051499272942E+00
    0.841980000000000E+03    0.673369309171903E+00    0.380056426518335E+00
    0.848240000000000E+03    0.541330122225963E+01    0.380173807505053E+00
    0.848260000000000E+03    0.544850828366157E+01    0.380168320706650E+00
    0.854520000000000E+03    0.389435213453748E+01    0.379498770554914E+00
    0.854540000000000E+03    0.392953188900333E+01    0.379501407038215E+00
    0.860800000000000E+03    0.237695287172937E+01    0.379526548918081E+00
    0.860820000000000E+03    0.241213393746239E+01    0.379523951502995E+00
    0.867080000000000E+03    0.858172896317228E+00    0.380163988709815E+00
    0.867100000000000E+03    0.893379552083843E+00    0.380169452450173E+00
    0.873380000000000E+03    0.566853386701268E+01    0.380057821934676E+00
    0.873400000000000E+03    0.570373612461935E+01    0.380052784642060E+00
    0.879660000000000E+03    0.415092548977486E+01    0.379761419790452E+00
    0.879680000000000E+03    0.418611593234186E+01    0.379763425595791E+00
    0.885940000000000E+03    0.263335598047047E+01    0.379285330310524E+00
    0.885960000000000E+03    0.266852734098029E+01    0.379282887675379E+00
    0.892220000000000E+03    0.111389628079837E+01    0.380253100539061E+00
    0.892240000000000E+03    0.114910653347238E+01    0.380258091839696E+00
    0.898500000000000E+03    0.588817880559327E+01    0.379952446396301E+00
    0.898520000000000E+03    0.592337675564454E+01    0.379948791689948E+00
    0.904780000000000E+03    0.437244768695246E+01    0.379995964060420E+00
    0.904800000000000E+03    0.440764782585961E+01    0.379996574291496E+00
    0.911080000000000E+03    0.288960289448119E+01    0.379112485966782E+00
    0.911100000000000E+03    0.292476758470389E+01    0.379111016482430E+00
    0.917360000000000E+03    0.137019223376797E+01    0.380281039154021E+00
    0.917380000000000E+03    0.140540355371809E+01    0.380284691665097E+00
    0.923640000000000E+03    0.614282790547600E+01    0.379886614422203E+00
    0.923660000000000E+03    0.617802319650036E+01    0.379885061934332E+00
    0.929920000000000E+03    0.462936609874714E+01    0.380176740331738E+00
    0.929940000000000E+03    0.466457331758465E+01    0.380175479851790E+00
    0.936200000000000E+03    0.311063957597480E+01    0.379041091620916E+00
    0.936220000000000E+03    0.314580119131620E+01    0.379040889805582E+00
    0.942480000000000E+03    0.159168815761018E+01    0.380219618906798E+00
    0.942500000000000E+03    0.162689699231623E+01    0.380221456520120E+00
    0.948780000000000E+03    0.114241900893830E+00    0.379880025052723E+00
    0.948800000000000E+03    0.149437047879474E+00    0.379880882116008E+00
    0.955060000000000E+03    0.488626070566715E+01    0.380266699413836E+00
    0.955080000000000E+03    0.492147132030186E+01    0.380263517486466E+00
    0.961340000000000E+03    0.336689964784500E+01    0.379079824700817E+00
    0.961360000000000E+03    0.340206285090358E+01    0.379081065677891E+00
    0.967620000000000E+03    0.184865852583880E+01    0.380068372823337E+00
    0.967640000000000E+03    0.188386131278730E+01    0.380068257753945E+00
    0.973900000000000E+03    0.333709961121258E+00    0.379930648206751E+00
    0.973920000000000E+03    0.368907160698882E+00    0.379933719014732E+00
    0.980180000000000E+03    0.510759685766743E+01    0.380271262573978E+00
    0.980200000000000E+03    0.514280783664299E+01    0.380266578046158E+00
    0.986480000000000E+03    0.362326695164847E+01    0.379228698680682E+00
    0.986500000000000E+03    0.365843593652062E+01    0.379231000856489E+00
    0.992760000000000E+03    0.210559633506250E+01    0.379842923953574E+00
    0.992780000000000E+03    0.214079006577367E+01    0.379841257570764E+00
    0.999040000000000E+03    0.588615984826220E+00    0.380031865569769E+00
    0.999060000000000E+03    0.623817332078488E+00    0.380036566346090E+00
    0.100532000000000E+04    0.536363374125926E+01    0.380197811320304E+00
    0.100534000000000E+04    0.539884158360064E+01    0.380192362384550E+00
    0.101160000000000E+04    0.384458395884781E+01    0.379450870135749E+00
    0.101162000000000E+04    0.387976201258562E+01    0.379453544600632E+00
    0.101788000000000E+04    0.232725246187965E+01    0.379585553706692E+00
    0.101790000000000E+04    0.236243581995973E+01    0.379583025705825E+00
    0.102416000000000E+04    0.808740708017467E+00    0.380145234007048E+00
    0.102418000000000E+04    0.843946668248236E+00    0.380150677665932E+00
    0.103046000000000E+04    0.561923754270538E+01    0.380085776515479E+00
    0.103048000000000E+04    0.565444086649541E+01    0.380080562527326E+00
    0.103674000000000E+04    0.410131557936643E+01    0.379709642395040E+00
    0.103676000000000E+04    0.413650397536662E+01    0.379711850226322E+00
    0.104302000000000E+04    0.258389440168389E+01    0.379335901930346E+00
    0.104304000000000E+04    0.261906792503805E+01    0.379333380894319E+00
    0.104930000000000E+04    0.106456493112569E+01    0.380244136925132E+00
    0.104932000000000E+04    0.109977466861142E+01    0.380249286507768E+00
    0.105558000000000E+04    0.583913080985940E+01    0.379976901972226E+00
    0.105560000000000E+04    0.587432973940122E+01    0.379972897699102E+00
    0.106186000000000E+04    0.432300480780191E+01    0.379955257453457E+00
    0.106188000000000E+04    0.435820302719094E+01    0.379956223861577E+00
    0.106816000000000E+04    0.284026954878664E+01    0.379143185733929E+00
    0.106818000000000E+04    0.287543532656764E+01    0.379141455647718E+00
    0.107444000000000E+04    0.132083379952542E+01    0.380284532724762E+00
    0.107446000000000E+04    0.135604525684994E+01    0.380288513996021E+00
    0.108072000000000E+04    0.609391245349752E+01    0.379898718994836E+00
    0.108074000000000E+04    0.612910838371363E+01    0.379896714318120E+00
    0.108700000000000E+04    0.458003770239520E+01    0.380150356305572E+00
    0.108702000000000E+04    0.461524368761593E+01    0.380149482468379E+00
    0.109328000000000E+04    0.306141093273345E+01    0.379045133876820E+00
    0.109330000000000E+04    0.309657269243303E+01    0.379044639747184E+00
    0.109956000000000E+04    0.154232555934891E+01    0.380238780957329E+00
    0.109958000000000E+04    0.157753521150266E+01    0.380241013344997E+00
    0.110586000000000E+04    0.653150643281606E-01    0.379873816815772E+00
    0.110588000000000E+04    0.100509966923937E+00    0.379874175934807E+00
    0.111214000000000E+04    0.483689199619198E+01    0.380254421996542E+00
    0.111216000000000E+04    0.487210227186756E+01    0.380251612999426E+00
    0.111842000000000E+04    0.331766524462023E+01    0.379062393419519E+00
    0.111844000000000E+04    0.335282768873117E+01    0.379063355520997E+00
    0.112470000000000E+04    0.179926187822434E+01    0.380105527979531E+00
    0.112472000000000E+04    0.183446617074401E+01    0.380105803036033E+00
    0.113098000000000E+04    0.284788915157606E+00    0.379916624730185E+00
    0.113100000000000E+04    0.319985522244224E+00    0.379919280309817E+00
    0.113726000000000E+04    0.505831045393143E+01    0.380276206119875E+00
    0.113728000000000E+04    0.509352143458364E+01    0.380271779374888E+00
    0.114354000000000E+04    0.353879428944288E+01    0.379186633057726E+00
    0.114356000000000E+04    0.357396176645057E+01    0.379188734674773E+00
    0.114984000000000E+04    0.205622268136062E+01    0.379893703375790E+00
    0.114986000000000E+04    0.209141842692406E+01    0.379892311023095E+00
    0.115612000000000E+04    0.539609928084474E+00    0.380008476640742E+00
    0.115614000000000E+04    0.574810295886209E+00    0.380012903685172E+00
    0.116240000000000E+04    0.531448189751472E+01    0.380216581185829E+00
    0.116242000000000E+04    0.534969054182875E+01    0.380211198998875E+00
    0.116868000000000E+04    0.379524669816965E+01    0.379398450304130E+00
    0.116870000000000E+04    0.383042253018266E+01    0.379401106238782E+00
    0.117496000000000E+04    0.227788068273412E+01    0.379639187342682E+00
    0.117498000000000E+04    0.231306635426472E+01    0.379636781874699E+00
    0.118124000000000E+04    0.759637187197768E+00    0.380122453233485E+00
    0.118126000000000E+04    0.794842092901035E+00    0.380127815481352E+00
    0.118754000000000E+04    0.557012364470211E+01    0.380109792543418E+00
    0.118756000000000E+04    0.560532793219181E+01    0.380104446571838E+00
    0.119382000000000E+04    0.405187463110269E+01    0.379657449261581E+00
    0.119384000000000E+04    0.408706060938584E+01    0.379659807140803E+00
    0.120010000000000E+04    0.253443805874349E+01    0.379380998443870E+00
    0.120012000000000E+04    0.256961327944464E+01    0.379378394829961E+00
    0.120638000000000E+04    0.101521152567648E+01    0.380225705921912E+00
    0.120640000000000E+04    0.105042064741247E+01    0.380231002682426E+00
    0.121266000000000E+04    0.578998861421132E+01    0.379996577607689E+00
    0.121268000000000E+04    0.582518842902846E+01    0.379992254202772E+00
    0.121894000000000E+04    0.427347860333521E+01    0.379908665899904E+00
    0.121896000000000E+04    0.430867494300037E+01    0.379909938518873E+00
    0.122524000000000E+04    0.279083223037651E+01    0.379173279681394E+00
    0.122526000000000E+04    0.282599911403713E+01    0.379171306972925E+00
    0.123152000000000E+04    0.127134219456320E+01    0.380280882233376E+00
    0.123154000000000E+04    0.130655354399232E+01    0.380285163419556E+00
    0.123780000000000E+04    0.604475266678401E+01    0.379906885745304E+00
    0.123782000000000E+04    0.607994880800516E+01    0.379904412737705E+00
    0.124408000000000E+04    0.453035345254921E+01    0.380112102931617E+00
    0.124410000000000E+04    0.456555806288725E+01    0.380111646518440E+00
    0.125036000000000E+04    0.301188166909742E+01    0.379055891114478E+00
    0.125038000000000E+04    0.304704381564306E+01    0.379055108094210E+00
    0.125664000000000E+04    0.149264475410610E+01    0.380252720274107E+00
    0.125666000000000E+04    0.152785491545592E+01    0.380255349252007E+00
    0.126294000000000E+04    0.160641693705657E-01    0.379872491793645E+00
    0.126296000000000E+04    0.512589580694112E-01    0.379872355768691E+00
    0.126922000000000E+04    0.478713721265331E+01    0.380238365446761E+00
    0.126924000000000E+04    0.482234677941915E+01    0.380235942969264E+00
    0.127550000000000E+04    0.326796638630458E+01    0.379047705080271E+00
    0.127552000000000E+04    0.330312823104623E+01    0.379048381980543E+00
    0.128178000000000E+04    0.174939363347403E+01    0.380138398323250E+00
    0.128180000000000E+04    0.178459926614323E+01    0.380139059645953E+00
    0.128806000000000E+04    0.235374407647214E+00    0.379901509504939E+00
    0.128808000000000E+04    0.270570464806042E+00    0.379903707173743E+00
    0.129434000000000E+04    0.500852750263266E+01    0.380278328031413E+00
    0.129436000000000E+04    0.504373857482642E+01    0.380274198303868E+00
    0.130062000000000E+04    0.348901279559414E+01    0.379151594198832E+00
    0.130064000000000E+04    0.352417885592195E+01    0.379153489304767E+00
    0.130692000000000E+04    0.200631467249377E+01    0.379941331275132E+00
    0.130694000000000E+04    0.204151231816422E+01    0.379940240680099E+00
    0.131320000000000E+04    0.490092764617657E+00    0.379985233595993E+00
    0.131322000000000E+04    0.525292228390299E+00    0.379989363597966E+00
    0.131948000000000E+04    0.526474928933521E+01    0.380233021464773E+00
    0.131950000000000E+04    0.529995875613213E+01    0.380227766667732E+00
    0.132576000000000E+04    0.374538646227074E+01    0.379349741871962E+00
    0.132578000000000E+04    0.378056029779555E+01    0.379352344085415E+00
    0.133204000000000E+04    0.222792676260724E+01    0.379691184792400E+00
    0.133206000000000E+04    0.226311444959128E+01    0.379688921836820E+00
    0.133832000000000E+04    0.709967818950645E+00    0.380097239334815E+00
    0.133834000000000E+04    0.745171804772781E+00    0.380102489828249E+00
    0.134462000000000E+04    0.552045185768748E+01    0.380133085212902E+00
    0.134464000000000E+04    0.555565711124609E+01    0.380127649206339E+00
    0.135090000000000E+04    0.400199137390109E+01    0.379603595638244E+00
    0.135092000000000E+04    0.403717549890143E+01    0.379606099617457E+00
    0.135718000000000E+04    0.248463587778951E+01    0.379432624975147E+00
    0.135720000000000E+04    0.251981312202406E+01    0.379429987120621E+00
    0.136346000000000E+04    0.965553884137080E+00    0.380208209765204E+00
    0.136348000000000E+04    0.100076236249743E+01    0.380213609142296E+00
    0.136974000000000E+04    0.574052914021422E+01    0.380019756611758E+00
    0.136976000000000E+04    0.577572977432055E+01    0.380015141246006E+00
    0.137602000000000E+04    0.422359992231986E+01    0.379857202825560E+00
    0.137604000000000E+04    0.425879436411515E+01    0.379858757670805E+00
    0.138232000000000E+04    0.274115842409856E+01    0.379212151956180E+00
    0.138234000000000E+04    0.277632724582372E+01    0.379210049067407E+00
    0.138860000000000E+04    0.122172966590915E+01    0.380278825170987E+00
    0.138862000000000E+04    0.125694091018704E+01    0.380283379646739E+00
    0.139488000000000E+04    0.599549955794964E+01    0.379926538804841E+00
    0.139490000000000E+04    0.603069593938108E+01    0.379923675691004E+00
    0.140116000000000E+04    0.448053014055813E+01    0.380079379839178E+00
    0.140118000000000E+04    0.451573265364823E+01    0.380079209238865E+00
    0.140744000000000E+04    0.296213376672949E+01    0.379068968537972E+00
    0.140746000000000E+04    0.299729648554967E+01    0.379067906461164E+00
    0.141372000000000E+04    0.144279642423589E+01    0.380263823369292E+00
    0.141374000000000E+04    0.147800703808298E+01    0.380266831771959E+00
    0.142000000000000E+04    0.621465031601974E+01    0.379873853013498E+00
    0.142002000000000E+04    0.624984525885657E+01    0.379873205086995E+00
    0.142630000000000E+04    0.473728054555386E+01    0.380219646145270E+00
    0.142632000000000E+04    0.477248935191437E+01    0.380217607745231E+00
    0.143258000000000E+04    0.321819440896388E+01    0.379036775707102E+00
    0.143260000000000E+04    0.325335582228672E+01    0.379037154596799E+00
    0.143886000000000E+04    0.169946578620966E+01    0.380168405825850E+00
    0.143888000000000E+04    0.173467264081728E+01    0.380169478021548E+00
    0.144514000000000E+04    0.185881930091000E+00    0.379887385622116E+00
    0.144516000000000E+04    0.221077370752937E+00    0.379889110802460E+00
    0.145142000000000E+04    0.495859086323844E+01    0.380274716034099E+00
    0.145144000000000E+04    0.499380183766561E+01    0.380270905117302E+00
    0.145770000000000E+04    0.343909302147040E+01    0.379119405863011E+00
    0.145772000000000E+04    0.347425776482214E+01    0.379121079956326E+00
    0.146400000000000E+04    0.195622286156322E+01    0.379985358793763E+00
    0.146402000000000E+04    0.199142234252668E+01    0.379984587279319E+00
    0.147028000000000E+04    0.440426992750417E+00    0.379963546250268E+00
    0.147030000000000E+04    0.475625552596284E+00    0.379967336834265E+00
    0.147656000000000E+04    0.521478855722262E+01    0.380245294811518E+00
    0.147658000000000E+04    0.524999828059936E+01    0.380240200533003E+00
    0.148284000000000E+04    0.369532278838415E+01    0.379300441984777E+00
    0.148286000000000E+04    0.373049483785599E+01    0.379302973310685E+00
    0.148912000000000E+04    0.217780361391215E+01    0.379744962722420E+00
    0.148914000000000E+04    0.221299337916525E+01    0.379742883254564E+00
    0.149540000000000E+04    0.660113125672979E+00    0.380069645858252E+00
    0.149542000000000E+04    0.695315967207989E+00    0.380074735903644E+00
    0.150170000000000E+04    0.547053418549194E+01    0.380153382891595E+00
    0.150172000000000E+04    0.550574027911580E+01    0.380147893502158E+00
    0.150798000000000E+04    0.395175587296217E+01    0.379544138080930E+00
    0.150800000000000E+04    0.398693748276219E+01    0.379546730198269E+00
    0.151426000000000E+04    0.243438941416116E+01    0.379482125819686E+00
    0.151428000000000E+04    0.246956878070068E+01    0.379479503391589E+00
    0.152054000000000E+04    0.915478239840468E+00    0.380186322819954E+00
    0.152056000000000E+04    0.950685771700137E+00    0.380191768449622E+00
    0.152682000000000E+04    0.569056476635069E+01    0.380042247827475E+00
    0.152684000000000E+04    0.572576639572299E+01    0.380037385540604E+00
    0.153310000000000E+04    0.417326918622712E+01    0.379805596874898E+00
    0.153312000000000E+04    0.420846138982233E+01    0.379807416339137E+00
    0.153940000000000E+04    0.269082063656424E+01    0.379249405630118E+00
    0.153942000000000E+04    0.272599056953050E+01    0.379247086029267E+00
    0.154568000000000E+04    0.117135094487821E+01    0.380266292124076E+00
    0.154570000000000E+04    0.120656169555696E+01    0.380271092426576E+00
    0.155196000000000E+04    0.594540246812676E+01    0.379936798295240E+00
    0.155198000000000E+04    0.598059983334724E+01    0.379933474183820E+00
    0.155824000000000E+04    0.443007294429162E+01    0.380033753404082E+00
    0.155826000000000E+04    0.446527450783651E+01    0.380034065116892E+00
    0.156452000000000E+04    0.291190470864376E+01    0.379091934748120E+00
    0.156454000000000E+04    0.294706832393376E+01    0.379090595808658E+00
    0.157080000000000E+04    0.139248498332972E+01    0.380273262072635E+00
    0.157082000000000E+04    0.142769599976555E+01    0.380276643728360E+00
    0.157708000000000E+04    0.616479477995290E+01    0.379880037211667E+00
    0.157710000000000E+04    0.619998992614501E+01    0.379878867910489E+00
    0.158338000000000E+04    0.468693875353711E+01    0.380196035376204E+00
    0.158340000000000E+04    0.472214654637037E+01    0.380194398914820E+00
    0.158966000000000E+04    0.316799701238597E+01    0.379035325241926E+00
    0.158968000000000E+04    0.320315841655702E+01    0.379035410754676E+00
    0.159594000000000E+04    0.164913567880603E+01    0.380196504632936E+00
    0.159596000000000E+04    0.168434359540788E+01    0.380197966299635E+00
    0.160222000000000E+04    0.136030195275453E+00    0.379879628776668E+00
    0.160224000000000E+04    0.171225349110955E+00    0.379880884544939E+00
    0.160850000000000E+04    0.490836613528836E+01    0.380272437432586E+00
    0.160852000000000E+04    0.494357709709448E+01    0.380268966108809E+00
    0.161478000000000E+04    0.338892430132546E+01    0.379092934951779E+00
    0.161480000000000E+04    0.342408794342555E+01    0.379094357729507E+00
    0.162108000000000E+04    0.190595708603360E+01    0.380027449329788E+00
    0.162110000000000E+04    0.194115853272751E+01    0.380027028223604E+00
    0.162736000000000E+04    0.390695903370670E+00    0.379948520651883E+00
    0.162738000000000E+04    0.425893865627586E+00    0.379951934517033E+00
    0.163364000000000E+04    0.516483653601608E+01    0.380261764618940E+00
    0.163366000000000E+04    0.520004691490522E+01    0.380256872863368E+00
    0.163992000000000E+04    0.364536138281255E+01    0.379260945248593E+00
    0.163994000000000E+04    0.368053180564812E+01    0.379263359254063E+00
    0.164620000000000E+04    0.212779944133899E+01    0.379801889162237E+00
    0.164622000000000E+04    0.216299149597216E+01    0.379800020543405E+00
    0.165248000000000E+04    0.610512290748375E+00    0.380050125207920E+00
    0.165250000000000E+04    0.645714384998428E+00    0.380055021851293E+00
    0.165878000000000E+04    0.542087394324790E+01    0.380179509725709E+00
    0.165880000000000E+04    0.545608103427776E+01    0.380174024601259E+00
    0.166506000000000E+04    0.390195189079213E+01    0.379495173195394E+00
    0.166508000000000E+04    0.393713167851911E+01    0.379497826243295E+00
    0.167134000000000E+04    0.238468577933099E+01    0.379540932974334E+00
    0.167136000000000E+04    0.241986766884156E+01    0.379538356920553E+00
    0.167762000000000E+04    0.866020429979017E+00    0.380168394798883E+00
    0.167764000000000E+04    0.901227176945213E+00    0.380173846730150E+00
    0.168390000000000E+04    0.564125804637388E+01    0.380070069762317E+00
    0.168392000000000E+04    0.567646082997908E+01    0.380065004448944E+00
    0.169018000000000E+04    0.412366682707125E+01    0.379756690967303E+00
    0.169020000000000E+04    0.415885706190193E+01    0.379758733959371E+00
    0.169648000000000E+04    0.264135480250843E+01    0.379296888560198E+00
    0.169650000000000E+04    0.267652664560683E+01    0.379294442860109E+00
    0.170276000000000E+04    0.112200048963678E+01    0.380259516975088E+00
    0.170278000000000E+04    0.115721095096114E+01    0.380264521725356E+00
    0.170904000000000E+04    0.589638063049324E+01    0.379959403975682E+00
    0.170906000000000E+04    0.593157892809040E+01    0.379955700953698E+00
    0.171532000000000E+04    0.438066987222146E+01    0.379996400715139E+00
    0.171534000000000E+04    0.441586976458075E+01    0.379997069584441E+00
    0.172160000000000E+04    0.286264900945207E+01    0.379120144062654E+00
    0.172162000000000E+04    0.289781370083710E+01    0.379118555204102E+00
    0.172788000000000E+04    0.134321686813428E+01    0.380280879291592E+00
    0.172790000000000E+04    0.137842856254429E+01    0.380284574977659E+00
    0.173416000000000E+04    0.611607451710552E+01    0.379894426335570E+00
    0.173418000000000E+04    0.615127051228001E+01    0.379892868106235E+00
    0.174046000000000E+04    0.463786701526942E+01    0.380178868911600E+00
    0.174048000000000E+04    0.467307415520054E+01    0.380177642038069E+00
    0.174674000000000E+04    0.311916763609861E+01    0.379045281086771E+00
    0.174676000000000E+04    0.315432942784264E+01    0.379045053536066E+00
    0.175302000000000E+04    0.160026553635362E+01    0.380226934710667E+00
    0.175304000000000E+04    0.163547465012107E+01    0.380228796719171E+00
    0.175930000000000E+04    0.877201719858931E-01    0.379882050801618E+00
    0.175932000000000E+04    0.122915424488838E+00    0.379882836085134E+00
    0.176558000000000E+04    0.485973431365801E+01    0.380272505963666E+00
    0.176560000000000E+04    0.489494525019018E+01    0.380269386377819E+00
    0.177186000000000E+04    0.334046738517645E+01    0.379080021579279E+00
    0.177188000000000E+04    0.337563051141842E+01    0.379081189973428E+00
    0.177816000000000E+04    0.185744553001496E+01    0.380078187243645E+00
    0.177818000000000E+04    0.189264880032306E+01    0.380078130558694E+00
    0.178444000000000E+04    0.342664109809448E+00    0.379935652107504E+00
    0.178446000000000E+04    0.377861532231236E+00    0.379938665807819E+00
    0.179072000000000E+04    0.511654749738909E+01    0.380274393771930E+00
    0.179074000000000E+04    0.515175844230134E+01    0.380269727461407E+00
    0.179700000000000E+04    0.359710582548814E+01    0.379226533888785E+00
    0.179702000000000E+04    0.363227486382721E+01    0.379228802834892E+00
    0.180328000000000E+04    0.207951265978272E+01    0.379857318835068E+00
    0.180330000000000E+04    0.211470695653543E+01    0.379855694587235E+00
    0.180956000000000E+04    0.562655749768965E+00    0.380032674980912E+00
    0.180958000000000E+04    0.597857126521376E+00    0.380037344311028E+00
    0.181586000000000E+04    0.537293932732382E+01    0.380204163628267E+00
    0.181588000000000E+04    0.540814738239715E+01    0.380198712796250E+00
    0.182214000000000E+04    0.385391343883157E+01    0.379449879404897E+00
    0.182216000000000E+04    0.388909148937364E+01    0.379452558689196E+00
    0.182842000000000E+04    0.233666816944742E+01    0.379597291438815E+00
    0.182844000000000E+04    0.237185204599291E+01    0.379594783806980E+00
    0.183470000000000E+04    0.818252356207267E+00    0.380150046570914E+00
    0.183472000000000E+04    0.853458432537991E+00    0.380155473901261E+00
    0.184098000000000E+04    0.559367766751620E+01    0.380094524291053E+00
    0.184100000000000E+04    0.562888185921429E+01    0.380089311352021E+00
    0.184726000000000E+04    0.407593404331055E+01    0.379714608955673E+00
    0.184728000000000E+04    0.411112264357962E+01    0.379716841047942E+00
    0.185354000000000E+04    0.255864414830376E+01    0.379353814584126E+00
    0.185356000000000E+04    0.259381825275887E+01    0.379351251223786E+00
    0.185984000000000E+04    0.107466359157024E+01    0.380255675017266E+00
    0.185986000000000E+04    0.110987388266267E+01    0.380260841964761E+00
    0.186612000000000E+04    0.584939363729245E+01    0.379987580263368E+00
    0.186614000000000E+04    0.588459306186724E+01    0.379983542110434E+00
    0.187240000000000E+04    0.433338938494080E+01    0.379962381713725E+00
    0.187242000000000E+04    0.436858791273653E+01    0.379963369304530E+00
    0.187868000000000E+04    0.281560765259883E+01    0.379157248605723E+00
    0.187870000000000E+04    0.285077384386432E+01    0.379155440222343E+00
    0.188496000000000E+04    0.129625418480646E+01    0.380291478031904E+00
    0.188498000000000E+04    0.133146620530624E+01    0.380295498740333E+00
    0.189124000000000E+04    0.606956708616281E+01    0.379911870443129E+00
    0.189126000000000E+04    0.610476349184364E+01    0.379909778741246E+00
    0.189754000000000E+04    0.459096781720564E+01    0.380156883787883E+00
    0.189756000000000E+04    0.462617400859108E+01    0.380156015440223E+00
    0.190382000000000E+04    0.307246620093019E+01    0.379056622947330E+00
    0.190384000000000E+04    0.310762844185047E+01    0.379056116705053E+00
    0.191010000000000E+04    0.155350830017233E+01    0.380250715021103E+00
    0.191012000000000E+04    0.158871838907089E+01    0.380252973466181E+00
    0.191638000000000E+04    0.414707495565381E-01    0.379884660076080E+00
    0.191640000000000E+04    0.766661125321662E-01    0.379884991100764E+00
    0.192266000000000E+04    0.481313925409995E+01    0.380267259083195E+00
    0.192268000000000E+04    0.484834996796326E+01    0.380264494764800E+00
    0.192894000000000E+04    0.329403454835483E+01    0.379070045552127E+00
    0.192896000000000E+04    0.332919728295610E+01    0.379070955739168E+00
    0.193524000000000E+04    0.181094731907297E+01    0.380119773686205E+00
    0.193526000000000E+04    0.184615224141317E+01    0.380120070898519E+00
    0.194152000000000E+04    0.296637229225325E+00    0.379927354536027E+00
    0.194154000000000E+04    0.331834186408742E+00    0.379929973157942E+00
    0.194780000000000E+04    0.507023756394119E+01    0.380284366172566E+00
    0.194782000000000E+04    0.510544890929577E+01    0.380279941160812E+00
    0.195408000000000E+04    0.355084020069307E+01    0.379195490408279E+00
    0.195410000000000E+04    0.358600804015077E+01    0.379197593562046E+00
    0.196036000000000E+04    0.203320944084180E+01    0.379908635522202E+00
    0.196038000000000E+04    0.206840582552832E+01    0.379907269845308E+00
    0.196664000000000E+04    0.516780841528089E+00    0.380016809282569E+00
    0.196666000000000E+04    0.551981558573971E+00    0.380021227136419E+00
    0.197294000000000E+04    0.532696868414541E+01    0.380226173260591E+00
    0.197296000000000E+04    0.536217763110790E+01    0.380220799477179E+00
    0.197922000000000E+04    0.380785990514414E+01    0.379407369317026E+00
    0.197924000000000E+04    0.384303623740243E+01    0.379410033815841E+00
    0.198550000000000E+04    0.229064148783527E+01    0.379652063496376E+00
    0.198552000000000E+04    0.232582755892645E+01    0.379649661536827E+00
    0.199178000000000E+04    0.772525367754952E+00    0.380132609729369E+00
    0.199180000000000E+04    0.807730708253985E+00    0.380137969960819E+00
    0.199806000000000E+04    0.554802631307984E+01    0.380120777078224E+00
    0.199808000000000E+04    0.558323154171376E+01    0.380115443524196E+00
    0.200434000000000E+04    0.403007170290994E+01    0.379669420930982E+00
    0.200436000000000E+04    0.406525849973241E+01    0.379671802019590E+00
    0.201062000000000E+04    0.251289233890247E+01    0.379403292156958E+00
    0.201064000000000E+04    0.254806842216112E+01    0.379400673462946E+00
    0.201692000000000E+04    0.102908046941593E+01    0.380245569406437E+00
    0.201694000000000E+04    0.106429035817791E+01    0.380250860514942E+00
    0.202320000000000E+04    0.580407005219922E+01    0.380012158303634E+00
    0.202322000000000E+04    0.583927045302789E+01    0.380007824985780E+00
    0.202948000000000E+04    0.428774642776989E+01    0.379923292284230E+00
    0.202950000000000E+04    0.432294340612634E+01    0.379924568009133E+00
    0.203576000000000E+04    0.277014063737397E+01    0.379192543524229E+00
    0.203578000000000E+04    0.280530822210949E+01    0.379190543677133E+00
    0.204204000000000E+04    0.125082579936725E+01    0.380294393159554E+00
    0.204206000000000E+04    0.128603794111586E+01    0.380298684663900E+00
    0.204832000000000E+04    0.602454917915793E+01    0.379928856885593E+00
    0.204834000000000E+04    0.605974641268222E+01    0.379926395830766E+00
    0.205462000000000E+04    0.454561586689624E+01    0.380131893302986E+00
    0.205464000000000E+04    0.458082113683759E+01    0.380131431634180E+00
    0.206090000000000E+04    0.302733630410921E+01    0.379075181578694E+00
    0.206092000000000E+04    0.306249919201036E+01    0.379074412827017E+00
    0.206718000000000E+04    0.150836350781810E+01    0.380274772957103E+00
    0.206720000000000E+04    0.154357461236805E+01    0.380277383345648E+00
    0.207346000000000E+04    0.628005013486472E+01    0.379893773429220E+00
    0.207348000000000E+04    0.320603186100925E-01    0.379893621918171E+00
    0.207974000000000E+04    0.476820668841128E+01    0.380260811457717E+00
    0.207976000000000E+04    0.480341715528039E+01    0.380258408075727E+00
    0.208602000000000E+04    0.324932660462446E+01    0.379068550140532E+00
    0.208604000000000E+04    0.328448929874457E+01    0.379069202378519E+00
    0.209232000000000E+04    0.176620632880349E+01    0.380159301589346E+00
    0.209234000000000E+04    0.180141280135695E+01    0.380159938197766E+00
    0.209860000000000E+04    0.252441916226871E+00    0.379924220236290E+00
    0.209862000000000E+04    0.287638879937731E+00    0.379926439549680E+00
    0.210488000000000E+04    0.502588108383725E+01    0.380297560670346E+00
    0.210490000000000E+04    0.506109292239262E+01    0.380293406269020E+00
    0.211116000000000E+04    0.350661059869799E+01    0.379174661156006E+00
    0.211118000000000E+04    0.354177758138258E+01    0.379176580281997E+00
    0.211744000000000E+04    0.198900042269133E+01    0.379961238605745E+00
    0.211746000000000E+04    0.202419887046926E+01    0.379960139196931E+00
    0.212372000000000E+04    0.473025868511741E+00    0.380005029092162E+00
    0.212374000000000E+04    0.508226087117691E+00    0.380009167348229E+00
    0.213000000000000E+04    0.524795508554598E+01    0.380256168345142E+00
    0.213002000000000E+04    0.528316551580747E+01    0.380250926423940E+00
    0.213630000000000E+04    0.376405717164198E+01    0.379377145865002E+00
    0.213632000000000E+04    0.379923200860867E+01    0.379379764057318E+00
    0.214258000000000E+04    0.224683767038005E+01    0.379706255689806E+00
    0.214260000000000E+04    0.228202587158739E+01    0.379703968489027E+00
    0.214886000000000E+04    0.729073958968456E+00    0.380119703599461E+00
    0.214888000000000E+04    0.764278849477250E+00    0.380124963870175E+00
    0.215514000000000E+04    0.550459408246525E+01    0.380153428558252E+00
    0.215516000000000E+04    0.553980009261659E+01    0.380147998064355E+00
    0.216142000000000E+04    0.398637179646494E+01    0.379622892671608E+00
    0.216144000000000E+04    0.402155671797891E+01    0.379625385388903E+00
    0.216770000000000E+04    0.246930103274872E+01    0.379450457914805E+00
    0.216772000000000E+04    0.250447921079603E+01    0.379447827168400E+00
    0.217400000000000E+04    0.985649475246646E+00    0.380231874705414E+00
    0.217402000000000E+04    0.102085877347963E+01    0.380237244665341E+00
    0.218028000000000E+04    0.576085074892490E+01    0.380036188661957E+00
    0.218030000000000E+04    0.579605218692632E+01    0.380031616446530E+00
    0.218656000000000E+04    0.424422795906321E+01    0.379884177214180E+00
    0.218658000000000E+04    0.427942327209576E+01    0.379885696456394E+00
    0.219284000000000E+04    0.272675260470533E+01    0.379227887186473E+00
    0.219286000000000E+04    0.276192168574380E+01    0.379225727330330E+00
    0.219912000000000E+04    0.120750285805934E+01    0.380294713856476E+00
    0.219914000000000E+04    0.124271472783721E+01    0.380299259261756E+00
    0.220540000000000E+04    0.598147594004240E+01    0.379941598493928E+00
    0.220542000000000E+04    0.601667353458924E+01    0.379938721673261E+00
    0.221170000000000E+04    0.450213984656011E+01    0.380101134576704E+00
    0.221172000000000E+04    0.453734391128592E+01    0.380101012958451E+00
    0.221798000000000E+04    0.298401290263291E+01    0.379088699427719E+00
    0.221800000000000E+04    0.301917636739654E+01    0.379087683694796E+00
    0.222426000000000E+04    0.146498199920416E+01    0.380284375682229E+00
    0.222428000000000E+04    0.150019383674771E+01    0.380287295076058E+00
    0.223054000000000E+04    0.623714390934401E+01    0.379898713638521E+00
    0.223056000000000E+04    0.627233984643499E+01    0.379898123844859E+00
    0.223682000000000E+04    0.472495046531731E+01    0.380248269113822E+00
    0.223684000000000E+04    0.476016035860994E+01    0.380246219283753E+00
    0.224310000000000E+04    0.320618392252436E+01    0.379064042559798E+00
    0.224312000000000E+04    0.324134634862912E+01    0.379064430630774E+00
    0.224940000000000E+04    0.172296000352753E+01    0.380190911334984E+00
    0.224942000000000E+04    0.175816774710484E+01    0.380191905123109E+00
    0.225568000000000E+04    0.209660746508234E+00    0.379918677861852E+00
    0.225570000000000E+04    0.244857421630513E+00    0.379920499213341E+00
    0.226196000000000E+04    0.498279488641128E+01    0.380301449168933E+00
    0.226198000000000E+04    0.501800687601781E+01    0.380297566773522E+00
    0.226824000000000E+04    0.346359150878880E+01    0.379153069947051E+00
    0.226826000000000E+04    0.349875750493447E+01    0.379154804460400E+00
    0.227452000000000E+04    0.194587718638422E+01    0.380004621318099E+00
    0.227454000000000E+04    0.198107740623482E+01    0.380003806036851E+00
    0.228080000000000E+04    0.430334340671834E+00    0.379991322137257E+00
    0.228082000000000E+04    0.465534033940912E+00    0.379995161903968E+00
    0.228708000000000E+04    0.520507058821704E+01    0.380272001520939E+00
    0.228710000000000E+04    0.524028140292330E+01    0.380266886941281E+00
    0.229338000000000E+04    0.372115621192779E+01    0.379337819882175E+00
    0.229340000000000E+04    0.375632974767905E+01    0.379340384120462E+00
    0.229966000000000E+04    0.220399439460198E+01    0.379760026628703E+00
    0.229968000000000E+04    0.223918475307528E+01    0.379757900940372E+00
    0.230594000000000E+04    0.686586389608692E+00    0.380104253228062E+00
    0.230596000000000E+04    0.721790654234610E+00    0.380109385494185E+00
    0.231222000000000E+04    0.546214899884853E+01    0.380178289366410E+00
    0.231224000000000E+04    0.549735605449905E+01    0.380172818315710E+00
    0.231850000000000E+04    0.394377720420152E+01    0.379581365902137E+00
    0.231852000000000E+04    0.397896043914352E+01    0.379583943435898E+00
    0.232478000000000E+04    0.242676119010775E+01    0.379499341316242E+00
    0.232480000000000E+04    0.246194128802608E+01    0.379496713962438E+00
    0.233108000000000E+04    0.943317225627652E+00    0.380220490618508E+00
    0.233110000000000E+04    0.978526030956345E+00    0.380225914906773E+00
    0.233736000000000E+04    0.571868624859962E+01    0.380060531207191E+00
    0.233738000000000E+04    0.575388856125483E+01    0.380055727190312E+00
    0.234364000000000E+04    0.420176856556282E+01    0.379843403262312E+00
    0.234366000000000E+04    0.423696232997918E+01    0.379845157464318E+00
    0.234992000000000E+04    0.268445941317168E+01    0.379267554536841E+00
    0.234994000000000E+04    0.271963010438958E+01    0.379265264859334E+00
    0.235620000000000E+04    0.116528339764864E+01    0.380292060915993E+00
    0.235622000000000E+04    0.120049512139485E+01    0.380296804977475E+00
    0.236248000000000E+04    0.593959903462201E+01    0.379961377467730E+00
    0.236250000000000E+04    0.597479747902253E+01    0.379958169327716E+00
    0.236878000000000E+04    0.445994020143826E+01    0.380073303149717E+00
    0.236880000000000E+04    0.449514310784343E+01    0.380073488268116E+00
    0.237506000000000E+04    0.294199281639067E+01    0.379110553999016E+00
    0.237508000000000E+04    0.297715719795542E+01    0.379109314089633E+00
    0.238134000000000E+04    0.142296148263904E+01    0.380299826665583E+00
    0.238136000000000E+04    0.145817356429689E+01    0.380303082135685E+00
    0.238762000000000E+04    0.619545315755568E+01    0.379902748755618E+00
    0.238764000000000E+04    0.623064920821616E+01    0.379901741975470E+00
    0.239390000000000E+04    0.468287669688380E+01    0.380230907494238E+00
    0.239392000000000E+04    0.471808596195388E+01    0.380229200516405E+00
    0.240018000000000E+04    0.316426084623708E+01    0.379062121604776E+00
    0.240020000000000E+04    0.319942319512302E+01    0.379062261680466E+00
    0.240648000000000E+04    0.168092433343190E+01    0.380214292211404E+00
    0.240650000000000E+04    0.171613307981715E+01    0.380215613446673E+00
    0.241276000000000E+04    0.168032006698013E+00    0.379911076079384E+00
    0.241278000000000E+04    0.203228459634374E+00    0.379912488909709E+00
    0.241904000000000E+04    0.494084780509547E+01    0.380299690412754E+00
    0.241906000000000E+04    0.497605976520936E+01    0.380296087602621E+00
    0.242532000000000E+04    0.342172389885036E+01    0.379130874998523E+00
    0.242534000000000E+04    0.345688908824559E+01    0.379132415929084E+00
    0.243160000000000E+04    0.190393684323772E+01    0.380043603200051E+00
    0.243162000000000E+04    0.193913860521116E+01    0.380043084659457E+00
    0.243788000000000E+04    0.388768085729680E+00    0.379975858047845E+00
    0.243790000000000E+04    0.423967143972732E+00    0.379979379336102E+00
    0.244416000000000E+04    0.516330688279777E+01    0.380283643430706E+00
    0.244418000000000E+04    0.519851816248320E+01    0.380278684037626E+00
    0.245046000000000E+04    0.367932335803744E+01    0.379299995320240E+00
    0.245048000000000E+04    0.371449533304622E+01    0.379302468651155E+00
    0.245674000000000E+04    0.216213170142237E+01    0.379806131041519E+00
    0.245676000000000E+04    0.219732419496722E+01    0.379804186838772E+00
    0.246302000000000E+04    0.645049561778251E+00    0.380085580014370E+00
    0.246304000000000E+04    0.680253004601582E+00    0.380090550104760E+00
    0.246930000000000E+04    0.542052993987909E+01    0.380198225541284E+00
    0.246932000000000E+04    0.545573782051906E+01    0.380192744347076E+00
    0.247558000000000E+04    0.390202840198071E+01    0.379539487806429E+00
    0.247560000000000E+04    0.393720997342552E+01    0.379542118765973E+00
    0.248186000000000E+04    0.238501589324551E+01    0.379544870401280E+00
    0.248188000000000E+04    0.242019766407884E+01    0.379542258496753E+00
    0.248816000000000E+04    0.901761017539684E+00    0.380204233157552E+00
    0.248818000000000E+04    0.936969268847861E+00    0.380209687128588E+00
    0.249444000000000E+04    0.567725900199093E+01    0.380081658054023E+00
    0.249446000000000E+04    0.571246216028158E+01    0.380076664022478E+00
    0.250072000000000E+04    0.416008995293851E+01    0.379801833980334E+00
    0.250074000000000E+04    0.419528210867156E+01    0.379803791989603E+00
    0.250700000000000E+04    0.264287648221944E+01    0.379303756981738E+00
    0.250702000000000E+04    0.267804850312677E+01    0.379301342415809E+00
    0.251328000000000E+04    0.112374215643831E+01    0.380284480807180E+00
    0.251330000000000E+04    0.115895377389734E+01    0.380289413162732E+00
    0.251956000000000E+04    0.589841050102950E+01    0.379977715535981E+00
    0.251958000000000E+04    0.593361004331473E+01    0.379974231950200E+00
    0.252586000000000E+04    0.441846143563089E+01    0.380043988340944E+00
    0.252588000000000E+04    0.445366318814104E+01    0.380044484793138E+00
    0.253214000000000E+04    0.290070276058850E+01    0.379135922256377E+00
    0.253216000000000E+04    0.293586816737752E+01    0.379134464858522E+00
    0.253842000000000E+04    0.138167008031542E+01    0.380309531537053E+00
    0.253844000000000E+04    0.141688250742845E+01    0.380313067465728E+00
    0.254470000000000E+04    0.615456676994836E+01    0.379912923229334E+00
    0.254472000000000E+04    0.618976322746312E+01    0.379911520752474E+00
    0.255098000000000E+04    0.464166051425309E+01    0.380215342870143E+00
    0.255100000000000E+04    0.467686914909973E+01    0.380213970352855E+00
    0.255726000000000E+04    0.312321286172573E+01    0.379066625362766E+00
    0.255728000000000E+04    0.315837547377396E+01    0.379066512476265E+00
    0.256354000000000E+04    0.160465211375595E+01    0.380239239109685E+00
    0.256356000000000E+04    0.163986184211717E+01    0.380240949985828E+00
    0.256984000000000E+04    0.127436143863633E+00    0.379910020833449E+00
    0.256986000000000E+04    0.162632478397427E+00    0.379911036416190E+00
    0.257612000000000E+04    0.489994816678154E+01    0.380298347591632E+00
    0.257614000000000E+04    0.493516011199881E+01    0.380295036545342E+00
    0.258240000000000E+04    0.338094132346032E+01    0.379116076396185E+00
    0.258242000000000E+04    0.341610593092173E+01    0.379117402637623E+00
    0.258868000000000E+04    0.186309507591250E+01    0.380083013411708E+00
    0.258870000000000E+04    0.189829843065309E+01    0.380082782490414E+00
    0.259496000000000E+04    0.348367063655132E+00    0.379966518296234E+00
    0.259498000000000E+04    0.383565747948523E+00    0.379969726828462E+00
    0.260124000000000E+04    0.512271959118516E+01    0.380297065400877E+00
    0.260126000000000E+04    0.515793140555343E+01    0.380292298821914E+00
    0.260754000000000E+04    0.363876875228834E+01    0.379270832210340E+00
    0.260756000000000E+04    0.367393958209050E+01    0.379273185977061E+00
    0.261382000000000E+04    0.212155554832407E+01    0.379853733822416E+00
    0.261384000000000E+04    0.215674973196292E+01    0.379851963619088E+00
    0.262010000000000E+04    0.604781826017643E+00    0.380069630653916E+00
    0.262012000000000E+04    0.639984562471000E+00    0.380074427555907E+00
    0.262638000000000E+04    0.538028547498379E+01    0.380216517228513E+00
    0.262640000000000E+04    0.541549445056989E+01    0.380211063484244E+00
    0.263266000000000E+04    0.386178273664609E+01    0.379506200550065E+00
    0.263268000000000E+04    0.389696300467131E+01    0.379508864465201E+00
    0.263894000000000E+04    0.234488877268268E+01    0.379598396970795E+00
    0.263896000000000E+04    0.238007266356180E+01    0.379595837177572E+00
    0.264524000000000E+04    0.861927587158789E+00    0.380195548376695E+00
    0.264526000000000E+04    0.897135465794236E+00    0.380200992394232E+00
    0.265152000000000E+04    0.563760025916872E+01    0.380109757396999E+00
    0.265154000000000E+04    0.567280454942102E+01    0.380104611212868E+00
    0.265780000000000E+04    0.412027480514189E+01    0.379768245027144E+00
    0.265782000000000E+04    0.415546560206167E+01    0.379770372719844E+00
    0.266408000000000E+04    0.260323343325126E+01    0.379348655993164E+00
    0.266410000000000E+04    0.263840726368835E+01    0.379346151826523E+00
    0.267036000000000E+04    0.108427713194942E+01    0.380283200934609E+00
    0.267038000000000E+04    0.111948870183551E+01    0.380288285289107E+00
    0.267664000000000E+04    0.585924655344843E+01    0.380003713237092E+00
    0.267666000000000E+04    0.589444677193751E+01    0.379999890430248E+00
    0.268294000000000E+04    0.437900009006262E+01    0.380013947752477E+00
    0.268296000000000E+04    0.441420061199733E+01    0.380014710852447E+00
    0.268922000000000E+04    0.286142978086900E+01    0.379164028145031E+00
    0.268924000000000E+04    0.289659632074017E+01    0.379162383775354E+00
    0.269550000000000E+04    0.134243359483571E+01    0.380318484895167E+00
    0.269552000000000E+04    0.137764636054908E+01    0.380322284657773E+00
    0.270178000000000E+04    0.611573228764246E+01    0.379926494194963E+00
    0.270180000000000E+04    0.615092930129595E+01    0.379924718757530E+00
    0.270806000000000E+04    0.460253412521251E+01    0.380199501365209E+00
    0.270808000000000E+04    0.463774212044882E+01    0.380198445802854E+00
    0.271434000000000E+04    0.308427760434461E+01    0.379076504372889E+00
    0.271436000000000E+04    0.311944060934366E+01    0.379076157603879E+00
    0.272062000000000E+04    0.156569618165759E+01    0.380263627530702E+00
    0.272064000000000E+04    0.160090682735427E+01    0.380265655582270E+00
    0.272692000000000E+04    0.888979527871925E-01    0.379912027721119E+00
    0.272694000000000E+04    0.124094337496899E+00    0.379912653013857E+00
    0.273320000000000E+04    0.486113160637433E+01    0.380296504703192E+00
    0.273322000000000E+04    0.489634352576923E+01    0.380293483047393E+00
    0.273948000000000E+04    0.334227408305287E+01    0.379106861618602E+00
    0.273950000000000E+04    0.337743832075921E+01    0.379107976693107E+00
    0.274576000000000E+04    0.182439317997159E+01    0.380119970680430E+00
    0.274578000000000E+04    0.185959802328671E+01    0.380120031300891E+00
    0.275204000000000E+04    0.310102091314548E+00    0.379960081315482E+00
    0.275206000000000E+04    0.345300496551317E+00    0.379962974405707E+00
    0.275832000000000E+04    0.508427565848524E+01    0.380308991240034E+00
    0.275834000000000E+04    0.511948795140324E+01    0.380304414691276E+00
    0.276462000000000E+04    0.360038145528142E+01    0.379246109330435E+00
    0.276464000000000E+04    0.363555130085570E+01    0.379248343590853E+00
    0.277090000000000E+04    0.208315829423918E+01    0.379899208830222E+00
    0.277092000000000E+04    0.211835423945104E+01    0.379897652211908E+00
    0.277718000000000E+04    0.566752760198142E+00    0.380057653663530E+00
    0.277720000000000E+04    0.601955103099499E+00    0.380062259810179E+00
    0.278346000000000E+04    0.534219217401733E+01    0.380241479834855E+00
    0.278348000000000E+04    0.537740205533009E+01    0.380236064234195E+00
    0.278974000000000E+04    0.382355001071301E+01    0.379466993711690E+00
    0.278976000000000E+04    0.385872866107547E+01    0.379469656904957E+00
    0.279602000000000E+04    0.230664905064441E+01    0.379640976739094E+00
    0.279604000000000E+04    0.234183469901564E+01    0.379638491492348E+00
    0.280232000000000E+04    0.823901323215068E+00    0.380179515243808E+00
    0.280234000000000E+04    0.859108546999778E+00    0.380184923120163E+00
    0.280860000000000E+04    0.559963276815961E+01    0.380130369272152E+00
    0.280862000000000E+04    0.563483789850579E+01    0.380125105030048E+00
    0.281488000000000E+04    0.408209461546267E+01    0.379729012780953E+00
    0.281490000000000E+04    0.411728379549731E+01    0.379731279282008E+00
    0.282116000000000E+04    0.256511814489568E+01    0.379386357643593E+00
    0.282118000000000E+04    0.260029354144172E+01    0.379383789196093E+00
    0.282744000000000E+04    0.104627502922631E+01    0.380274408165726E+00
    0.282746000000000E+04    0.108148615770187E+01    0.380279623738944E+00
    0.283372000000000E+04    0.582138998245864E+01    0.380019536280039E+00
    0.283374000000000E+04    0.585659060024409E+01    0.380015426980089E+00
    0.284000000000000E+04    0.430560747706659E+01    0.379977649091392E+00
    0.284002000000000E+04    0.434080681706473E+01    0.379978695029370E+00
    0.284630000000000E+04    0.282344718198965E+01    0.379187772605301E+00
    0.284632000000000E+04    0.285861515870329E+01    0.379186028989667E+00
    0.285258000000000E+04    0.130452445653555E+01    0.380325269884590E+00
    0.285260000000000E+04    0.133973753977625E+01    0.380329329570989E+00
    0.285886000000000E+04    0.607819785202719E+01    0.379941429409516E+00
    0.285888000000000E+04    0.611339546631280E+01    0.379939290680075E+00
    0.286514000000000E+04    0.456470146593074E+01    0.380180915223362E+00
    0.286516000000000E+04    0.459990868029490E+01    0.380180150456391E+00
    0.287142000000000E+04    0.304661612727705E+01    0.379087778347204E+00
    0.287144000000000E+04    0.308177958099441E+01    0.379087212432466E+00
    0.287770000000000E+04    0.152800999994724E+01    0.380283514615747E+00
    0.287772000000000E+04    0.156322143825400E+01    0.380285843327530E+00
    0.288400000000000E+04    0.516231598230661E-01    0.379914648784273E+00
    0.288402000000000E+04    0.868196951232676E-01    0.379914894878436E+00
    0.289028000000000E+04    0.482361733539256E+01    0.380292476451964E+00
    0.289030000000000E+04    0.485882915953425E+01    0.380289751008789E+00
    0.289656000000000E+04    0.330493590791230E+01    0.379100669411275E+00
    0.289658000000000E+04    0.334009987818717E+01    0.379101572434813E+00
    0.290284000000000E+04    0.178701686235490E+01    0.380153563825400E+00
    0.290286000000000E+04    0.182222307576285E+01    0.380153913888082E+00
    0.290912000000000E+04    0.273152667293289E+00    0.379955203719749E+00
    0.290914000000000E+04    0.308350843376502E+00    0.379957776051884E+00
    0.291540000000000E+04    0.504713608755901E+01    0.380318775610485E+00
    0.291542000000000E+04    0.508234877329960E+01    0.380314400215443E+00
    0.292170000000000E+04    0.356331403824970E+01    0.379224343269039E+00
    0.292172000000000E+04    0.359848302051159E+01    0.379226447964713E+00
    0.292798000000000E+04    0.204607585977556E+01    0.379942536153519E+00
    0.292800000000000E+04    0.208127356570458E+01    0.379941190474760E+00
    0.293426000000000E+04    0.530042302874790E+00    0.380046715224855E+00
    0.293428000000000E+04    0.565244208835793E+00    0.380051101047646E+00
    0.294054000000000E+04    0.530541286097196E+01    0.380261107515565E+00
    0.294056000000000E+04    0.534062337044270E+01    0.380255740885545E+00
    0.294682000000000E+04    0.378668832203221E+01    0.379434139961773E+00
    0.294684000000000E+04    0.382186553890733E+01    0.379436786904307E+00
    0.295310000000000E+04    0.226982019251409E+01    0.379686320959457E+00
    0.295312000000000E+04    0.230500769148057E+01    0.379683927157362E+00
    0.295940000000000E+04    0.787336181361752E+00    0.380166750691412E+00
    0.295942000000000E+04    0.822542889074612E+00    0.380172100411903E+00
    0.296568000000000E+04    0.556314520203432E+01    0.380153469387540E+00
    0.296570000000000E+04    0.559835126095459E+01    0.380148114222937E+00
    0.297196000000000E+04    0.404545618096927E+01    0.379694274841078E+00
    0.297198000000000E+04    0.408064395491056E+01    0.379696657114951E+00
    0.297824000000000E+04    0.252858073123571E+01    0.379427324080810E+00
    0.297826000000000E+04    0.256375778629263E+01    0.379424714008983E+00
    0.298452000000000E+04    0.100989444973129E+01    0.380267762882191E+00
    0.298454000000000E+04    0.104510526572176E+01    0.380273070969273E+00
    0.299080000000000E+04    0.578522029235319E+01    0.380040571627842E+00
    0.299082000000000E+04    0.582042179080327E+01    0.380036227909873E+00
    0.299708000000000E+04    0.426921464589395E+01    0.379947496554726E+00
    0.299710000000000E+04    0.430441271881045E+01    0.379948783410541E+00
    0.300338000000000E+04    0.278714375979416E+01    0.379217327790804E+00
    0.300340000000000E+04    0.282231231684182E+01    0.379215351799926E+00
    0.300966000000000E+04    0.126811919718148E+01    0.380322543375389E+00
    0.300968000000000E+04    0.130333189813064E+01    0.380326780503117E+00
    0.301594000000000E+04    0.604202725711730E+01    0.379948040866961E+00
    0.301596000000000E+04    0.607722513798399E+01    0.379945576025130E+00
    0.302222000000000E+04    0.452816655527022E+01    0.380154002593457E+00
    0.302224000000000E+04    0.456337270677705E+01    0.380153541853495E+00
    0.302850000000000E+04    0.301018002880119E+01    0.379095890012581E+00
    0.302852000000000E+04    0.304534383345344E+01    0.379095118098763E+00
    0.303478000000000E+04    0.149148262917060E+01    0.380294400743349E+00
    0.303480000000000E+04    0.152669449733821E+01    0.380297012310417E+00
    0.304108000000000E+04    0.154156765029256E-01    0.379912976890962E+00
    0.304110000000000E+04    0.506121387143139E-01    0.379912858104658E+00
    0.304736000000000E+04    0.478705372350487E+01    0.380281204144997E+00
    0.304738000000000E+04    0.482226500841170E+01    0.380278769195090E+00
    0.305364000000000E+04    0.326838881009462E+01    0.379088974283016E+00
    0.305366000000000E+04    0.330355225143103E+01    0.379089660757146E+00
    0.305992000000000E+04    0.175031384888098E+01    0.380175869068484E+00
    0.305994000000000E+04    0.178552104557457E+01    0.380176501792630E+00
    0.306620000000000E+04    0.236784526387055E+00    0.379943777438304E+00
    0.306622000000000E+04    0.271982307664075E+00    0.379946006654493E+00
    0.307248000000000E+04    0.501049279367817E+01    0.380320120736380E+00
    0.307250000000000E+04    0.504570557811439E+01    0.380315959083204E+00
    0.307878000000000E+04    0.352668246389567E+01    0.379199733165410E+00
    0.307880000000000E+04    0.356185037849173E+01    0.379201708578577E+00
    0.308506000000000E+04    0.200933847252782E+01    0.379977131424411E+00
    0.308508000000000E+04    0.204453755667873E+01    0.379976005746697E+00
    0.309134000000000E+04    0.493593129202964E+00    0.380028910277183E+00
    0.309136000000000E+04    0.528794326751267E+00    0.380033070908555E+00
    0.309762000000000E+04    0.526877836370659E+01    0.380271575774800E+00
    0.309764000000000E+04    0.530398914071338E+01    0.380266311025512E+00
    0.310390000000000E+04    0.374994610695194E+01    0.379396161349832E+00
    0.310392000000000E+04    0.378512196869542E+01    0.379398780187298E+00
