    0.000000000000000E+00    0.190000000000000E+01    0.400000000000000E+00
    0.200000000000000E-01    0.193599998961136E+01    0.399999427689214E+00
    0.630000000000000E+01    0.672330348841179E+00    0.400207507219243E+00
    0.632000000000000E+01    0.708338753549970E+00    0.400212558032944E+00
    0.125800000000000E+02    0.569983667722976E+01    0.400187577604616E+00
    0.126000000000000E+02    0.573584402283553E+01    0.400182696441143E+00
    0.188600000000000E+02    0.443641775867624E+01    0.400029231994746E+00
    0.188800000000000E+02    0.447241924197459E+01    0.400029476128648E+00
    0.251400000000000E+02    0.316872825438897E+01    0.399067532751831E+00
    0.251600000000000E+02    0.320469094409120E+01    0.399067661912041E+00
    0.314200000000000E+02    0.190103853460793E+01    0.400008594908467E+00
    0.314400000000000E+02    0.193703887548931E+01    0.400008059473043E+00
    0.377000000000000E+02    0.637454013574839E+00    0.400205053217684E+00
    0.377200000000000E+02    0.673462285374740E+00    0.400210077788582E+00
    0.440000000000000E+02    0.570099291331542E+01    0.400191100793000E+00
    0.440200000000000E+02    0.573700043266969E+01    0.400186191643124E+00
    0.502800000000000E+02    0.443756792345286E+01    0.400027609950518E+00
    0.503000000000000E+02    0.447356912176623E+01    0.400027919088862E+00
    0.565600000000000E+02    0.316982387913052E+01    0.399066884304357E+00
    0.565800000000000E+02    0.320578629730963E+01    0.399067007772796E+00
    0.628400000000000E+02    0.190207535048987E+01    0.400011551960028E+00
    0.628600000000000E+02    0.193807587032677E+01    0.400011037815170E+00
    0.691200000000000E+02    0.638529740656921E+00    0.400202783256731E+00
    0.691400000000000E+02    0.674537942913915E+00    0.400207776402371E+00
    0.754000000000000E+02    0.566605741835355E+01    0.400197179246937E+00
    0.754200000000000E+02    0.570206523014724E+01    0.400192239012625E+00
    0.817000000000000E+02    0.443859834676542E+01    0.400023414701244E+00
    0.817200000000000E+02    0.447459929179382E+01    0.400023760324146E+00
    0.879800000000000E+02    0.317084287130950E+01    0.399065151824468E+00
    0.880000000000000E+02    0.320680542508941E+01    0.399065231972703E+00
    0.942600000000000E+02    0.190315659988670E+01    0.400018201361669E+00
    0.942800000000000E+02    0.193915748180663E+01    0.400017741871737E+00
    0.100540000000000E+03    0.639704207773548E+00    0.400202983044413E+00
    0.100560000000000E+03    0.675712364948311E+00    0.400207948938363E+00
    0.106820000000000E+03    0.566723706492905E+01    0.400198873249513E+00
    0.106840000000000E+03    0.570324497104630E+01    0.400193911993359E+00
    0.113100000000000E+03    0.440373350265375E+01    0.400018143105047E+00
    0.113120000000000E+03    0.443973421735228E+01    0.400018554617309E+00
    0.119400000000000E+03    0.317197803326337E+01    0.399066128410100E+00
    0.119420000000000E+03    0.320794063921574E+01    0.399066198016753E+00
    0.125680000000000E+03    0.190430576192497E+01    0.400024850461502E+00
    0.125700000000000E+03    0.194030684715077E+01    0.400024403182097E+00
    0.131960000000000E+03    0.640859975577598E+00    0.400201004133498E+00
    0.131980000000000E+03    0.676868004302719E+00    0.400205955660364E+00
    0.138240000000000E+03    0.566845041058613E+01    0.400199482586836E+00
    0.138260000000000E+03    0.570445872878616E+01    0.400194524063834E+00
    0.144520000000000E+03    0.440495121328451E+01    0.400015109249195E+00
    0.144540000000000E+03    0.444095183055288E+01    0.400015566056307E+00
    0.150800000000000E+03    0.313724116526413E+01    0.399071823196724E+00
    0.150820000000000E+03    0.317320361742355E+01    0.399071814252807E+00
    0.157080000000000E+03    0.186946976795650E+01    0.400031430150059E+00
    0.157100000000000E+03    0.190547102402149E+01    0.400031076876061E+00
    0.163380000000000E+03    0.642112446987881E+00    0.400201443110571E+00
    0.163400000000000E+03    0.678120527712395E+00    0.400206362856879E+00
    0.169660000000000E+03    0.566975073832430E+01    0.400202824850281E+00
    0.169680000000000E+03    0.570575934763804E+01    0.400197845865829E+00
    0.175940000000000E+03    0.440619888556972E+01    0.400010192575649E+00
    0.175960000000000E+03    0.444219926258916E+01    0.400010667281754E+00
    0.182220000000000E+03    0.313851703467725E+01    0.399069926874495E+00
    0.182240000000000E+03    0.317447980185682E+01    0.399069871229627E+00
    0.188500000000000E+03    0.187083523544624E+01    0.400037419745637E+00
    0.188520000000000E+03    0.190683676206754E+01    0.400037104517690E+00
    0.194780000000000E+03    0.607526775739927E+00    0.400197231866198E+00
    0.194800000000000E+03    0.643534740571511E+00    0.400202120503256E+00
    0.201080000000000E+03    0.567112098842375E+01    0.400204986549452E+00
    0.201100000000000E+03    0.570712904851445E+01    0.400199953520374E+00
    0.207360000000000E+03    0.440746580652450E+01    0.400004039145106E+00
    0.207380000000000E+03    0.444346603994762E+01    0.400004563059621E+00
    0.213640000000000E+03    0.313979686528285E+01    0.399070263563024E+00
    0.213660000000000E+03    0.317575959629897E+01    0.399070196256315E+00
    0.219920000000000E+03    0.187211120428208E+01    0.400042674654526E+00
    0.219940000000000E+03    0.190811292576717E+01    0.400042390119664E+00
    0.226200000000000E+03    0.608859379630132E+00    0.400196871993979E+00
    0.226220000000000E+03    0.644867277392166E+00    0.400201736836019E+00
    0.232480000000000E+03    0.563641304002834E+01    0.400209546420669E+00
    0.232500000000000E+03    0.567242134275403E+01    0.400204482506794E+00
    0.238780000000000E+03    0.440873747611835E+01    0.399999525230167E+00
    0.238800000000000E+03    0.444473747845853E+01    0.400000088532728E+00
    0.245060000000000E+03    0.314104119012518E+01    0.399069211419986E+00
    0.245080000000000E+03    0.317700390167761E+01    0.399069109367654E+00
    0.251340000000000E+03    0.187338128501199E+01    0.400045934449956E+00
    0.251360000000000E+03    0.190938336150964E+01    0.400045687286756E+00
    0.257620000000000E+03    0.610251303396240E+00    0.400198012117884E+00
    0.257640000000000E+03    0.646259302777537E+00    0.400202849630687E+00
    0.263900000000000E+03    0.563784813591815E+01    0.400215045841615E+00
    0.263920000000000E+03    0.567385664756040E+01    0.400209965522828E+00
    0.270180000000000E+03    0.437414747083955E+01    0.399995613569266E+00
    0.270200000000000E+03    0.441014727638083E+01    0.399996233537307E+00
    0.276480000000000E+03    0.314249103922066E+01    0.399073511371363E+00
    0.276500000000000E+03    0.317845397608073E+01    0.399073385617844E+00
    0.282760000000000E+03    0.187486371058833E+01    0.400055762019268E+00
    0.282780000000000E+03    0.191086596507239E+01    0.400055548581857E+00
    0.289040000000000E+03    0.611754559648944E+00    0.400197762287757E+00
    0.289060000000000E+03    0.647762561614172E+00    0.400202584996809E+00
    0.295320000000000E+03    0.563936798715372E+01    0.400215867082507E+00
    0.295340000000000E+03    0.567537647077017E+01    0.400210760674660E+00
    0.301600000000000E+03    0.437562949780090E+01    0.399991030256641E+00
    0.301620000000000E+03    0.441162937536342E+01    0.399991686802042E+00
    0.307880000000000E+03    0.310806169488637E+01    0.399074997737477E+00
    0.307900000000000E+03    0.314402462444343E+01    0.399074800811928E+00
    0.314160000000000E+03    0.184039919615930E+01    0.400061203495506E+00
    0.314180000000000E+03    0.187640166998881E+01    0.400061061403041E+00
    0.320460000000000E+03    0.613350296377348E+00    0.400197739971616E+00
    0.320480000000000E+03    0.649358242681728E+00    0.400202534342679E+00
    0.326740000000000E+03    0.564094906171886E+01    0.400216529163002E+00
    0.326760000000000E+03    0.567695762963376E+01    0.400211404414885E+00
    0.333020000000000E+03    0.437717775665078E+01    0.399987419740262E+00
    0.333040000000000E+03    0.441317728185345E+01    0.399988118219506E+00
    0.339300000000000E+03    0.310955643044895E+01    0.399074155336870E+00
    0.339320000000000E+03    0.314551933186283E+01    0.399073927268850E+00
    0.345580000000000E+03    0.184192181068079E+01    0.400062669078024E+00
    0.345600000000000E+03    0.187792468875080E+01    0.400062551356805E+00
    0.351860000000000E+03    0.578997610508623E+00    0.400196300614704E+00
    0.351880000000000E+03    0.615005528781580E+00    0.400201062610841E+00
    0.358160000000000E+03    0.564266386057886E+01    0.400222369735790E+00
    0.358180000000000E+03    0.567867265436848E+01    0.400217227848482E+00
    0.364440000000000E+03    0.437890069765899E+01    0.399986681212868E+00
    0.364460000000000E+03    0.441490017121259E+01    0.399987409377656E+00
    0.370720000000000E+03    0.311131802965679E+01    0.399077777326769E+00
    0.370740000000000E+03    0.314728108645738E+01    0.399077528160257E+00
    0.377000000000000E+03    0.184372247670706E+01    0.400073990173481E+00
    0.377020000000000E+03    0.187972556996556E+01    0.400073922367752E+00
    0.383280000000000E+03    0.580819153479524E+00    0.400194358281021E+00
    0.383300000000000E+03    0.616826923269741E+00    0.400199082458938E+00
    0.389560000000000E+03    0.560845231030464E+01    0.400226892504893E+00
    0.389580000000000E+03    0.564446135330695E+01    0.400221732176095E+00
    0.395860000000000E+03    0.438065840201489E+01    0.399981688316489E+00
    0.395880000000000E+03    0.441665767259974E+01    0.399982442851145E+00
    0.402140000000000E+03    0.311308266096989E+01    0.399079821875661E+00
    0.402160000000000E+03    0.314904583508257E+01    0.399079571426936E+00
    0.408420000000000E+03    0.184550789037576E+01    0.400079300306611E+00
    0.408440000000000E+03    0.188151112534558E+01    0.400079235900097E+00
    0.414700000000000E+03    0.582630383329160E+00    0.400193449219823E+00
    0.414720000000000E+03    0.618638183774920E+00    0.400198158150750E+00
    0.420980000000000E+03    0.561031730130662E+01    0.400229744288498E+00
    0.421000000000000E+03    0.564632661892449E+01    0.400224574830311E+00
    0.427260000000000E+03    0.434647304178725E+01    0.399975809030013E+00
    0.427280000000000E+03    0.438247205739242E+01    0.399976620461238E+00
    0.433540000000000E+03    0.307894355499582E+01    0.399081665662022E+00
    0.433560000000000E+03    0.311490680726968E+01    0.399081314447256E+00
    0.439840000000000E+03    0.184733186832830E+01    0.400084010164044E+00
    0.439860000000000E+03    0.188333525741655E+01    0.400084006431570E+00
    0.446120000000000E+03    0.584521310701234E+00    0.400193674819077E+00
    0.446140000000000E+03    0.620529140567669E+00    0.400198359903285E+00
    0.452400000000000E+03    0.561218138990034E+01    0.400230385676079E+00
    0.452420000000000E+03    0.564819045670697E+01    0.400225185248962E+00
    0.458680000000000E+03    0.434828845073844E+01    0.399971065606789E+00
    0.458700000000000E+03    0.438428752409391E+01    0.399971910307438E+00
    0.464960000000000E+03    0.308080945033316E+01    0.399083100737809E+00
    0.464980000000000E+03    0.311677270334178E+01    0.399082737150623E+00
    0.471240000000000E+03    0.181319857144251E+01    0.400088818935873E+00
    0.471260000000000E+03    0.184920214227827E+01    0.400088885853926E+00
    0.477540000000000E+03    0.586444299898403E+00    0.400193566824377E+00
    0.477560000000000E+03    0.622452074167654E+00    0.400198225344120E+00
    0.483820000000000E+03    0.561408426991431E+01    0.400230531592474E+00
    0.483840000000000E+03    0.565009339922256E+01    0.400225315235186E+00
    0.490100000000000E+03    0.435016016638144E+01    0.399967462546456E+00
    0.490120000000000E+03    0.438615889874359E+01    0.399968346497431E+00
    0.496380000000000E+03    0.308262447583331E+01    0.399082355602947E+00
    0.496400000000000E+03    0.311858770050299E+01    0.399081964530271E+00
    0.502660000000000E+03    0.181504136998592E+01    0.400089941955400E+00
    0.502680000000000E+03    0.185104535672110E+01    0.400090025607963E+00
    0.508940000000000E+03    0.552413398517842E+00    0.400192647769970E+00
    0.508960000000000E+03    0.588421169392745E+00    0.400197271605171E+00
    0.515240000000000E+03    0.561612379194503E+01    0.400236633701204E+00
    0.515260000000000E+03    0.565213315422818E+01    0.400231403703744E+00
    0.521520000000000E+03    0.435221499814043E+01    0.399967145767477E+00
    0.521540000000000E+03    0.438821369150935E+01    0.399968056293932E+00
    0.527800000000000E+03    0.308472099896710E+01    0.399086338853890E+00
    0.527820000000000E+03    0.312068440108851E+01    0.399085928217126E+00
    0.534080000000000E+03    0.181718060093579E+01    0.400100913366238E+00
    0.534100000000000E+03    0.185318476655425E+01    0.400101049034087E+00
    0.540360000000000E+03    0.554577088700739E+00    0.400190983413838E+00
    0.540380000000000E+03    0.590584736531468E+00    0.400195569617035E+00
    0.546640000000000E+03    0.558225453244688E+01    0.400241365031955E+00
    0.546660000000000E+03    0.561826414798418E+01    0.400236121942624E+00
    0.552940000000000E+03    0.435431832829499E+01    0.399962458289866E+00
    0.552960000000000E+03    0.439031682639325E+01    0.399963391550847E+00
    0.559220000000000E+03    0.308682847063631E+01    0.399088278252737E+00
    0.559240000000000E+03    0.312279197719772E+01    0.399087866786632E+00
    0.565500000000000E+03    0.181930821523122E+01    0.400105970838375E+00
    0.565520000000000E+03    0.185531252680278E+01    0.400106109203024E+00
    0.571780000000000E+03    0.556722166994405E+00    0.400189988474639E+00
    0.571800000000000E+03    0.592729805703357E+00    0.400194561744341E+00
    0.578060000000000E+03    0.558444770841697E+01    0.400243676740738E+00
    0.578080000000000E+03    0.562045761680088E+01    0.400238428622104E+00
    0.584340000000000E+03    0.432046858163289E+01    0.399956652075119E+00
    0.584360000000000E+03    0.435646682301126E+01    0.399957635136125E+00
    0.590620000000000E+03    0.305302524608783E+01    0.399090725072500E+00
    0.590640000000000E+03    0.308898886110592E+01    0.399090218585303E+00
    0.596920000000000E+03    0.182147042314909E+01    0.400110167463087E+00
    0.596940000000000E+03    0.185747486215178E+01    0.400110364947721E+00
    0.603200000000000E+03    0.558947963626679E+00    0.400190303094517E+00
    0.603220000000000E+03    0.594955648931091E+00    0.400194847787147E+00
    0.609480000000000E+03    0.558664678510195E+01    0.400244247794008E+00
    0.609500000000000E+03    0.562265641195927E+01    0.400238971216082E+00
    0.615760000000000E+03    0.432261594464376E+01    0.399952012347770E+00
    0.615780000000000E+03    0.435861424913423E+01    0.399953026735961E+00
    0.622040000000000E+03    0.305522943421897E+01    0.399092613365661E+00
    0.622060000000000E+03    0.309119312075404E+01    0.399092090345900E+00
    0.628320000000000E+03    0.178769722292941E+01    0.400115727491170E+00
    0.628340000000000E+03    0.182370186945627E+01    0.400115995525909E+00
    0.634620000000000E+03    0.561151405441933E+00    0.400196920886869E+00
    0.634640000000000E+03    0.597158721554251E+00    0.400201425334150E+00
    0.640900000000000E+03    0.558869610842953E+01    0.400238921155726E+00
    0.640920000000000E+03    0.562470555722393E+01    0.400233628085518E+00
    0.647180000000000E+03    0.432456492917322E+01    0.399942777513275E+00
    0.647200000000000E+03    0.436056266292258E+01    0.399943830231481E+00
    0.653460000000000E+03    0.305704768835221E+01    0.399086584919936E+00
    0.653480000000000E+03    0.309301109425451E+01    0.399086043524539E+00
    0.659740000000000E+03    0.178945318315687E+01    0.400114618395805E+00
    0.659760000000000E+03    0.182545789478877E+01    0.400114917666502E+00
    0.666020000000000E+03    0.526958071613990E+00    0.400179593252142E+00
    0.666040000000000E+03    0.562965158647330E+00    0.400184059463918E+00
    0.672320000000000E+03    0.559057384618518E+01    0.400239895244518E+00
    0.672340000000000E+03    0.562658346258308E+01    0.400234598523530E+00
    0.678600000000000E+03    0.432644172453456E+01    0.399939900825537E+00
    0.678620000000000E+03    0.436243933263449E+01    0.399940977764574E+00
    0.684880000000000E+03    0.305895227781207E+01    0.399090300668629E+00
    0.684900000000000E+03    0.309491588329934E+01    0.399089754795380E+00
    0.691160000000000E+03    0.179138568833582E+01    0.400119456591122E+00
    0.691180000000000E+03    0.182739051392150E+01    0.400119756871786E+00
    0.697440000000000E+03    0.528949221786206E+00    0.400179814367571E+00
    0.697460000000000E+03    0.564956491649127E+00    0.400184256162273E+00
    0.703720000000000E+03    0.555660248129493E+01    0.400248620684661E+00
    0.703740000000000E+03    0.559261237044007E+01    0.400243303461134E+00
    0.710000000000000E+03    0.429238122419019E+01    0.399933222444750E+00
    0.710020000000000E+03    0.432837833061058E+01    0.399934321792183E+00
    0.716300000000000E+03    0.306085967371769E+01    0.399089211339371E+00
    0.716320000000000E+03    0.309682323923926E+01    0.399088655422054E+00
    0.722580000000000E+03    0.179328116656211E+01    0.400122958195503E+00
    0.722600000000000E+03    0.182928612502405E+01    0.400123324510373E+00
    0.728860000000000E+03    0.530898418651077E+00    0.400179111481506E+00
    0.728880000000000E+03    0.566905652326568E+00    0.400183535648345E+00
    0.735140000000000E+03    0.555852266484362E+01    0.400248505011447E+00
    0.735160000000000E+03    0.559453246780413E+01    0.400243174350854E+00
    0.741420000000000E+03    0.429428684199502E+01    0.399927702807573E+00
    0.741440000000000E+03    0.433028416595857E+01    0.399928861427272E+00
    0.747700000000000E+03    0.302687111246769E+01    0.399092722824207E+00
    0.747720000000000E+03    0.306283476394356E+01    0.399092066114129E+00
    0.754000000000000E+03    0.179526329228338E+01    0.400127582131144E+00
    0.754020000000000E+03    0.183126844157164E+01    0.400127977079693E+00
    0.760280000000000E+03    0.532937214468802E+00    0.400179207951629E+00
    0.760300000000000E+03    0.568944416957493E+00    0.400183605452430E+00
    0.766560000000000E+03    0.556054324472962E+01    0.400249256712427E+00
    0.766580000000000E+03    0.559655311056031E+01    0.400243912581086E+00
    0.772840000000000E+03    0.429628382838450E+01    0.399924324531179E+00
    0.772860000000000E+03    0.433228084488155E+01    0.399925518471535E+00
    0.779120000000000E+03    0.302881722286384E+01    0.399092762976937E+00
    0.779140000000000E+03    0.306478085424033E+01    0.399092082703450E+00
    0.785400000000000E+03    0.176123228890037E+01    0.400127877256744E+00
    0.785420000000000E+03    0.179723784406997E+01    0.400128325652772E+00
    0.791700000000000E+03    0.535043945835923E+00    0.400183102511606E+00
    0.791720000000000E+03    0.571051333607556E+00    0.400187473192992E+00
    0.797980000000000E+03    0.556271133032192E+01    0.400255284024475E+00
    0.798000000000000E+03    0.559872143411553E+01    0.400249930398549E+00
    0.804260000000000E+03    0.429847415030190E+01    0.399924474541947E+00
    0.804280000000000E+03    0.433447114402816E+01    0.399925692562788E+00
    0.810540000000000E+03    0.303105747027848E+01    0.399097769282659E+00
    0.810560000000000E+03    0.306702133115209E+01    0.399097069971166E+00
    0.816820000000000E+03    0.176352503366456E+01    0.400138752659390E+00
    0.816840000000000E+03    0.179953073076695E+01    0.400139261400541E+00
    0.823100000000000E+03    0.501371423803221E+00    0.400177915652019E+00
    0.823120000000000E+03    0.537378569048087E+00    0.400182230516026E+00
    0.829400000000000E+03    0.556502698672671E+01    0.400255370126602E+00
    0.829420000000000E+03    0.560103714113757E+01    0.400250008871607E+00
    0.835680000000000E+03    0.430075708602044E+01    0.399920480783195E+00
    0.835700000000000E+03    0.433675390086432E+01    0.399921720083508E+00
    0.841960000000000E+03    0.303334143228858E+01    0.399099572640200E+00
    0.841980000000000E+03    0.306930537085213E+01    0.399098863711246E+00
    0.848240000000000E+03    0.176582778019088E+01    0.400144327545060E+00
    0.848260000000000E+03    0.180183366413939E+01    0.400144851076892E+00
    0.854520000000000E+03    0.503676408745378E+00    0.400176134863203E+00
    0.854540000000000E+03    0.539683399189926E+00    0.400180430428992E+00
    0.860800000000000E+03    0.553136122865703E+01    0.400260509289737E+00
    0.860820000000000E+03    0.556737193968024E+01    0.400255155331645E+00
    0.867080000000000E+03    0.426712179797960E+01    0.399916600646356E+00
    0.867100000000000E+03    0.430311847022017E+01    0.399917889145729E+00
    0.873380000000000E+03    0.303573905357598E+01    0.399104261836868E+00
    0.873400000000000E+03    0.307170312570634E+01    0.399103535143665E+00
    0.879660000000000E+03    0.176824461035085E+01    0.400149647729822E+00
    0.879680000000000E+03    0.180425068114982E+01    0.400150203539401E+00
    0.885940000000000E+03    0.506194046568908E+00    0.400179780260363E+00
    0.885960000000000E+03    0.542201289875948E+00    0.400184050918446E+00
    0.892220000000000E+03    0.553386808840355E+01    0.400265093182406E+00
    0.892240000000000E+03    0.556987859577180E+01    0.400259709249137E+00
    0.898500000000000E+03    0.426957089748726E+01    0.399913284838500E+00
    0.898520000000000E+03    0.430556745720128E+01    0.399914603546205E+00
    0.904780000000000E+03    0.300222917562792E+01    0.399105720951890E+00
    0.904800000000000E+03    0.303819334654463E+01    0.399104915379160E+00
    0.911080000000000E+03    0.177073479266983E+01    0.400152940929372E+00
    0.911100000000000E+03    0.180674112827523E+01    0.400153534900889E+00
    0.917360000000000E+03    0.508780449309143E+00    0.400180561908991E+00
    0.917380000000000E+03    0.544787744165887E+00    0.400184799130313E+00
    0.923640000000000E+03    0.553647028262617E+01    0.400268113452955E+00
    0.923660000000000E+03    0.557248091585984E+01    0.400262725605267E+00
    0.929920000000000E+03    0.427213928748256E+01    0.399909687887716E+00
    0.929940000000000E+03    0.430813567658583E+01    0.399911022657844E+00
    0.936200000000000E+03    0.300483145373687E+01    0.399110198857636E+00
    0.936220000000000E+03    0.304079584577494E+01    0.399109377132657E+00
    0.942480000000000E+03    0.173737002689654E+01    0.400159316634382E+00
    0.942500000000000E+03    0.177337653251607E+01    0.400159971001484E+00
    0.948780000000000E+03    0.511457479466344E+00    0.400182918148374E+00
    0.948800000000000E+03    0.547464820576806E+00    0.400187155714272E+00
    0.955060000000000E+03    0.553916704477024E+01    0.400268094369923E+00
    0.955080000000000E+03    0.557517764611521E+01    0.400262692041393E+00
    0.961340000000000E+03    0.427481474847991E+01    0.399905711386664E+00
    0.961360000000000E+03    0.431081112704396E+01    0.399907076537277E+00
    0.967620000000000E+03    0.300751054037073E+01    0.399110469927003E+00
    0.967640000000000E+03    0.304347472064660E+01    0.399109650518111E+00
    0.973900000000000E+03    0.173999139722582E+01    0.400160773338974E+00
    0.973920000000000E+03    0.177599790098452E+01    0.400161459813104E+00
    0.980180000000000E+03    0.478075241049055E+00    0.400174774552523E+00
    0.980200000000000E+03    0.514082302239331E+00    0.400178944098496E+00
    0.986480000000000E+03    0.554175005078309E+01    0.400267776126442E+00
    0.986500000000000E+03    0.557776068190401E+01    0.400262366591475E+00
    0.992760000000000E+03    0.427736521676047E+01    0.399902367387188E+00
    0.992780000000000E+03    0.431336132583556E+01    0.399903752279640E+00
    0.999040000000000E+03    0.301003687129287E+01    0.399110553188604E+00
    0.999060000000000E+03    0.304600124484523E+01    0.399109699766998E+00
    0.100532000000000E+04    0.174257782985501E+01    0.400165167115495E+00
    0.100534000000000E+04    0.177858457737625E+01    0.400165893130142E+00
    0.101160000000000E+04    0.480739653260571E+00    0.400175259982941E+00
    0.101162000000000E+04    0.516746686624401E+00    0.400179399626340E+00
    0.101788000000000E+04    0.550839583060861E+01    0.400273962165498E+00
    0.101790000000000E+04    0.554440673158797E+01    0.400268551408508E+00
    0.102416000000000E+04    0.424399660014046E+01    0.399896891232781E+00
    0.102418000000000E+04    0.427999247102912E+01    0.399898319600843E+00
    0.103046000000000E+04    0.301266263794764E+01    0.399112370437419E+00
    0.103048000000000E+04    0.304862709249687E+01    0.399111510565328E+00
    0.103674000000000E+04    0.174522190607900E+01    0.400170145661543E+00
    0.103676000000000E+04    0.178122881495915E+01    0.400170882226204E+00
    0.104302000000000E+04    0.483385453670508E+00    0.400173724087115E+00
    0.104304000000000E+04    0.519392362944245E+00    0.400177847726326E+00
    0.104930000000000E+04    0.551107678515427E+01    0.400274625834140E+00
    0.104932000000000E+04    0.554708803095855E+01    0.400269220640559E+00
    0.105558000000000E+04    0.424667609949597E+01    0.399893194700530E+00
    0.105560000000000E+04    0.428267185137474E+01    0.399894648335255E+00
    0.106186000000000E+04    0.297939488828615E+01    0.399117094821010E+00
    0.106188000000000E+04    0.301535940400049E+01    0.399116164689570E+00
    0.106816000000000E+04    0.174791773278366E+01    0.400173804051303E+00
    0.106818000000000E+04    0.178392483176049E+01    0.400174569287233E+00
    0.107444000000000E+04    0.486179480992178E+00    0.400176795599956E+00
    0.107446000000000E+04    0.522186619986996E+00    0.400180886049653E+00
    0.108072000000000E+04    0.551386458861680E+01    0.400278013789375E+00
    0.108074000000000E+04    0.554987564709404E+01    0.400272586985112E+00
    0.108700000000000E+04    0.424943416788074E+01    0.399892523011856E+00
    0.108702000000000E+04    0.428542984607179E+01    0.399893994758903E+00
    0.109328000000000E+04    0.298216836390952E+01    0.399117999224461E+00
    0.109330000000000E+04    0.301813303914105E+01    0.399117047582988E+00
    0.109956000000000E+04    0.171472816032065E+01    0.400178123788796E+00
    0.109958000000000E+04    0.175073540371136E+01    0.400178975097956E+00
    0.110586000000000E+04    0.489015572969038E+00    0.400175722389141E+00
    0.110588000000000E+04    0.525022524385122E+00    0.400179782372616E+00
    0.111214000000000E+04    0.551666348042977E+01    0.400275305261428E+00
    0.111216000000000E+04    0.555267452184535E+01    0.400269871945915E+00
    0.111842000000000E+04    0.425220441410420E+01    0.399887724927014E+00
    0.111844000000000E+04    0.428819995172216E+01    0.399889218835285E+00
    0.112470000000000E+04    0.298497124866753E+01    0.399122891223048E+00
    0.112472000000000E+04    0.302093614935848E+01    0.399121929500026E+00
    0.113098000000000E+04    0.171756605282076E+01    0.400183442209246E+00
    0.113100000000000E+04    0.175357343213523E+01    0.400184321797878E+00
    0.113726000000000E+04    0.455925467924317E+00    0.400174025298284E+00
    0.113728000000000E+04    0.491932482158973E+00    0.400178050269092E+00
    0.114354000000000E+04    0.548361703971477E+01    0.400285956274243E+00
    0.114356000000000E+04    0.551962834441611E+01    0.400280515298793E+00
    0.114984000000000E+04    0.425513401580565E+01    0.399884166430207E+00
    0.114986000000000E+04    0.429112954578295E+01    0.399885681779641E+00
    0.115612000000000E+04    0.298791830301434E+01    0.399123919615706E+00
    0.115614000000000E+04    0.302388296218305E+01    0.399122967646227E+00
    0.116240000000000E+04    0.172044848657060E+01    0.400183049843140E+00
    0.116242000000000E+04    0.175645589127635E+01    0.400183963014975E+00
    0.116868000000000E+04    0.458775946854075E+00    0.400170402783529E+00
    0.116870000000000E+04    0.494782653668608E+00    0.400174446817042E+00
    0.117496000000000E+04    0.548643657622370E+01    0.400285338837623E+00
    0.117498000000000E+04    0.552244793271348E+01    0.400279893915932E+00
    0.118124000000000E+04    0.422185346054175E+01    0.399876943730497E+00
    0.118126000000000E+04    0.425784827678535E+01    0.399878471616083E+00
    0.118754000000000E+04    0.299057298823300E+01    0.399122854952336E+00
    0.118756000000000E+04    0.302653787592408E+01    0.399121859967175E+00
    0.119382000000000E+04    0.172316742159956E+01    0.400187425258990E+00
    0.119384000000000E+04    0.175917503564506E+01    0.400188354961034E+00
    0.120010000000000E+04    0.461594628050079E+00    0.400171963347415E+00
    0.120012000000000E+04    0.497601491475962E+00    0.400175931865227E+00
    0.120638000000000E+04    0.548922193742510E+01    0.400284717881379E+00
    0.120640000000000E+04    0.552523322172374E+01    0.400279268843115E+00
    0.121266000000000E+04    0.422462733493830E+01    0.399872269622806E+00
    0.121268000000000E+04    0.426062206055258E+01    0.399873822657648E+00
    0.121894000000000E+04    0.295736856315352E+01    0.399124178617709E+00
    0.121896000000000E+04    0.299333352723579E+01    0.399123139763089E+00
    0.122524000000000E+04    0.172592259352996E+01    0.400190393123395E+00
    0.122526000000000E+04    0.176193025495149E+01    0.400191356085898E+00
    0.123152000000000E+04    0.464364325256611E+00    0.400169695345056E+00
    0.123154000000000E+04    0.500371152218577E+00    0.400173635168624E+00
    0.123780000000000E+04    0.549199891798025E+01    0.400284276626606E+00
    0.123782000000000E+04    0.552801017668889E+01    0.400278819857742E+00
    0.124408000000000E+04    0.422737504363022E+01    0.399867242901841E+00
    0.124410000000000E+04    0.426336989571882E+01    0.399868834100282E+00
    0.125036000000000E+04    0.296019306516746E+01    0.399127805813203E+00
    0.125038000000000E+04    0.299615815614425E+01    0.399126728857514E+00
    0.125664000000000E+04    0.169276994706115E+01    0.400194409948617E+00
    0.125666000000000E+04    0.172877776126097E+01    0.400195440857559E+00
    0.126294000000000E+04    0.467275993290514E+00    0.400170882119501E+00
    0.126296000000000E+04    0.503282821022822E+00    0.400174792742084E+00
    0.126922000000000E+04    0.549490103819699E+01    0.400285845435680E+00
    0.126924000000000E+04    0.553091244596362E+01    0.400280386846482E+00
    0.127550000000000E+04    0.423029915195320E+01    0.399865810255968E+00
    0.127552000000000E+04    0.426629380756322E+01    0.399867423836264E+00
    0.128178000000000E+04    0.296309784534878E+01    0.399130975949236E+00
    0.128180000000000E+04    0.299906311582754E+01    0.399129922224582E+00
    0.128806000000000E+04    0.169571196715833E+01    0.400199649450977E+00
    0.128808000000000E+04    0.173172004056642E+01    0.400200655952810E+00
    0.129434000000000E+04    0.434254187049191E+00    0.400166307041956E+00
    0.129436000000000E+04    0.470260908226464E+00    0.400170173652204E+00
    0.130062000000000E+04    0.546189882050567E+01    0.400292067086685E+00
    0.130064000000000E+04    0.549791047807457E+01    0.400286600337407E+00
    0.130692000000000E+04    0.423322133267948E+01    0.399860606639058E+00
    0.130694000000000E+04    0.426921562508369E+01    0.399862221037479E+00
    0.131320000000000E+04    0.296599547774258E+01    0.399128814985115E+00
    0.131322000000000E+04    0.300196068955756E+01    0.399127754617051E+00
    0.131948000000000E+04    0.169862236615154E+01    0.400203109903783E+00
    0.131950000000000E+04    0.173463056868468E+01    0.400204184826696E+00
    0.132576000000000E+04    0.437242336760391E+00    0.400169599152465E+00
    0.132578000000000E+04    0.473249121924709E+00    0.400173464940788E+00
    0.133204000000000E+04    0.546488633520221E+01    0.400292807180368E+00
    0.133206000000000E+04    0.550089793084271E+01    0.400287340675459E+00
    0.133832000000000E+04    0.420021993022328E+01    0.399855951969193E+00
    0.133834000000000E+04    0.423621434155029E+01    0.399857628693213E+00
    0.134462000000000E+04    0.296902017110551E+01    0.399132574729829E+00
    0.134464000000000E+04    0.300498521580357E+01    0.399131481264473E+00
    0.135090000000000E+04    0.170156295063543E+01    0.400200653618422E+00
    0.135092000000000E+04    0.173757101569390E+01    0.400201764974895E+00
    0.135718000000000E+04    0.440127307293096E+00    0.400163176091523E+00
    0.135720000000000E+04    0.476133765378108E+00    0.400167033319197E+00
    0.136346000000000E+04    0.546771278611277E+01    0.400291518797275E+00
    0.136348000000000E+04    0.550372438917930E+01    0.400286048908502E+00
    0.136974000000000E+04    0.420294683736620E+01    0.399849821481555E+00
    0.136976000000000E+04    0.423894070223150E+01    0.399851500973362E+00
    0.137602000000000E+04    0.293573430680181E+01    0.399134034589551E+00
    0.137604000000000E+04    0.297169966995762E+01    0.399132871717157E+00
    0.138232000000000E+04    0.170430578402693E+01    0.400206168175679E+00
    0.138234000000000E+04    0.174031408251903E+01    0.400207303663418E+00
    0.138860000000000E+04    0.442961518084303E+00    0.400164658164503E+00
    0.138862000000000E+04    0.478968147088381E+00    0.400168451724258E+00
    0.139488000000000E+04    0.547054373147785E+01    0.400291781702877E+00
    0.139490000000000E+04    0.550655527473782E+01    0.400286302683975E+00
    0.140116000000000E+04    0.420579036206891E+01    0.399846370556995E+00
    0.140118000000000E+04    0.424178436823740E+01    0.399848086798511E+00
    0.140744000000000E+04    0.293859746531007E+01    0.399135527317043E+00
    0.140746000000000E+04    0.297456262476408E+01    0.399134352402741E+00
    0.141372000000000E+04    0.167110703500794E+01    0.400205915942735E+00
    0.141374000000000E+04    0.170711532591667E+01    0.400207126826885E+00
    0.142000000000000E+04    0.409777360626776E+00    0.400158335618004E+00
    0.142002000000000E+04    0.445783754656986E+00    0.400162070421772E+00
    0.142630000000000E+04    0.547332650705448E+01    0.400290471329950E+00
    0.142632000000000E+04    0.550933802707641E+01    0.400284986923912E+00
    0.143258000000000E+04    0.420853340576650E+01    0.399841765287658E+00
    0.143260000000000E+04    0.424452712735456E+01    0.399843500702512E+00
    0.143886000000000E+04    0.294130433507007E+01    0.399135197454621E+00
    0.143888000000000E+04    0.297726965980337E+01    0.399133987436061E+00
    0.144514000000000E+04    0.167388008771786E+01    0.400207853693675E+00
    0.144516000000000E+04    0.170988877195805E+01    0.400209071329263E+00
    0.145142000000000E+04    0.412670775966490E+00    0.400161978153871E+00
    0.145144000000000E+04    0.448677258595580E+00    0.400165708025695E+00
    0.145770000000000E+04    0.544024107707128E+01    0.400297697873754E+00
    0.145772000000000E+04    0.547625287530445E+01    0.400292223571367E+00
    0.146400000000000E+04    0.421143773851145E+01    0.399838342228225E+00
    0.146402000000000E+04    0.424743128686305E+01    0.399840093340512E+00
    0.147028000000000E+04    0.294420587051491E+01    0.399136661412843E+00
    0.147030000000000E+04    0.298017128730498E+01    0.399135437824267E+00
    0.147656000000000E+04    0.167678907093841E+01    0.400213044591709E+00
    0.147658000000000E+04    0.171279771853187E+01    0.400214307813866E+00
    0.148284000000000E+04    0.415570126792772E+00    0.400158485591748E+00
    0.148286000000000E+04    0.451576463598940E+00    0.400162162438717E+00
    0.148912000000000E+04    0.544308157628484E+01    0.400296317796189E+00
    0.148914000000000E+04    0.547909338044337E+01    0.400290842047972E+00
    0.149540000000000E+04    0.417825459973528E+01    0.399832238727627E+00
    0.149542000000000E+04    0.421424790189576E+01    0.399834025532739E+00
    0.150170000000000E+04    0.294701870305335E+01    0.399139109363491E+00
    0.150172000000000E+04    0.298298423552342E+01    0.399137882224959E+00
    0.150798000000000E+04    0.167962633661455E+01    0.400217615487919E+00
    0.150800000000000E+04    0.171563513970023E+01    0.400218886678369E+00
    0.151426000000000E+04    0.418419859223377E+00    0.400157411636950E+00
    0.151428000000000E+04    0.454426125626014E+00    0.400161072780842E+00
    0.152054000000000E+04    0.544596514674549E+01    0.400297957543827E+00
    0.152056000000000E+04    0.548197726988246E+01    0.400292484178607E+00
    0.152682000000000E+04    0.418111229861188E+01    0.399828206273248E+00
    0.152684000000000E+04    0.421710537907938E+01    0.399830000206939E+00
    0.153310000000000E+04    0.291392082832772E+01    0.399143288394805E+00
    0.153312000000000E+04    0.294988656216219E+01    0.399142009951864E+00
    0.153940000000000E+04    0.168250291641698E+01    0.400220078505591E+00
    0.153942000000000E+04    0.171851174614085E+01    0.400221392328796E+00
    0.154568000000000E+04    0.421349657573501E+00    0.400158203262696E+00
    0.154570000000000E+04    0.457356012417222E+00    0.400161822873128E+00
    0.155196000000000E+04    0.544887072960410E+01    0.400298329451495E+00
    0.155198000000000E+04    0.548488256660039E+01    0.400292845026518E+00
    0.155824000000000E+04    0.418395932784551E+01    0.399823795613728E+00
    0.155826000000000E+04    0.421995239360058E+01    0.399825615578912E+00
    0.156452000000000E+04    0.291683341107364E+01    0.399146563654386E+00
    0.156454000000000E+04    0.295279924871829E+01    0.399145248716525E+00
    0.157080000000000E+04    0.164943291744612E+01    0.400223507873092E+00
    0.157082000000000E+04    0.168544189243357E+01    0.400224895161409E+00
    0.157708000000000E+04    0.388309338370618E+00    0.400158819962773E+00
    0.157710000000000E+04    0.424315410780764E+00    0.400162400915888E+00
    0.158338000000000E+04    0.545175986617551E+01    0.400295618158636E+00
    0.158340000000000E+04    0.548777154699928E+01    0.400290115250660E+00
    0.158966000000000E+04    0.418678969005850E+01    0.399818788686954E+00
    0.158968000000000E+04    0.422278251214811E+01    0.399820633463278E+00
    0.159594000000000E+04    0.291957756289094E+01    0.399145580721489E+00
    0.159596000000000E+04    0.295554317226151E+01    0.399144259435391E+00
    0.160222000000000E+04    0.165212166938045E+01    0.400223618302309E+00
    0.160224000000000E+04    0.168813072744842E+01    0.400225027092879E+00
    0.160850000000000E+04    0.391052540759574E+00    0.400153473171863E+00
    0.160852000000000E+04    0.427058681559629E+00    0.400157018711640E+00
    0.161478000000000E+04    0.541851336149057E+01    0.400303044698667E+00
    0.161480000000000E+04    0.545452540405222E+01    0.400297564988939E+00
    0.162108000000000E+04    0.418956156960348E+01    0.399815766463634E+00
    0.162110000000000E+04    0.422555421013385E+01    0.399817626022013E+00
    0.162736000000000E+04    0.292235031729160E+01    0.399146428383189E+00
    0.162738000000000E+04    0.295831612912752E+01    0.399145088620014E+00
    0.163364000000000E+04    0.165494641768737E+01    0.400227707231590E+00
    0.163366000000000E+04    0.169095563330029E+01    0.400229148765363E+00
    0.163992000000000E+04    0.393902455323769E+00    0.400151991975514E+00
    0.163994000000000E+04    0.429908468535814E+00    0.400155500191005E+00
    0.164620000000000E+04    0.542133719808271E+01    0.400302768497166E+00
    0.164622000000000E+04    0.545734928611591E+01    0.400297290028598E+00
    0.165248000000000E+04    0.415636173690791E+01    0.399809625677626E+00
    0.165250000000000E+04    0.419235409933526E+01    0.399811516537176E+00
    0.165878000000000E+04    0.292513808697458E+01    0.399148377824276E+00
    0.165880000000000E+04    0.296110399483541E+01    0.399147034218363E+00
    0.166506000000000E+04    0.165774385578925E+01    0.400230123637104E+00
    0.166508000000000E+04    0.169375313052569E+01    0.400231568951088E+00
    0.167134000000000E+04    0.396727036030825E+00    0.400151064807701E+00
    0.167136000000000E+04    0.432733093077331E+00    0.400154562320160E+00
    0.167762000000000E+04    0.542418668657729E+01    0.400303538967106E+00
    0.167764000000000E+04    0.546019887219700E+01    0.400298047595301E+00
    0.168390000000000E+04    0.415912757909973E+01    0.399804270547638E+00
    0.168392000000000E+04    0.419511950707647E+01    0.399806159199586E+00
    0.169018000000000E+04    0.289191979142970E+01    0.399149962387411E+00
    0.169020000000000E+04    0.292788579767284E+01    0.399148567980677E+00
    0.169648000000000E+04    0.166049835047215E+01    0.400232957410982E+00
    0.169650000000000E+04    0.169650772007253E+01    0.400234457113271E+00
    0.170276000000000E+04    0.399539498443119E+00    0.400151568075387E+00
    0.170278000000000E+04    0.435545583600742E+00    0.400155024339234E+00
    0.170904000000000E+04    0.542697703430167E+01    0.400303502212053E+00
    0.170906000000000E+04    0.546298907141545E+01    0.400298015259494E+00
    0.171532000000000E+04    0.416191114768253E+01    0.399799764032701E+00
    0.171534000000000E+04    0.419790328050294E+01    0.399801691844361E+00
    0.172160000000000E+04    0.289477502055252E+01    0.399154448969462E+00
    0.172162000000000E+04    0.293074115238187E+01    0.399153020253510E+00
    0.172788000000000E+04    0.162735042774693E+01    0.400234486616451E+00
    0.172790000000000E+04    0.166335988927358E+01    0.400236049860490E+00
    0.173416000000000E+04    0.366443911868373E+00    0.400148353889073E+00
    0.173418000000000E+04    0.402449859056560E+00    0.400151762401009E+00
    0.174046000000000E+04    0.542986267064225E+01    0.400303878010104E+00
    0.174048000000000E+04    0.546587472202873E+01    0.400298383899928E+00
    0.174674000000000E+04    0.416478567991635E+01    0.399797021501440E+00
    0.174676000000000E+04    0.420077761229868E+01    0.399798971683037E+00
    0.175302000000000E+04    0.289760502498530E+01    0.399155480046172E+00
    0.175304000000000E+04    0.293357116456582E+01    0.399154038137462E+00
    0.175930000000000E+04    0.163020488392249E+01    0.400236230051230E+00
    0.175932000000000E+04    0.166621462102466E+01    0.400237816664529E+00
    0.176558000000000E+04    0.369390258597377E+00    0.400149392319014E+00
    0.176560000000000E+04    0.405396265685340E+00    0.400152763640079E+00
    0.177186000000000E+04    0.539680307024901E+01    0.400311926637374E+00
    0.177188000000000E+04    0.543281543955936E+01    0.400306451202049E+00
    0.177816000000000E+04    0.416770403776991E+01    0.399793986641421E+00
    0.177818000000000E+04    0.420369577135079E+01    0.399795944071734E+00
    0.178444000000000E+04    0.290055684240997E+01    0.399160413143944E+00
    0.178446000000000E+04    0.293652323078595E+01    0.399158956744889E+00
    0.179072000000000E+04    0.163318459112861E+01    0.400242323971198E+00
    0.179074000000000E+04    0.166919433802423E+01    0.400243946429649E+00
    0.179700000000000E+04    0.372376419724787E+00    0.400149258756381E+00
    0.179702000000000E+04    0.408382419468126E+00    0.400152607348032E+00
    0.180328000000000E+04    0.539978459059557E+01    0.400311643891714E+00
    0.180330000000000E+04    0.543579693681886E+01    0.400306160307298E+00
    0.180956000000000E+04    0.413468533600781E+01    0.399788585216282E+00
    0.180958000000000E+04    0.417067698770188E+01    0.399790585363592E+00
    0.181586000000000E+04    0.290352942852542E+01    0.399161556124638E+00
    0.181588000000000E+04    0.293949571019948E+01    0.399160096428814E+00
    0.182214000000000E+04    0.163614284362302E+01    0.400244440304063E+00
    0.182216000000000E+04    0.167215274744422E+01    0.400246079344474E+00
    0.182842000000000E+04    0.375377300972104E+00    0.400149100550949E+00
    0.182844000000000E+04    0.411383255810961E+00    0.400152420695891E+00
    0.183470000000000E+04    0.540276020185865E+01    0.400311367190816E+00
    0.183472000000000E+04    0.543877257145823E+01    0.400305886953494E+00
    0.184098000000000E+04    0.413763537433078E+01    0.399784885124361E+00
    0.184100000000000E+04    0.417362678242989E+01    0.399786895305869E+00
    0.184726000000000E+04    0.287049259029527E+01    0.399163917234597E+00
    0.184728000000000E+04    0.290645910209150E+01    0.399162391472372E+00
    0.185354000000000E+04    0.160310314699836E+01    0.400246443498279E+00
    0.185356000000000E+04    0.163911310640015E+01    0.400248163565103E+00
    0.185984000000000E+04    0.378369224953985E+00    0.400147692309734E+00
    0.185986000000000E+04    0.414375065285185E+00    0.400150972330878E+00
    0.186612000000000E+04    0.540572403510487E+01    0.400309835627186E+00
    0.186614000000000E+04    0.544173643650083E+01    0.400304358355704E+00
    0.187240000000000E+04    0.414058690413049E+01    0.399781341489527E+00
    0.187242000000000E+04    0.417657818929365E+01    0.399783366941497E+00
    0.187868000000000E+04    0.287346659806963E+01    0.399168056501120E+00
    0.187870000000000E+04    0.290943331673679E+01    0.399166537688305E+00
    0.188496000000000E+04    0.160611255001322E+01    0.400250916782700E+00
    0.188498000000000E+04    0.164212266599498E+01    0.400252628327762E+00
    0.189124000000000E+04    0.345415486061029E+00    0.400144517485499E+00
    0.189126000000000E+04    0.381421270148621E+00    0.400147756776321E+00
    0.189754000000000E+04    0.540881458397735E+01    0.400312683548103E+00
    0.189756000000000E+04    0.544482716267248E+01    0.400307195691283E+00
    0.190382000000000E+04    0.414359732369348E+01    0.399777054061971E+00
    0.190384000000000E+04    0.417958816059217E+01    0.399779074235811E+00
    0.191010000000000E+04    0.287644352525376E+01    0.399167465238293E+00
    0.191012000000000E+04    0.291241022846543E+01    0.399165935387603E+00
    0.191638000000000E+04    0.160908459542543E+01    0.400252072124781E+00
    0.191640000000000E+04    0.164509473062799E+01    0.400253846453160E+00
    0.192266000000000E+04    0.348435555347351E+00    0.400144866227669E+00
    0.192268000000000E+04    0.384441362157304E+00    0.400148063137904E+00
    0.192894000000000E+04    0.537579575867949E+01    0.400317674909887E+00
    0.192896000000000E+04    0.541180837306320E+01    0.400312210410812E+00
    0.193524000000000E+04    0.414657960359318E+01    0.399772338932276E+00
    0.193526000000000E+04    0.418257061936492E+01    0.399774393977074E+00
    0.194152000000000E+04    0.287949777762469E+01    0.399171788013671E+00
    0.194154000000000E+04    0.291546460890822E+01    0.399170227679102E+00
    0.194780000000000E+04    0.161214589837209E+01    0.400255037226464E+00
    0.194782000000000E+04    0.164815618134708E+01    0.400256826505946E+00
    0.195408000000000E+04    0.351544568333793E+00    0.400145129041156E+00
    0.195410000000000E+04    0.387550382577047E+00    0.400148309478446E+00
    0.196036000000000E+04    0.537887980232745E+01    0.400317969728332E+00
    0.196038000000000E+04    0.541489241763338E+01    0.400312498297134E+00
    0.196664000000000E+04    0.411366400053521E+01    0.399767688086588E+00
    0.196666000000000E+04    0.414965476545694E+01    0.399769777256420E+00
    0.197294000000000E+04    0.288252881856215E+01    0.399172903097995E+00
    0.197296000000000E+04    0.291849564879976E+01    0.399171332187795E+00
    0.197922000000000E+04    0.161520092647470E+01    0.400256541214067E+00
    0.197924000000000E+04    0.165121149375227E+01    0.400258349073040E+00
    0.198550000000000E+04    0.354691347620701E+00    0.400146270682857E+00
    0.198552000000000E+04    0.390697234999607E+00    0.400149413686873E+00
    0.199178000000000E+04    0.538203481566097E+01    0.400320584463795E+00
    0.199180000000000E+04    0.541804755388421E+01    0.400315120814619E+00
    0.199806000000000E+04    0.411680989328897E+01    0.399765401647012E+00
    0.199808000000000E+04    0.415280055271933E+01    0.399767501567484E+00
    0.200434000000000E+04    0.284973070982414E+01    0.399178896104146E+00
    0.200436000000000E+04    0.288569782376135E+01    0.399177269276446E+00
    0.201062000000000E+04    0.158240727818975E+01    0.400262014112851E+00
    0.201064000000000E+04    0.161841786081004E+01    0.400263900526110E+00
    0.201692000000000E+04    0.357907199075271E+00    0.400145752085272E+00
    0.201694000000000E+04    0.393912961339538E+00    0.400148867736542E+00
    0.202320000000000E+04    0.538527873633529E+01    0.400319001110199E+00
    0.202322000000000E+04    0.542129171239549E+01    0.400313545808650E+00
    0.202948000000000E+04    0.412010386416978E+01    0.399767115051424E+00
    0.202950000000000E+04    0.415609450705597E+01    0.399769227257834E+00
    0.203576000000000E+04    0.285305655923867E+01    0.399182128933519E+00
    0.203578000000000E+04    0.288902380704803E+01    0.399180491374914E+00
    0.204204000000000E+04    0.158575074607688E+01    0.400264613028699E+00
    0.204206000000000E+04    0.162176141359350E+01    0.400266504196909E+00
    0.204832000000000E+04    0.325275676515957E+00    0.400142584825995E+00
    0.204834000000000E+04    0.361281351843900E+00    0.400145656689152E+00
    0.205462000000000E+04    0.538863302674281E+01    0.400321125355683E+00
    0.205464000000000E+04    0.542464599157347E+01    0.400315657155266E+00
    0.206090000000000E+04    0.412332861159530E+01    0.399760202942014E+00
    0.206092000000000E+04    0.415931873003865E+01    0.399762311647874E+00
    0.206718000000000E+04    0.285620668849242E+01    0.399180344403546E+00
    0.206720000000000E+04    0.289217387119925E+01    0.399178702740092E+00
    0.207346000000000E+04    0.158887911461579E+01    0.400264354005368E+00
    0.207348000000000E+04    0.162488974074313E+01    0.400266279160442E+00
    0.207974000000000E+04    0.328421230239201E+00    0.400141140251955E+00
    0.207976000000000E+04    0.364426925747466E+00    0.400144175895421E+00
    0.208602000000000E+04    0.535572232465483E+01    0.400324213003379E+00
    0.208604000000000E+04    0.539173519464430E+01    0.400318763605531E+00
    0.209232000000000E+04    0.412638725329043E+01    0.399752339664231E+00
    0.209234000000000E+04    0.416237738840209E+01    0.399754480965720E+00
    0.209860000000000E+04    0.285930641851701E+01    0.399184097266569E+00
    0.209862000000000E+04    0.289527375100306E+01    0.399182435978085E+00
    0.210488000000000E+04    0.159198282657826E+01    0.400266841455575E+00
    0.210490000000000E+04    0.162799354759773E+01    0.400268802361667E+00
    0.211116000000000E+04    0.331567313343385E+00    0.400140872283788E+00
    0.211118000000000E+04    0.367572930654205E+00    0.400143885362291E+00
    0.211744000000000E+04    0.535882129995434E+01    0.400323105995719E+00
    0.211746000000000E+04    0.539483412590198E+01    0.400317651132959E+00
    0.212372000000000E+04    0.409348461243781E+01    0.399746788913031E+00
    0.212374000000000E+04    0.412947455116500E+01    0.399748959770501E+00
    0.213000000000000E+04    0.282640789985498E+01    0.399186535284478E+00
    0.213002000000000E+04    0.286237526021660E+01    0.399184820291410E+00
    0.213630000000000E+04    0.159507088369628E+01    0.400267844296499E+00
    0.213632000000000E+04    0.163108195231007E+01    0.400269810990389E+00
    0.214258000000000E+04    0.334761428970978E+00    0.400142681247228E+00
    0.214260000000000E+04    0.370767188497211E+00    0.400145653302649E+00
    0.214886000000000E+04    0.536204215459611E+01    0.400326988649736E+00
    0.214888000000000E+04    0.539805512840121E+01    0.400321544111711E+00
    0.215514000000000E+04    0.409662737081044E+01    0.399746910210810E+00
    0.215516000000000E+04    0.413261665606296E+01    0.399749060445782E+00
    0.216142000000000E+04    0.282951964114818E+01    0.399189411452425E+00
    0.216144000000000E+04    0.286548718197037E+01    0.399187686434084E+00
    0.216770000000000E+04    0.156219537711240E+01    0.400270428753092E+00
    0.216772000000000E+04    0.159820629131582E+01    0.400272485277083E+00
    0.217400000000000E+04    0.337871605203418E+00    0.400139132009938E+00
    0.217402000000000E+04    0.373877178903058E+00    0.400142075009170E+00
    0.218028000000000E+04    0.536515961626810E+01    0.400320695889306E+00
    0.218030000000000E+04    0.540117279709011E+01    0.400315265729855E+00
    0.218656000000000E+04    0.409987609256677E+01    0.399743652591056E+00
    0.218658000000000E+04    0.413586586458405E+01    0.399745844226148E+00
    0.219284000000000E+04    0.283284888317849E+01    0.399195401922137E+00
    0.219286000000000E+04    0.286881663691292E+01    0.399193663226555E+00
    0.219912000000000E+04    0.156554407360909E+01    0.400274704473157E+00
    0.219914000000000E+04    0.160155508107073E+01    0.400276757369903E+00
    0.220540000000000E+04    0.305258513673834E+00    0.400139513492330E+00
    0.220542000000000E+04    0.341264020983999E+00    0.400142447858355E+00
    0.221170000000000E+04    0.536854192248347E+01    0.400328176130019E+00
    0.221172000000000E+04    0.540455494668868E+01    0.400322732487560E+00
    0.221798000000000E+04    0.410314559433800E+01    0.399739350956695E+00
    0.221800000000000E+04    0.413913509176291E+01    0.399741551560876E+00
    0.222426000000000E+04    0.283613201805110E+01    0.399198097725184E+00
    0.222428000000000E+04    0.287209990726615E+01    0.399196354837208E+00
    0.223054000000000E+04    0.156887284825734E+01    0.400279063931105E+00
    0.223056000000000E+04    0.160488406631202E+01    0.400281166864066E+00
    0.223682000000000E+04    0.308663739639996E+00    0.400141159778743E+00
    0.223684000000000E+04    0.344669401898955E+00    0.400144024792273E+00
    0.224310000000000E+04    0.533591620648258E+01    0.400333189073914E+00
    0.224312000000000E+04    0.537192942259480E+01    0.400327760831065E+00
    0.224940000000000E+04    0.410653749853782E+01    0.399736318736649E+00
    0.224942000000000E+04    0.414252705334593E+01    0.399738542841557E+00
    0.225568000000000E+04    0.283952296461985E+01    0.399199170808976E+00
    0.225570000000000E+04    0.287549076523192E+01    0.399197423574211E+00
    0.226196000000000E+04    0.157225372027551E+01    0.400280862747168E+00
    0.226198000000000E+04    0.160826508895025E+01    0.400282978598693E+00
    0.226824000000000E+04    0.312083218565931E+00    0.400141128723941E+00
    0.226826000000000E+04    0.348088841899425E+00    0.400143966267312E+00
    0.227452000000000E+04    0.533930946369492E+01    0.400332809318391E+00
    0.227454000000000E+04    0.537532269573740E+01    0.400327388580821E+00
    0.228080000000000E+04    0.407392064870146E+01    0.399730941198265E+00
    0.228082000000000E+04    0.410990988739559E+01    0.399733179018747E+00
    0.228708000000000E+04    0.280690613083880E+01    0.399201967368633E+00
    0.228710000000000E+04    0.284287416917323E+01    0.399200163823295E+00
    0.229338000000000E+04    0.157564455644933E+01    0.400284283326465E+00
    0.229340000000000E+04    0.161165602714391E+01    0.400286424642085E+00
    0.229966000000000E+04    0.315489304662151E+00    0.400139259741630E+00
    0.229968000000000E+04    0.351494811911834E+00    0.400142063586638E+00
    0.230594000000000E+04    0.534273955449316E+01    0.400329140943869E+00
    0.230596000000000E+04    0.537875297602659E+01    0.400323731000636E+00
    0.231222000000000E+04    0.407740996875782E+01    0.399732180782238E+00
    0.231224000000000E+04    0.411339927398058E+01    0.399734432050916E+00
    0.231850000000000E+04    0.281045898888897E+01    0.399209070377507E+00
    0.231852000000000E+04    0.284642731007170E+01    0.399207258803062E+00
    0.232478000000000E+04    0.154325481270735E+01    0.400288544845817E+00
    0.232480000000000E+04    0.157926645159205E+01    0.400290744271138E+00
    0.233108000000000E+04    0.319188347043564E+00    0.400142928441534E+00
    0.233110000000000E+04    0.355194011282038E+00    0.400145716860148E+00
    0.233736000000000E+04    0.534646235298442E+01    0.400336497642615E+00
    0.233738000000000E+04    0.538247599020542E+01    0.400331084332313E+00
    0.234364000000000E+04    0.408107981366629E+01    0.399727635487485E+00
    0.234366000000000E+04    0.411706886213051E+01    0.399729888363822E+00
    0.234992000000000E+04    0.281412268986332E+01    0.399210798252951E+00
    0.234994000000000E+04    0.285009113859905E+01    0.399209001731819E+00
    0.235620000000000E+04    0.154692972844259E+01    0.400290015071656E+00
    0.235622000000000E+04    0.158294137089160E+01    0.400292226406293E+00
    0.236248000000000E+04    0.286901038472934E+00    0.400141512474270E+00
    0.236250000000000E+04    0.322906718220111E+00    0.400144230328292E+00
    0.236878000000000E+04    0.535016096748768E+01    0.400336407586984E+00
    0.236880000000000E+04    0.538617434915614E+01    0.400330993791916E+00
    0.237506000000000E+04    0.408472720720420E+01    0.399724032700272E+00
    0.237508000000000E+04    0.412071621735959E+01    0.399726303728103E+00
    0.238134000000000E+04    0.281782887708687E+01    0.399214099537141E+00
    0.238136000000000E+04    0.285379740670578E+01    0.399212272212144E+00
    0.238762000000000E+04    0.155064653310274E+01    0.400292709275973E+00
    0.238764000000000E+04    0.158665829125493E+01    0.400294960297653E+00
    0.239390000000000E+04    0.290659903862434E+00    0.400141872630845E+00
    0.239392000000000E+04    0.326665573973514E+00    0.400144582535851E+00
    0.240018000000000E+04    0.531788113965922E+01    0.400341510859956E+00
    0.240020000000000E+04    0.535389469720030E+01    0.400336109092050E+00
    0.240648000000000E+04    0.408845393938554E+01    0.399721767470611E+00
    0.240650000000000E+04    0.412444288962888E+01    0.399724056538005E+00
    0.241276000000000E+04    0.282150629895750E+01    0.399214646866768E+00
    0.241278000000000E+04    0.285747476072265E+01    0.399212814868039E+00
    0.241904000000000E+04    0.155434004019480E+01    0.400292935464420E+00
    0.241906000000000E+04    0.159035222385864E+01    0.400295165576118E+00
    0.242532000000000E+04    0.294469924827354E+00    0.400145842563906E+00
    0.242534000000000E+04    0.330475770610974E+00    0.400148521067922E+00
    0.243160000000000E+04    0.532173680617052E+01    0.400345683796558E+00
    0.243162000000000E+04    0.535775052881127E+01    0.400340290376465E+00
    0.243788000000000E+04    0.405635077954048E+01    0.399720407942757E+00
    0.243790000000000E+04    0.409233961981954E+01    0.399722710618087E+00
    0.244416000000000E+04    0.278945769294114E+01    0.399221173241679E+00
    0.244418000000000E+04    0.282542648160234E+01    0.399219290561158E+00
    0.245046000000000E+04    0.155831486550687E+01    0.400300089276948E+00
    0.245048000000000E+04    0.159432700007619E+01    0.400302373998139E+00
    0.245674000000000E+04    0.298424966406856E+00    0.400146953128944E+00
    0.245676000000000E+04    0.334430568236712E+00    0.400149625627894E+00
    0.246302000000000E+04    0.532560335005110E+01    0.400340991539711E+00
    0.246304000000000E+04    0.536161685425304E+01    0.400335582274660E+00
    0.246930000000000E+04    0.406012015336364E+01    0.399714613549445E+00
    0.246932000000000E+04    0.409610879717093E+01    0.399716925240447E+00
    0.247558000000000E+04    0.279321005860220E+01    0.399222718987587E+00
    0.247560000000000E+04    0.282917868371351E+01    0.399220842335193E+00
    0.248186000000000E+04    0.152599178600667E+01    0.400297935705269E+00
    0.248188000000000E+04    0.156200383321266E+01    0.400300280757432E+00
    0.248816000000000E+04    0.302143575135233E+00    0.400144359562405E+00
    0.248818000000000E+04    0.338149394621723E+00    0.400146986479061E+00
    0.249444000000000E+04    0.532937035564191E+01    0.400344344659229E+00
    0.249446000000000E+04    0.536538405598731E+01    0.400338953287055E+00
    0.250072000000000E+04    0.406393808679877E+01    0.399714648686203E+00
    0.250074000000000E+04    0.409992668847553E+01    0.399716971485610E+00
    0.250700000000000E+04    0.279704696288809E+01    0.399224943014830E+00
    0.250702000000000E+04    0.283301590293922E+01    0.399223048407257E+00
    0.251328000000000E+04    0.152991935565387E+01    0.400301893413904E+00
    0.251330000000000E+04    0.156593156392228E+01    0.400304262247346E+00
    0.251956000000000E+04    0.270097617106330E+00    0.400143747992225E+00
    0.251958000000000E+04    0.306103112984601E+00    0.400146337128747E+00
    0.252586000000000E+04    0.533325742565739E+01    0.400340589100505E+00
    0.252588000000000E+04    0.536927090863810E+01    0.400335179225883E+00
    0.253214000000000E+04    0.406772597156669E+01    0.399709319076568E+00
    0.253216000000000E+04    0.410371439674509E+01    0.399711649935506E+00
    0.253842000000000E+04    0.280082550723000E+01    0.399227448440645E+00
    0.253844000000000E+04    0.283679428999585E+01    0.399225563269119E+00
    0.254470000000000E+04    0.153363176065795E+01    0.400302509000660E+00
    0.254472000000000E+04    0.156964391677047E+01    0.400304895826044E+00
    0.255098000000000E+04    0.273822337565434E+00    0.400139843073530E+00
    0.255100000000000E+04    0.309827970557308E+00    0.400142388493187E+00
    0.255726000000000E+04    0.530100563222823E+01    0.400347536382877E+00
    0.255728000000000E+04    0.533701959697828E+01    0.400342180004218E+00
    0.256354000000000E+04    0.403553465273217E+01    0.399704400459078E+00
    0.256356000000000E+04    0.407152275629323E+01    0.399706740087750E+00
    0.256984000000000E+04    0.280459967404840E+01    0.399227834600568E+00
    0.256986000000000E+04    0.284056875786791E+01    0.399225935178391E+00
    0.257612000000000E+04    0.153746787130240E+01    0.400303646722448E+00
    0.257614000000000E+04    0.157348006035227E+01    0.400306042017034E+00
    0.258240000000000E+04    0.277675094414917E+00    0.400140057488367E+00
    0.258242000000000E+04    0.313680727166684E+00    0.400142601121304E+00
    0.258868000000000E+04    0.530484273954062E+01    0.400347356298528E+00
    0.258870000000000E+04    0.534085656041407E+01    0.400342000104863E+00
    0.259496000000000E+04    0.403931952889616E+01    0.399699944575878E+00
    0.259498000000000E+04    0.407530752263301E+01    0.399702302722504E+00
    0.260124000000000E+04    0.277249436686543E+01    0.399233508421355E+00
    0.260126000000000E+04    0.280846390329134E+01    0.399231604235071E+00
    0.260754000000000E+04    0.154139115341968E+01    0.400309070518590E+00
    0.260756000000000E+04    0.157740356951308E+01    0.400311492202321E+00
    0.261382000000000E+04    0.281644050773139E+00    0.400143675005258E+00
    0.261384000000000E+04    0.317649622979843E+00    0.400146175048285E+00
    0.262010000000000E+04    0.530876260650257E+01    0.400348282937358E+00
    0.262012000000000E+04    0.534477643889932E+01    0.400342927248292E+00
    0.262638000000000E+04    0.404325035070906E+01    0.399698110584021E+00
    0.262640000000000E+04    0.407923833523910E+01    0.399700476930624E+00
    0.263266000000000E+04    0.277650086413178E+01    0.399235387587075E+00
    0.263268000000000E+04    0.281247090525812E+01    0.399233521873443E+00
    0.263894000000000E+04    0.150947000457654E+01    0.400312960436726E+00
    0.263896000000000E+04    0.154548257978877E+01    0.400315445786058E+00
    0.264524000000000E+04    0.285808070300845E+00    0.400149466260165E+00
    0.264526000000000E+04    0.321813727422523E+00    0.400151955744122E+00
    0.265152000000000E+04    0.531294262589927E+01    0.400349981022062E+00
    0.265154000000000E+04    0.534895654437150E+01    0.400344620087296E+00
    0.265780000000000E+04    0.404744518152802E+01    0.399698552839677E+00
    0.265782000000000E+04    0.408343316375067E+01    0.399700925495799E+00
    0.266408000000000E+04    0.278060116121014E+01    0.399239044833382E+00
    0.266410000000000E+04    0.281657069155881E+01    0.399237084213904E+00
    0.267036000000000E+04    0.151354292252654E+01    0.400313713442690E+00
    0.267038000000000E+04    0.154955557224184E+01    0.400316210013658E+00
