    0.000000000000000E+00    0.190000000000000E+01    0.410000000000000E+00
    0.200000000000000E-01    0.193639998864960E+01    0.409999426146906E+00
    0.630000000000000E+01    0.798758233063642E+00    0.410324967719982E+00
    0.632000000000000E+01    0.835171315303775E+00    0.410330350166007E+00
    0.125800000000000E+02    0.595239121454832E+01    0.410213633920136E+00
    0.126000000000000E+02    0.598879969671216E+01    0.410210367172872E+00
    0.188600000000000E+02    0.481831276926640E+01    0.410286321454291E+00
    0.188800000000000E+02    0.485472425748237E+01    0.410283579098845E+00
    0.251400000000000E+02    0.367657467965555E+01    0.409294469405740E+00
    0.251600000000000E+02    0.371294633730392E+01    0.409296958866915E+00
    0.314200000000000E+02    0.253415646117382E+01    0.409373977359004E+00
    0.314400000000000E+02    0.257053153219085E+01    0.409371398075222E+00
    0.377000000000000E+02    0.139275538168923E+01    0.410322986476178E+00
    0.377200000000000E+02    0.142916831735926E+01    0.410326298565870E+00
    0.440000000000000E+02    0.295862792469237E+00    0.410201729883831E+00
    0.440200000000000E+02    0.332270870750250E+00    0.410204323459162E+00
    0.502800000000000E+02    0.544919423132063E+01    0.410334755537499E+00
    0.503000000000000E+02    0.548560749958175E+01    0.410329261243357E+00
    0.565600000000000E+02    0.431079225302652E+01    0.409913367421022E+00
    0.565800000000000E+02    0.434718887220365E+01    0.409914502014929E+00
    0.628400000000000E+02    0.316833843320930E+01    0.409063799102980E+00
    0.628600000000000E+02    0.320470083117921E+01    0.409063928830707E+00
    0.691200000000000E+02    0.202587893575155E+01    0.409886022285206E+00
    0.691400000000000E+02    0.206227452328656E+01    0.409884673786527E+00
    0.754000000000000E+02    0.887345210295621E+00    0.410347270662355E+00
    0.754200000000000E+02    0.923759206753601E+00    0.410352730804644E+00
    0.817000000000000E+02    0.607702049401857E+01    0.410195647452460E+00
    0.817200000000000E+02    0.611342828300542E+01    0.410193395735766E+00
    0.879800000000000E+02    0.494396710147075E+01    0.410329731085334E+00
    0.880000000000000E+02    0.498038030768521E+01    0.410326090713010E+00
    0.942600000000000E+02    0.380263514754230E+01    0.409400176502188E+00
    0.942800000000000E+02    0.383901119310184E+01    0.409402838662950E+00
    0.100540000000000E+03    0.266027512425006E+01    0.409276033566447E+00
    0.100560000000000E+03    0.269664628536654E+01    0.409273688623361E+00
    0.106820000000000E+03    0.151853649362428E+01    0.410278934365620E+00
    0.106840000000000E+03    0.155494770842023E+01    0.410281394548443E+00
    0.113100000000000E+03    0.384277213895075E+00    0.410225718215260E+00
    0.113120000000000E+03    0.420686274824618E+00    0.410229241493218E+00
    0.119400000000000E+03    0.557442515807125E+01    0.410310889664208E+00
    0.119420000000000E+03    0.561083747541153E+01    0.410305542498412E+00
    0.125680000000000E+03    0.443698532889485E+01    0.410024921353840E+00
    0.125700000000000E+03    0.447338637631520E+01    0.410025253245563E+00
    0.131960000000000E+03    0.329461128378367E+01    0.409082028136145E+00
    0.131980000000000E+03    0.333097445621308E+01    0.409082858553399E+00
    0.138240000000000E+03    0.215218182152464E+01    0.409769824357392E+00
    0.138260000000000E+03    0.218857271808736E+01    0.409767882577835E+00
    0.144520000000000E+03    0.101286538012897E+01    0.410367351537276E+00
    0.144540000000000E+03    0.104928017348709E+01    0.410372648208132E+00
    0.150800000000000E+03    0.616559260138439E+01    0.410186091497741E+00
    0.150820000000000E+03    0.620200001846592E+01    0.410184910310410E+00
    0.157080000000000E+03    0.503349216107546E+01    0.410359970404910E+00
    0.157100000000000E+03    0.506990653564696E+01    0.410355625355891E+00
    0.163380000000000E+03    0.392909531257646E+01    0.409517233856680E+00
    0.163400000000000E+03    0.396547598939298E+01    0.409519864820351E+00
    0.169660000000000E+03    0.278674984644471E+01    0.409193854278520E+00
    0.169680000000000E+03    0.282311756371996E+01    0.409191892589175E+00
    0.175940000000000E+03    0.164477016291642E+01    0.410217262173267E+00
    0.175960000000000E+03    0.168117890479738E+01    0.410218772332650E+00
    0.182220000000000E+03    0.509515501499664E+00    0.410257177986228E+00
    0.182240000000000E+03    0.545925836565232E+00    0.410261506270274E+00
    0.188500000000000E+03    0.566347266154418E+01    0.410287334433310E+00
    0.188520000000000E+03    0.569988405025668E+01    0.410282361853877E+00
    0.194780000000000E+03    0.452705376575381E+01    0.410124197189500E+00
    0.194800000000000E+03    0.456345875988870E+01    0.410123672030688E+00
    0.201080000000000E+03    0.342120900352046E+01    0.409124266559098E+00
    0.201100000000000E+03    0.345757388133302E+01    0.409125743635533E+00
    0.207360000000000E+03    0.227881417103453E+01    0.409649170175942E+00
    0.207380000000000E+03    0.231520020664385E+01    0.409646806600097E+00
    0.213640000000000E+03    0.113879999690590E+01    0.410375628047154E+00
    0.213660000000000E+03    0.117521511077803E+01    0.410380534900369E+00
    0.219920000000000E+03    0.765159363692192E-02    0.410183091042934E+00
    0.219940000000000E+03    0.440589119880315E-01    0.410183073350059E+00
    0.226200000000000E+03    0.515960053931434E+01    0.410370176075636E+00
    0.226220000000000E+03    0.519601525102479E+01    0.410365267095554E+00
    0.232480000000000E+03    0.401944674010036E+01    0.409637758676557E+00
    0.232500000000000E+03    0.405583228847490E+01    0.409640157998275E+00
    0.238780000000000E+03    0.291348345483487E+01    0.409130336013435E+00
    0.238800000000000E+03    0.294984862934007E+01    0.409128923254229E+00
    0.245060000000000E+03    0.177134098355083E+01    0.410137565469118E+00
    0.245080000000000E+03    0.180774654963432E+01    0.410138118268879E+00
    0.251340000000000E+03    0.635092227415953E+00    0.410291190481249E+00
    0.251360000000000E+03    0.671503943162975E+00    0.410296123037015E+00
    0.257620000000000E+03    0.578908580016065E+01    0.410257788581621E+00
    0.257640000000000E+03    0.582549602239283E+01    0.410253416373335E+00
    0.263900000000000E+03    0.465371402605842E+01    0.410208730333368E+00
    0.263920000000000E+03    0.469012239321228E+01    0.410207252512822E+00
    0.270180000000000E+03    0.351169780282527E+01    0.409187283780083E+00
    0.270200000000000E+03    0.354806519499596E+01    0.409189261643426E+00
    0.276480000000000E+03    0.240570671597891E+01    0.409528781198574E+00
    0.276500000000000E+03    0.244208793604196E+01    0.409526192823086E+00
    0.282760000000000E+03    0.126510142557083E+01    0.410369993816311E+00
    0.282780000000000E+03    0.130151630462899E+01    0.410374309031190E+00
    0.289040000000000E+03    0.133146260347530E+00    0.410189999383606E+00
    0.289060000000000E+03    0.169553874698067E+00    0.410191127145867E+00
    0.295320000000000E+03    0.528584808239407E+01    0.410366908946990E+00
    0.295340000000000E+03    0.532226268693057E+01    0.410361602694175E+00
    0.301600000000000E+03    0.414643333476408E+01    0.409762970747065E+00
    0.301620000000000E+03    0.418282398035706E+01    0.409764942496012E+00
    0.307880000000000E+03    0.300411511222808E+01    0.409090881549468E+00
    0.307900000000000E+03    0.304047868764883E+01    0.409090072304200E+00
    0.314160000000000E+03    0.186184608678650E+01    0.410042796052129E+00
    0.314180000000000E+03    0.189824785058875E+01    0.410042490168049E+00
    0.320460000000000E+03    0.761036778867492E+00    0.410324953278029E+00
    0.320480000000000E+03    0.797449851268766E+00    0.410330264404937E+00
    0.326740000000000E+03    0.591487914701634E+01    0.410230685758227E+00
    0.326760000000000E+03    0.595128829996213E+01    0.410227115623684E+00
    0.333020000000000E+03    0.478056531078016E+01    0.410276355389118E+00
    0.333040000000000E+03    0.481697639173444E+01    0.410273920579260E+00
    0.339300000000000E+03    0.363882579603967E+01    0.409272194566449E+00
    0.339320000000000E+03    0.367519655875731E+01    0.409274583541685E+00
    0.345580000000000E+03    0.249648967851829E+01    0.409417121327249E+00
    0.345600000000000E+03    0.253286642958358E+01    0.409414497825415E+00
    0.351860000000000E+03    0.135535840998546E+01    0.410343814832717E+00
    0.351880000000000E+03    0.139177222545732E+01    0.410347417894281E+00
    0.358160000000000E+03    0.258907111146868E+00    0.410205388006568E+00
    0.358180000000000E+03    0.295315324231410E+00    0.410207627842035E+00
    0.364440000000000E+03    0.541221371702534E+01    0.410351533948242E+00
    0.364460000000000E+03    0.544862767324889E+01    0.410346050144405E+00
    0.370720000000000E+03    0.427363608562871E+01    0.409884647328617E+00
    0.370740000000000E+03    0.431003166160212E+01    0.409886005989177E+00
    0.377000000000000E+03    0.313133170584206E+01    0.409074127079858E+00
    0.377020000000000E+03    0.316769459442924E+01    0.409074031987173E+00
    0.383280000000000E+03    0.198902348360389E+01    0.409935010002992E+00
    0.383300000000000E+03    0.202542092060082E+01    0.409933901221691E+00
    0.389560000000000E+03    0.850883903632280E+00    0.410348845009685E+00
    0.389580000000000E+03    0.887297930525619E+00    0.410354306214630E+00
    0.395860000000000E+03    0.604080002061994E+01    0.410208366945176E+00
    0.395880000000000E+03    0.607720829048833E+01    0.410205766451575E+00
    0.402140000000000E+03    0.490751879436777E+01    0.410325487016008E+00
    0.402160000000000E+03    0.494393186009711E+01    0.410322142014269E+00
    0.408420000000000E+03    0.376614414134463E+01    0.409373210244106E+00
    0.408440000000000E+03    0.380251892277875E+01    0.409375836497310E+00
    0.414700000000000E+03    0.262383303581601E+01    0.409313466269946E+00
    0.414720000000000E+03    0.266020562211304E+01    0.409311026468143E+00
    0.420980000000000E+03    0.148229642677313E+01    0.410303036070609E+00
    0.421000000000000E+03    0.151870860103622E+01    0.410305778633422E+00
    0.427260000000000E+03    0.348448478874502E+00    0.410224816592123E+00
    0.427280000000000E+03    0.384857498138331E+00    0.410228048361639E+00
    0.433540000000000E+03    0.550217344193004E+01    0.410331881888094E+00
    0.433560000000000E+03    0.553858658921024E+01    0.410326464813481E+00
    0.439840000000000E+03    0.440092870351816E+01    0.409998309202628E+00
    0.439860000000000E+03    0.443732871835664E+01    0.409998905704785E+00
    0.446120000000000E+03    0.325861974506938E+01    0.409081862270323E+00
    0.446140000000000E+03    0.329498284192675E+01    0.409082485317144E+00
    0.452400000000000E+03    0.211625799783781E+01    0.409816179257072E+00
    0.452420000000000E+03    0.215265061929415E+01    0.409814412932080E+00
    0.458680000000000E+03    0.977242406030427E+00    0.410367104220389E+00
    0.458700000000000E+03    0.101365720039894E+01    0.410372474292910E+00
    0.464960000000000E+03    0.613025807649854E+01    0.410194325342220E+00
    0.464980000000000E+03    0.616666576024022E+01    0.410192770420281E+00
    0.471240000000000E+03    0.499789638694313E+01    0.410356661865328E+00
    0.471260000000000E+03    0.503431057803368E+01    0.410352567595829E+00
    0.477540000000000E+03    0.389338316606279E+01    0.409484430282959E+00
    0.477560000000000E+03    0.392976255103326E+01    0.409487095147248E+00
    0.483820000000000E+03    0.275102260172798E+01    0.409219087101703E+00
    0.483840000000000E+03    0.278739133091585E+01    0.409216985370248E+00
    0.490100000000000E+03    0.160916357968699E+01    0.410243090747189E+00
    0.490120000000000E+03    0.164557339994235E+01    0.410244895727443E+00
    0.496380000000000E+03    0.474256975574917E+00    0.410250158176300E+00
    0.496400000000000E+03    0.510666894342876E+00    0.410254241951757E+00
    0.502660000000000E+03    0.562819859529702E+01    0.410299776295499E+00
    0.502680000000000E+03    0.566461059098219E+01    0.410294675477236E+00
    0.508940000000000E+03    0.449150525904997E+01    0.410097744057329E+00
    0.508960000000000E+03    0.452790912908358E+01    0.410097477968355E+00
    0.515240000000000E+03    0.338565153136176E+01    0.409112045939677E+00
    0.515260000000000E+03    0.342201600256658E+01    0.409113332480763E+00
    0.521520000000000E+03    0.224331221511909E+01    0.409691769916219E+00
    0.521540000000000E+03    0.227969983857565E+01    0.409689511604347E+00
    0.527800000000000E+03    0.110351576687458E+01    0.410376608404594E+00
    0.527820000000000E+03    0.113993106362523E+01    0.410381659100983E+00
    0.534080000000000E+03    0.625582447316674E+01    0.410185516605779E+00
    0.534100000000000E+03    0.904605511220780E-02    0.410185163564472E+00
    0.540360000000000E+03    0.512427102228150E+01    0.410365809529975E+00
    0.540380000000000E+03    0.516068561476004E+01    0.410361063878711E+00
    0.546640000000000E+03    0.398387238276666E+01    0.409597679033717E+00
    0.546660000000000E+03    0.402025633571134E+01    0.409600171891717E+00
    0.552940000000000E+03    0.287784297461167E+01    0.409145815503745E+00
    0.552960000000000E+03    0.291420848550638E+01    0.409144246050675E+00
    0.559220000000000E+03    0.173565658619896E+01    0.410160771122299E+00
    0.559240000000000E+03    0.177206304104664E+01    0.410161622402582E+00
    0.565500000000000E+03    0.599664363087641E+00    0.410275848360947E+00
    0.565520000000000E+03    0.636075481798798E+00    0.410280605817617E+00
    0.571780000000000E+03    0.575370101208591E+01    0.410261590215906E+00
    0.571800000000000E+03    0.579011201322601E+01    0.410257060911092E+00
    0.578060000000000E+03    0.461802878511253E+01    0.410184341814530E+00
    0.578080000000000E+03    0.465443615162121E+01    0.410183140481344E+00
    0.584340000000000E+03    0.347593659431504E+01    0.409164527860691E+00
    0.584360000000000E+03    0.351230314865916E+01    0.409166367527275E+00
    0.590620000000000E+03    0.233355286906408E+01    0.409568458085787E+00
    0.590640000000000E+03    0.236993554446144E+01    0.409565901985784E+00
    0.596920000000000E+03    0.122946794029031E+01    0.410372149813704E+00
    0.596940000000000E+03    0.126588297761054E+01    0.410376672662012E+00
    0.603200000000000E+03    0.977535494923814E-01    0.410185051259481E+00
    0.603220000000000E+03    0.134160793314095E+00    0.410185826939964E+00
    0.609480000000000E+03    0.525015904660427E+01    0.410366520793994E+00
    0.609500000000000E+03    0.528657361157070E+01    0.410361311946954E+00
    0.615760000000000E+03    0.411048234694385E+01    0.409721360875118E+00
    0.615780000000000E+03    0.414687130120228E+01    0.409723494994035E+00
    0.622040000000000E+03    0.296808195513927E+01    0.409097289908009E+00
    0.622060000000000E+03    0.300444575998836E+01    0.409096269919313E+00
    0.628320000000000E+03    0.182579843876556E+01    0.410070603585815E+00
    0.628340000000000E+03    0.186220134563291E+01    0.410070581265796E+00
    0.634620000000000E+03    0.725253952824914E+00    0.410311924885532E+00
    0.634640000000000E+03    0.761666452735199E+00    0.410317134132821E+00
    0.640900000000000E+03    0.587911034199260E+01    0.410235232843711E+00
    0.640920000000000E+03    0.591551967632245E+01    0.410231392872422E+00
    0.647180000000000E+03    0.474438992694286E+01    0.410250947469027E+00
    0.647200000000000E+03    0.478079997331474E+01    0.410248817883082E+00
    0.653460000000000E+03    0.360248670251713E+01    0.409240539385170E+00
    0.653480000000000E+03    0.363885636073383E+01    0.409242830380714E+00
    0.659740000000000E+03    0.246012793465138E+01    0.409450910492764E+00
    0.659760000000000E+03    0.249650589293606E+01    0.409448269048841E+00
    0.666020000000000E+03    0.131906001864195E+01    0.410349063397494E+00
    0.666040000000000E+03    0.135547411774746E+01    0.410352923926703E+00
    0.672320000000000E+03    0.222877070645382E+00    0.410196497221208E+00
    0.672340000000000E+03    0.259284884252793E+00    0.410198411217940E+00
    0.678600000000000E+03    0.537594600591183E+01    0.410353362736435E+00
    0.678620000000000E+03    0.541236005111296E+01    0.410347906754313E+00
    0.684880000000000E+03    0.423705810075126E+01    0.409843925831172E+00
    0.684900000000000E+03    0.427345185938748E+01    0.409845498744270E+00
    0.691160000000000E+03    0.309464329511297E+01    0.409071237727778E+00
    0.691180000000000E+03    0.313100608737045E+01    0.409070915339147E+00
    0.697440000000000E+03    0.195231241000624E+01    0.409967633851929E+00
    0.697460000000000E+03    0.198871125673350E+01    0.409966764002769E+00
    0.703720000000000E+03    0.814378873647911E+00    0.410335161008205E+00
    0.703740000000000E+03    0.850792141142620E+00    0.410340589269541E+00
    0.710000000000000E+03    0.596796399876712E+01    0.410212015352827E+00
    0.710020000000000E+03    0.600437254981375E+01    0.410209087717223E+00
    0.716300000000000E+03    0.487073151353320E+01    0.410308615461732E+00
    0.716320000000000E+03    0.490714382398733E+01    0.410305552652304E+00
    0.722580000000000E+03    0.372921249015576E+01    0.409338310585561E+00
    0.722600000000000E+03    0.376558605809532E+01    0.409340901118015E+00
    0.728860000000000E+03    0.258688190521411E+01    0.409342957214424E+00
    0.728880000000000E+03    0.262325552413131E+01    0.409340420818586E+00
    0.735140000000000E+03    0.144543612781194E+01    0.410315802652233E+00
    0.735160000000000E+03    0.148184900851902E+01    0.410318829144576E+00
    0.741420000000000E+03    0.311920476532805E+00    0.410215828368594E+00
    0.741440000000000E+03    0.348329095279496E+00    0.410218745009300E+00
    0.747700000000000E+03    0.546549494688588E+01    0.410338124032382E+00
    0.747720000000000E+03    0.550190840635992E+01    0.410332668267953E+00
    0.754000000000000E+03    0.436393493660580E+01    0.409961912898067E+00
    0.754020000000000E+03    0.440033341672574E+01    0.409962764422130E+00
    0.760280000000000E+03    0.322157752844464E+01    0.409073779949994E+00
    0.760300000000000E+03    0.325794042959933E+01    0.409074184489243E+00
    0.766560000000000E+03    0.207925886127077E+01    0.409854740214995E+00
    0.766580000000000E+03    0.211565315460871E+01    0.409853150544841E+00
    0.772840000000000E+03    0.940476027259820E+00    0.410361109314597E+00
    0.772860000000000E+03    0.976890433679046E+00    0.410366525868827E+00
    0.779120000000000E+03    0.609363488451800E+01    0.410197658948356E+00
    0.779140000000000E+03    0.613004274916580E+01    0.410195744061748E+00
    0.785400000000000E+03    0.496096979338859E+01    0.410348097156830E+00
    0.785420000000000E+03    0.499738366260044E+01    0.410344242628381E+00
    0.791700000000000E+03    0.385629233373993E+01    0.409447205849082E+00
    0.791720000000000E+03    0.389267026411244E+01    0.409449891408780E+00
    0.797980000000000E+03    0.271394666683796E+01    0.409247125495138E+00
    0.798000000000000E+03    0.275031648122672E+01    0.409244891510413E+00
    0.804260000000000E+03    0.157217911211751E+01    0.410263722968435E+00
    0.804280000000000E+03    0.160858979653676E+01    0.410265832424689E+00
    0.810540000000000E+03    0.437633824152954E+00    0.410241823510248E+00
    0.810560000000000E+03    0.474043491629573E+00    0.410245650620329E+00
    0.816820000000000E+03    0.559151620273747E+01    0.410308871208932E+00
    0.816840000000000E+03    0.562792851595555E+01    0.410303639694005E+00
    0.823100000000000E+03    0.445450942673597E+01    0.410066729260233E+00
    0.823120000000000E+03    0.449091209254402E+01    0.410066768586624E+00
    0.829400000000000E+03    0.334862489055740E+01    0.409099776912380E+00
    0.829420000000000E+03    0.338498888967752E+01    0.409100877263096E+00
    0.835680000000000E+03    0.220630644024732E+01    0.409732673844699E+00
    0.835700000000000E+03    0.224269574292771E+01    0.409730557857188E+00
    0.841960000000000E+03    0.106674843073279E+01    0.410376046188633E+00
    0.841980000000000E+03    0.110316363251172E+01    0.410381219492967E+00
    0.848240000000000E+03    0.621936341743299E+01    0.410190386431724E+00
    0.848260000000000E+03    0.625577104587910E+01    0.410189631216739E+00
    0.854520000000000E+03    0.508766288375818E+01    0.410369507600303E+00
    0.854540000000000E+03    0.512407761232180E+01    0.410364911639181E+00
    0.860800000000000E+03    0.394716723336319E+01    0.409564701503735E+00
    0.860820000000000E+03    0.398354988171923E+01    0.409567278145166E+00
    0.867080000000000E+03    0.280483902780270E+01    0.409172141780074E+00
    0.867100000000000E+03    0.284120582579180E+01    0.409170328673830E+00
    0.873380000000000E+03    0.169922439298671E+01    0.410192769303055E+00
    0.873400000000000E+03    0.173563235920733E+01    0.410193913808827E+00
    0.879660000000000E+03    0.563703350679589E+00    0.410275334836666E+00
    0.879680000000000E+03    0.600114433968884E+00    0.410279902134394E+00
    0.885940000000000E+03    0.571776103464617E+01    0.410281411442227E+00
    0.885960000000000E+03    0.575417219869541E+01    0.410276634877461E+00
    0.892220000000000E+03    0.458172085113119E+01    0.410159617291103E+00
    0.892240000000000E+03    0.461812717605835E+01    0.410158714516115E+00
    0.898500000000000E+03    0.343961385530793E+01    0.409148357318498E+00
    0.898520000000000E+03    0.347597981412082E+01    0.409150012947340E+00
    0.904780000000000E+03    0.229728896330744E+01    0.409612175265872E+00
    0.904800000000000E+03    0.233367343193640E+01    0.409609699075812E+00
    0.911080000000000E+03    0.119347715674189E+01    0.410380717822845E+00
    0.911100000000000E+03    0.122989247715077E+01    0.410385424031263E+00
    0.917360000000000E+03    0.620864816492031E-01    0.410186810714130E+00
    0.917380000000000E+03    0.984939058484997E-01    0.410187213789000E+00
    0.923640000000000E+03    0.521437932556637E+01    0.410370661688281E+00
    0.923660000000000E+03    0.525079433158726E+01    0.410365579252505E+00
    0.929920000000000E+03    0.407460503574885E+01    0.409693011294550E+00
    0.929940000000000E+03    0.411099272977799E+01    0.409695277331306E+00
    0.936200000000000E+03    0.293229694302909E+01    0.409116999931464E+00
    0.936220000000000E+03    0.296866159131741E+01    0.409115779334004E+00
    0.942480000000000E+03    0.179014584105084E+01    0.410107963813416E+00
    0.942500000000000E+03    0.182655026136172E+01    0.410108191508371E+00
    0.948780000000000E+03    0.689957965593067E+00    0.410306788666579E+00
    0.948800000000000E+03    0.726370289902206E+00    0.410311889842155E+00
    0.955060000000000E+03    0.584400954141597E+01    0.410250597132856E+00
    0.955080000000000E+03    0.588041979317381E+01    0.410246553401189E+00
    0.961340000000000E+03    0.470908976896862E+01    0.410239352647017E+00
    0.961360000000000E+03    0.474549930784133E+01    0.410237505526218E+00
    0.967620000000000E+03    0.356719968940070E+01    0.409222462317094E+00
    0.967640000000000E+03    0.360356847865410E+01    0.409224621361833E+00
    0.973900000000000E+03    0.242489100817670E+01    0.409491317182388E+00
    0.973920000000000E+03    0.246127069522549E+01    0.409488685878097E+00
    0.980180000000000E+03    0.128411207914542E+01    0.410364855090094E+00
    0.980200000000000E+03    0.132052675566979E+01    0.410368944647286E+00
    0.986480000000000E+03    0.188299683442665E+00    0.410199895174182E+00
    0.986500000000000E+03    0.224707692977290E+00    0.410201455787381E+00
    0.992760000000000E+03    0.534131012206467E+01    0.410365831414538E+00
    0.992780000000000E+03    0.537772468190951E+01    0.410360427618500E+00
    0.999040000000000E+03    0.420224830213488E+01    0.409814141098571E+00
    0.999060000000000E+03    0.423864100289734E+01    0.409815896590153E+00
    0.100532000000000E+04    0.306000396023683E+01    0.409087234936959E+00
    0.100534000000000E+04    0.309636743342480E+01    0.409086696249673E+00
    0.101160000000000E+04    0.191780498475759E+01    0.410010108830791E+00
    0.101162000000000E+04    0.195420538547114E+01    0.410009488350510E+00
    0.101788000000000E+04    0.780287137096593E+00    0.410337603341878E+00
    0.101790000000000E+04    0.816700575232289E+00    0.410342988883854E+00
    0.102416000000000E+04    0.593409964192892E+01    0.410230015417341E+00
    0.102418000000000E+04    0.597050886517400E+01    0.410226794423258E+00
    0.103046000000000E+04    0.483667376847188E+01    0.410302547117124E+00
    0.103048000000000E+04    0.487308587658072E+01    0.410299741279913E+00
    0.103674000000000E+04    0.369515638462599E+01    0.409317621263655E+00
    0.103676000000000E+04    0.373152909810460E+01    0.409320151965762E+00
    0.104302000000000E+04    0.255293373321274E+01    0.409382449840581E+00
    0.104304000000000E+04    0.258930894548371E+01    0.409379862568705E+00
    0.104930000000000E+04    0.141171518772057E+01    0.410336920050681E+00
    0.104932000000000E+04    0.144812886238674E+01    0.410340204977641E+00
    0.105558000000000E+04    0.278584242627176E+00    0.410217329363402E+00
    0.105560000000000E+04    0.314992901042160E+00    0.410219947904968E+00
    0.106186000000000E+04    0.543212620302666E+01    0.410352439919679E+00
    0.106188000000000E+04    0.546854024993536E+01    0.410346964038183E+00
    0.106816000000000E+04    0.433039529491180E+01    0.409936383977468E+00
    0.106818000000000E+04    0.436679275950473E+01    0.409937460311467E+00
    0.107444000000000E+04    0.318812543234844E+01    0.409079618324647E+00
    0.107446000000000E+04    0.322448858646339E+01    0.409079824218173E+00
    0.108072000000000E+04    0.204591456835624E+01    0.409897065025801E+00
    0.108074000000000E+04    0.208231048792140E+01    0.409895662483705E+00
    0.108700000000000E+04    0.907490687382051E+00    0.410363923041929E+00
    0.108702000000000E+04    0.943905324697198E+00    0.410369382818633E+00
    0.109328000000000E+04    0.606097557898443E+01    0.410210911348073E+00
    0.109330000000000E+04    0.609738433753637E+01    0.410208791676209E+00
    0.109956000000000E+04    0.492821022373141E+01    0.410351716852341E+00
    0.109958000000000E+04    0.496462425749223E+01    0.410348062134931E+00
    0.110586000000000E+04    0.382354604698071E+01    0.409426592129315E+00
    0.110588000000000E+04    0.385992317368664E+01    0.409429273189435E+00
    0.111214000000000E+04    0.268136296613602E+01    0.409284898680618E+00
    0.111216000000000E+04    0.271773423687864E+01    0.409282564109701E+00
    0.111842000000000E+04    0.153983110305558E+01    0.410291159272369E+00
    0.111844000000000E+04    0.157624318205558E+01    0.410293500445627E+00
    0.112470000000000E+04    0.405786315565820E+00    0.410249397592170E+00
    0.112472000000000E+04    0.442196311814314E+00    0.410253002842429E+00
    0.113098000000000E+04    0.555980134332503E+01    0.410331910921318E+00
    0.113100000000000E+04    0.559621451141629E+01    0.410326588003687E+00
    0.113726000000000E+04    0.442268548896573E+01    0.410051786951444E+00
    0.113728000000000E+04    0.445908756894914E+01    0.410052077015284E+00
    0.114354000000000E+04    0.328056890380367E+01    0.409101086726207E+00
    0.114356000000000E+04    0.331693288107954E+01    0.409101934256259E+00
    0.114984000000000E+04    0.217477884342543E+01    0.409778830606903E+00
    0.114986000000000E+04    0.221117022691669E+01    0.409776851315131E+00
    0.115612000000000E+04    0.103565516864001E+01    0.410388379609251E+00
    0.115614000000000E+04    0.107207075589486E+01    0.410393637132885E+00
    0.116240000000000E+04    0.618854391151217E+01    0.410202633246592E+00
    0.116242000000000E+04    0.622495190169730E+01    0.410201553963163E+00
    0.116868000000000E+04    0.505670570470784E+01    0.410376117439363E+00
    0.116870000000000E+04    0.509312070801843E+01    0.410371727318601E+00
    0.117496000000000E+04    0.391617846554891E+01    0.409543570084932E+00
    0.117498000000000E+04    0.395256027079313E+01    0.409546187794229E+00
    0.118124000000000E+04    0.277401073659439E+01    0.409204595003249E+00
    0.118126000000000E+04    0.281037873273135E+01    0.409202651639555E+00
    0.118754000000000E+04    0.166858305335199E+01    0.410227452230019E+00
    0.118756000000000E+04    0.170499227120854E+01    0.410228851346668E+00
    0.119382000000000E+04    0.533454836840519E+00    0.410279060099800E+00
    0.119384000000000E+04    0.569866021219241E+00    0.410283452440952E+00
    0.120010000000000E+04    0.568763205813184E+01    0.410300009629477E+00
    0.120012000000000E+04    0.572404397997389E+01    0.410295092567914E+00
    0.120638000000000E+04    0.455152659916075E+01    0.410149897703863E+00
    0.120640000000000E+04    0.458793259357890E+01    0.410149253765992E+00
    0.121266000000000E+04    0.340951926774187E+01    0.409144739004054E+00
    0.121268000000000E+04    0.344588501354428E+01    0.409146262148903E+00
    0.121894000000000E+04    0.226736010987088E+01    0.409656840091288E+00
    0.121896000000000E+04    0.230374644799940E+01    0.409654435035573E+00
    0.122524000000000E+04    0.116381994190715E+01    0.410391816099812E+00
    0.122526000000000E+04    0.120023551353052E+01    0.410396630097420E+00
    0.123152000000000E+04    0.327652210721681E-01    0.410197257967966E+00
    0.123154000000000E+04    0.691730938719957E-01    0.410197358795424E+00
    0.123780000000000E+04    0.518497417524350E+01    0.410383176113255E+00
    0.123782000000000E+04    0.522138948266138E+01    0.410378205179290E+00
    0.124408000000000E+04    0.404509223751302E+01    0.409667591724400E+00
    0.124410000000000E+04    0.408147890666260E+01    0.409669949495188E+00
    0.125036000000000E+04    0.290288251920856E+01    0.409139384278955E+00
    0.125038000000000E+04    0.293924807242820E+01    0.409138012060945E+00
    0.125664000000000E+04    0.176087497403842E+01    0.410140770381244E+00
    0.125666000000000E+04    0.179728065093605E+01    0.410141266625589E+00
    0.126294000000000E+04    0.661079759981931E+00    0.410309473768018E+00
    0.126296000000000E+04    0.697492222917390E+00    0.410314457407732E+00
    0.126922000000000E+04    0.581524937052200E+01    0.410267182992057E+00
    0.126924000000000E+04    0.585165986978927E+01    0.410262902081556E+00
    0.127550000000000E+04    0.468013766505283E+01    0.410229196544524E+00
    0.127552000000000E+04    0.471654689653678E+01    0.410227584354314E+00
    0.128178000000000E+04    0.353831916606850E+01    0.409211062656699E+00
    0.128180000000000E+04    0.357468757504785E+01    0.409213119190684E+00
    0.128806000000000E+04    0.239613154685912E+01    0.409531421652088E+00
    0.128808000000000E+04    0.243251277471927E+01    0.409528810618705E+00
    0.129434000000000E+04    0.125558959418277E+01    0.410378179625192E+00
    0.129436000000000E+04    0.129200479169913E+01    0.410382442865285E+00
    0.130062000000000E+04    0.123676665843050E+00    0.410201368500930E+00
    0.130064000000000E+04    0.160084672978883E+00    0.410202621598497E+00
    0.130692000000000E+04    0.531302681360057E+01    0.410376457492908E+00
    0.130694000000000E+04    0.534944191074146E+01    0.410371094197560E+00
    0.131320000000000E+04    0.417383392804959E+01    0.409790607807726E+00
    0.131322000000000E+04    0.421022538666102E+01    0.409792490765127E+00
    0.131948000000000E+04    0.303161583873407E+01    0.409096829744033E+00
    0.131950000000000E+04    0.306797976609641E+01    0.409096177432667E+00
    0.132576000000000E+04    0.188954201919887E+01    0.410044910384186E+00
    0.132578000000000E+04    0.192594385679104E+01    0.410044485485013E+00
    0.133204000000000E+04    0.752391146679201E+00    0.410340748693369E+00
    0.133206000000000E+04    0.788804856119441E+00    0.410346100788019E+00
    0.133832000000000E+04    0.590639326572136E+01    0.410243963878552E+00
    0.133834000000000E+04    0.594280291788391E+01    0.410240487286779E+00
    0.134462000000000E+04    0.480880039495787E+01    0.410295346914982E+00
    0.134464000000000E+04    0.484521231920507E+01    0.410292773208404E+00
    0.135090000000000E+04    0.366730910180740E+01    0.409300599578314E+00
    0.135092000000000E+04    0.370368110982736E+01    0.409303044623276E+00
    0.135718000000000E+04    0.252516282612532E+01    0.409416664450344E+00
    0.135720000000000E+04    0.256153947541043E+01    0.409414053363327E+00
    0.136346000000000E+04    0.138415665235652E+01    0.410355078511344E+00
    0.136348000000000E+04    0.142057092741152E+01    0.410358556721516E+00
    0.136974000000000E+04    0.251329910009190E+00    0.410219682410902E+00
    0.136976000000000E+04    0.287738687098226E+00    0.410222065479015E+00
    0.137602000000000E+04    0.540488648102473E+01    0.410366390655255E+00
    0.137604000000000E+04    0.544130108661193E+01    0.410360903647616E+00
    0.138232000000000E+04    0.430298855991759E+01    0.409914607306073E+00
    0.138234000000000E+04    0.433938511239103E+01    0.409915852294733E+00
    0.138860000000000E+04    0.316082145406108E+01    0.409087848866523E+00
    0.138862000000000E+04    0.319718500792851E+01    0.409087930083709E+00
    0.139488000000000E+04    0.201872447152437E+01    0.409934279715982E+00
    0.139490000000000E+04    0.205512186312626E+01    0.409933056485428E+00
    0.140116000000000E+04    0.880660023133714E+00    0.410370300557366E+00
    0.140118000000000E+04    0.917074911343661E+00    0.410375764488267E+00
    0.140744000000000E+04    0.603430055735043E+01    0.410222420721749E+00
    0.140746000000000E+04    0.607070937829576E+01    0.410219944468364E+00
    0.141372000000000E+04    0.490134857245130E+01    0.410347047890840E+00
    0.141374000000000E+04    0.493776252249882E+01    0.410343618704424E+00
    0.142000000000000E+04    0.376029327884726E+01    0.409403722963746E+00
    0.142002000000000E+04    0.379666941550977E+01    0.409406351937367E+00
    0.142630000000000E+04    0.265454434973253E+01    0.409312780891270E+00
    0.142632000000000E+04    0.269091686205820E+01    0.409310381561418E+00
    0.143258000000000E+04    0.151317350118961E+01    0.410312460426315E+00
    0.143260000000000E+04    0.154958605820593E+01    0.410315027326014E+00
    0.143886000000000E+04    0.379358909640359E+00    0.410245507156383E+00
    0.143888000000000E+04    0.415768796226985E+00    0.410248884100498E+00
    0.144514000000000E+04    0.553335234521501E+01    0.410341916208009E+00
    0.144516000000000E+04    0.556976594961634E+01    0.410336536217536E+00
    0.145142000000000E+04    0.439602193185101E+01    0.410029700685721E+00
    0.145144000000000E+04    0.443242314771851E+01    0.410030190103070E+00
    0.145770000000000E+04    0.325395334357518E+01    0.409100416870006E+00
    0.145772000000000E+04    0.329031730343786E+01    0.409101115213761E+00
    0.146400000000000E+04    0.214819516564785E+01    0.409812318268246E+00
    0.146402000000000E+04    0.218458765250216E+01    0.409810450326668E+00
    0.147028000000000E+04    0.100927179420842E+01    0.410389216692451E+00
    0.147030000000000E+04    0.104568743996515E+01    0.410394542895703E+00
    0.147656000000000E+04    0.616234863166619E+01    0.410206971910001E+00
    0.147658000000000E+04    0.619875685003444E+01    0.410205618334935E+00
    0.148284000000000E+04    0.503037013061521E+01    0.410376653514670E+00
    0.148286000000000E+04    0.506678526852011E+01    0.410372424251722E+00
    0.148912000000000E+04    0.388975815731828E+01    0.409520293672735E+00
    0.148914000000000E+04    0.392613875731968E+01    0.409522927981163E+00
    0.149540000000000E+04    0.274759490963561E+01    0.409223336864294E+00
    0.149542000000000E+04    0.278396383873678E+01    0.409221288563378E+00
    0.150170000000000E+04    0.164229139547979E+01    0.410248294570462E+00
    0.150172000000000E+04    0.167870136054671E+01    0.410249919199545E+00
    0.150798000000000E+04    0.507432424287344E+00    0.410274741035922E+00
    0.150800000000000E+04    0.543843458410720E+00    0.410278966275222E+00
    0.151426000000000E+04    0.566164911662418E+01    0.410310499828389E+00
    0.151428000000000E+04    0.569806138963713E+01    0.410305468109953E+00
    0.152054000000000E+04    0.452532566364425E+01    0.410130889240732E+00
    0.152056000000000E+04    0.456173102715411E+01    0.410130461679703E+00
    0.152682000000000E+04    0.338336112361276E+01    0.409138091907848E+00
    0.152684000000000E+04    0.341972656269400E+01    0.409139475188526E+00
    0.153310000000000E+04    0.224121370184412E+01    0.409688454525155E+00
    0.153312000000000E+04    0.227760119942741E+01    0.409686137608922E+00
    0.153940000000000E+04    0.113791028590140E+01    0.410396529278305E+00
    0.153942000000000E+04    0.117432618214752E+01    0.410401477476095E+00
    0.154568000000000E+04    0.707497555185910E-02    0.410199847052381E+00
    0.154570000000000E+04    0.434829009573150E-01    0.410199697125885E+00
    0.155196000000000E+04    0.515915768536570E+01    0.410387431938942E+00
    0.155198000000000E+04    0.519557319670776E+01    0.410382558944384E+00
    0.155824000000000E+04    0.401913735849939E+01    0.409642355763910E+00
    0.155826000000000E+04    0.405552293513529E+01    0.409644788754123E+00
    0.156452000000000E+04    0.287699784305778E+01    0.409156630289948E+00
    0.156454000000000E+04    0.291336407846029E+01    0.409155113733979E+00
    0.157080000000000E+04    0.173508498088950E+01    0.410166356060158E+00
    0.157082000000000E+04    0.177149167490279E+01    0.410167055527124E+00
    0.157708000000000E+04    0.599181800435417E+00    0.410302800197470E+00
    0.157710000000000E+04    0.635593984228308E+00    0.410307667445056E+00
    0.158338000000000E+04    0.578982548389695E+01    0.410277728255252E+00
    0.158340000000000E+04    0.582623648812159E+01    0.410273282871001E+00
    0.158966000000000E+04    0.465456066673050E+01    0.410217336905696E+00
    0.158968000000000E+04    0.469096939529618E+01    0.410215948152621E+00
    0.159594000000000E+04    0.351273051508542E+01    0.409199478820416E+00
    0.159596000000000E+04    0.354909831861869E+01    0.409201424360566E+00
    0.160222000000000E+04    0.237055791643888E+01    0.409560831913989E+00
    0.160224000000000E+04    0.240694034590661E+01    0.409558249674279E+00
    0.160850000000000E+04    0.123018957728118E+01    0.410385098415630E+00
    0.160852000000000E+04    0.126660507066435E+01    0.410389515338872E+00
    0.161478000000000E+04    0.985324532730374E-01    0.410204207970284E+00
    0.161480000000000E+04    0.134940602164534E+00    0.410205212598111E+00
    0.162108000000000E+04    0.528778766540290E+01    0.410382551453363E+00
    0.162110000000000E+04    0.532420291887092E+01    0.410377247192659E+00
    0.162736000000000E+04    0.414848127905952E+01    0.409767392095328E+00
    0.162738000000000E+04    0.418487199577385E+01    0.409769415050293E+00
    0.163364000000000E+04    0.300632806725889E+01    0.409109956953101E+00
    0.163366000000000E+04    0.304269241568227E+01    0.409109097374880E+00
    0.163992000000000E+04    0.186428281485041E+01    0.410069095872616E+00
    0.163994000000000E+04    0.190068559184374E+01    0.410068867191516E+00
    0.164620000000000E+04    0.727352300159509E+00    0.410334379445078E+00
    0.164622000000000E+04    0.763765722421795E+00    0.410339659597077E+00
    0.165248000000000E+04    0.588140860587600E+01    0.410250315443922E+00
    0.165250000000000E+04    0.591781855002273E+01    0.410246642907235E+00
    0.165878000000000E+04    0.478359634644949E+01    0.410285199919470E+00
    0.165880000000000E+04    0.482000777457870E+01    0.410282833184323E+00
    0.166506000000000E+04    0.364200215992696E+01    0.409279719677430E+00
    0.166508000000000E+04    0.367837321717798E+01    0.409282093392752E+00
    0.167134000000000E+04    0.249986370123270E+01    0.409442689189762E+00
    0.167136000000000E+04    0.253624146805942E+01    0.409440071540080E+00
    0.167762000000000E+04    0.135896762723632E+01    0.410362709565251E+00
    0.167764000000000E+04    0.139538217242398E+01    0.410366355283781E+00
    0.168390000000000E+04    0.226375408981767E+00    0.410217002085886E+00
    0.168392000000000E+04    0.262784092769380E+00    0.410219127136203E+00
    0.169018000000000E+04    0.537980864725159E+01    0.410371112078643E+00
    0.169020000000000E+04    0.541622337176659E+01    0.410365638753909E+00
    0.169648000000000E+04    0.427775235052059E+01    0.409890010857309E+00
    0.169650000000000E+04    0.431414808019917E+01    0.409891424546188E+00
    0.170276000000000E+04    0.313558093494339E+01    0.409089084030299E+00
    0.170278000000000E+04    0.317194423646015E+01    0.409088962778379E+00
    0.170904000000000E+04    0.199342704213950E+01    0.409956684868024E+00
    0.170906000000000E+04    0.202982535603405E+01    0.409955614194769E+00
    0.171532000000000E+04    0.855531079548655E+00    0.410362071648961E+00
    0.171534000000000E+04    0.891945666483480E+00    0.410367525510058E+00
    0.172160000000000E+04    0.600924939510514E+01    0.410225885504131E+00
    0.172162000000000E+04    0.604565836926213E+01    0.410223182423349E+00
    0.172788000000000E+04    0.487606827838590E+01    0.410338648480276E+00
    0.172790000000000E+04    0.491248187261090E+01    0.410335395612401E+00
    0.173416000000000E+04    0.373486295903376E+01    0.409377405542607E+00
    0.173418000000000E+04    0.377123794516092E+01    0.409380010550290E+00
    0.174046000000000E+04    0.262912064472448E+01    0.409334502001051E+00
    0.174048000000000E+04    0.266549412411678E+01    0.409332060166124E+00
    0.174674000000000E+04    0.148780687907174E+01    0.410322399147139E+00
    0.174676000000000E+04    0.152421979652490E+01    0.410325156111351E+00
    0.175302000000000E+04    0.354203409971433E+00    0.410238456272377E+00
    0.175304000000000E+04    0.390612932839758E+00    0.410241635205174E+00
    0.175930000000000E+04    0.550806891444427E+01    0.410344728146541E+00
    0.175932000000000E+04    0.554448260757863E+01    0.410339295578786E+00
    0.176558000000000E+04    0.437052622128658E+01    0.410004648919889E+00
    0.176560000000000E+04    0.440692644895444E+01    0.410005325186692E+00
    0.177186000000000E+04    0.322840814090296E+01    0.409093696395477E+00
    0.177188000000000E+04    0.326477180391794E+01    0.409094229093527E+00
    0.177816000000000E+04    0.212262494982815E+01    0.409838384560968E+00
    0.177818000000000E+04    0.215901852163825E+01    0.409836650246303E+00
    0.178444000000000E+04    0.983872987118957E+00    0.410384760348797E+00
    0.178446000000000E+04    0.102028841346146E+01    0.410390130494942E+00
    0.179072000000000E+04    0.613707082615110E+01    0.410209035039113E+00
    0.179074000000000E+04    0.617347916179415E+01    0.410207443303105E+00
    0.179700000000000E+04    0.500486143296712E+01    0.410369208616621E+00
    0.179702000000000E+04    0.504127613810579E+01    0.410365145094722E+00
    0.180328000000000E+04    0.386411449866409E+01    0.409491148044004E+00
    0.180330000000000E+04    0.390049418768649E+01    0.409493809462528E+00
    0.180956000000000E+04    0.272199208155189E+01    0.409242474642142E+00
    0.180958000000000E+04    0.275836162227824E+01    0.409240330082567E+00
    0.181586000000000E+04    0.161668659433008E+01    0.410261993434894E+00
    0.181588000000000E+04    0.165309712039243E+01    0.410263832491766E+00
    0.182214000000000E+04    0.482035462935528E+00    0.410265155094024E+00
    0.182216000000000E+04    0.518446136091825E+00    0.410269208159128E+00
    0.182842000000000E+04    0.563626444964757E+01    0.410312827635441E+00
    0.182844000000000E+04    0.567267760473987E+01    0.410307734696331E+00
    0.183470000000000E+04    0.449980852687986E+01    0.410112569188124E+00
    0.183472000000000E+04    0.453621302584770E+01    0.410112357232922E+00
    0.184098000000000E+04    0.335782176986595E+01    0.409129215492290E+00
    0.184100000000000E+04    0.339418695695213E+01    0.409130446448693E+00
    0.184726000000000E+04    0.221571896254864E+01    0.409719296982759E+00
    0.184728000000000E+04    0.225210770826698E+01    0.409717058948852E+00
    0.185354000000000E+04    0.107621363520002E+01    0.410395263924377E+00
    0.185356000000000E+04    0.111262956617065E+01    0.410400354262159E+00
    0.185984000000000E+04    0.626521484154136E+01    0.410205055559514E+00
    0.185986000000000E+04    0.184374910277256E-01    0.410204624913991E+00
    0.186612000000000E+04    0.513395502346020E+01    0.410388285728837E+00
    0.186614000000000E+04    0.517037056082609E+01    0.410383548208877E+00
    0.187240000000000E+04    0.399387203634024E+01    0.409620084057435E+00
    0.187242000000000E+04    0.403025680156406E+01    0.409622582773403E+00
    0.187868000000000E+04    0.285175860171512E+01    0.409172311750028E+00
    0.187870000000000E+04    0.288812546348436E+01    0.409170674407907E+00
    0.188496000000000E+04    0.170991657748391E+01    0.410187771422513E+00
    0.188498000000000E+04    0.174632415503856E+01    0.410188688752470E+00
    0.189124000000000E+04    0.574262685929625E+00    0.410298606641327E+00
    0.189126000000000E+04    0.610674688170548E+00    0.410303337612207E+00
    0.189754000000000E+04    0.576496946877342E+01    0.410288169448336E+00
    0.189756000000000E+04    0.580138081899622E+01    0.410283581323098E+00
    0.190382000000000E+04    0.462948418518408E+01    0.410202437798721E+00
    0.190384000000000E+04    0.466589234245794E+01    0.410201252651328E+00
    0.191010000000000E+04    0.348766412815075E+01    0.409186877509397E+00
    0.191012000000000E+04    0.352403156526998E+01    0.409188718293341E+00
    0.191638000000000E+04    0.234557135598152E+01    0.409593119956699E+00
    0.191640000000000E+04    0.238195505666317E+01    0.409590578386685E+00
    0.192266000000000E+04    0.120539408200102E+01    0.410392896681987E+00
    0.192268000000000E+04    0.124180987351247E+01    0.410397450124315E+00
    0.192894000000000E+04    0.739741205043174E-01    0.410205824500253E+00
    0.192896000000000E+04    0.110382296900298E+00    0.410206559861884E+00
    0.193524000000000E+04    0.526311975293038E+01    0.410388204211899E+00
    0.193526000000000E+04    0.529953537198298E+01    0.410382979084975E+00
    0.194152000000000E+04    0.412368523502437E+01    0.409744728254776E+00
    0.194154000000000E+04    0.416007477447056E+01    0.409746834889571E+00
    0.194780000000000E+04    0.298153882883889E+01    0.409118466518145E+00
    0.194782000000000E+04    0.301790356524043E+01    0.409117489024788E+00
    0.195408000000000E+04    0.183958202416352E+01    0.410096394874804E+00
    0.195410000000000E+04    0.187598591066762E+01    0.410096360382463E+00
    0.196036000000000E+04    0.702932132915976E+00    0.410332973002905E+00
    0.196038000000000E+04    0.739345575428160E+00    0.410338191590987E+00
    0.196664000000000E+04    0.585712998286590E+01    0.410262655260644E+00
    0.196666000000000E+04    0.589354031342145E+01    0.410258799093592E+00
    0.197294000000000E+04    0.475914332175898E+01    0.410276045286594E+00
    0.197296000000000E+04    0.479555444106063E+01    0.410273875969555E+00
    0.197922000000000E+04    0.361757619824084E+01    0.409267542072237E+00
    0.197924000000000E+04    0.365394685513820E+01    0.409269848144545E+00
    0.198550000000000E+04    0.247550454729571E+01    0.409472644065202E+00
    0.198552000000000E+04    0.251188340972021E+01    0.409470008795206E+00
    0.199178000000000E+04    0.133477358662003E+01    0.410374538929536E+00
    0.199180000000000E+04    0.137118860302053E+01    0.410378353898331E+00
    0.199806000000000E+04    0.202435067683382E+00    0.410218009127311E+00
    0.199808000000000E+04    0.238843756979350E+00    0.410219935284190E+00
    0.200434000000000E+04    0.535582854144513E+01    0.410380432602426E+00
    0.200436000000000E+04    0.539224366436429E+01    0.410374983639803E+00
    0.201062000000000E+04    0.421723593433990E+01    0.409867866219284E+00
    0.201064000000000E+04    0.425363066921363E+01    0.409869445753019E+00
    0.201692000000000E+04    0.311152404699533E+01    0.409096164683711E+00
    0.201694000000000E+04    0.314788784478378E+01    0.409095878573843E+00
    0.202320000000000E+04    0.196949043705717E+01    0.409987801117276E+00
    0.202322000000000E+04    0.200588996472925E+01    0.409986901039918E+00
    0.202948000000000E+04    0.831868191592548E+00    0.410363207627537E+00
    0.202950000000000E+04    0.868282796600852E+00    0.410368647257968E+00
    0.203576000000000E+04    0.598573769477116E+01    0.410235231159143E+00
    0.203578000000000E+04    0.602214703403115E+01    0.410232313193269E+00
    0.204204000000000E+04    0.485240019762659E+01    0.410333795786834E+00
    0.204206000000000E+04    0.488881358338358E+01    0.410330736880800E+00
    0.204832000000000E+04    0.371117460857204E+01    0.409361872231491E+00
    0.204834000000000E+04    0.374754892378178E+01    0.409364432354353E+00
    0.205462000000000E+04    0.260544802496815E+01    0.409357433574977E+00
    0.205464000000000E+04    0.264182235580029E+01    0.409354922164979E+00
    0.206090000000000E+04    0.146428341933051E+01    0.410338744853734E+00
    0.206092000000000E+04    0.150069703615691E+01    0.410341719499720E+00
    0.206718000000000E+04    0.330975928624866E+00    0.410240495763725E+00
    0.206720000000000E+04    0.367385591041511E+00    0.410243459168851E+00
    0.207346000000000E+04    0.548487983086034E+01    0.410358167557063E+00
    0.207348000000000E+04    0.552129408220799E+01    0.410352713958428E+00
    0.207974000000000E+04    0.434720915814341E+01    0.409987669155044E+00
    0.207976000000000E+04    0.438360872179601E+01    0.409988506754353E+00
    0.208602000000000E+04    0.320518175069128E+01    0.409097818359633E+00
    0.208604000000000E+04    0.324154558555256E+01    0.409098220380770E+00
    0.209232000000000E+04    0.209949416968948E+01    0.409870017223861E+00
    0.209234000000000E+04    0.213588895437078E+01    0.409868402618273E+00
    0.209860000000000E+04    0.960984359688155E+00    0.410387788266175E+00
    0.209862000000000E+04    0.997399925267473E+00    0.410393195487662E+00
    0.210488000000000E+04    0.611437128999705E+01    0.410216574470343E+00
    0.210490000000000E+04    0.615077988941448E+01    0.410214743121619E+00
    0.211116000000000E+04    0.498205060033888E+01    0.410371148886058E+00
    0.211118000000000E+04    0.501846548874346E+01    0.410367226158165E+00
    0.211744000000000E+04    0.384127151772873E+01    0.409473834572159E+00
    0.211746000000000E+04    0.387765030891978E+01    0.409476499132033E+00
    0.212372000000000E+04    0.269921019855974E+01    0.409266353033209E+00
    0.212374000000000E+04    0.273558087875290E+01    0.409264141928176E+00
    0.213000000000000E+04    0.155767701373907E+01    0.410280536323133E+00
    0.213002000000000E+04    0.159408828520191E+01    0.410282619603784E+00
    0.213630000000000E+04    0.459739034112317E+00    0.410267409296513E+00
    0.213632000000000E+04    0.496149777462051E+00    0.410271313704313E+00
    0.214258000000000E+04    0.561392780116512E+01    0.410327513563599E+00
    0.214260000000000E+04    0.565034077308246E+01    0.410322300290458E+00
    0.214886000000000E+04    0.447725233589836E+01    0.410095253939027E+00
    0.214888000000000E+04    0.451365622097546E+01    0.410095222091291E+00
    0.215514000000000E+04    0.333527044502944E+01    0.409124272509463E+00
    0.215516000000000E+04    0.337163520882859E+01    0.409125382174945E+00
    0.216142000000000E+04    0.219314684856636E+01    0.409743885413556E+00
    0.216144000000000E+04    0.222953662149439E+01    0.409741733367199E+00
    0.216770000000000E+04    0.105380004960261E+01    0.410394890476026E+00
    0.216772000000000E+04    0.109021594493061E+01    0.410400055187473E+00
    0.217400000000000E+04    0.624295592735689E+01    0.410207255162910E+00
    0.217402000000000E+04    0.627936417294723E+01    0.410206607097206E+00
    0.218028000000000E+04    0.511156909202373E+01    0.410388924425386E+00
    0.218030000000000E+04    0.514798467652872E+01    0.410384275615488E+00
    0.218656000000000E+04    0.397134365109423E+01    0.409595262919975E+00
    0.218658000000000E+04    0.400772744437018E+01    0.409597815081982E+00
    0.219284000000000E+04    0.282928437701867E+01    0.409187870799685E+00
    0.219286000000000E+04    0.286565185685777E+01    0.409186120878724E+00
    0.219912000000000E+04    0.168750944040539E+01    0.410206800000764E+00
    0.219914000000000E+04    0.172391773744403E+01    0.410207898552737E+00
    0.220540000000000E+04    0.552092927971444E+00    0.410294546662000E+00
    0.220542000000000E+04    0.588504731117155E+00    0.410299164593971E+00
    0.221170000000000E+04    0.574279027401144E+01    0.410293736564645E+00
    0.221172000000000E+04    0.577920194932449E+01    0.410289022332216E+00
    0.221798000000000E+04    0.460714113721679E+01    0.410188342570883E+00
    0.221800000000000E+04    0.464354868162491E+01    0.410187353491887E+00
    0.222426000000000E+04    0.346528281325072E+01    0.409174503496704E+00
    0.222428000000000E+04    0.350164969868956E+01    0.409176229003382E+00
    0.223054000000000E+04    0.232319909448006E+01    0.409618935061822E+00
    0.223056000000000E+04    0.235958390312817E+01    0.409616442336699E+00
    0.223682000000000E+04    0.118316628243429E+01    0.410396058808740E+00
    0.223684000000000E+04    0.121958215128961E+01    0.410400714684919E+00
    0.224310000000000E+04    0.519388448233258E-01    0.410207503985560E+00
    0.224312000000000E+04    0.883471400302369E-01    0.410207996809993E+00
    0.224940000000000E+04    0.524094576476955E+01    0.410389843690510E+00
    0.224942000000000E+04    0.527736127491107E+01    0.410384698537309E+00
    0.225568000000000E+04    0.410140303818753E+01    0.409721381715293E+00
    0.225570000000000E+04    0.413779201391117E+01    0.409723603220067E+00
    0.226196000000000E+04    0.295931117316832E+01    0.409130482373747E+00
    0.226198000000000E+04    0.299567615269098E+01    0.409129366271860E+00
    0.226824000000000E+04    0.181733964309387E+01    0.410114892902419E+00
    0.226826000000000E+04    0.185374425686405E+01    0.410115032093070E+00
    0.227452000000000E+04    0.680877863373098E+00    0.410325431943057E+00
    0.227454000000000E+04    0.717290960433274E+00    0.410330566175154E+00
    0.228080000000000E+04    0.583510622392714E+01    0.410268066534021E+00
    0.228082000000000E+04    0.587151691558120E+01    0.410264062370607E+00
    0.228708000000000E+04    0.470049893824671E+01    0.410264408828952E+00
    0.228710000000000E+04    0.473690947633986E+01    0.410262484202736E+00
    0.229338000000000E+04    0.359524085674639E+01    0.409248686996339E+00
    0.229340000000000E+04    0.363161072897037E+01    0.409250910033132E+00
    0.229966000000000E+04    0.245314692968441E+01    0.409493077368078E+00
    0.229968000000000E+04    0.248952668518905E+01    0.409490446915571E+00
    0.230594000000000E+04    0.131252660441987E+01    0.410379866088360E+00
    0.230596000000000E+04    0.134894187714508E+01    0.410383847999107E+00
    0.231222000000000E+04    0.180396458199539E+00    0.410216775033923E+00
    0.231224000000000E+04    0.216805132623449E+00    0.410218444059087E+00
    0.231850000000000E+04    0.533367855038978E+01    0.410383469026043E+00
    0.231852000000000E+04    0.537009381290227E+01    0.410378055019970E+00
    0.232478000000000E+04    0.419493564942150E+01    0.409844204100497E+00
    0.232480000000000E+04    0.423132957075086E+01    0.409845898391491E+00
    0.233108000000000E+04    0.308926962374335E+01    0.409100271190309E+00
    0.233110000000000E+04    0.312563362154742E+01    0.409099843563237E+00
    0.233736000000000E+04    0.194727563212200E+01    0.410011733851109E+00
    0.233738000000000E+04    0.198367608870558E+01    0.410010995264633E+00
    0.234364000000000E+04    0.809852470439182E+00    0.410359060448573E+00
    0.234366000000000E+04    0.846266958305023E+00    0.410364475993218E+00
    0.234992000000000E+04    0.596383142650211E+01    0.410242367121962E+00
    0.234994000000000E+04    0.600024090688203E+01    0.410239263149307E+00
    0.235620000000000E+04    0.483028515986189E+01    0.410325173758526E+00
    0.235622000000000E+04    0.486669820207135E+01    0.410322280268640E+00
    0.236248000000000E+04    0.368902708884616E+01    0.409343908385323E+00
    0.236250000000000E+04    0.372540083269359E+01    0.409346436733716E+00
    0.236878000000000E+04    0.258335200987949E+01    0.409382251116748E+00
    0.236880000000000E+04    0.261972726599743E+01    0.409379699704515E+00
    0.237506000000000E+04    0.144229061403803E+01    0.410349077224121E+00
    0.237508000000000E+04    0.147870466478162E+01    0.410352220416059E+00
    0.238134000000000E+04    0.309180415800256E+00    0.410235488901787E+00
    0.238136000000000E+04    0.345589784707954E+00    0.410238271002864E+00
    0.238762000000000E+04    0.546301600451625E+01    0.410363586569212E+00
    0.238764000000000E+04    0.549943071387042E+01    0.410358118557418E+00
    0.239390000000000E+04    0.432519506706012E+01    0.409966286243320E+00
    0.239392000000000E+04    0.436159368552489E+01    0.409967260809751E+00
    0.240018000000000E+04    0.318315041548794E+01    0.409096252219988E+00
    0.240020000000000E+04    0.321951425415864E+01    0.409096502215682E+00
    0.240648000000000E+04    0.207748878378607E+01    0.409894460170293E+00
    0.240650000000000E+04    0.211388454853204E+01    0.409892963132459E+00
    0.241276000000000E+04    0.939161266745032E+00    0.410385404030699E+00
    0.241278000000000E+04    0.975576822401308E+00    0.410390843847644E+00
    0.241904000000000E+04    0.609268785937093E+01    0.410221724934765E+00
    0.241906000000000E+04    0.612909661281265E+01    0.410219676687233E+00
    0.242532000000000E+04    0.496020797336951E+01    0.410362229331479E+00
    0.242534000000000E+04    0.499662283644102E+01    0.410358433165086E+00
    0.243160000000000E+04    0.381945775313125E+01    0.409459526978447E+00
    0.243162000000000E+04    0.385583618058808E+01    0.409462202147106E+00
    0.243788000000000E+04    0.267748658145501E+01    0.409289680867330E+00
    0.243790000000000E+04    0.271385811848995E+01    0.409287377825789E+00
    0.244416000000000E+04    0.153610479814597E+01    0.410300066301104E+00
    0.244418000000000E+04    0.157251690294652E+01    0.410302325804518E+00
    0.245046000000000E+04    0.438444157234699E+00    0.410267806507178E+00
    0.245048000000000E+04    0.474854807475822E+00    0.410271538387182E+00
    0.245674000000000E+04    0.559266018639482E+01    0.410339549723409E+00
    0.245676000000000E+04    0.562907377764350E+01    0.410334285503066E+00
    0.246302000000000E+04    0.445587964140395E+01    0.410082380449088E+00
    0.246304000000000E+04    0.449228289550683E+01    0.410082492850320E+00
    0.246930000000000E+04    0.331395430452721E+01    0.409122612479957E+00
    0.246932000000000E+04    0.335031919195990E+01    0.409123587377109E+00
    0.247558000000000E+04    0.217195434948098E+01    0.409775521513422E+00
    0.247560000000000E+04    0.220834532949902E+01    0.409773458095435E+00
    0.248186000000000E+04    0.103282955451232E+01    0.410400244400744E+00
    0.248188000000000E+04    0.106924575502580E+01    0.410405478646541E+00
    0.248816000000000E+04    0.622221127767443E+01    0.410215465312013E+00
    0.248818000000000E+04    0.625861967058427E+01    0.410214598040985E+00
    0.249444000000000E+04    0.509068234928054E+01    0.410391366987490E+00
    0.249446000000000E+04    0.512709791940961E+01    0.410386857060464E+00
    0.250072000000000E+04    0.395042832858144E+01    0.409577899107107E+00
    0.250074000000000E+04    0.398681148344986E+01    0.409580486004833E+00
    0.250700000000000E+04    0.280849168882651E+01    0.409205918062360E+00
    0.250702000000000E+04    0.284485989138102E+01    0.409204071770891E+00
    0.251328000000000E+04    0.166682954325097E+01    0.410227674424920E+00
    0.251330000000000E+04    0.170323871251003E+01    0.410228943422672E+00
    0.251956000000000E+04    0.531691956889517E+00    0.410295406300632E+00
    0.251958000000000E+04    0.568103837927993E+00    0.410299912164952E+00
    0.252586000000000E+04    0.572247728848379E+01    0.410306785139275E+00
    0.252588000000000E+04    0.575888944984126E+01    0.410301963210038E+00
    0.253214000000000E+04    0.458672439544807E+01    0.410178879178809E+00
    0.253216000000000E+04    0.462313158604684E+01    0.410178062406489E+00
    0.253842000000000E+04    0.344491644152095E+01    0.409170720381276E+00
    0.253844000000000E+04    0.348128314014684E+01    0.409172347961665E+00
    0.254470000000000E+04    0.230288430383553E+01    0.409646932491601E+00
    0.254472000000000E+04    0.233927014687742E+01    0.409644483442561E+00
