    0.000000000000000E+00    0.190000000000000E+01    0.430000000000000E+00
    0.200000000000000E-01    0.193719998861261E+01    0.429999423376865E+00
    0.630000000000000E+01    0.105158081595608E+01    0.430514728198495E+00
    0.632000000000000E+01    0.108880149654427E+01    0.430519960200795E+00
    0.125800000000000E+02    0.173865952508333E+00    0.430455613404567E+00
    0.126000000000000E+02    0.211084127222438E+00    0.430457141939095E+00
    0.188600000000000E+02    0.558099118603393E+01    0.430509544994351E+00
    0.188800000000000E+02    0.561821177151497E+01    0.430504277284156E+00
    0.251400000000000E+02    0.469821973332606E+01    0.430266569019423E+00
    0.251600000000000E+02    0.473543036937140E+01    0.430264744964275E+00
    0.314200000000000E+02    0.380813626495389E+01    0.429379567531414E+00
    0.314400000000000E+02    0.384531148948730E+01    0.429382238278264E+00
    0.377000000000000E+02    0.291534586211165E+01    0.429066223767500E+00
    0.377200000000000E+02    0.295250846239459E+01    0.429064946110669E+00
    0.440000000000000E+02    0.206060100604290E+01    0.429864838055381E+00
    0.440200000000000E+02    0.209779577170535E+01    0.429863424341768E+00
    0.502800000000000E+02    0.117386171757303E+01    0.430491445483998E+00
    0.503000000000000E+02    0.121108139285296E+01    0.430496195818487E+00
    0.565600000000000E+02    0.295212583714331E+00    0.430467448173870E+00
    0.565800000000000E+02    0.332431306001169E+00    0.430470121722619E+00
    0.628400000000000E+02    0.570269482421892E+01    0.430499077199958E+00
    0.628600000000000E+02    0.573991467022383E+01    0.430494252056576E+00
    0.691200000000000E+02    0.482115988970605E+01    0.430353194317063E+00
    0.691400000000000E+02    0.485837404715170E+01    0.430350371749851E+00
    0.754000000000000E+02    0.393186705382658E+01    0.429513514812919E+00
    0.754200000000000E+02    0.396904732738082E+01    0.429516090416914E+00
    0.817000000000000E+02    0.307631507854214E+01    0.429023970022659E+00
    0.817200000000000E+02    0.311347595895219E+01    0.429023465135364E+00
    0.879800000000000E+02    0.218400703288540E+01    0.429722717203745E+00
    0.880000000000000E+02    0.222119602311136E+01    0.429720682049409E+00
    0.942600000000000E+02    0.129616461504878E+01    0.430449051366445E+00
    0.942800000000000E+02    0.133338265916757E+01    0.430453149899067E+00
    0.100540000000000E+03    0.416427166360393E+00    0.430478595519190E+00
    0.100560000000000E+03    0.453646359052783E+00    0.430482281367241E+00
    0.106820000000000E+03    0.582404314482483E+01    0.430482938429403E+00
    0.106840000000000E+03    0.586126239058524E+01    0.430478826537303E+00
    0.113100000000000E+03    0.494367513582404E+01    0.430418427353404E+00
    0.113120000000000E+03    0.498089192357955E+01    0.430414684604457E+00
    0.119400000000000E+03    0.409244172791281E+01    0.429647960712935E+00
    0.119420000000000E+03    0.412962755102134E+01    0.429650217048680E+00
    0.125680000000000E+03    0.319997206304325E+01    0.429020057687286E+00
    0.125700000000000E+03    0.323713282874442E+01    0.429020311238044E+00
    0.131960000000000E+03    0.230742633003615E+01    0.429582182326311E+00
    0.131980000000000E+03    0.234460957829361E+01    0.429579729281114E+00
    0.138240000000000E+03    0.141863851804209E+01    0.430393391690854E+00
    0.138260000000000E+03    0.145585434237773E+01    0.430396644531420E+00
    0.144520000000000E+03    0.537735144826740E+00    0.430492294831763E+00
    0.144540000000000E+03    0.574954758572403E+00    0.430496792617480E+00
    0.150800000000000E+03    0.594535645123659E+01    0.430467293437412E+00
    0.150820000000000E+03    0.598257550627966E+01    0.430464175595407E+00
    0.157080000000000E+03    0.506620338628187E+01    0.430472877933694E+00
    0.157100000000000E+03    0.510342254804840E+01    0.430468360786970E+00
    0.163380000000000E+03    0.421606671170747E+01    0.429791987012687E+00
    0.163400000000000E+03    0.425325841294011E+01    0.429793703685474E+00
    0.169660000000000E+03    0.332394107196336E+01    0.429046188443918E+00
    0.169680000000000E+03    0.336110292720690E+01    0.429047181260472E+00
    0.175940000000000E+03    0.243127850591156E+01    0.429450800085866E+00
    0.175960000000000E+03    0.246845657512335E+01    0.429448174732663E+00
    0.182220000000000E+03    0.154170830192641E+01    0.430323993759984E+00
    0.182240000000000E+03    0.157892136481189E+01    0.430326265959558E+00
    0.188500000000000E+03    0.659656472694621E+00    0.430510060449106E+00
    0.188520000000000E+03    0.696876964342380E+00    0.430515140103833E+00
    0.194780000000000E+03    0.606707942451965E+01    0.430464196329678E+00
    0.194800000000000E+03    0.610429795055035E+01    0.430462096882684E+00
    0.201080000000000E+03    0.522613130071625E+01    0.430498477496621E+00
    0.201100000000000E+03    0.526335115406147E+01    0.430493377419195E+00
    0.207360000000000E+03    0.433986961742198E+01    0.429930977676789E+00
    0.207380000000000E+03    0.437706682073070E+01    0.429931939618209E+00
    0.213640000000000E+03    0.344813589120730E+01    0.429098479870099E+00
    0.213660000000000E+03    0.348529984192999E+01    0.429100137473139E+00
    0.219920000000000E+03    0.255536645692035E+01    0.429326819980333E+00
    0.219940000000000E+03    0.259253949467637E+01    0.429324242251991E+00
    0.226200000000000E+03    0.166505066015662E+01    0.430229664357970E+00
    0.226220000000000E+03    0.170225995975591E+01    0.430230938126374E+00
    0.232480000000000E+03    0.781776793020128E+00    0.430521232843160E+00
    0.232500000000000E+03    0.818997552378050E+00    0.430526629415484E+00
    0.238780000000000E+03    0.622593115599773E+01    0.430457391108923E+00
    0.238800000000000E+03    0.626314941319987E+01    0.430456540626993E+00
    0.245060000000000E+03    0.534865924481386E+01    0.430514605439212E+00
    0.245080000000000E+03    0.538587973171190E+01    0.430509178980804E+00
    0.251340000000000E+03    0.446358955007770E+01    0.430061700306227E+00
    0.251360000000000E+03    0.450079202843204E+01    0.430061790317574E+00
    0.257620000000000E+03    0.357232656354171E+01    0.429174830544426E+00
    0.257640000000000E+03    0.360949344962393E+01    0.429177016860236E+00
    0.263900000000000E+03    0.267955035920613E+01    0.429216742780119E+00
    0.263920000000000E+03    0.271671939781385E+01    0.429214491163546E+00
    0.270180000000000E+03    0.178864837274335E+01    0.430121120937651E+00
    0.270200000000000E+03    0.182585329287417E+01    0.430121351438723E+00
    0.276480000000000E+03    0.941409662196975E+00    0.430530417717396E+00
    0.276500000000000E+03    0.978631066381126E+00    0.430535859408334E+00
    0.282760000000000E+03    0.645384921491541E-01    0.430458828144647E+00
    0.282780000000000E+03    0.101756713382883E+00    0.430459238764085E+00
    0.289040000000000E+03    0.547119664288459E+01    0.430517343435901E+00
    0.289060000000000E+03    0.550841739559110E+01    0.430511865595890E+00
    0.295320000000000E+03    0.458739626542126E+01    0.430183205537153E+00
    0.295340000000000E+03    0.462460357636735E+01    0.430182306766837E+00
    0.301600000000000E+03    0.369680184578749E+01    0.429282070200990E+00
    0.301620000000000E+03    0.373397317158697E+01    0.429284614516175E+00
    0.307880000000000E+03    0.280407618855838E+01    0.429134467875458E+00
    0.307900000000000E+03    0.284124145087264E+01    0.429132634382711E+00
    0.314160000000000E+03    0.191266135256171E+01    0.429993278705026E+00
    0.314180000000000E+03    0.194986150977672E+01    0.429992598673108E+00
    0.320460000000000E+03    0.106435452568553E+01    0.430529908935140E+00
    0.320480000000000E+03    0.110157598943556E+01    0.430535116574877E+00
    0.326740000000000E+03    0.186807309821802E+00    0.430471887597365E+00
    0.326760000000000E+03    0.224026163069084E+00    0.430473526918722E+00
    0.333020000000000E+03    0.559412989972429E+01    0.430522084269775E+00
    0.333040000000000E+03    0.563135077884988E+01    0.430516837926119E+00
    0.339300000000000E+03    0.471166442599417E+01    0.430290557404766E+00
    0.339320000000000E+03    0.474887602722401E+01    0.430288634597510E+00
    0.345580000000000E+03    0.382184205413682E+01    0.429407059771547E+00
    0.345600000000000E+03    0.385901838949053E+01    0.429409738481322E+00
    0.351860000000000E+03    0.292925397309398E+01    0.429076175282388E+00
    0.351880000000000E+03    0.296641695493247E+01    0.429074966350231E+00
    0.358160000000000E+03    0.207466311153871E+01    0.429864161780973E+00
    0.358180000000000E+03    0.211185788386751E+01    0.429862679248160E+00
    0.364440000000000E+03    0.118804523461927E+01    0.430505373847193E+00
    0.364460000000000E+03    0.122526554260810E+01    0.430510084816126E+00
    0.370720000000000E+03    0.309470295262827E+00    0.430488243507946E+00
    0.370740000000000E+03    0.346689539648196E+00    0.430491030920341E+00
    0.377000000000000E+03    0.571711380384306E+01    0.430512223412959E+00
    0.377020000000000E+03    0.575433420577474E+01    0.430507467846359E+00
    0.383280000000000E+03    0.483590652185853E+01    0.430371648112408E+00
    0.383300000000000E+03    0.487312180130903E+01    0.430368660853931E+00
    0.389560000000000E+03    0.394698485219533E+01    0.429545685172194E+00
    0.389580000000000E+03    0.398416675560156E+01    0.429548258772831E+00
    0.395860000000000E+03    0.309178506812111E+01    0.429046630074381E+00
    0.395880000000000E+03    0.312894690034670E+01    0.429046210057089E+00
    0.402140000000000E+03    0.219977537967895E+01    0.429728339857253E+00
    0.402160000000000E+03    0.223696479004093E+01    0.429726253418184E+00
    0.408420000000000E+03    0.131216077983140E+01    0.430468633542697E+00
    0.408440000000000E+03    0.134937957543423E+01    0.430472619528913E+00
    0.414700000000000E+03    0.432585942578612E+00    0.430505132579139E+00
    0.414720000000000E+03    0.469806118711631E+00    0.430508935672227E+00
    0.420980000000000E+03    0.584049022742533E+01    0.430503390452230E+00
    0.421000000000000E+03    0.587771028111945E+01    0.430499379215556E+00
    0.427260000000000E+03    0.496053951728413E+01    0.430447687812297E+00
    0.427280000000000E+03    0.499775744921214E+01    0.430443850916659E+00
    0.433540000000000E+03    0.407251588461725E+01    0.429688538379203E+00
    0.433560000000000E+03    0.410970310667221E+01    0.429690739912462E+00
    0.439840000000000E+03    0.321748367237160E+01    0.429040181900162E+00
    0.439860000000000E+03    0.325464522762445E+01    0.429040559101349E+00
    0.446120000000000E+03    0.232517550287696E+01    0.429585671699409E+00
    0.446140000000000E+03    0.236235885628946E+01    0.429583182212893E+00
    0.452400000000000E+03    0.143652782237575E+01    0.430404985418862E+00
    0.452420000000000E+03    0.147374430202535E+01    0.430408103839778E+00
    0.458680000000000E+03    0.555797187178428E+00    0.430518392296793E+00
    0.458700000000000E+03    0.593017998001073E+00    0.430522977516137E+00
    0.464960000000000E+03    0.596363439534662E+01    0.430491109785734E+00
    0.464980000000000E+03    0.600085395522183E+01    0.430488060415649E+00
    0.471240000000000E+03    0.508479506207971E+01    0.430493277807990E+00
    0.471260000000000E+03    0.512201476782525E+01    0.430488678370864E+00
    0.477540000000000E+03    0.423503251183365E+01    0.429831362270579E+00
    0.477560000000000E+03    0.427222578425381E+01    0.429832988361177E+00
    0.483820000000000E+03    0.334317068197026E+01    0.429069778209038E+00
    0.483840000000000E+03    0.338033343751636E+01    0.429070893275218E+00
    0.490100000000000E+03    0.245073208732470E+01    0.429451184324053E+00
    0.490120000000000E+03    0.248791012109496E+01    0.429448546363142E+00
    0.496380000000000E+03    0.156122090323140E+01    0.430326717232969E+00
    0.496400000000000E+03    0.159843402459296E+01    0.430328863228072E+00
    0.502660000000000E+03    0.679226094645628E+00    0.430530698380406E+00
    0.502680000000000E+03    0.716447346363680E+00    0.430535836520094E+00
    0.508940000000000E+03    0.608681602584284E+01    0.430479982252766E+00
    0.508960000000000E+03    0.612403512143442E+01    0.430478057410679E+00
    0.515240000000000E+03    0.524619836038846E+01    0.430516713457771E+00
    0.515260000000000E+03    0.528341893796971E+01    0.430511537009205E+00
    0.521520000000000E+03    0.436031366047814E+01    0.429967595929603E+00
    0.521540000000000E+03    0.439751239876216E+01    0.429968450786039E+00
    0.527800000000000E+03    0.346883043772004E+01    0.429123621490318E+00
    0.527820000000000E+03    0.350599528482121E+01    0.429125364908244E+00
    0.534080000000000E+03    0.257623883486872E+01    0.429324807008769E+00
    0.534100000000000E+03    0.261341190238159E+01    0.429322278395125E+00
    0.540360000000000E+03    0.168600757470199E+01    0.430227843416451E+00
    0.540380000000000E+03    0.172321671964846E+01    0.430228964543121E+00
    0.546640000000000E+03    0.802750627423848E+00    0.430538590175251E+00
    0.546660000000000E+03    0.839972266917016E+00    0.430544023199575E+00
    0.552940000000000E+03    0.624699873472355E+01    0.430470841761100E+00
    0.552960000000000E+03    0.103202937930291E-02    0.430470192441868E+00
    0.559220000000000E+03    0.537006088665044E+01    0.430530826260535E+00
    0.559240000000000E+03    0.540728227634690E+01    0.430525386252718E+00
    0.565500000000000E+03    0.448538612022207E+01    0.430098952405787E+00
    0.565520000000000E+03    0.452258997471404E+01    0.430098859977931E+00
    0.571780000000000E+03    0.359437959657384E+01    0.429202511526291E+00
    0.571800000000000E+03    0.363154771338168E+01    0.429204770661576E+00
    0.578060000000000E+03    0.270171161070448E+01    0.429213374396618E+00
    0.578080000000000E+03    0.273888003108505E+01    0.429211135418366E+00
    0.584340000000000E+03    0.181080743445955E+01    0.430108155325334E+00
    0.584360000000000E+03    0.184801200960624E+01    0.430108263190461E+00
    0.590620000000000E+03    0.926326362100326E+00    0.430536472190598E+00
    0.590640000000000E+03    0.963547913501088E+00    0.430541902225058E+00
    0.596920000000000E+03    0.866903245455433E-01    0.430471879327201E+00
    0.596940000000000E+03    0.123909040611807E+00    0.430472524656496E+00
    0.603200000000000E+03    0.549359248902647E+01    0.430529153989711E+00
    0.603220000000000E+03    0.553081351358173E+01    0.430523687878905E+00
    0.609480000000000E+03    0.461008610982753E+01    0.430207763862487E+00
    0.609500000000000E+03    0.464729447264290E+01    0.430206692355107E+00
    0.615760000000000E+03    0.371968271534433E+01    0.429307214112924E+00
    0.615780000000000E+03    0.375685494296499E+01    0.429309780710603E+00
    0.622040000000000E+03    0.282702179104967E+01    0.429127715403307E+00
    0.622060000000000E+03    0.286418691870381E+01    0.429125999732074E+00
    0.628320000000000E+03    0.193560290747632E+01    0.429982888845804E+00
    0.628340000000000E+03    0.197280223363396E+01    0.429982081690738E+00
    0.634620000000000E+03    0.108709757148745E+01    0.430527976569352E+00
    0.634640000000000E+03    0.112431884848797E+01    0.430533112672462E+00
    0.640900000000000E+03    0.209376370222571E+00    0.430476567881978E+00
    0.640920000000000E+03    0.246595354342389E+00    0.430478407667194E+00
    0.647180000000000E+03    0.561680050636505E+01    0.430521394653861E+00
    0.647200000000000E+03    0.565402141297591E+01    0.430516212583577E+00
    0.653460000000000E+03    0.473459613673299E+01    0.430310682037510E+00
    0.653480000000000E+03    0.477180852776405E+01    0.430308573419824E+00
    0.659740000000000E+03    0.384495530794129E+01    0.429433030640615E+00
    0.659760000000000E+03    0.388213270324104E+01    0.429435704683308E+00
    0.666020000000000E+03    0.295245397468625E+01    0.429073569795238E+00
    0.666040000000000E+03    0.298961676065051E+01    0.429072486652486E+00
    0.672320000000000E+03    0.209782773121515E+01    0.429845873347390E+00
    0.672340000000000E+03    0.213502160655185E+01    0.429844267360259E+00
    0.678600000000000E+03    0.121103892654969E+01    0.430503399643460E+00
    0.678620000000000E+03    0.124825911235621E+01    0.430507993470964E+00
    0.684880000000000E+03    0.332347381949830E+00    0.430490209768385E+00
    0.684900000000000E+03    0.369567014692620E+00    0.430493174384291E+00
    0.691160000000000E+03    0.574014334756043E+01    0.430514108533735E+00
    0.691180000000000E+03    0.577736373469179E+01    0.430509461655718E+00
    0.697440000000000E+03    0.485915836876711E+01    0.430390985051105E+00
    0.697460000000000E+03    0.489637405784674E+01    0.430387885499419E+00
    0.703720000000000E+03    0.397036916517800E+01    0.429568673618701E+00
    0.703740000000000E+03    0.400755188960170E+01    0.429571193251870E+00
    0.710000000000000E+03    0.307800542453219E+01    0.429042782128236E+00
    0.710020000000000E+03    0.311516712720163E+01    0.429042440101133E+00
    0.716300000000000E+03    0.222306019970233E+01    0.429702445247218E+00
    0.716320000000000E+03    0.226024825009972E+01    0.429700260700388E+00
    0.722580000000000E+03    0.133519561341677E+01    0.430456041748635E+00
    0.722600000000000E+03    0.137241407517672E+01    0.430459904141563E+00
    0.728860000000000E+03    0.455412796438168E+00    0.430504372334447E+00
    0.728880000000000E+03    0.492632978179245E+00    0.430508310908695E+00
    0.735140000000000E+03    0.586329057906005E+01    0.430498847696108E+00
    0.735160000000000E+03    0.590051050256466E+01    0.430494997072358E+00
    0.741420000000000E+03    0.498351403369361E+01    0.430453842338338E+00
    0.741440000000000E+03    0.502073213203744E+01    0.430449867458522E+00
    0.747700000000000E+03    0.409565279010394E+01    0.429708718372639E+00
    0.747720000000000E+03    0.413284126525173E+01    0.429710864206751E+00
    0.754000000000000E+03    0.324070377663975E+01    0.429044860591557E+00
    0.754020000000000E+03    0.327786533570384E+01    0.429045359887549E+00
    0.760280000000000E+03    0.234831800715278E+01    0.429558858467610E+00
    0.760300000000000E+03    0.238550037400637E+01    0.429556323856723E+00
    0.766560000000000E+03    0.145951728812929E+01    0.430393617048598E+00
    0.766580000000000E+03    0.149673310535263E+01    0.430396584263886E+00
    0.772840000000000E+03    0.578527422001798E+00    0.430520032581387E+00
    0.772860000000000E+03    0.615748313386803E+00    0.430524732079046E+00
    0.779120000000000E+03    0.598634772619721E+01    0.430488039975787E+00
    0.779140000000000E+03    0.602356714475013E+01    0.430485174210325E+00
    0.785400000000000E+03    0.510767405196430E+01    0.430498175178873E+00
    0.785420000000000E+03    0.514489395593046E+01    0.430493465052737E+00
    0.791700000000000E+03    0.425808321148634E+01    0.429854185957621E+00
    0.791720000000000E+03    0.429527739964465E+01    0.429855693437763E+00
    0.797980000000000E+03    0.336627181145604E+01    0.429076632827657E+00
    0.798000000000000E+03    0.340343484631717E+01    0.429077869383182E+00
    0.804260000000000E+03    0.247380428734778E+01    0.429428573686157E+00
    0.804280000000000E+03    0.251098141408988E+01    0.429425935047578E+00
    0.810540000000000E+03    0.158415511044745E+01    0.430311088712210E+00
    0.810560000000000E+03    0.162136760411818E+01    0.430313060594223E+00
    0.816820000000000E+03    0.701944191814391E+00    0.430532102308558E+00
    0.816840000000000E+03    0.739165563872803E+00    0.430537311303008E+00
    0.823100000000000E+03    0.610942680335756E+01    0.430477200666109E+00
    0.823120000000000E+03    0.614664578655356E+01    0.430475479970329E+00
    0.829400000000000E+03    0.526897234530657E+01    0.430519544555841E+00
    0.829420000000000E+03    0.530619310581164E+01    0.430514314223916E+00
    0.835680000000000E+03    0.438329745990040E+01    0.429990556391078E+00
    0.835700000000000E+03    0.442049705186946E+01    0.429991249211313E+00
    0.841960000000000E+03    0.349189103189360E+01    0.429135783584269E+00
    0.841980000000000E+03    0.352905645792157E+01    0.429137626476621E+00
    0.848240000000000E+03    0.259929368538587E+01    0.429304562596334E+00
    0.848260000000000E+03    0.263646574784161E+01    0.429302050146059E+00
    0.854520000000000E+03    0.170894496860228E+01    0.430208155473703E+00
    0.854540000000000E+03    0.174615356263189E+01    0.430209088844225E+00
    0.860800000000000E+03    0.825533166557761E+00    0.430540880590357E+00
    0.860820000000000E+03    0.862754902222832E+00    0.430546325795751E+00
    0.867080000000000E+03    0.623246708794136E+01    0.430476449236639E+00
    0.867100000000000E+03    0.626968563947071E+01    0.430476005901058E+00
    0.873380000000000E+03    0.539280222711955E+01    0.430529837945888E+00
    0.873400000000000E+03    0.543002328628654E+01    0.430524344532093E+00
    0.879660000000000E+03    0.450828723905920E+01    0.430116705811136E+00
    0.879680000000000E+03    0.454549190995635E+01    0.430116474983609E+00
    0.885940000000000E+03    0.361738878745746E+01    0.429222249826658E+00
    0.885960000000000E+03    0.365455746544831E+01    0.429224574171580E+00
    0.892220000000000E+03    0.272479015516683E+01    0.429199856056806E+00
    0.892240000000000E+03    0.276195839617390E+01    0.429197727221880E+00
    0.898500000000000E+03    0.183392103357164E+01    0.430099355820765E+00
    0.898520000000000E+03    0.187112517714922E+01    0.430099283954955E+00
    0.904780000000000E+03    0.949279901211412E+00    0.430541060542210E+00
    0.904800000000000E+03    0.986501631044348E+00    0.430546465943802E+00
    0.911080000000000E+03    0.109609533750927E+00    0.430479079472846E+00
    0.911100000000000E+03    0.146828629939819E+00    0.430479922834394E+00
    0.917360000000000E+03    0.551671311284167E+01    0.430537184558409E+00
    0.917380000000000E+03    0.555393449803569E+01    0.430531753378809E+00
    0.923640000000000E+03    0.463352749030150E+01    0.430233867765081E+00
    0.923660000000000E+03    0.467073680378189E+01    0.430232581010782E+00
    0.929920000000000E+03    0.374331440197147E+01    0.429334747415979E+00
    0.929940000000000E+03    0.378048779936671E+01    0.429337348619598E+00
    0.936200000000000E+03    0.285078942099153E+01    0.429124803702804E+00
    0.936220000000000E+03    0.288795416227936E+01    0.429123194404257E+00
    0.942480000000000E+03    0.195932711052160E+01    0.429964633519274E+00
    0.942500000000000E+03    0.199652572870900E+01    0.429963658223398E+00
    0.948780000000000E+03    0.111069251983804E+01    0.430531189000697E+00
    0.948800000000000E+03    0.114791387088167E+01    0.430536244359300E+00
    0.955060000000000E+03    0.232887392125804E+00    0.430484978996451E+00
    0.955080000000000E+03    0.270106713926907E+00    0.430487038646150E+00
    0.961340000000000E+03    0.564051601832966E+01    0.430530317851601E+00
    0.961360000000000E+03    0.567773731386455E+01    0.430525219261194E+00
    0.967620000000000E+03    0.475859582123803E+01    0.430331378598596E+00
    0.967640000000000E+03    0.479580906764522E+01    0.430329091360595E+00
    0.973900000000000E+03    0.386916778990485E+01    0.429462016379563E+00
    0.973920000000000E+03    0.390634630499312E+01    0.429464680234840E+00
    0.980180000000000E+03    0.297674412871834E+01    0.429070932251617E+00
    0.980200000000000E+03    0.301390692029554E+01    0.429069973920081E+00
    0.986480000000000E+03    0.212215972361719E+01    0.429827678717942E+00
    0.986500000000000E+03    0.215935300394926E+01    0.429825947862989E+00
    0.992760000000000E+03    0.123520655483321E+01    0.430502203446064E+00
    0.992780000000000E+03    0.127242641874091E+01    0.430506629848541E+00
    0.999040000000000E+03    0.356356429384732E+00    0.430496569028827E+00
    0.999060000000000E+03    0.393576337354034E+00    0.430499743511763E+00
    0.100532000000000E+04    0.576422932552782E+01    0.430515640714511E+00
    0.100534000000000E+04    0.580144977985992E+01    0.430511115168866E+00
    0.101160000000000E+04    0.488353258560801E+01    0.430407251661593E+00
    0.101162000000000E+04    0.492074902593731E+01    0.430403978900898E+00
    0.101788000000000E+04    0.399499559810170E+01    0.429598853092838E+00
    0.101790000000000E+04    0.403217958693472E+01    0.429601322333609E+00
    0.102416000000000E+04    0.310275303858953E+01    0.429047677073683E+00
    0.102418000000000E+04    0.313991484132521E+01    0.429047479867090E+00
    0.103046000000000E+04    0.224783557422461E+01    0.429683044872335E+00
    0.103048000000000E+04    0.228502290947131E+01    0.429680785097784E+00
    0.103674000000000E+04    0.135990247704444E+01    0.430454265796706E+00
    0.103676000000000E+04    0.139712072141242E+01    0.430457966027042E+00
    0.104302000000000E+04    0.479976721835556E+00    0.430514563272073E+00
    0.104304000000000E+04    0.517197334910179E+00    0.430518654294944E+00
    0.104930000000000E+04    0.588797103077627E+01    0.430504485057767E+00
    0.104932000000000E+04    0.592519100444815E+01    0.430500802262051E+00
    0.105558000000000E+04    0.500845413722254E+01    0.430469759388250E+00
    0.105560000000000E+04    0.504567284923564E+01    0.430465631842178E+00
    0.106186000000000E+04    0.412086541456006E+01    0.429741255250623E+00
    0.106188000000000E+04    0.415805512125803E+01    0.429743302756402E+00
    0.106816000000000E+04    0.326603548601338E+01    0.429053069350947E+00
    0.106818000000000E+04    0.330319756125027E+01    0.429053695328800E+00
    0.107444000000000E+04    0.237376060853808E+01    0.429542067872802E+00
    0.107446000000000E+04    0.241094256873453E+01    0.429539516433642E+00
    0.108072000000000E+04    0.148490112400032E+01    0.430386654711708E+00
    0.108074000000000E+04    0.152211659156887E+01    0.430389385259220E+00
    0.108700000000000E+04    0.603756595022560E+00    0.430527812416507E+00
    0.108702000000000E+04    0.640977784577899E+00    0.430532638536585E+00
    0.109328000000000E+04    0.601155534622808E+01    0.430488896802146E+00
    0.109330000000000E+04    0.604877482374036E+01    0.430486233848717E+00
    0.109956000000000E+04    0.513315175266598E+01    0.430509189917922E+00
    0.109958000000000E+04    0.517037219865915E+01    0.430504381400679E+00
    0.110586000000000E+04    0.428383238555216E+01    0.429884602888780E+00
    0.110588000000000E+04    0.432102771009204E+01    0.429885952305643E+00
    0.111214000000000E+04    0.339214421315546E+01    0.429090536264871E+00
    0.111216000000000E+04    0.342930783496286E+01    0.429091877015818E+00
    0.111842000000000E+04    0.249968811114832E+01    0.429408040842640E+00
    0.111844000000000E+04    0.253686433952362E+01    0.429405405910650E+00
    0.112470000000000E+04    0.160999107294128E+01    0.430298518343653E+00
    0.112472000000000E+04    0.164720316508647E+01    0.430300292244060E+00
    0.113098000000000E+04    0.727633788171715E+00    0.430540797722512E+00
    0.113100000000000E+04    0.764855447214359E+00    0.430546069870252E+00
    0.113726000000000E+04    0.613507874205698E+01    0.430481541701989E+00
    0.113728000000000E+04    0.617229799337838E+01    0.430480082167423E+00
    0.114354000000000E+04    0.525766525742847E+01    0.430534699007803E+00
    0.114356000000000E+04    0.529488655212981E+01    0.430529424243554E+00
    0.114984000000000E+04    0.440949987261774E+01    0.430021116101709E+00
    0.114986000000000E+04    0.444670084076142E+01    0.430021648908625E+00
    0.115612000000000E+04    0.351826232932399E+01    0.429159874589310E+00
    0.115614000000000E+04    0.355542843261128E+01    0.429161846347515E+00
    0.116240000000000E+04    0.262566236523435E+01    0.429284634272147E+00
    0.116242000000000E+04    0.266283362955937E+01    0.429282171379892E+00
    0.116868000000000E+04    0.173520349100045E+01    0.430192533576429E+00
    0.116870000000000E+04    0.177241125693399E+01    0.430193278383826E+00
    0.117496000000000E+04    0.851550784876508E+00    0.430544061778619E+00
    0.117498000000000E+04    0.888772534592135E+00    0.430549513010314E+00
    0.118124000000000E+04    0.625840909644376E+01    0.430476451096279E+00
    0.118126000000000E+04    0.124426764336931E-01    0.430476235661319E+00
    0.118754000000000E+04    0.541901621471061E+01    0.430537142026281E+00
    0.118756000000000E+04    0.545623759123100E+01    0.430531647958915E+00
    0.119382000000000E+04    0.453483318266990E+01    0.430144903837072E+00
    0.119384000000000E+04    0.457203900300374E+01    0.430144475777611E+00
    0.120010000000000E+04    0.364411805501913E+01    0.429246489827776E+00
    0.120012000000000E+04    0.368128779262861E+01    0.429248882009515E+00
    0.120638000000000E+04    0.275154293998639E+01    0.429185462794985E+00
    0.120640000000000E+04    0.278871046051881E+01    0.429183410363015E+00
    0.121266000000000E+04    0.186057506896714E+01    0.430076361868101E+00
    0.121268000000000E+04    0.189777814830813E+01    0.430076121763689E+00
    0.121894000000000E+04    0.975742920172706E+00    0.430543928408575E+00
    0.121896000000000E+04    0.101296483374790E+01    0.430549296964932E+00
    0.122524000000000E+04    0.135940891645987E+00    0.430482744965987E+00
    0.122526000000000E+04    0.173160127405026E+00    0.430483821584780E+00
    0.123152000000000E+04    0.554319133753779E+01    0.430538654716533E+00
    0.123154000000000E+04    0.558041287233482E+01    0.430533269372975E+00
    0.123780000000000E+04    0.466030945184912E+01    0.430258318113662E+00
    0.123782000000000E+04    0.469751974714063E+01    0.430256824896091E+00
    0.124408000000000E+04    0.377029089941607E+01    0.429361919043429E+00
    0.124410000000000E+04    0.380746542938141E+01    0.429364562199299E+00
    0.125036000000000E+04    0.287781328420442E+01    0.429114559879223E+00
    0.125038000000000E+04    0.291497773882838E+01    0.429113057597171E+00
    0.125664000000000E+04    0.198635046548816E+01    0.429942409491432E+00
    0.125666000000000E+04    0.202354822770030E+01    0.429941295956717E+00
    0.126294000000000E+04    0.113756179383063E+01    0.430531285414611E+00
    0.126296000000000E+04    0.117478307237116E+01    0.430536233211628E+00
    0.126922000000000E+04    0.259605602213924E+00    0.430490378021488E+00
    0.126924000000000E+04    0.296825222584630E+00    0.430492662624316E+00
    0.127550000000000E+04    0.566730896400350E+01    0.430528525769619E+00
    0.127552000000000E+04    0.570452996335280E+01    0.430523505859257E+00
    0.128178000000000E+04    0.478566149982225E+01    0.430349993742737E+00
    0.128180000000000E+04    0.482287555301218E+01    0.430347504434472E+00
    0.128806000000000E+04    0.389642870549733E+01    0.429490233864192E+00
    0.128808000000000E+04    0.393360827964580E+01    0.429492870873652E+00
    0.129434000000000E+04    0.300405055868350E+01    0.429065787719869E+00
    0.129436000000000E+04    0.304121319522937E+01    0.429065009437302E+00
    0.130062000000000E+04    0.211221820260698E+01    0.429802027874877E+00
    0.130064000000000E+04    0.214941025588450E+01    0.429800195652799E+00
    0.130692000000000E+04    0.126230314786153E+01    0.430495855801991E+00
    0.130694000000000E+04    0.129952315289984E+01    0.430500197619033E+00
    0.131320000000000E+04    0.383305639581522E+00    0.430505323561183E+00
    0.131322000000000E+04    0.420525698699748E+00    0.430508689658427E+00
    0.131948000000000E+04    0.579121252432651E+01    0.430513546067127E+00
    0.131950000000000E+04    0.582843301210551E+01    0.430509175084425E+00
    0.132576000000000E+04    0.491078907171050E+01    0.430424480852422E+00
    0.132578000000000E+04    0.494800599859400E+01    0.430421019814000E+00
    0.133204000000000E+04    0.402240944102823E+01    0.429628336705066E+00
    0.133206000000000E+04    0.405959463667386E+01    0.429630739309344E+00
    0.133832000000000E+04    0.313025786859316E+01    0.429047776474668E+00
    0.133834000000000E+04    0.316741968548422E+01    0.429047738640066E+00
    0.134462000000000E+04    0.227530758228204E+01    0.429655545989524E+00
    0.134464000000000E+04    0.231249381063526E+01    0.429653205173631E+00
    0.135090000000000E+04    0.138719753906526E+01    0.430443889114264E+00
    0.135092000000000E+04    0.142441537087416E+01    0.430447411125496E+00
    0.135718000000000E+04    0.507049099861888E+00    0.430519075754075E+00
    0.135720000000000E+04    0.544269915619680E+00    0.430523333821287E+00
    0.136346000000000E+04    0.591505057286076E+01    0.430502763111550E+00
    0.136348000000000E+04    0.595227048345987E+01    0.430499278259621E+00
    0.136974000000000E+04    0.503576561611771E+01    0.430479235708351E+00
    0.136976000000000E+04    0.507298475838297E+01    0.430474931204599E+00
    0.137602000000000E+04    0.414839221149350E+01    0.429772348088459E+00
    0.137604000000000E+04    0.418558314468237E+01    0.429774279029227E+00
    0.138232000000000E+04    0.329364672977499E+01    0.429060427565582E+00
    0.138234000000000E+04    0.333080907092881E+01    0.429061218699882E+00
    0.138860000000000E+04    0.240136487463906E+01    0.429517326766171E+00
    0.138862000000000E+04    0.243854567054905E+01    0.429514729136884E+00
    0.139488000000000E+04    0.151233568005364E+01    0.430372034993081E+00
    0.139490000000000E+04    0.154955064712885E+01    0.430374621714390E+00
    0.140116000000000E+04    0.630994874695716E+00    0.430535013326485E+00
    0.140118000000000E+04    0.668216363137162E+00    0.430539948242518E+00
    0.140744000000000E+04    0.603879458582605E+01    0.430491403795848E+00
    0.140746000000000E+04    0.607601417990145E+01    0.430488973082588E+00
    0.141372000000000E+04    0.516066662345020E+01    0.430520578028941E+00
    0.141374000000000E+04    0.519788752319755E+01    0.430515637843676E+00
    0.142000000000000E+04    0.427438774782877E+01    0.429914952702887E+00
    0.142002000000000E+04    0.431158419236544E+01    0.429916164228934E+00
    0.142630000000000E+04    0.342001537726492E+01    0.429104492541507E+00
    0.142632000000000E+04    0.345717957481975E+01    0.429105975293331E+00
    0.143258000000000E+04    0.252758492482371E+01    0.429385671413644E+00
    0.143260000000000E+04    0.256476044272176E+01    0.429383077329932E+00
    0.143886000000000E+04    0.163777599438299E+01    0.430281556010595E+00
    0.143888000000000E+04    0.167498729068302E+01    0.430283117709029E+00
    0.144514000000000E+04    0.755172739896807E+00    0.430545356375433E+00
    0.144516000000000E+04    0.792394620355481E+00    0.430550696428702E+00
    0.145142000000000E+04    0.616254313646914E+01    0.430481411571626E+00
    0.145144000000000E+04    0.619976233121088E+01    0.430480176812312E+00
    0.145770000000000E+04    0.528534074855042E+01    0.430539731636983E+00
    0.145772000000000E+04    0.532256244692962E+01    0.430534395168049E+00
    0.146400000000000E+04    0.443743946738550E+01    0.430048802605430E+00
    0.146402000000000E+04    0.447464139262320E+01    0.430049127971529E+00
    0.147028000000000E+04    0.354633152827637E+01    0.429176142007715E+00
    0.147030000000000E+04    0.358349859833197E+01    0.429178207940136E+00
    0.147656000000000E+04    0.265381930954027E+01    0.429269119824347E+00
    0.147658000000000E+04    0.269099003334577E+01    0.429266728385382E+00
    0.148284000000000E+04    0.176333727651581E+01    0.430174622423985E+00
    0.148286000000000E+04    0.180054438557772E+01    0.430175151312363E+00
    0.148912000000000E+04    0.879470615231639E+00    0.430548772624952E+00
    0.148914000000000E+04    0.916692418302773E+00    0.430554219175864E+00
    0.149540000000000E+04    0.304314457662258E-02    0.430479613399154E+00
    0.149542000000000E+04    0.402623238364868E-01    0.430479640359535E+00
    0.150170000000000E+04    0.544709220734740E+01    0.430538027546569E+00
    0.150172000000000E+04    0.548431417597658E+01    0.430532558167295E+00
    0.150798000000000E+04    0.456331138799669E+01    0.430176637531259E+00
    0.150800000000000E+04    0.460051844219879E+01    0.430175994265359E+00
    0.151426000000000E+04    0.367281037399698E+01    0.429276866275691E+00
    0.151428000000000E+04    0.370998130603039E+01    0.429279328990534E+00
    0.152054000000000E+04    0.278033716786877E+01    0.429177978715622E+00
    0.152056000000000E+04    0.281750432077934E+01    0.429176044680629E+00
    0.152682000000000E+04    0.188933308284686E+01    0.430054258708089E+00
    0.152684000000000E+04    0.192653527175662E+01    0.430053815356093E+00
    0.153310000000000E+04    0.100431313107856E+01    0.430546933747229E+00
    0.153312000000000E+04    0.104153512853281E+01    0.430552241965150E+00
    0.153940000000000E+04    0.164389891158407E+00    0.430488935200842E+00
    0.153942000000000E+04    0.201609398055098E+00    0.430490276213087E+00
    0.154568000000000E+04    0.557183365079800E+01    0.430542546023526E+00
    0.154570000000000E+04    0.560905542178807E+01    0.430537224513859E+00
    0.155196000000000E+04    0.468928597256308E+01    0.430284656945967E+00
    0.155198000000000E+04    0.472649730508692E+01    0.430282928159743E+00
    0.155824000000000E+04    0.379948442517343E+01    0.429393655102752E+00
    0.155826000000000E+04    0.383666019064276E+01    0.429396322135636E+00
    0.156452000000000E+04    0.290707282134099E+01    0.429105665295691E+00
    0.156454000000000E+04    0.294423700053085E+01    0.429104304357740E+00
    0.157080000000000E+04    0.201559962860028E+01    0.429918311052201E+00
    0.157082000000000E+04    0.205279651915453E+01    0.429917027388058E+00
    0.157708000000000E+04    0.112940033183622E+01    0.430524260296128E+00
    0.157710000000000E+04    0.116662130992881E+01    0.430529119040221E+00
    0.158338000000000E+04    0.288522175087564E+00    0.430499017193490E+00
    0.158340000000000E+04    0.325742163610812E+00    0.430501548773264E+00
    0.158966000000000E+04    0.569637230446051E+01    0.430531938173990E+00
    0.158968000000000E+04    0.573359348159693E+01    0.430527039397556E+00
    0.159594000000000E+04    0.481507912355664E+01    0.430374621259028E+00
    0.159596000000000E+04    0.485229413522984E+01    0.430371911829304E+00
    0.160222000000000E+04    0.392607200646125E+01    0.429525899440002E+00
    0.160224000000000E+04    0.396325283222495E+01    0.429528499200777E+00
    0.160850000000000E+04    0.303377531897377E+01    0.429063759668126E+00
    0.160852000000000E+04    0.307093784653125E+01    0.429063116064969E+00
    0.161478000000000E+04    0.214192928144212E+01    0.429774720017630E+00
    0.161480000000000E+04    0.217912030017851E+01    0.429772765022790E+00
    0.162108000000000E+04    0.129185520239434E+01    0.430491534859631E+00
    0.162110000000000E+04    0.132907491307787E+01    0.430495695679744E+00
    0.162736000000000E+04    0.412667883921131E+00    0.430511600189487E+00
    0.162738000000000E+04    0.449888372537316E+00    0.430515174857978E+00
    0.163364000000000E+04    0.582070976698196E+01    0.430517377216767E+00
    0.163366000000000E+04    0.585793027504496E+01    0.430513181297434E+00
    0.163992000000000E+04    0.494060213630200E+01    0.430442517070265E+00
    0.163994000000000E+04    0.497781985738720E+01    0.430438861301165E+00
    0.164620000000000E+04    0.405251861958095E+01    0.429665943534632E+00
    0.164622000000000E+04    0.408970523577955E+01    0.429668258290471E+00
    0.165248000000000E+04    0.316043861741127E+01    0.429051694641005E+00
    0.165250000000000E+04    0.319760068702089E+01    0.429051824021769E+00
    0.165878000000000E+04    0.230549727972038E+01    0.429628141792024E+00
    0.165880000000000E+04    0.234268233656576E+01    0.429625716592501E+00
    0.166506000000000E+04    0.141721205456497E+01    0.430432667902305E+00
    0.166508000000000E+04    0.145442957508158E+01    0.430435991082701E+00
    0.167134000000000E+04    0.536876490135910E+00    0.430527025491389E+00
    0.167136000000000E+04    0.574097592093040E+00    0.430531456576760E+00
    0.167762000000000E+04    0.594487225903458E+01    0.430502692778689E+00
    0.167764000000000E+04    0.598209233868602E+01    0.430499435434001E+00
    0.168390000000000E+04    0.506594099664471E+01    0.430494506916296E+00
    0.168392000000000E+04    0.510316072075193E+01    0.430490062199599E+00
    0.169018000000000E+04    0.417886016715738E+01    0.429808523802185E+00
    0.169020000000000E+04    0.421605265121570E+01    0.429810319253844E+00
    0.169648000000000E+04    0.332424831859225E+01    0.429073926562713E+00
    0.169650000000000E+04    0.336141096928623E+01    0.429074906030282E+00
    0.170276000000000E+04    0.243189264203147E+01    0.429486015327800E+00
    0.170278000000000E+04    0.246907204160516E+01    0.429483389239491E+00
    0.170904000000000E+04    0.154269949553600E+01    0.430355264404694E+00
    0.170906000000000E+04    0.157991378261477E+01    0.430357617366711E+00
    0.171532000000000E+04    0.661068854493351E+00    0.430538146628294E+00
    0.171534000000000E+04    0.698290334384183E+00    0.430543203328850E+00
    0.172160000000000E+04    0.606885598508416E+01    0.430491822833140E+00
    0.172162000000000E+04    0.610607583449791E+01    0.430489736131578E+00
    0.172788000000000E+04    0.519098652158527E+01    0.430527758974284E+00
    0.172790000000000E+04    0.522820753997394E+01    0.430522716891974E+00
    0.173416000000000E+04    0.430502161577215E+01    0.429949139994412E+00
    0.173418000000000E+04    0.434221963135678E+01    0.429950204218273E+00
    0.174046000000000E+04    0.345077895046916E+01    0.429120565309286E+00
    0.174048000000000E+04    0.348794370178393E+01    0.429122192200091E+00
    0.174674000000000E+04    0.255833463680710E+01    0.429359579002130E+00
    0.174676000000000E+04    0.259550908253141E+01    0.429357013483966E+00
    0.175302000000000E+04    0.166839378991472E+01    0.430260788993568E+00
    0.175304000000000E+04    0.170560424795940E+01    0.430262109488245E+00
    0.175930000000000E+04    0.785535435602469E+00    0.430549268083496E+00
    0.175932000000000E+04    0.822757528005241E+00    0.430554666802554E+00
    0.176558000000000E+04    0.619282302100692E+01    0.430483192413036E+00
    0.176560000000000E+04    0.623004227723868E+01    0.430482241630253E+00
    0.177186000000000E+04    0.531585281210255E+01    0.430541312248195E+00
    0.177188000000000E+04    0.535307465935239E+01    0.430535927326885E+00
    0.177816000000000E+04    0.446833348376231E+01    0.430085575237430E+00
    0.177818000000000E+04    0.450553690848255E+01    0.430085695172262E+00
    0.178444000000000E+04    0.357740887501268E+01    0.429200494585949E+00
    0.178446000000000E+04    0.361457688770815E+01    0.429202663119201E+00
    0.179072000000000E+04    0.268496729492745E+01    0.429249608067777E+00
    0.179074000000000E+04    0.272213716626857E+01    0.429247304776245E+00
    0.179700000000000E+04    0.179435259190950E+01    0.430149915454411E+00
    0.179702000000000E+04    0.183155859958288E+01    0.430150215409709E+00
    0.180328000000000E+04    0.910260713895241E+00    0.430551649419490E+00
    0.180330000000000E+04    0.947482909544760E+00    0.430557103688622E+00
    0.180956000000000E+04    0.337242794439589E-01    0.430483125458811E+00
    0.180958000000000E+04    0.709435676358225E-01    0.430483447061294E+00
    0.181586000000000E+04    0.547793854406291E+01    0.430543489458336E+00
    0.181588000000000E+04    0.551516051642511E+01    0.430538023109034E+00
    0.182214000000000E+04    0.459443100133467E+01    0.430203282504533E+00
    0.182216000000000E+04    0.463163911913352E+01    0.430202400316338E+00
    0.182842000000000E+04    0.370407442182659E+01    0.429303275762039E+00
    0.182844000000000E+04    0.374124635234784E+01    0.429305801575064E+00
    0.183470000000000E+04    0.281159952576627E+01    0.429159139319820E+00
    0.183472000000000E+04    0.284876590542626E+01    0.429157326364005E+00
    0.184098000000000E+04    0.192049173480791E+01    0.430024169007405E+00
    0.184100000000000E+04    0.195769277581439E+01    0.430023507290652E+00
    0.184726000000000E+04    0.103521945857619E+01    0.430545732516608E+00
    0.184728000000000E+04    0.107244137428461E+01    0.430550962771840E+00
    0.185354000000000E+04    0.157887635059524E+00    0.430489628101154E+00
    0.185356000000000E+04    0.195107186288624E+00    0.430491204734331E+00
    0.185984000000000E+04    0.560270781549207E+01    0.430538541110040E+00
    0.185986000000000E+04    0.563992968101638E+01    0.430533305205273E+00
    0.186612000000000E+04    0.472052630153712E+01    0.430312299607358E+00
    0.186614000000000E+04    0.475773882462954E+01    0.430310356184040E+00
    0.187240000000000E+04    0.383094996859427E+01    0.429425893470736E+00
    0.187242000000000E+04    0.386812704860176E+01    0.429428565173202E+00
    0.187868000000000E+04    0.293864062445073E+01    0.429097829357692E+00
    0.187870000000000E+04    0.297580434002703E+01    0.429096646043729E+00
    0.188496000000000E+04    0.204707864972534E+01    0.429887063588359E+00
    0.188498000000000E+04    0.208427417242774E+01    0.429885585377711E+00
    0.189124000000000E+04    0.116065586544528E+01    0.430521388382591E+00
    0.189126000000000E+04    0.119787681586195E+01    0.430526134115257E+00
    0.189754000000000E+04    0.319578116470439E+00    0.430505480022044E+00
    0.189756000000000E+04    0.356798328746663E+00    0.430508296010809E+00
    0.190382000000000E+04    0.572756430792288E+01    0.430532886296123E+00
    0.190384000000000E+04    0.576478554126288E+01    0.430528125428790E+00
    0.191010000000000E+04    0.484654697377346E+01    0.430393592926421E+00
    0.191012000000000E+04    0.488376271277275E+01    0.430390653105582E+00
    0.191638000000000E+04    0.395777875147269E+01    0.429560498657218E+00
    0.191640000000000E+04    0.399496122474466E+01    0.429563065814231E+00
    0.192266000000000E+04    0.306558697194623E+01    0.429061936550546E+00
    0.192268000000000E+04    0.310274939445571E+01    0.429061474505167E+00
    0.192894000000000E+04    0.217374018017063E+01    0.429746655287333E+00
    0.192896000000000E+04    0.221093023097910E+01    0.429744570046523E+00
    0.193524000000000E+04    0.132346870181254E+01    0.430483273197397E+00
    0.193526000000000E+04    0.136068809250673E+01    0.430487250963657E+00
    0.194152000000000E+04    0.444084596805624E+00    0.430520773641985E+00
    0.194154000000000E+04    0.481305487129248E+00    0.430524579361508E+00
    0.194780000000000E+04    0.585219825770946E+01    0.430519003964348E+00
    0.194782000000000E+04    0.588941894082109E+01    0.430515007252840E+00
    0.195408000000000E+04    0.497246654579340E+01    0.430463189462870E+00
    0.195410000000000E+04    0.500968513094995E+01    0.430459327270603E+00
    0.196036000000000E+04    0.408465112050999E+01    0.429704356086706E+00
    0.196038000000000E+04    0.412183906820019E+01    0.429706549312098E+00
    0.196664000000000E+04    0.319268536009895E+01    0.429058199468675E+00
    0.196666000000000E+04    0.322984767688558E+01    0.429058515143727E+00
    0.197294000000000E+04    0.233776056956231E+01    0.429599669900102E+00
    0.197296000000000E+04    0.237494461275901E+01    0.429597186518570E+00
    0.197922000000000E+04    0.144933891059782E+01    0.430422443311885E+00
    0.197924000000000E+04    0.148655584019571E+01    0.430425511432113E+00
    0.198550000000000E+04    0.568754839202484E+00    0.430535447523617E+00
    0.198552000000000E+04    0.605976336683398E+00    0.430540062044347E+00
    0.199178000000000E+04    0.597677969204688E+01    0.430504296852576E+00
    0.199180000000000E+04    0.601399976474204E+01    0.430501275470781E+00
    0.199806000000000E+04    0.509816801836541E+01    0.430507583217089E+00
    0.199808000000000E+04    0.513538840566207E+01    0.430502973948186E+00
    0.200434000000000E+04    0.421144585015008E+01    0.429848270392164E+00
    0.200436000000000E+04    0.424863979211113E+01    0.429849896594116E+00
    0.201062000000000E+04    0.331981495043556E+01    0.429086380209032E+00
    0.201064000000000E+04    0.335697833605172E+01    0.429087456529672E+00
    0.201692000000000E+04    0.246470719048421E+01    0.429462053642492E+00
    0.201694000000000E+04    0.250188566300585E+01    0.429459422649856E+00
    0.202320000000000E+04    0.157543377155707E+01    0.430342677132859E+00
    0.202322000000000E+04    0.161264755563298E+01    0.430344766404258E+00
    0.202948000000000E+04    0.693611725930168E+00    0.430549883899322E+00
    0.202950000000000E+04    0.730833766181149E+00    0.430555036068314E+00
    0.203576000000000E+04    0.610139210094985E+01    0.430496488764080E+00
    0.203578000000000E+04    0.613861186756913E+01    0.430494615808904E+00
    0.204204000000000E+04    0.522381098683127E+01    0.430538858252412E+00
    0.204206000000000E+04    0.526103249545804E+01    0.430533697050657E+00
    0.204832000000000E+04    0.433821688398393E+01    0.429989723329741E+00
    0.204834000000000E+04    0.437541648319620E+01    0.429990576537156E+00
    0.205462000000000E+04    0.348416594543505E+01    0.429144883823125E+00
    0.205464000000000E+04    0.352133171962259E+01    0.429146685833926E+00
    0.206090000000000E+04    0.259183141533322E+01    0.429338251104579E+00
    0.206092000000000E+04    0.262900490728362E+01    0.429335713735235E+00
    0.206718000000000E+04    0.170176021157567E+01    0.430240972665037E+00
    0.206720000000000E+04    0.173896992704294E+01    0.430242039500745E+00
    0.207346000000000E+04    0.818674157311307E+00    0.430557924436965E+00
    0.207348000000000E+04    0.855896585538630E+00    0.430563357075516E+00
    0.207974000000000E+04    0.622590891841810E+01    0.430489958210497E+00
    0.207976000000000E+04    0.626312845484154E+01    0.430489324967763E+00
    0.208602000000000E+04    0.534923868991882E+01    0.430554470762889E+00
    0.208604000000000E+04    0.538646099571633E+01    0.430549032517539E+00
    0.209232000000000E+04    0.450205333088570E+01    0.430119374464670E+00
    0.209234000000000E+04    0.453925810359624E+01    0.430119252412952E+00
    0.209860000000000E+04    0.361133072770190E+01    0.429229948380039E+00
    0.209862000000000E+04    0.364849995029999E+01    0.429232240699243E+00
    0.210488000000000E+04    0.271893701349927E+01    0.429230506104458E+00
    0.210490000000000E+04    0.275610619201962E+01    0.429228301563692E+00
    0.211116000000000E+04    0.182830269365286E+01    0.430127373501252E+00
    0.211118000000000E+04    0.186550792125763E+01    0.430127420369152E+00
    0.211744000000000E+04    0.943972721433511E+00    0.430558165536102E+00
    0.211746000000000E+04    0.981194880558178E+00    0.430563563464094E+00
    0.212372000000000E+04    0.673183633361987E-01    0.430491007179288E+00
    0.212374000000000E+04    0.104538008995860E+00    0.430491653123770E+00
    0.213000000000000E+04    0.547454379158080E+01    0.430554005654461E+00
    0.213002000000000E+04    0.551176598506390E+01    0.430548563687418E+00
    0.213630000000000E+04    0.462865274065689E+01    0.430239306331600E+00
    0.213632000000000E+04    0.466586233382168E+01    0.430238155040981E+00
    0.214258000000000E+04    0.373856965917230E+01    0.429337502331773E+00
    0.214260000000000E+04    0.377574311209764E+01    0.429340097916084E+00
    0.214886000000000E+04    0.284628808974367E+01    0.429146759770899E+00
    0.214888000000000E+04    0.288345440144394E+01    0.429145174786717E+00
    0.215514000000000E+04    0.195521997306741E+01    0.430001252139571E+00
    0.215516000000000E+04    0.199242008045394E+01    0.430000340485237E+00
    0.216142000000000E+04    0.106976349398110E+01    0.430549390632006E+00
    0.216144000000000E+04    0.110698571443481E+01    0.430554520394156E+00
    0.216770000000000E+04    0.192330783005218E+00    0.430504082570520E+00
    0.216772000000000E+04    0.229550742844822E+00    0.430505995979040E+00
    0.217400000000000E+04    0.563731135446778E+01    0.430545686433488E+00
    0.217402000000000E+04    0.567453310378778E+01    0.430540531213167E+00
    0.218028000000000E+04    0.475548350174859E+01    0.430339679080223E+00
    0.218030000000000E+04    0.479269708226366E+01    0.430337474704116E+00
    0.218656000000000E+04    0.386616163607960E+01    0.429466150225207E+00
    0.218658000000000E+04    0.390334033017962E+01    0.429468818450995E+00
    0.219284000000000E+04    0.297398135672393E+01    0.429093578878868E+00
    0.219286000000000E+04    0.301114507825559E+01    0.429092565804345E+00
    0.219912000000000E+04    0.208245985525900E+01    0.429860147136300E+00
    0.219914000000000E+04    0.211965424983191E+01    0.429858504299494E+00
    0.220540000000000E+04    0.119582440832346E+01    0.430519454059384E+00
    0.220542000000000E+04    0.123304522515264E+01    0.430524019050503E+00
    0.221170000000000E+04    0.354584050129233E+00    0.430518198847669E+00
    0.221172000000000E+04    0.391804837749078E+00    0.430521273617429E+00
    0.221798000000000E+04    0.576272513724507E+01    0.430537609336753E+00
    0.221800000000000E+04    0.579994663857906E+01    0.430533043207634E+00
    0.222426000000000E+04    0.488221139865163E+01    0.430423746068793E+00
    0.222428000000000E+04    0.491942828743231E+01    0.430420538463866E+00
    0.223054000000000E+04    0.399381262644329E+01    0.429607932208893E+00
    0.223056000000000E+04    0.403099704357010E+01    0.429610435418920E+00
    0.223682000000000E+04    0.310180475795369E+01    0.429068087489469E+00
    0.223684000000000E+04    0.313896733985894E+01    0.429067838222298E+00
    0.224310000000000E+04    0.220996742883381E+01    0.429715492095790E+00
    0.224312000000000E+04    0.224715610031672E+01    0.429713278490555E+00
    0.224940000000000E+04    0.135956648081901E+01    0.430479977591119E+00
    0.224942000000000E+04    0.139678575056314E+01    0.430483729268169E+00
    0.225568000000000E+04    0.479990440304391E+00    0.430534855224485E+00
    0.225570000000000E+04    0.517211870448591E+00    0.430538893641607E+00
