    0.000000000000000E+00    0.190000000000000E+01    0.470000000000000E+00
    0.200000000000000E-01    0.193879998853920E+01    0.469999417842505E+00
    0.630000000000000E+01    0.155688488951978E+01    0.470666096389147E+00
    0.632000000000000E+01    0.159571169020602E+01    0.470668371361237E+00
    0.125800000000000E+02    0.118279336801988E+01    0.471202650781716E+00
    0.126000000000000E+02    0.122164146660402E+01    0.471207342357712E+00
    0.188600000000000E+02    0.816016416359602E+00    0.471572049097997E+00
    0.188800000000000E+02    0.854879425227246E+00    0.471577480531651E+00
    0.251400000000000E+02    0.455070036063560E+00    0.471784645905514E+00
    0.251600000000000E+02    0.493941328204116E+00    0.471788623563291E+00
    0.314200000000000E+02    0.976553317694169E-01    0.471870110502204E+00
    0.314400000000000E+02    0.136530108070197E+00    0.471871053331140E+00
    0.377000000000000E+02    0.602416598589515E+01    0.471841224861260E+00
    0.377200000000000E+02    0.606303957572983E+01    0.471838749659362E+00
    0.440000000000000E+02    0.570423980739183E+01    0.471691718290664E+00
    0.440200000000000E+02    0.574310738883702E+01    0.471686823283346E+00
    0.502800000000000E+02    0.534063513770114E+01    0.471401886240876E+00
    0.503000000000000E+02    0.537949097032870E+01    0.471396451355141E+00
    0.565600000000000E+02    0.497027958332806E+01    0.470954466579510E+00
    0.565800000000000E+02    0.500911777606289E+01    0.470950626006261E+00
    0.628400000000000E+02    0.459231984408243E+01    0.470351455669771E+00
    0.628600000000000E+02    0.463113388681349E+01    0.470350462767070E+00
    0.691200000000000E+02    0.420668539883050E+01    0.469657715675968E+00
    0.691400000000000E+02    0.424547186400892E+01    0.469659380166957E+00
    0.754000000000000E+02    0.381453705909561E+01    0.469014043188809E+00
    0.754200000000000E+02    0.385329757008085E+01    0.469016700863814E+00
    0.817000000000000E+02    0.345656525856899E+01    0.468587859611465E+00
    0.817200000000000E+02    0.349530880517420E+01    0.468589515270108E+00
    0.879800000000000E+02    0.305788199944979E+01    0.468504821648162E+00
    0.880000000000000E+02    0.309662212432815E+01    0.468504237498263E+00
    0.942600000000000E+02    0.266004913560880E+01    0.468794005088441E+00
    0.942800000000000E+02    0.269880119682426E+01    0.468791668037700E+00
    0.100540000000000E+03    0.226583144789259E+01    0.469373904482521E+00
    0.100560000000000E+03    0.230460703529624E+01    0.469371498327236E+00
    0.106820000000000E+03    0.187732517052933E+01    0.470064356615017E+00
    0.106840000000000E+03    0.191612781818912E+01    0.470063976445766E+00
    0.113100000000000E+03    0.149608847470824E+01    0.470723897074862E+00
    0.113120000000000E+03    0.153491754683265E+01    0.470726480599197E+00
    0.119400000000000E+03    0.116157629306107E+01    0.471249643600015E+00
    0.119420000000000E+03    0.120042625952902E+01    0.471254467778405E+00
    0.125680000000000E+03    0.795473115686178E+00    0.471604524106552E+00
    0.125700000000000E+03    0.834337413967859E+00    0.471609911205504E+00
    0.131960000000000E+03    0.435020182757455E+00    0.471803971733530E+00
    0.131980000000000E+03    0.473892252480766E+00    0.471807748410045E+00
    0.138240000000000E+03    0.779085934402701E-01    0.471881328603380E+00
    0.138260000000000E+03    0.116783969109008E+00    0.471882114018266E+00
    0.144520000000000E+03    0.600454267737126E+01    0.471842595022374E+00
    0.144540000000000E+03    0.604341630378735E+01    0.471839863479937E+00
    0.150800000000000E+03    0.564551299104232E+01    0.471684031923422E+00
    0.150820000000000E+03    0.568438028700939E+01    0.471679000614553E+00
    0.157080000000000E+03    0.528156962328711E+01    0.471385530434691E+00
    0.157100000000000E+03    0.532042493945693E+01    0.471380199198218E+00
    0.163380000000000E+03    0.494962128975362E+01    0.470916149154115E+00
    0.163400000000000E+03    0.498845796298872E+01    0.470912504405272E+00
    0.169660000000000E+03    0.457109348604007E+01    0.470302895078043E+00
    0.169680000000000E+03    0.460990558707499E+01    0.470302145332603E+00
    0.175940000000000E+03    0.418494604796598E+01    0.469607735225476E+00
    0.175960000000000E+03    0.422373051035646E+01    0.469609556714520E+00
    0.182220000000000E+03    0.379240628841524E+01    0.468979757253027E+00
    0.182240000000000E+03    0.383116520432191E+01    0.468982413652972E+00
    0.188500000000000E+03    0.339545790722059E+01    0.468567198418210E+00
    0.188520000000000E+03    0.343420046340646E+01    0.468568646421201E+00
    0.194780000000000E+03    0.299679647847984E+01    0.468521752721778E+00
    0.194800000000000E+03    0.303553734763977E+01    0.468520937796122E+00
    0.201080000000000E+03    0.263793947766828E+01    0.468837948656198E+00
    0.201100000000000E+03    0.267669293579553E+01    0.468835501279504E+00
    0.207360000000000E+03    0.224407549453724E+01    0.469428333881306E+00
    0.207380000000000E+03    0.228285287009254E+01    0.469426063451794E+00
    0.213640000000000E+03    0.185610451069169E+01    0.470119729290934E+00
    0.213660000000000E+03    0.189490928278286E+01    0.470119478918435E+00
    0.219920000000000E+03    0.147547825420565E+01    0.470767647808829E+00
    0.219940000000000E+03    0.151430920803404E+01    0.470770437120378E+00
    0.226200000000000E+03    0.110272471322060E+01    0.471276866553051E+00
    0.226220000000000E+03    0.114157588137869E+01    0.471281874600933E+00
    0.232480000000000E+03    0.737092867517561E+00    0.471617391447135E+00
    0.232500000000000E+03    0.775957557179538E+00    0.471622705119029E+00
    0.238780000000000E+03    0.415804506406232E+00    0.471809938374369E+00
    0.238800000000000E+03    0.454676954632646E+00    0.471813496333169E+00
    0.245060000000000E+03    0.587159349743160E-01    0.471871484402557E+00
    0.245080000000000E+03    0.975907376346754E-01    0.471871852594988E+00
    0.251340000000000E+03    0.598507782842802E+01    0.471823341305782E+00
    0.251360000000000E+03    0.602395099514143E+01    0.471820448655279E+00
    0.257620000000000E+03    0.562565941159801E+01    0.471654686916241E+00
    0.257640000000000E+03    0.566452550128264E+01    0.471649545957905E+00
    0.263900000000000E+03    0.526106716615209E+01    0.471340056409137E+00
    0.263920000000000E+03    0.529992082895535E+01    0.471334800640791E+00
    0.270180000000000E+03    0.488953981813791E+01    0.470860928018559E+00
    0.270200000000000E+03    0.492837419670252E+01    0.470857508092663E+00
    0.276480000000000E+03    0.454899990951856E+01    0.470231876809782E+00
    0.276500000000000E+03    0.458780914482782E+01    0.470231361108666E+00
    0.282760000000000E+03    0.416206271979377E+01    0.469537346293233E+00
    0.282780000000000E+03    0.420084427805909E+01    0.469539312831327E+00
    0.289040000000000E+03    0.376895038870271E+01    0.468920143021866E+00
    0.289060000000000E+03    0.380770723620708E+01    0.468922773989202E+00
    0.295320000000000E+03    0.337166819894878E+01    0.468549543064467E+00
    0.295340000000000E+03    0.341040972387088E+01    0.468550849109731E+00
    0.301600000000000E+03    0.297282936641648E+01    0.468524720603845E+00
    0.301620000000000E+03    0.301157029613626E+01    0.468523714382921E+00
    0.307880000000000E+03    0.257533528377462E+01    0.468878485794665E+00
    0.307900000000000E+03    0.261409035691941E+01    0.468875947882006E+00
    0.314160000000000E+03    0.218179389608645E+01    0.469483337227120E+00
    0.314180000000000E+03    0.222057327820642E+01    0.469481202890532E+00
    0.320460000000000E+03    0.183321076617142E+01    0.470182445835191E+00
    0.320480000000000E+03    0.187201814953039E+01    0.470182524753783E+00
    0.326740000000000E+03    0.145334370691830E+01    0.470824713675251E+00
    0.326760000000000E+03    0.149217679157402E+01    0.470827754272185E+00
    0.333020000000000E+03    0.108125526103811E+01    0.471313741227875E+00
    0.333040000000000E+03    0.112010785047880E+01    0.471318844960279E+00
    0.339300000000000E+03    0.716209934010294E+00    0.471641783557173E+00
    0.339320000000000E+03    0.755075706961634E+00    0.471647026821916E+00
    0.345580000000000E+03    0.356450013254516E+00    0.471818720831258E+00
    0.345600000000000E+03    0.395322802340502E+00    0.471822020961800E+00
    0.351860000000000E+03    0.628270812570838E+01    0.471873637034334E+00
    0.351880000000000E+03    0.383972892869906E-01    0.471873688379635E+00
    0.358160000000000E+03    0.596453949862223E+01    0.471807743261747E+00
    0.358180000000000E+03    0.600341154746616E+01    0.471804519515089E+00
    0.364440000000000E+03    0.560461103119462E+01    0.471628966907408E+00
    0.364460000000000E+03    0.564347617796852E+01    0.471623733314048E+00
    0.370720000000000E+03    0.523943155362883E+01    0.471301185048750E+00
    0.370740000000000E+03    0.527828351640039E+01    0.471296009380785E+00
    0.377000000000000E+03    0.486718013120890E+01    0.470807619348653E+00
    0.377020000000000E+03    0.490601247281904E+01    0.470804489330684E+00
    0.383280000000000E+03    0.448712061834487E+01    0.470168986278498E+00
    0.383300000000000E+03    0.452592732700668E+01    0.470168780088090E+00
    0.389560000000000E+03    0.409959479848976E+01    0.469474616948392E+00
    0.389580000000000E+03    0.413837383577015E+01    0.469476753095147E+00
    0.395860000000000E+03    0.374474333372962E+01    0.468873566307763E+00
    0.395880000000000E+03    0.378349814449712E+01    0.468876167248716E+00
    0.402140000000000E+03    0.334729238627096E+01    0.468533452820353E+00
    0.402160000000000E+03    0.338603381058579E+01    0.468534703516311E+00
    0.408420000000000E+03    0.294866508550615E+01    0.468553219751184E+00
    0.408440000000000E+03    0.298740709321396E+01    0.468552052236585E+00
    0.414700000000000E+03    0.255153325933293E+01    0.468930282585483E+00
    0.414720000000000E+03    0.259029046587773E+01    0.468927701370522E+00
    0.420980000000000E+03    0.215859865098321E+01    0.469554442276736E+00
    0.421000000000000E+03    0.219738083822415E+01    0.469552450960984E+00
    0.427260000000000E+03    0.177193877630145E+01    0.470249109630733E+00
    0.427280000000000E+03    0.181074909475626E+01    0.470249467344414E+00
    0.433540000000000E+03    0.139291322714007E+01    0.470883945527729E+00
    0.433560000000000E+03    0.143174878300738E+01    0.470887275432272E+00
    0.439840000000000E+03    0.106052766086839E+01    0.471363722739756E+00
    0.439860000000000E+03    0.109938220577203E+01    0.471368910718018E+00
    0.446120000000000E+03    0.696158473850460E+00    0.471674587890495E+00
    0.446140000000000E+03    0.735025567205184E+00    0.471679744898516E+00
    0.452400000000000E+03    0.336879190169952E+00    0.471838178288745E+00
    0.452420000000000E+03    0.375752645105877E+00    0.471841218909235E+00
    0.458680000000000E+03    0.626336205088376E+01    0.471882462905594E+00
    0.458700000000000E+03    0.190518298240931E-01    0.471882172701069E+00
    0.464960000000000E+03    0.590637287997026E+01    0.471813055034277E+00
    0.464980000000000E+03    0.594524532900721E+01    0.471809553891253E+00
    0.471240000000000E+03    0.554629287375383E+01    0.471621275574789E+00
    0.471260000000000E+03    0.558515768047744E+01    0.471615941539192E+00
    0.477540000000000E+03    0.521948370266693E+01    0.471270605738319E+00
    0.477560000000000E+03    0.525833443657086E+01    0.471265508699244E+00
    0.483820000000000E+03    0.484664686779513E+01    0.470764965036932E+00
    0.483840000000000E+03    0.488547744588436E+01    0.470762051907781E+00
    0.490100000000000E+03    0.446594574880294E+01    0.470118288459355E+00
    0.490120000000000E+03    0.450475007467060E+01    0.470118234131507E+00
    0.496380000000000E+03    0.407783647024303E+01    0.469422301729833E+00
    0.496400000000000E+03    0.411661339362604E+01    0.469424549584558E+00
    0.502660000000000E+03    0.368387098089704E+01    0.468836254486869E+00
    0.502680000000000E+03    0.372262438563564E+01    0.468838761322631E+00
    0.508940000000000E+03    0.328621789993542E+01    0.468520171178510E+00
    0.508960000000000E+03    0.332495872315474E+01    0.468521059942174E+00
    0.515240000000000E+03    0.292631739394176E+01    0.468572096117841E+00
    0.515260000000000E+03    0.296506023573761E+01    0.468570757716178E+00
    0.521520000000000E+03    0.252950413636188E+01    0.468978945340397E+00
    0.521540000000000E+03    0.256826341478518E+01    0.468976346678457E+00
    0.527800000000000E+03    0.213704799522407E+01    0.469613035365422E+00
    0.527820000000000E+03    0.217583251487758E+01    0.469611163130849E+00
    0.534080000000000E+03    0.175102420025178E+01    0.470311451094014E+00
    0.534100000000000E+03    0.178983674147571E+01    0.470312073967210E+00
    0.540360000000000E+03    0.137258991285330E+01    0.470927585897867E+00
    0.540380000000000E+03    0.141142714923330E+01    0.470931111703440E+00
    0.546640000000000E+03    0.100193834021638E+01    0.471392271620218E+00
    0.546660000000000E+03    0.104079409225915E+01    0.471397577566424E+00
    0.552940000000000E+03    0.676926540324075E+00    0.471692856004958E+00
    0.552960000000000E+03    0.715794320549094E+00    0.471697901896310E+00
    0.559220000000000E+03    0.317953370898294E+00    0.471847144097401E+00
    0.559240000000000E+03    0.356827017929390E+00    0.471849975746640E+00
    0.565500000000000E+03    0.624441779344943E+01    0.471872319069117E+00
    0.565520000000000E+03    0.107065956171937E-03    0.471871751993242E+00
    0.571780000000000E+03    0.588716848441004E+01    0.471796449862104E+00
    0.571800000000000E+03    0.592604037753949E+01    0.471792768368650E+00
    0.578060000000000E+03    0.552662938695926E+01    0.471591717430711E+00
    0.578080000000000E+03    0.556549293462444E+01    0.471586322290088E+00
    0.584340000000000E+03    0.516040058695467E+01    0.471235646137907E+00
    0.584360000000000E+03    0.519925010977340E+01    0.471230715834096E+00
    0.590620000000000E+03    0.478685670448772E+01    0.470709531075810E+00
    0.590640000000000E+03    0.482568492489349E+01    0.470706769648897E+00
    0.596920000000000E+03    0.444423281493846E+01    0.470051556784355E+00
    0.596940000000000E+03    0.448303496460881E+01    0.470051828902425E+00
    0.603200000000000E+03    0.405556091261724E+01    0.469363776304528E+00
    0.603220000000000E+03    0.409433544263857E+01    0.469366128789112E+00
    0.609480000000000E+03    0.366112086538737E+01    0.468791407988608E+00
    0.609500000000000E+03    0.369987250826716E+01    0.468793846413113E+00
    0.615760000000000E+03    0.326322672745982E+01    0.468505528113242E+00
    0.615780000000000E+03    0.330196671940666E+01    0.468506248953654E+00
    0.622040000000000E+03    0.286452106919819E+01    0.468587521368713E+00
    0.622060000000000E+03    0.290326454519050E+01    0.468585968384606E+00
    0.628320000000000E+03    0.246787585843094E+01    0.469023053106735E+00
    0.628340000000000E+03    0.250663669190362E+01    0.469020413431122E+00
    0.634620000000000E+03    0.211455552607868E+01    0.469667309306699E+00
    0.634640000000000E+03    0.215334219346641E+01    0.469665605715563E+00
    0.640900000000000E+03    0.172908349802356E+01    0.470361946184824E+00
    0.640920000000000E+03    0.176789811009985E+01    0.470362814504053E+00
    0.647180000000000E+03    0.135128892561852E+01    0.470970153169523E+00
    0.647200000000000E+03    0.139012777664766E+01    0.470973868945755E+00
    0.653460000000000E+03    0.981177907468009E+00    0.471416918834596E+00
    0.653480000000000E+03    0.102003473785635E+01    0.471422291162301E+00
    0.659740000000000E+03    0.617712314020764E+00    0.471699464551512E+00
    0.659760000000000E+03    0.656580192892307E+00    0.471704364463591E+00
    0.666020000000000E+03    0.258913180388163E+00    0.471840444150709E+00
    0.666040000000000E+03    0.297786838538286E+00    0.471842932255451E+00
    0.672320000000000E+03    0.622429356734460E+01    0.471865408051891E+00
    0.672340000000000E+03    0.626316811997663E+01    0.471864542147389E+00
    0.678600000000000E+03    0.586678869171965E+01    0.471773407657728E+00
    0.678620000000000E+03    0.590565954859017E+01    0.471769478111839E+00
    0.684880000000000E+03    0.550570262370707E+01    0.471554852017180E+00
    0.684900000000000E+03    0.554456468706553E+01    0.471549410915373E+00
    0.691160000000000E+03    0.513873634726406E+01    0.471180047066757E+00
    0.691180000000000E+03    0.517758379938527E+01    0.471175231722822E+00
    0.697440000000000E+03    0.476448908763564E+01    0.470653423687499E+00
    0.697460000000000E+03    0.480331532020841E+01    0.470651053462135E+00
    0.703720000000000E+03    0.438241069427613E+01    0.469986362699179E+00
    0.703740000000000E+03    0.442121006366642E+01    0.469986891310943E+00
    0.710000000000000E+03    0.399310898789736E+01    0.469299153256101E+00
    0.710020000000000E+03    0.403188102140848E+01    0.469301616135320E+00
    0.716300000000000E+03    0.363699179960850E+01    0.468751184390780E+00
    0.716320000000000E+03    0.367574171084220E+01    0.468753547006065E+00
    0.722580000000000E+03    0.323889914643860E+01    0.468496801347522E+00
    0.722600000000000E+03    0.327763897882028E+01    0.468497311898621E+00
    0.728860000000000E+03    0.284030448923613E+01    0.468615796991116E+00
    0.728880000000000E+03    0.287904908166661E+01    0.468614090950311E+00
    0.735140000000000E+03    0.244400370709127E+01    0.469074017781720E+00
    0.735160000000000E+03    0.248276663349611E+01    0.469071375018977E+00
    0.741420000000000E+03    0.205243576665112E+01    0.469730077388103E+00
    0.741440000000000E+03    0.209122494676262E+01    0.469728536503184E+00
    0.747700000000000E+03    0.166757874595851E+01    0.470424419296453E+00
    0.747720000000000E+03    0.170639576432222E+01    0.470425617476046E+00
    0.754000000000000E+03    0.132924312802174E+01    0.471022835492918E+00
    0.754020000000000E+03    0.136808342442828E+01    0.471026641693979E+00
    0.760280000000000E+03    0.959621755722765E+00    0.471444111650614E+00
    0.760300000000000E+03    0.998478901465433E+00    0.471449515755258E+00
    0.766560000000000E+03    0.596593913408014E+00    0.471715313075317E+00
    0.766580000000000E+03    0.635462596364960E+00    0.471720076368689E+00
    0.772840000000000E+03    0.238070895781448E+00    0.471845330164613E+00
    0.772860000000000E+03    0.276944625788474E+00    0.471847544460378E+00
    0.779120000000000E+03    0.616454738923517E+01    0.471856072575077E+00
    0.779140000000000E+03    0.620342166266028E+01    0.471854903630056E+00
    0.785400000000000E+03    0.580682286755609E+01    0.471762804625793E+00
    0.785420000000000E+03    0.584569321736171E+01    0.471758625373463E+00
    0.791700000000000E+03    0.548417240519348E+01    0.471526868802003E+00
    0.791720000000000E+03    0.552303361888721E+01    0.471521406960353E+00
    0.797980000000000E+03    0.511665521480836E+01    0.471144576346244E+00
    0.798000000000000E+03    0.515550113169934E+01    0.471139842863180E+00
    0.804260000000000E+03    0.474165817116000E+01    0.470587701521835E+00
    0.804280000000000E+03    0.478048229709952E+01    0.470585497970446E+00
    0.810540000000000E+03    0.435897408089659E+01    0.469926103874758E+00
    0.810560000000000E+03    0.439777201006427E+01    0.469926849630123E+00
    0.816820000000000E+03    0.396934040381643E+01    0.469251320546844E+00
    0.816840000000000E+03    0.400811048253740E+01    0.469253867147439E+00
    0.823100000000000E+03    0.357417473902683E+01    0.468718602455558E+00
    0.823120000000000E+03    0.361292345805805E+01    0.468720824995411E+00
    0.829400000000000E+03    0.321481827615571E+01    0.468502005814253E+00
    0.829420000000000E+03    0.325355845549575E+01    0.468502410258746E+00
    0.835680000000000E+03    0.281651614050111E+01    0.468653160136222E+00
    0.835700000000000E+03    0.285526222475710E+01    0.468651314916099E+00
    0.841960000000000E+03    0.242065073451931E+01    0.469134757209026E+00
    0.841980000000000E+03    0.245941616642267E+01    0.469132142295756E+00
    0.848240000000000E+03    0.202979360339577E+01    0.469804361800162E+00
    0.848260000000000E+03    0.206858577409980E+01    0.469803046563814E+00
    0.854520000000000E+03    0.164576656749568E+01    0.470491210037073E+00
    0.854540000000000E+03    0.168458632298507E+01    0.470492655603724E+00
    0.860800000000000E+03    0.126947070756751E+01    0.471073373584407E+00
    0.860820000000000E+03    0.130831341826138E+01    0.471077494584429E+00
    0.867080000000000E+03    0.900692986252125E+00    0.471482900996346E+00
    0.867100000000000E+03    0.939552387349522E+00    0.471488358023990E+00
    0.873380000000000E+03    0.577215591909862E+00    0.471746262989891E+00
    0.873400000000000E+03    0.616085492479669E+00    0.471750904235291E+00
    0.879660000000000E+03    0.219113664639963E+00    0.471861737789524E+00
    0.879680000000000E+03    0.257988135134610E+00    0.471863699189402E+00
    0.885940000000000E+03    0.614579192668657E+01    0.471865025795349E+00
    0.885960000000000E+03    0.618466642411158E+01    0.471863542952313E+00
    0.892220000000000E+03    0.578792844288068E+01    0.471753242918397E+00
    0.892240000000000E+03    0.582679851880334E+01    0.471748891343015E+00
    0.898500000000000E+03    0.542606010288841E+01    0.471512468217757E+00
    0.898520000000000E+03    0.546492052786289E+01    0.471506989821849E+00
    0.904780000000000E+03    0.505796915654741E+01    0.471110643556599E+00
    0.904800000000000E+03    0.509681358484681E+01    0.471106191166591E+00
    0.911080000000000E+03    0.472121060995983E+01    0.470545740915701E+00
    0.911100000000000E+03    0.476003240982845E+01    0.470543810659693E+00
    0.917360000000000E+03    0.433779859037759E+01    0.469868106915257E+00
    0.917380000000000E+03    0.437659341741482E+01    0.469869097925526E+00
    0.923640000000000E+03    0.394741248238029E+01    0.469194415230911E+00
    0.923660000000000E+03    0.398618005773983E+01    0.469196993839395E+00
    0.929920000000000E+03    0.355178802580804E+01    0.468682887320173E+00
    0.929940000000000E+03    0.359053527966785E+01    0.468685057648548E+00
    0.936200000000000E+03    0.315342847739043E+01    0.468494025386787E+00
    0.936220000000000E+03    0.319216793507439E+01    0.468494111223751E+00
    0.942480000000000E+03    0.275502195078775E+01    0.468675319576476E+00
    0.942500000000000E+03    0.279376898072292E+01    0.468673298198355E+00
    0.948780000000000E+03    0.239817438876480E+01    0.469184970717936E+00
    0.948800000000000E+03    0.243694162866927E+01    0.469182375537339E+00
    0.955060000000000E+03    0.200778221618884E+01    0.469860298150350E+00
    0.955080000000000E+03    0.204657681359436E+01    0.469859156560966E+00
    0.961340000000000E+03    0.162442814992755E+01    0.470548704815650E+00
    0.961360000000000E+03    0.166325024820071E+01    0.470550390658179E+00
    0.967620000000000E+03    0.124883904068633E+01    0.471112435528254E+00
    0.967640000000000E+03    0.128768361931475E+01    0.471116779900223E+00
    0.973900000000000E+03    0.880774472380153E+00    0.471518953408635E+00
    0.973920000000000E+03    0.919635341415642E+00    0.471524415494908E+00
    0.980180000000000E+03    0.518931090467959E+00    0.471762487016851E+00
    0.980200000000000E+03    0.557801610412525E+00    0.471766937632806E+00
    0.986480000000000E+03    0.200049983400504E+00    0.471874815818803E+00
    0.986500000000000E+03    0.238924901761948E+00    0.471876525372819E+00
    0.992760000000000E+03    0.612677215247777E+01    0.471865114570871E+00
    0.992780000000000E+03    0.616564670697812E+01    0.471863357085275E+00
    0.999040000000000E+03    0.576876281370937E+01    0.471744190701241E+00
    0.999060000000000E+03    0.580763239034331E+01    0.471739673952735E+00
    0.100532000000000E+04    0.540647948783453E+01    0.471487230514604E+00
    0.100534000000000E+04    0.544533895856262E+01    0.471481752061679E+00
    0.101160000000000E+04    0.503788122615924E+01    0.471073932676927E+00
    0.101162000000000E+04    0.507672409915654E+01    0.471069644615801E+00
    0.101788000000000E+04    0.466168612913702E+01    0.470497234259617E+00
    0.101790000000000E+04    0.470050612814293E+01    0.470495650282069E+00
    0.102416000000000E+04    0.427775017680119E+01    0.469814444161100E+00
    0.102418000000000E+04    0.431654269001615E+01    0.469815650011395E+00
    0.103046000000000E+04    0.392570657088049E+01    0.469148112708574E+00
    0.103048000000000E+04    0.396447257198133E+01    0.469150755486994E+00
    0.103674000000000E+04    0.352987069573146E+01    0.468661823727068E+00
    0.103676000000000E+04    0.356861706530549E+01    0.468663820557196E+00
    0.104302000000000E+04    0.313149853983441E+01    0.468502046318965E+00
    0.104304000000000E+04    0.317023864563498E+01    0.468501981713386E+00
    0.104930000000000E+04    0.273338153091959E+01    0.468718956406369E+00
    0.104932000000000E+04    0.277213023364834E+01    0.468716823915224E+00
    0.105558000000000E+04    0.233825735944902E+01    0.469246121695895E+00
    0.105560000000000E+04    0.237702741404473E+01    0.469243585277817E+00
    0.106186000000000E+04    0.194847734112682E+01    0.469927416576094E+00
    0.106188000000000E+04    0.198727445589884E+01    0.469926508439642E+00
    0.106816000000000E+04    0.160458919794883E+01    0.470604975577094E+00
    0.106818000000000E+04    0.164341348182052E+01    0.470606888383562E+00
    0.107444000000000E+04    0.122968801190336E+01    0.471159651698549E+00
    0.107446000000000E+04    0.126853449033524E+01    0.471164153767627E+00
    0.108072000000000E+04    0.862274665792938E+00    0.471550926530331E+00
    0.108074000000000E+04    0.901136767172829E+00    0.471556381743534E+00
    0.108700000000000E+04    0.500901948765204E+00    0.471779756159904E+00
    0.108702000000000E+04    0.539773218795290E+00    0.471784018080089E+00
    0.109328000000000E+04    0.143383974419066E+00    0.471878851522295E+00
    0.109330000000000E+04    0.182259039861037E+00    0.471880227162737E+00
    0.109956000000000E+04    0.607010599920341E+01    0.471862401644171E+00
    0.109958000000000E+04    0.610898045976683E+01    0.471860335160538E+00
    0.110586000000000E+04    0.575073951429385E+01    0.471729672446213E+00
    0.110588000000000E+04    0.578960850814610E+01    0.471724998860042E+00
    0.111214000000000E+04    0.538806442752048E+01    0.471457004821876E+00
    0.111216000000000E+04    0.542692295758343E+01    0.471451538371218E+00
    0.111842000000000E+04    0.501897496521997E+01    0.471040107730141E+00
    0.111844000000000E+04    0.505781668075542E+01    0.471035980830713E+00
    0.112470000000000E+04    0.464221542843188E+01    0.470449880221768E+00
    0.112472000000000E+04    0.468103339775234E+01    0.470448529310611E+00
    0.113098000000000E+04    0.425772368248681E+01    0.469763947109339E+00
    0.113100000000000E+04    0.429651427789031E+01    0.469765346772940E+00
    0.113726000000000E+04    0.386649778536275E+01    0.469104218121270E+00
    0.113728000000000E+04    0.390526180685083E+01    0.469106878928730E+00
    0.114354000000000E+04    0.347047889469968E+01    0.468642306377419E+00
    0.114356000000000E+04    0.350922456632316E+01    0.468644153773867E+00
    0.114984000000000E+04    0.311086688757268E+01    0.468511767552020E+00
    0.114986000000000E+04    0.314960732462168E+01    0.468511488051509E+00
    0.115612000000000E+04    0.271299151064113E+01    0.468757650913187E+00
    0.115614000000000E+04    0.275174170207720E+01    0.468755429700279E+00
    0.116240000000000E+04    0.231823819286865E+01    0.469299813956214E+00
    0.116242000000000E+04    0.235701014155802E+01    0.469297309959598E+00
    0.116868000000000E+04    0.192904057616943E+01    0.469990734189981E+00
    0.116870000000000E+04    0.196784024078488E+01    0.469990028754618E+00
    0.117496000000000E+04    0.154697081645372E+01    0.470657370974784E+00
    0.117498000000000E+04    0.158579715741962E+01    0.470659576637748E+00
    0.118124000000000E+04    0.117276208453950E+01    0.471198597851315E+00
    0.118126000000000E+04    0.121161038093078E+01    0.471203251199467E+00
    0.118754000000000E+04    0.844889278306255E+00    0.471584984493849E+00
    0.118756000000000E+04    0.883752783351156E+00    0.471590419832692E+00
    0.119382000000000E+04    0.484046006098652E+00    0.471804145950420E+00
    0.119384000000000E+04    0.522918217637198E+00    0.471808266327847E+00
    0.120010000000000E+04    0.126820016644160E+00    0.471889621824984E+00
    0.120012000000000E+04    0.165695558542666E+00    0.471890729725098E+00
    0.120638000000000E+04    0.605363369146608E+01    0.471866788848177E+00
    0.120640000000000E+04    0.609250835756666E+01    0.471864496690290E+00
    0.121266000000000E+04    0.569523950894609E+01    0.471724800423588E+00
    0.121268000000000E+04    0.573410840347469E+01    0.471719969705348E+00
    0.121894000000000E+04    0.533222157598993E+01    0.471444868392167E+00
    0.121896000000000E+04    0.537107936689608E+01    0.471439423706903E+00
    0.122524000000000E+04    0.500137244663438E+01    0.470996713366358E+00
    0.122526000000000E+04    0.504021225042834E+01    0.470992750905811E+00
    0.123152000000000E+04    0.462399933701545E+01    0.470398022120113E+00
    0.123154000000000E+04    0.466281551498423E+01    0.470396861241413E+00
    0.123780000000000E+04    0.423897703275134E+01    0.469712398070248E+00
    0.123782000000000E+04    0.427776551160105E+01    0.469713950730179E+00
    0.124408000000000E+04    0.384731318822696E+01    0.469059976373884E+00
    0.124410000000000E+04    0.388607565435950E+01    0.469062661964814E+00
    0.125036000000000E+04    0.345098983656044E+01    0.468616891976077E+00
    0.125038000000000E+04    0.348973443203477E+01    0.468618594227210E+00
    0.125664000000000E+04    0.305255821445826E+01    0.468518584213465E+00
    0.125666000000000E+04    0.309129892936244E+01    0.468518060096972E+00
    0.126294000000000E+04    0.269355647456678E+01    0.468789896036460E+00
    0.126296000000000E+04    0.273230802421176E+01    0.468787588557073E+00
    0.126922000000000E+04    0.229922252175038E+01    0.469352793475535E+00
    0.126924000000000E+04    0.233799669862447E+01    0.469350361146954E+00
    0.127550000000000E+04    0.191051968006695E+01    0.470042867512923E+00
    0.127552000000000E+04    0.194932144815130E+01    0.470042335235019E+00
    0.128178000000000E+04    0.152908036267263E+01    0.470707835186230E+00
    0.128180000000000E+04    0.156790873916134E+01    0.470710250789412E+00
    0.128806000000000E+04    0.115544540246992E+01    0.471237804833213E+00
    0.128808000000000E+04    0.119429450965981E+01    0.471242536913843E+00
    0.129434000000000E+04    0.789096055172649E+00    0.471599113636446E+00
    0.129436000000000E+04    0.827960125457594E+00    0.471604521174166E+00
    0.130062000000000E+04    0.428535809046025E+00    0.471808616086615E+00
    0.130064000000000E+04    0.467407906726748E+00    0.471812475971655E+00
    0.130692000000000E+04    0.110258884716586E+00    0.471888784454222E+00
    0.130694000000000E+04    0.149134442712693E+00    0.471889701149290E+00
    0.131320000000000E+04    0.603697308634082E+01    0.471855262183949E+00
    0.131322000000000E+04    0.607584721208559E+01    0.471852709487869E+00
    0.131948000000000E+04    0.567828390528894E+01    0.471704490667687E+00
    0.131950000000000E+04    0.571715229306392E+01    0.471699572009824E+00
    0.132576000000000E+04    0.531479296284078E+01    0.471414551583670E+00
    0.132578000000000E+04    0.535364945202082E+01    0.471409172645157E+00
    0.133204000000000E+04    0.494453479447611E+01    0.470957738913332E+00
    0.133206000000000E+04    0.498337308577766E+01    0.470953998120628E+00
    0.133832000000000E+04    0.456656114515727E+01    0.470348941303340E+00
    0.133834000000000E+04    0.460537510375025E+01    0.470348094151326E+00
    0.134462000000000E+04    0.421972818598624E+01    0.469656470271657E+00
    0.134464000000000E+04    0.425851454628310E+01    0.469658170562472E+00
    0.135090000000000E+04    0.382767258779813E+01    0.469019394070670E+00
    0.135092000000000E+04    0.386643341133458E+01    0.469022064883045E+00
    0.135718000000000E+04    0.343110756791066E+01    0.468604732129941E+00
    0.135720000000000E+04    0.346985135027990E+01    0.468606342639927E+00
    0.136346000000000E+04    0.303260208153415E+01    0.468524942331803E+00
    0.136348000000000E+04    0.307134304012379E+01    0.468524265933902E+00
    0.136974000000000E+04    0.263502039293417E+01    0.468827625432012E+00
    0.136976000000000E+04    0.267377331821126E+01    0.468825211729465E+00
    0.137602000000000E+04    0.224099972493104E+01    0.469405581162044E+00
    0.137604000000000E+04    0.227977598348389E+01    0.469403261259214E+00
    0.138232000000000E+04    0.189166704889431E+01    0.470100473160476E+00
    0.138234000000000E+04    0.193047107021266E+01    0.470100146152882E+00
    0.138860000000000E+04    0.151088640209446E+01    0.470755814564590E+00
    0.138862000000000E+04    0.154971683839130E+01    0.470758433719536E+00
    0.139488000000000E+04    0.113794972520918E+01    0.471274665928691E+00
    0.139490000000000E+04    0.117680072082885E+01    0.471279562832731E+00
    0.140116000000000E+04    0.772193251175395E+00    0.471623173156708E+00
    0.140118000000000E+04    0.811058310574936E+00    0.471628544077513E+00
    0.140744000000000E+04    0.412030399753803E+00    0.471819677603770E+00
    0.140746000000000E+04    0.450903109572664E+00    0.471823356305129E+00
    0.141372000000000E+04    0.550736409682031E-01    0.471891252929678E+00
    0.141374000000000E+04    0.939493240475713E-01    0.471891855324211E+00
    0.142000000000000E+04    0.598173117677652E+01    0.471850888535335E+00
    0.142002000000000E+04    0.602060513926017E+01    0.471848053887742E+00
    0.142630000000000E+04    0.566163750486066E+01    0.471687038731234E+00
    0.142632000000000E+04    0.570050513963042E+01    0.471682002737968E+00
    0.143258000000000E+04    0.529764991444199E+01    0.471381384844822E+00
    0.143260000000000E+04    0.533650506976710E+01    0.471376048316574E+00
    0.143886000000000E+04    0.492680074247482E+01    0.470913576577964E+00
    0.143888000000000E+04    0.496563731229389E+01    0.470910020626684E+00
    0.144514000000000E+04    0.454815226253822E+01    0.470292694077379E+00
    0.144516000000000E+04    0.458696400757754E+01    0.470292062597334E+00
    0.145142000000000E+04    0.416195841565150E+01    0.469599588072616E+00
    0.145144000000000E+04    0.420074241638076E+01    0.469601465014024E+00
    0.145770000000000E+04    0.376940412150680E+01    0.468970414507127E+00
    0.145772000000000E+04    0.380816295018394E+01    0.468973052650175E+00
    0.146400000000000E+04    0.341135606965418E+01    0.468579239705341E+00
    0.146402000000000E+04    0.345009917235711E+01    0.468580690572199E+00
    0.147028000000000E+04    0.301284933552097E+01    0.468537046858524E+00
    0.147030000000000E+04    0.305159078492898E+01    0.468536224103451E+00
    0.147656000000000E+04    0.261549374462902E+01    0.468866705061567E+00
    0.147658000000000E+04    0.265424826357139E+01    0.468864231452090E+00
    0.148284000000000E+04    0.222189915329454E+01    0.469459952651066E+00
    0.148286000000000E+04    0.226067759801981E+01    0.469457725463431E+00
    0.148912000000000E+04    0.183433890684137E+01    0.470158135583933E+00
    0.148914000000000E+04    0.187314524122667E+01    0.470158067608155E+00
    0.149540000000000E+04    0.145418769552180E+01    0.470803251695475E+00
    0.149542000000000E+04    0.149302002694185E+01    0.470806143692160E+00
    0.150170000000000E+04    0.112072709290987E+01    0.471312372747290E+00
    0.150172000000000E+04    0.115957959493744E+01    0.471317368722625E+00
    0.150798000000000E+04    0.755521759084331E+00    0.471648668865118E+00
    0.150800000000000E+04    0.794387827358150E+00    0.471653980731663E+00
    0.151426000000000E+04    0.395749026816247E+00    0.471834139983975E+00
    0.151428000000000E+04    0.434622311289331E+00    0.471837625393287E+00
    0.152054000000000E+04    0.389678100896163E-01    0.471892674180048E+00
    0.152056000000000E+04    0.778435145671210E-01    0.471893041062565E+00
    0.152682000000000E+04    0.596559829345506E+01    0.471848453632335E+00
    0.152684000000000E+04    0.600447206932085E+01    0.471845404557109E+00
    0.153310000000000E+04    0.560639239987449E+01    0.471675365144203E+00
    0.153312000000000E+04    0.564525958950117E+01    0.471670213118510E+00
    0.153940000000000E+04    0.528095674595761E+01    0.471360972479616E+00
    0.153942000000000E+04    0.531981148030809E+01    0.471355670154629E+00
    0.154568000000000E+04    0.490963325226357E+01    0.470877457987727E+00
    0.154570000000000E+04    0.494846834514829E+01    0.470874081128193E+00
    0.155196000000000E+04    0.453051619776897E+01    0.470250990209927E+00
    0.155198000000000E+04    0.456932624211686E+01    0.470250569441187E+00
    0.155824000000000E+04    0.414386547457161E+01    0.469556144192829E+00
    0.155826000000000E+04    0.418264776678416E+01    0.469558149631977E+00
    0.156452000000000E+04    0.375107578347252E+01    0.468942880577571E+00
    0.156454000000000E+04    0.378983354637876E+01    0.468945497769999E+00
    0.157080000000000E+04    0.335415392347750E+01    0.468576021100883E+00
    0.157082000000000E+04    0.339289656589426E+01    0.468577317390419E+00
    0.157708000000000E+04    0.295571179394165E+01    0.468556532470543E+00
    0.157710000000000E+04    0.299445400916329E+01    0.468555479989227E+00
    0.158338000000000E+04    0.259737247689600E+01    0.468909504776929E+00
    0.158340000000000E+04    0.263612883341284E+01    0.468906983581847E+00
    0.158966000000000E+04    0.220425414449664E+01    0.469516420414699E+00
    0.158968000000000E+04    0.224303480845629E+01    0.469514282049624E+00
    0.159594000000000E+04    0.181728654773451E+01    0.470215931780255E+00
    0.159596000000000E+04    0.185609523082894E+01    0.470216053538841E+00
    0.160222000000000E+04    0.143779206643694E+01    0.470852766299176E+00
    0.160224000000000E+04    0.147662653811494E+01    0.470855806358757E+00
    0.160850000000000E+04    0.106617331496409E+01    0.471349502803940E+00
    0.160852000000000E+04    0.110502739594813E+01    0.471354642825141E+00
    0.161478000000000E+04    0.701555128731798E+00    0.471670761250576E+00
    0.161480000000000E+04    0.740422040747490E+00    0.471675995284358E+00
    0.162108000000000E+04    0.381092264033668E+00    0.471852568130846E+00
    0.162110000000000E+04    0.419966342528824E+00    0.471855901407628E+00
    0.162736000000000E+04    0.245281753509516E-01    0.471901087256587E+00
    0.162738000000000E+04    0.634041787848219E-01    0.471901123057950E+00
    0.163364000000000E+04    0.595108353983278E+01    0.471839898639476E+00
    0.163366000000000E+04    0.598995702865750E+01    0.471836652498227E+00
    0.163992000000000E+04    0.559158992928678E+01    0.471659595424717E+00
    0.163994000000000E+04    0.563045646736964E+01    0.471654371155068E+00
    0.164620000000000E+04    0.522678731575797E+01    0.471332815659218E+00
    0.164622000000000E+04    0.526564053181664E+01    0.471327651942469E+00
    0.165248000000000E+04    0.485489522020225E+01    0.470836428016676E+00
    0.165250000000000E+04    0.489372859701552E+01    0.470833203558943E+00
    0.165878000000000E+04    0.451396981159360E+01    0.470196261150992E+00
    0.165880000000000E+04    0.455277783250949E+01    0.470196023789103E+00
    0.166506000000000E+04    0.412679737994313E+01    0.469503876329476E+00
    0.166508000000000E+04    0.416557755022268E+01    0.469505983326703E+00
    0.167134000000000E+04    0.373352192309358E+01    0.468900551093694E+00
    0.167136000000000E+04    0.377227799030743E+01    0.468903138893751E+00
    0.167762000000000E+04    0.333634171717085E+01    0.468553927004651E+00
    0.167764000000000E+04    0.337508378609527E+01    0.468555022342098E+00
    0.168390000000000E+04    0.293794485829812E+01    0.468571648324232E+00
    0.168392000000000E+04    0.297668795508753E+01    0.468570550412583E+00
    0.169018000000000E+04    0.254115995512939E+01    0.468953977287430E+00
    0.169020000000000E+04    0.257991807938561E+01    0.468951386130933E+00
    0.169648000000000E+04    0.218725630062681E+01    0.469569637328606E+00
    0.169650000000000E+04    0.222603916519756E+01    0.469567578181967E+00
    0.170276000000000E+04    0.180088620925198E+01    0.470274658887757E+00
    0.170278000000000E+04    0.183969722879010E+01    0.470274989715250E+00
    0.170904000000000E+04    0.142206578149626E+01    0.470904829719440E+00
    0.170906000000000E+04    0.146090227638706E+01    0.470908058681317E+00
    0.171532000000000E+04    0.105111341597922E+01    0.471390677744776E+00
    0.171534000000000E+04    0.108996924212897E+01    0.471395889676894E+00
    0.172160000000000E+04    0.687101634910050E+00    0.471703882994081E+00
    0.172162000000000E+04    0.725969720988360E+00    0.471709033733099E+00
    0.172788000000000E+04    0.328163143220536E+00    0.471868996678430E+00
    0.172790000000000E+04    0.367037867326417E+00    0.471872138356283E+00
    0.173416000000000E+04    0.625504749803304E+01    0.471916434947094E+00
    0.173418000000000E+04    0.107385289206832E-01    0.471916177889705E+00
    0.174046000000000E+04    0.593736623722134E+01    0.471846898759302E+00
    0.174048000000000E+04    0.597624012905499E+01    0.471843500851268E+00
    0.174674000000000E+04    0.557776747469097E+01    0.471655631934820E+00
    0.174676000000000E+04    0.561663356337931E+01    0.471650316564713E+00
    0.175302000000000E+04    0.521268727422103E+01    0.471315641266362E+00
    0.175304000000000E+04    0.525154000177781E+01    0.471310558255932E+00
    0.175930000000000E+04    0.484046378730818E+01    0.470810056626106E+00
    0.175932000000000E+04    0.487929612697326E+01    0.470807084875965E+00
    0.176558000000000E+04    0.446039510446190E+01    0.470165095863229E+00
    0.176560000000000E+04    0.449920172333668E+01    0.470165115819502E+00
    0.177186000000000E+04    0.407290858652459E+01    0.469469382292523E+00
    0.177188000000000E+04    0.411168722716684E+01    0.469471595793800E+00
    0.177816000000000E+04    0.371824705100335E+01    0.468882654689301E+00
    0.177818000000000E+04    0.375700238919671E+01    0.468885217363596E+00
    0.178444000000000E+04    0.332107317352666E+01    0.468556893855965E+00
    0.178446000000000E+04    0.335981539602744E+01    0.468557872256494E+00
    0.179072000000000E+04    0.292287219556420E+01    0.468601433995010E+00
    0.179074000000000E+04    0.296161620090243E+01    0.468600122188877E+00
    0.179700000000000E+04    0.252636513709194E+01    0.468997947263019E+00
    0.179702000000000E+04    0.256512503526801E+01    0.468995337931107E+00
    0.180328000000000E+04    0.213419601418991E+01    0.469630489982443E+00
    0.180330000000000E+04    0.217298122472357E+01    0.469628584918133E+00
    0.180956000000000E+04    0.174837354377860E+01    0.470325823099718E+00
    0.180958000000000E+04    0.178718669215959E+01    0.470326381375420E+00
    0.181586000000000E+04    0.140902143338599E+01    0.470951135237596E+00
    0.181588000000000E+04    0.144785955455245E+01    0.470954542047175E+00
    0.182214000000000E+04    0.103859093832762E+01    0.471418464819317E+00
    0.182216000000000E+04    0.107744789204480E+01    0.471423718988554E+00
    0.182842000000000E+04    0.675030076516578E+00    0.471723728394643E+00
    0.182844000000000E+04    0.713898997837532E+00    0.471728822224623E+00
    0.183470000000000E+04    0.316379312730533E+00    0.471875975452285E+00
    0.183472000000000E+04    0.355254404637435E+00    0.471878860946567E+00
    0.184098000000000E+04    0.624333113217654E+01    0.471913384980060E+00
    0.184100000000000E+04    0.628220745386034E+01    0.471912934170881E+00
    0.184726000000000E+04    0.588661189075992E+01    0.471837501986666E+00
    0.184728000000000E+04    0.592548533493118E+01    0.471833872042098E+00
    0.185354000000000E+04    0.552667652460968E+01    0.471636673084853E+00
    0.185356000000000E+04    0.556554199184120E+01    0.471631306701121E+00
    0.185984000000000E+04    0.520000586578089E+01    0.471285361769595E+00
    0.185986000000000E+04    0.523885733158295E+01    0.471280332172258E+00
    0.186612000000000E+04    0.482720391713337E+01    0.470768380512403E+00
    0.186614000000000E+04    0.486603461442155E+01    0.470765602617636E+00
    0.187240000000000E+04    0.444659141038210E+01    0.470117184308670E+00
    0.187242000000000E+04    0.448539620508654E+01    0.470117393200203E+00
    0.187868000000000E+04    0.405868776443231E+01    0.469429979877368E+00
    0.187870000000000E+04    0.409746506787178E+01    0.469432293815154E+00
    0.188496000000000E+04    0.366497597735497E+01    0.468852719535410E+00
    0.188498000000000E+04    0.370372996945116E+01    0.468855184864443E+00
    0.189124000000000E+04    0.326766800611176E+01    0.468549897376839E+00
    0.189126000000000E+04    0.330641000232026E+01    0.468550672619910E+00
    0.189754000000000E+04    0.290825089040527E+01    0.468616509037785E+00
    0.189756000000000E+04    0.294699564834309E+01    0.468615119470293E+00
    0.190382000000000E+04    0.251205164236626E+01    0.469040441559711E+00
    0.190384000000000E+04    0.255081322954356E+01    0.469037817215503E+00
    0.191010000000000E+04    0.212028534324872E+01    0.469680289345165E+00
    0.191012000000000E+04    0.215907253003479E+01    0.469678505134608E+00
    0.191638000000000E+04    0.173503497150978E+01    0.470375274119502E+00
    0.191640000000000E+04    0.177385011719070E+01    0.470376014572307E+00
    0.192266000000000E+04    0.135743348634605E+01    0.470989522825684E+00
    0.192268000000000E+04    0.139627311715094E+01    0.470993132408498E+00
    0.192894000000000E+04    0.987542400285747E+00    0.471444644206499E+00
    0.192896000000000E+04    0.102640036133062E+01    0.471449988655391E+00
    0.193524000000000E+04    0.663251362401297E+00    0.471741800084819E+00
    0.193526000000000E+04    0.702120934106460E+00    0.471746792944955E+00
    0.194152000000000E+04    0.304884540063995E+00    0.471887781989044E+00
    0.194154000000000E+04    0.343760090008800E+00    0.471890487585342E+00
    0.194780000000000E+04    0.623196473821326E+01    0.471916062109752E+00
    0.194782000000000E+04    0.627084140092938E+01    0.471915452464606E+00
    0.195408000000000E+04    0.587526897484349E+01    0.471837050329578E+00
    0.195410000000000E+04    0.591414227397627E+01    0.471833267925013E+00
    0.196036000000000E+04    0.551510961398208E+01    0.471627285307405E+00
    0.196038000000000E+04    0.555397461377743E+01    0.471621880129970E+00
