    0.000000000000000E+00    0.190000000000000E+01    0.480000000000000E+00
    0.200000000000000E-01    0.193919998852098E+01    0.479999416460186E+00
    0.630000000000000E+01    0.168310444561254E+01    0.480656621664676E+00
    0.632000000000000E+01    0.172233085000649E+01    0.480657887206137E+00
    0.125800000000000E+02    0.143482387583243E+01    0.481274515432665E+00
    0.126000000000000E+02    0.147407488189397E+01    0.481277645579092E+00
    0.188600000000000E+02    0.119431452400574E+01    0.481824587565457E+00
    0.188800000000000E+02    0.123358762580963E+01    0.481829231462827E+00
    0.251400000000000E+02    0.961110499655213E+00    0.482287646258094E+00
    0.251600000000000E+02    0.100040184976745E+01    0.482293017314892E+00
    0.314200000000000E+02    0.734377473462509E+00    0.482657751206332E+00
    0.314400000000000E+02    0.773683879870077E+00    0.482663055398524E+00
    0.377000000000000E+02    0.512985366043921E+00    0.482936427422501E+00
    0.377200000000000E+02    0.552302840648821E+00    0.482940864900591E+00
    0.440000000000000E+02    0.334810167460574E+00    0.483118172210899E+00
    0.440200000000000E+02    0.374134893404900E+00    0.483121096340861E+00
    0.502800000000000E+02    0.119671816121496E+00    0.483203981553741E+00
    0.503000000000000E+02    0.158999875020527E+00    0.483204979597792E+00
    0.565600000000000E+02    0.618841265767139E+01    0.483195710580199E+00
    0.565800000000000E+02    0.622774045411924E+01    0.483194625836173E+00
    0.628400000000000E+02    0.597311319390370E+01    0.483092232049812E+00
    0.628600000000000E+02    0.601243740101768E+01    0.483089323739374E+00
    0.691200000000000E+02    0.575529435937247E+01    0.482908285129810E+00
    0.691400000000000E+02    0.579461057605818E+01    0.482903769373800E+00
    0.754000000000000E+02    0.553334520894521E+01    0.482619228058201E+00
    0.754200000000000E+02    0.557265000070970E+01    0.482613880115312E+00
    0.817000000000000E+02    0.534522943750872E+01    0.482231488008802E+00
    0.817200000000000E+02    0.538451859056829E+01    0.482226072587952E+00
    0.879800000000000E+02    0.511120737371866E+01    0.481758402883168E+00
    0.880000000000000E+02    0.515047779290686E+01    0.481753772075017E+00
    0.942600000000000E+02    0.486973527642277E+01    0.481198215457913E+00
    0.942800000000000E+02    0.490898319400503E+01    0.481195109443670E+00
    0.100540000000000E+03    0.462043636317873E+01    0.480577594827413E+00
    0.100560000000000E+03    0.465965947765636E+01    0.480576408241194E+00
    0.106820000000000E+03    0.436336080243080E+01    0.479919966185806E+00
    0.106840000000000E+03    0.440255750738285E+01    0.479920652774063E+00
    0.113100000000000E+03    0.409903312095400E+01    0.479276293836159E+00
    0.113120000000000E+03    0.413820421491718E+01    0.479278429646628E+00
    0.119400000000000E+03    0.386758676339821E+01    0.478706940872252E+00
    0.119420000000000E+03    0.390673505929612E+01    0.478709616571451E+00
    0.125680000000000E+03    0.359217423318307E+01    0.478274613494239E+00
    0.125700000000000E+03    0.363130511457715E+01    0.478276871372219E+00
    0.131960000000000E+03    0.331364142418374E+01    0.478030369357228E+00
    0.131980000000000E+03    0.335276263361465E+01    0.478031323337489E+00
    0.138240000000000E+03    0.303401112055298E+01    0.478021168844154E+00
    0.138260000000000E+03    0.307313172716516E+01    0.478020517029637E+00
    0.144520000000000E+03    0.275528614407102E+01    0.478241169301158E+00
    0.144540000000000E+03    0.279441575025635E+01    0.478239125693943E+00
    0.150800000000000E+03    0.247956730824774E+01    0.478658778643358E+00
    0.150820000000000E+03    0.251871399558848E+01    0.478656160487732E+00
    0.157080000000000E+03    0.220863277138966E+01    0.479234087920927E+00
    0.157100000000000E+03    0.224780210071509E+01    0.479231860430890E+00
    0.163380000000000E+03    0.198305638687742E+01    0.479874799561104E+00
    0.163400000000000E+03    0.202225145960335E+01    0.479873840176260E+00
    0.169660000000000E+03    0.172554266611110E+01    0.480535897837064E+00
    0.169680000000000E+03    0.176476413335058E+01    0.480536731992615E+00
    0.175940000000000E+03    0.147577333084485E+01    0.481164089587599E+00
    0.175960000000000E+03    0.151501998957531E+01    0.481166922307101E+00
    0.182220000000000E+03    0.123380575393088E+01    0.481725987002257E+00
    0.182240000000000E+03    0.127307473259236E+01    0.481730356234803E+00
    0.188500000000000E+03    0.999283855445583E+00    0.482206535997144E+00
    0.188520000000000E+03    0.103857221002630E+01    0.482211849930038E+00
    0.194780000000000E+03    0.771444404683962E+00    0.482599339674701E+00
    0.194800000000000E+03    0.810748520817583E+00    0.482604735330091E+00
    0.201080000000000E+03    0.588497020045565E+00    0.482899991208485E+00
    0.201100000000000E+03    0.627812931315532E+00    0.482904654647576E+00
    0.207360000000000E+03    0.370410709159842E+00    0.483096073369436E+00
    0.207380000000000E+03    0.409734611475130E+00    0.483099334389024E+00
    0.213640000000000E+03    0.155076644512008E+00    0.483206046915132E+00
    0.213660000000000E+03    0.194404979160083E+00    0.483207535570513E+00
    0.219920000000000E+03    0.622399109714127E+01    0.483217290641062E+00
    0.219940000000000E+03    0.626331974533389E+01    0.483216600926887E+00
    0.226200000000000E+03    0.600915369268205E+01    0.483133840815752E+00
    0.226220000000000E+03    0.604847945812554E+01    0.483131282417594E+00
    0.232480000000000E+03    0.579218540784581E+01    0.482966815943562E+00
    0.232500000000000E+03    0.583150447061951E+01    0.482962544952663E+00
    0.238780000000000E+03    0.561061315514337E+01    0.482689914307208E+00
    0.238800000000000E+03    0.564992060572087E+01    0.482684663880708E+00
    0.245060000000000E+03    0.538450512229724E+01    0.482326550801489E+00
    0.245080000000000E+03    0.542379828561224E+01    0.482321093175544E+00
    0.251340000000000E+03    0.515200205341762E+01    0.481869310887499E+00
    0.251360000000000E+03    0.519127674279099E+01    0.481864472052893E+00
    0.257620000000000E+03    0.491221551423024E+01    0.481328756553174E+00
    0.257640000000000E+03    0.495146869643077E+01    0.481325296017764E+00
    0.263900000000000E+03    0.466462336356733E+01    0.480715547206582E+00
    0.263920000000000E+03    0.470385196147026E+01    0.480713968970557E+00
    0.270180000000000E+03    0.440922055255533E+01    0.480062195722561E+00
    0.270200000000000E+03    0.444842324836839E+01    0.480062543257229E+00
    0.276480000000000E+03    0.418564907258201E+01    0.479417031028512E+00
    0.276500000000000E+03    0.422482583401245E+01    0.479418921965310E+00
    0.282760000000000E+03    0.391635446456633E+01    0.478823013295287E+00
    0.282780000000000E+03    0.395550734311655E+01    0.478825651600466E+00
    0.289040000000000E+03    0.364190081034656E+01    0.478356898923706E+00
    0.289060000000000E+03    0.368103508497336E+01    0.478359306403809E+00
    0.295320000000000E+03    0.336397463128901E+01    0.478072050226999E+00
    0.295340000000000E+03    0.340309749282835E+01    0.478073304416748E+00
    0.301600000000000E+03    0.308454741045080E+01    0.478015044401415E+00
    0.301620000000000E+03    0.312366771253517E+01    0.478014743680908E+00
    0.307880000000000E+03    0.280557258223814E+01    0.478184988108768E+00
    0.307900000000000E+03    0.284469985526255E+01    0.478183164523864E+00
    0.314160000000000E+03    0.252914940785013E+01    0.478569785805438E+00
    0.314180000000000E+03    0.256829237076931E+01    0.478567206865628E+00
    0.320460000000000E+03    0.229631593012994E+01    0.479109847989857E+00
    0.320480000000000E+03    0.233548028583448E+01    0.479107444033336E+00
    0.326740000000000E+03    0.203024670606760E+01    0.479741483537417E+00
    0.326760000000000E+03    0.206943657385170E+01    0.479740213782010E+00
    0.333020000000000E+03    0.177124069989532E+01    0.480404980904962E+00
    0.333040000000000E+03    0.181045693059900E+01    0.480405474721051E+00
    0.339300000000000E+03    0.151989184500133E+01    0.481044235209775E+00
    0.339320000000000E+03    0.155913363613877E+01    0.481046635929198E+00
    0.345580000000000E+03    0.127635939989932E+01    0.481617733732325E+00
    0.345600000000000E+03    0.131562442393329E+01    0.481621847818460E+00
    0.351860000000000E+03    0.104045366444984E+01    0.482121704303433E+00
    0.351880000000000E+03    0.107973867239059E+01    0.482126915583657E+00
    0.358160000000000E+03    0.850681458105782E+00    0.482531474220506E+00
    0.358180000000000E+03    0.889982799489530E+00    0.482536910545924E+00
    0.364440000000000E+03    0.627409710707639E+00    0.482847616104809E+00
    0.364460000000000E+03    0.666723646080072E+00    0.482852503236485E+00
    0.370720000000000E+03    0.408617233213363E+00    0.483064546181348E+00
    0.370740000000000E+03    0.447939833150599E+00    0.483068132849411E+00
    0.377000000000000E+03    0.192828120125569E+00    0.483189244236801E+00
    0.377020000000000E+03    0.232155601739805E+00    0.483191032935253E+00
    0.383280000000000E+03    0.626159158441010E+01    0.483219301676960E+00
    0.383300000000000E+03    0.177348516829170E-01    0.483219033443341E+00
    0.389560000000000E+03    0.604693418578120E+01    0.483158153128702E+00
    0.389580000000000E+03    0.608626051701549E+01    0.483155897150068E+00
    0.395860000000000E+03    0.586967219172266E+01    0.482997312137953E+00
    0.395880000000000E+03    0.590899200132583E+01    0.482993365780751E+00
    0.402140000000000E+03    0.564959829740110E+01    0.482746667937861E+00
    0.402160000000000E+03    0.568890811467338E+01    0.482741568068547E+00
    0.408420000000000E+03    0.542450784088987E+01    0.482397128586935E+00
    0.408440000000000E+03    0.546380354353619E+01    0.482391632201928E+00
    0.414700000000000E+03    0.519321628024170E+01    0.481959526329529E+00
    0.414720000000000E+03    0.523249468561551E+01    0.481954500358693E+00
    0.420980000000000E+03    0.495487202854292E+01    0.481437106205979E+00
    0.421000000000000E+03    0.499412949636985E+01    0.481433276938646E+00
    0.427260000000000E+03    0.470881067798712E+01    0.480836485698276E+00
    0.427280000000000E+03    0.474804428947414E+01    0.480834510432981E+00
    0.433540000000000E+03    0.445491589681535E+01    0.480191621947748E+00
    0.433560000000000E+03    0.449412349721513E+01    0.480191605741385E+00
    0.439840000000000E+03    0.423262259579553E+01    0.479531859000935E+00
    0.439860000000000E+03    0.427180399788131E+01    0.479533490777264E+00
    0.446120000000000E+03    0.396438043553871E+01    0.478923435088178E+00
    0.446140000000000E+03    0.400353718802364E+01    0.478925992029580E+00
    0.452400000000000E+03    0.369062397134951E+01    0.478422743024240E+00
    0.452420000000000E+03    0.372976087020368E+01    0.478425296641652E+00
    0.458680000000000E+03    0.341306128654298E+01    0.478102112891143E+00
    0.458700000000000E+03    0.345218502878095E+01    0.478103644824989E+00
    0.464960000000000E+03    0.313351046999685E+01    0.477989357536523E+00
    0.464980000000000E+03    0.317262989333608E+01    0.477989309535393E+00
    0.471240000000000E+03    0.285410862709944E+01    0.478125208489130E+00
    0.471260000000000E+03    0.289323359469608E+01    0.478123618187245E+00
    0.477540000000000E+03    0.261604607804418E+01    0.478468282939877E+00
    0.477560000000000E+03    0.265518477147589E+01    0.478465791846262E+00
    0.483820000000000E+03    0.234292082507409E+01    0.478983756717610E+00
    0.483840000000000E+03    0.238208016524936E+01    0.478981237360842E+00
    0.490100000000000E+03    0.207539639949084E+01    0.479602750916765E+00
    0.490120000000000E+03    0.211458049398880E+01    0.479601193710238E+00
    0.496380000000000E+03    0.181475196346173E+01    0.480262021158138E+00
    0.496400000000000E+03    0.185396253978001E+01    0.480262134769034E+00
    0.502660000000000E+03    0.156172062171322E+01    0.480909311988302E+00
    0.502680000000000E+03    0.160095707433561E+01    0.480911385260703E+00
    0.508940000000000E+03    0.131653507042347E+01    0.481499544756776E+00
    0.508960000000000E+03    0.135579538460263E+01    0.481503388756417E+00
    0.515240000000000E+03    0.111833404018239E+01    0.482022290189825E+00
    0.515260000000000E+03    0.115761503057536E+01    0.482027311111962E+00
    0.521520000000000E+03    0.887852479256026E+00    0.482449509238888E+00
    0.521540000000000E+03    0.927150558657559E+00    0.482454964162726E+00
    0.527800000000000E+03    0.663417222621774E+00    0.482783418680042E+00
    0.527820000000000E+03    0.702728557686214E+00    0.482788459490329E+00
    0.534080000000000E+03    0.443734178996465E+00    0.483019330303158E+00
    0.534100000000000E+03    0.483055008936390E+00    0.483023213059625E+00
    0.540360000000000E+03    0.227360038760025E+00    0.483161798877151E+00
    0.540380000000000E+03    0.266686445674395E+00    0.483163950170042E+00
    0.546640000000000E+03    0.127430428685784E-01    0.483214225621041E+00
    0.546660000000000E+03    0.520717890440210E-01    0.483214508662383E+00
    0.552940000000000E+03    0.612077731801492E+01    0.483170358586617E+00
    0.552960000000000E+03    0.616010403419750E+01    0.483168499843138E+00
    0.559220000000000E+03    0.590459834133458E+01    0.483028599195321E+00
    0.559240000000000E+03    0.594391939700427E+01    0.483024935527901E+00
    0.565500000000000E+03    0.568523239734395E+01    0.482799765022010E+00
    0.565520000000000E+03    0.572454440959996E+01    0.482794848765239E+00
    0.571780000000000E+03    0.546118907868868E+01    0.482470323803803E+00
    0.571800000000000E+03    0.550048778348241E+01    0.482464847684054E+00
    0.578060000000000E+03    0.523117698924557E+01    0.482049242457060E+00
    0.578080000000000E+03    0.527045890464251E+01    0.482044075329760E+00
    0.584340000000000E+03    0.499419080058419E+01    0.481537657747637E+00
    0.584360000000000E+03    0.503345255796057E+01    0.481533567790193E+00
    0.590620000000000E+03    0.474967076161829E+01    0.480959210702031E+00
    0.590640000000000E+03    0.478890926050963E+01    0.480956888008772E+00
    0.596920000000000E+03    0.453650177184613E+01    0.480314682714715E+00
    0.596940000000000E+03    0.457571428355959E+01    0.480314215302769E+00
    0.603200000000000E+03    0.427638703623870E+01    0.479658138382694E+00
    0.603220000000000E+03    0.431557344815542E+01    0.479659493406465E+00
    0.609480000000000E+03    0.400940334620009E+01    0.479036777242061E+00
    0.609500000000000E+03    0.404856473387736E+01    0.479039234373839E+00
    0.615760000000000E+03    0.373665012812035E+01    0.478508993064784E+00
    0.615780000000000E+03    0.377579053479531E+01    0.478511597243236E+00
    0.622040000000000E+03    0.345973153537170E+01    0.478147228707130E+00
    0.622060000000000E+03    0.349885733261272E+01    0.478148979529742E+00
    0.628320000000000E+03    0.318051194838085E+01    0.477999828264514E+00
    0.628340000000000E+03    0.321963191386385E+01    0.478000079387693E+00
    0.634620000000000E+03    0.294015157377657E+01    0.478083804409804E+00
    0.634640000000000E+03    0.297927488398000E+01    0.478082542231047E+00
    0.640900000000000E+03    0.266247866966341E+01    0.478392684293868E+00
    0.640920000000000E+03    0.270161452119078E+01    0.478390335682904E+00
    0.647180000000000E+03    0.238847690098078E+01    0.478878224926073E+00
    0.647200000000000E+03    0.242763197812633E+01    0.478875626555240E+00
    0.653460000000000E+03    0.211984277228089E+01    0.479482993301639E+00
    0.653480000000000E+03    0.215902216215500E+01    0.479481162580737E+00
    0.659740000000000E+03    0.185781477216688E+01    0.480138028134979E+00
    0.659760000000000E+03    0.189702030497551E+01    0.480137803501915E+00
    0.666020000000000E+03    0.160330487372585E+01    0.480788905894954E+00
    0.666040000000000E+03    0.164253658381904E+01    0.480790619774826E+00
    0.672320000000000E+03    0.139591309960156E+01    0.481398947232923E+00
    0.672340000000000E+03    0.143516911707638E+01    0.481402433853881E+00
    0.678600000000000E+03    0.115699634689577E+01    0.481929683248920E+00
    0.678620000000000E+03    0.119627375294681E+01    0.481934535971535E+00
    0.684880000000000E+03    0.925239000052443E+00    0.482377839714277E+00
    0.684900000000000E+03    0.964533922785677E+00    0.482383267110672E+00
    0.691160000000000E+03    0.699644599419344E+00    0.482719866476036E+00
    0.691180000000000E+03    0.738953253215186E+00    0.482725075115255E+00
    0.697440000000000E+03    0.479137750274049E+00    0.482978902402810E+00
    0.697460000000000E+03    0.518456967976363E+00    0.482983071819932E+00
    0.703720000000000E+03    0.262228702207722E+00    0.483138739487267E+00
    0.703740000000000E+03    0.301554241236545E+00    0.483141249671802E+00
    0.710000000000000E+03    0.473934310475670E-01    0.483209530272558E+00
    0.710020000000000E+03    0.867216970923437E-01    0.483210018659541E+00
    0.716300000000000E+03    0.615543464972211E+01    0.483179069621392E+00
    0.716320000000000E+03    0.619476177987235E+01    0.483177577900096E+00
    0.722580000000000E+03    0.593967618672559E+01    0.483058477984599E+00
    0.722600000000000E+03    0.597899844896074E+01    0.483055114687988E+00
    0.728860000000000E+03    0.572092884279959E+01    0.482838660571665E+00
    0.728880000000000E+03    0.576024223691002E+01    0.482833910942349E+00
    0.735140000000000E+03    0.549775930253804E+01    0.482527203137381E+00
    0.735160000000000E+03    0.553706061117100E+01    0.482521784026994E+00
    0.741420000000000E+03    0.526896898393466E+01    0.482133069795797E+00
    0.741440000000000E+03    0.530825493210500E+01    0.482127772942469E+00
    0.747700000000000E+03    0.503334832563132E+01    0.481637406145211E+00
    0.747720000000000E+03    0.507261378873045E+01    0.481633096436104E+00
    0.754000000000000E+03    0.482938238575980E+01    0.481061950299047E+00
    0.754020000000000E+03    0.486862489119471E+01    0.481059201713373E+00
    0.760280000000000E+03    0.457831358270755E+01    0.480429476034079E+00
    0.760300000000000E+03    0.461753071105682E+01    0.480428658741736E+00
    0.766560000000000E+03    0.431952212338706E+01    0.479772276409450E+00
    0.766580000000000E+03    0.435871305545311E+01    0.479773346893371E+00
    0.772840000000000E+03    0.405362617155515E+01    0.479136959252856E+00
    0.772860000000000E+03    0.409279145827099E+01    0.479139270375799E+00
    0.779120000000000E+03    0.378175992310798E+01    0.478590286844561E+00
    0.779140000000000E+03    0.382090358470077E+01    0.478592941841413E+00
    0.785400000000000E+03    0.350540935399454E+01    0.478193249952153E+00
    0.785420000000000E+03    0.354453701378270E+01    0.478195234946526E+00
    0.791700000000000E+03    0.326555631231804E+01    0.478004852024035E+00
    0.791720000000000E+03    0.330467649038883E+01    0.478005484723965E+00
    0.797980000000000E+03    0.298590126612589E+01    0.478045904601174E+00
    0.798000000000000E+03    0.302502305910866E+01    0.478044901399460E+00
    0.804260000000000E+03    0.270763440956853E+01    0.478312080027754E+00
    0.804280000000000E+03    0.274676679467734E+01    0.478309841620809E+00
    0.810540000000000E+03    0.243273168738597E+01    0.478769938934390E+00
    0.810560000000000E+03    0.247188272457470E+01    0.478767325194771E+00
    0.816820000000000E+03    0.216293107538399E+01    0.479360549129895E+00
    0.816840000000000E+03    0.220210546894691E+01    0.479358531047138E+00
    0.823100000000000E+03    0.189948969856528E+01    0.480006148793598E+00
    0.823120000000000E+03    0.193868995737057E+01    0.480005601492155E+00
    0.829400000000000E+03    0.168265325142875E+01    0.480663615756394E+00
    0.829420000000000E+03    0.172187986828476E+01    0.480664914789281E+00
    0.835680000000000E+03    0.143440277771310E+01    0.481279405549712E+00
    0.835700000000000E+03    0.147365401917364E+01    0.481282606590879E+00
    0.841960000000000E+03    0.119396233707425E+01    0.481826552407727E+00
    0.841980000000000E+03    0.123323583212641E+01    0.481831170393834E+00
    0.848240000000000E+03    0.960928107365589E+00    0.482295087889119E+00
    0.848260000000000E+03    0.100022015581021E+01    0.482300501503729E+00
    0.854520000000000E+03    0.734324192369513E+00    0.482661472502557E+00
    0.854540000000000E+03    0.773630688768662E+00    0.482666761845181E+00
    0.860800000000000E+03    0.512971786902654E+00    0.482936703133731E+00
    0.860820000000000E+03    0.552289331647216E+00    0.482941092245364E+00
    0.867080000000000E+03    0.295502549258799E+00    0.483116752391919E+00
    0.867100000000000E+03    0.334827233241185E+00    0.483119581622080E+00
    0.873380000000000E+03    0.119700917269711E+00    0.483202991562108E+00
    0.873400000000000E+03    0.159028909642529E+00    0.483203951541780E+00
    0.879660000000000E+03    0.618840878931883E+01    0.483191923563419E+00
    0.879680000000000E+03    0.622773644354993E+01    0.483190795934012E+00
    0.885940000000000E+03    0.597296855920649E+01    0.483088814383950E+00
    0.885960000000000E+03    0.601229183850978E+01    0.483085790584146E+00
    0.892220000000000E+03    0.575484152091849E+01    0.482887340598949E+00
    0.892240000000000E+03    0.579415671224729E+01    0.482882786636153E+00
    0.898500000000000E+03    0.553256643658369E+01    0.482599097611587E+00
    0.898520000000000E+03    0.557187037762878E+01    0.482593734977605E+00
    0.904780000000000E+03    0.530485435542505E+01    0.482213673999844E+00
    0.904800000000000E+03    0.534414279622092E+01    0.482208291600496E+00
    0.911080000000000E+03    0.510978794680477E+01    0.481732926412962E+00
    0.911100000000000E+03    0.514905733549585E+01    0.481728327268371E+00
    0.917360000000000E+03    0.486796629483911E+01    0.481170156369507E+00
    0.917380000000000E+03    0.490721296984589E+01    0.481166954485017E+00
    0.923640000000000E+03    0.461826133092154E+01    0.480546601460750E+00
    0.923660000000000E+03    0.465748329986809E+01    0.480545444187833E+00
    0.929920000000000E+03    0.436085528284025E+01    0.479892087248559E+00
    0.929940000000000E+03    0.440005096151026E+01    0.479892854668935E+00
    0.936200000000000E+03    0.409618620099013E+01    0.479246278028651E+00
    0.936220000000000E+03    0.413535618287369E+01    0.479248435881778E+00
    0.942480000000000E+03    0.382532366355872E+01    0.478679103244215E+00
    0.942500000000000E+03    0.386447078916376E+01    0.478681768217370E+00
    0.948780000000000E+03    0.358875159283957E+01    0.478249780635143E+00
    0.948800000000000E+03    0.362788158132298E+01    0.478251975893576E+00
    0.955060000000000E+03    0.331002037439612E+01    0.478017433076567E+00
    0.955080000000000E+03    0.334914094324813E+01    0.478018341145613E+00
    0.961340000000000E+03    0.303023258933877E+01    0.478014401026326E+00
    0.961360000000000E+03    0.306935315080636E+01    0.478013679082681E+00
    0.967620000000000E+03    0.275150382251354E+01    0.478242362276683E+00
    0.967640000000000E+03    0.279063358452163E+01    0.478240309015725E+00
    0.973900000000000E+03    0.247582454364601E+01    0.478673261044536E+00
    0.973920000000000E+03    0.251497144846167E+01    0.478670620050176E+00
    0.980180000000000E+03    0.220488154579652E+01    0.479241531612737E+00
    0.980200000000000E+03    0.224405117424840E+01    0.479239333068859E+00
    0.986480000000000E+03    0.197939137711955E+01    0.479884532395635E+00
    0.986500000000000E+03    0.201858690890776E+01    0.479883627440235E+00
    0.992760000000000E+03    0.172195851338324E+01    0.480543352624536E+00
    0.992780000000000E+03    0.176118024414677E+01    0.480544198262600E+00
    0.999040000000000E+03    0.147226279003803E+01    0.481168940990040E+00
    0.999060000000000E+03    0.151150969787977E+01    0.481171828412574E+00
    0.100532000000000E+04    0.123039828201581E+01    0.481730191695959E+00
    0.100534000000000E+04    0.126966748389373E+01    0.481734610204564E+00
    0.101160000000000E+04    0.995944052693631E+00    0.482208423427105E+00
    0.101162000000000E+04    0.103523251344700E+01    0.482213759635693E+00
    0.101788000000000E+04    0.768106390147523E+00    0.482593510543420E+00
    0.101790000000000E+04    0.807410024044884E+00    0.482598884602377E+00
    0.102416000000000E+04    0.545798999811495E+00    0.482886188801242E+00
    0.102418000000000E+04    0.585114502308215E+00    0.482890803724896E+00
    0.103046000000000E+04    0.366952306332223E+00    0.483084065489592E+00
    0.103048000000000E+04    0.406275668990475E+00    0.483087279590628E+00
    0.103674000000000E+04    0.151432235617904E+00    0.483185895920754E+00
    0.103676000000000E+04    0.190759601729951E+00    0.483187223533440E+00
    0.104302000000000E+04    0.622003998532909E+01    0.483191083122749E+00
    0.104304000000000E+04    0.625936757998579E+01    0.483190325318711E+00
    0.104930000000000E+04    0.600479411058768E+01    0.483106330383390E+00
    0.104932000000000E+04    0.604411808965642E+01    0.483103611540210E+00
    0.105558000000000E+04    0.578716920962734E+01    0.482924519525330E+00
    0.105560000000000E+04    0.582648610828164E+01    0.482920193809424E+00
    0.106186000000000E+04    0.556572542659751E+01    0.482646047544281E+00
    0.106188000000000E+04    0.560503154538674E+01    0.482640784862561E+00
    0.106816000000000E+04    0.537835051347110E+01    0.482282347950312E+00
    0.106818000000000E+04    0.541764172016701E+01    0.482276893301609E+00
    0.107444000000000E+04    0.514520796994839E+01    0.481821214016684E+00
    0.107446000000000E+04    0.518448083758631E+01    0.481816426098799E+00
    0.108072000000000E+04    0.490478127027654E+01    0.481277330301345E+00
    0.108074000000000E+04    0.494403232215791E+01    0.481273893168156E+00
    0.108700000000000E+04    0.465654674513735E+01    0.480662939206317E+00
    0.108702000000000E+04    0.469577328139439E+01    0.480661460017943E+00
    0.109328000000000E+04    0.440046306244267E+01    0.480006301172268E+00
    0.109330000000000E+04    0.443966319326682E+01    0.480006720437910E+00
    0.109956000000000E+04    0.413700764823307E+01    0.479355585018199E+00
    0.109958000000000E+04    0.417618189498398E+01    0.479357558631958E+00
    0.110586000000000E+04    0.390627103361749E+01    0.478773244901216E+00
    0.110588000000000E+04    0.394542203953779E+01    0.478775907107591E+00
    0.111214000000000E+04    0.363130726453164E+01    0.478315474671999E+00
    0.111216000000000E+04    0.367043975379056E+01    0.478317818048857E+00
    0.111842000000000E+04    0.335295868471121E+01    0.478041952104002E+00
    0.111844000000000E+04    0.339208037082381E+01    0.478043118057098E+00
    0.112470000000000E+04    0.307324307876706E+01    0.477999371066142E+00
    0.112472000000000E+04    0.311236306481305E+01    0.477998954811550E+00
    0.113098000000000E+04    0.279419093520164E+01    0.478188336701328E+00
    0.113100000000000E+04    0.283331840441406E+01    0.478186449123547E+00
    0.113726000000000E+04    0.251782945140212E+01    0.478584951003129E+00
    0.113728000000000E+04    0.255697312665916E+01    0.478582367766437E+00
    0.114354000000000E+04    0.224596359466022E+01    0.479135179732076E+00
    0.114356000000000E+04    0.228512897351720E+01    0.479132833015507E+00
    0.114984000000000E+04    0.201926623736608E+01    0.479768243071259E+00
    0.114986000000000E+04    0.205845697993482E+01    0.479767036903398E+00
    0.115612000000000E+04    0.176050910286676E+01    0.480431035332312E+00
    0.115614000000000E+04    0.179972642447365E+01    0.480431639299138E+00
    0.116240000000000E+04    0.150944427323566E+01    0.481065267255984E+00
    0.116242000000000E+04    0.154868701420673E+01    0.481067826068126E+00
    0.116868000000000E+04    0.126626589102261E+01    0.481641531733579E+00
    0.116870000000000E+04    0.130553162384103E+01    0.481645757289396E+00
    0.117496000000000E+04    0.103059236568015E+01    0.482132889847353E+00
    0.117498000000000E+04    0.106987789819050E+01    0.482138122158386E+00
    0.118124000000000E+04    0.801759642693924E+00    0.482536819526314E+00
    0.118126000000000E+04    0.841061199185788E+00    0.482542248287205E+00
    0.118754000000000E+04    0.617934212803448E+00    0.482850615678316E+00
    0.118756000000000E+04    0.657248269216780E+00    0.482855451253330E+00
    0.119382000000000E+04    0.399191145805162E+00    0.483059577047425E+00
    0.119384000000000E+04    0.438513463619074E+00    0.483063072922365E+00
    0.120010000000000E+04    0.183389423260905E+00    0.483181054676102E+00
    0.120012000000000E+04    0.222716550750647E+00    0.483182693173670E+00
    0.120638000000000E+04    0.625207115421472E+01    0.483202500198503E+00
    0.120640000000000E+04    0.821373283542925E-02    0.483202093497655E+00
    0.121266000000000E+04    0.603713642840103E+01    0.483134381244517E+00
    0.121268000000000E+04    0.607646179668927E+01    0.483131989764694E+00
    0.121894000000000E+04    0.582015726868167E+01    0.482970398553390E+00
    0.121896000000000E+04    0.585947600279815E+01    0.482966308512693E+00
    0.122524000000000E+04    0.563888839104993E+01    0.482708139612346E+00
    0.122526000000000E+04    0.567819664191893E+01    0.482702982917759E+00
    0.123152000000000E+04    0.541319838740947E+01    0.482354651461945E+00
    0.123154000000000E+04    0.545249247682204E+01    0.482349168128429E+00
    0.123780000000000E+04    0.518127771707668E+01    0.481910050869118E+00
    0.123782000000000E+04    0.522055407619882E+01    0.481905057148694E+00
    0.124408000000000E+04    0.494219561796444E+01    0.481382295011257E+00
    0.124410000000000E+04    0.498145094201800E+01    0.481378631060386E+00
    0.125036000000000E+04    0.469535389612565E+01    0.480775510041776E+00
    0.125038000000000E+04    0.473458479041619E+01    0.480773598841869E+00
    0.125664000000000E+04    0.444065143225725E+01    0.480126232622985E+00
    0.125666000000000E+04    0.447985652997977E+01    0.480126375268902E+00
    0.126294000000000E+04    0.421765554590002E+01    0.479472552403492E+00
    0.126296000000000E+04    0.425683431499101E+01    0.479474250279355E+00
    0.126922000000000E+04    0.394881865381421E+01    0.478870401468860E+00
    0.126924000000000E+04    0.398797352092924E+01    0.478873006209580E+00
    0.127550000000000E+04    0.367463850782633E+01    0.478384308061814E+00
    0.127552000000000E+04    0.371377387817074E+01    0.478386803563205E+00
    0.128178000000000E+04    0.339681924474462E+01    0.478077410719611E+00
    0.128180000000000E+04    0.343594226676032E+01    0.478078842316453E+00
    0.128806000000000E+04    0.311720577784081E+01    0.477989424996738E+00
    0.128808000000000E+04    0.315632531470874E+01    0.477989281507859E+00
    0.129434000000000E+04    0.283789933989237E+01    0.478139973566907E+00
    0.129436000000000E+04    0.287702470510385E+01    0.478138314533420E+00
    0.130062000000000E+04    0.256086805242421E+01    0.478501096801924E+00
    0.130064000000000E+04    0.260000807244614E+01    0.478498544717455E+00
    0.130692000000000E+04    0.232722376260472E+01    0.479021738087916E+00
    0.130694000000000E+04    0.236638479810244E+01    0.479019262195058E+00
    0.131320000000000E+04    0.206023954054672E+01    0.479654664608630E+00
    0.131322000000000E+04    0.209942588740569E+01    0.479653193209082E+00
    0.131948000000000E+04    0.180015024612658E+01    0.480313349134185E+00
    0.131950000000000E+04    0.183936280261696E+01    0.480313618391150E+00
    0.132576000000000E+04    0.154770919966677E+01    0.480955856818234E+00
    0.132578000000000E+04    0.158694754703356E+01    0.480958084090689E+00
    0.133204000000000E+04    0.130314337289428E+01    0.481544615786581E+00
    0.133206000000000E+04    0.134240523419749E+01    0.481548591831228E+00
    0.133832000000000E+04    0.106617488578922E+01    0.482051753886228E+00
    0.133834000000000E+04    0.110545717039759E+01    0.482056865197468E+00
    0.134462000000000E+04    0.875517317033882E+00    0.482480831166189E+00
    0.134464000000000E+04    0.914816632980092E+00    0.482486301884545E+00
    0.135090000000000E+04    0.651482010314339E+00    0.482799573436611E+00
    0.135092000000000E+04    0.690794023062608E+00    0.482804549369219E+00
    0.135718000000000E+04    0.432128056183501E+00    0.483030803426980E+00
    0.135720000000000E+04    0.471449288405438E+00    0.483034582293162E+00
    0.136346000000000E+04    0.215884123786964E+00    0.483164515746467E+00
    0.136348000000000E+04    0.255210684321355E+00    0.483166554182679E+00
    0.136974000000000E+04    0.123509356672002E-02    0.483207961307665E+00
    0.136976000000000E+04    0.405630907298473E-01    0.483207970082920E+00
    0.137602000000000E+04    0.606960192994165E+01    0.483151125557888E+00
    0.137604000000000E+04    0.610892761038394E+01    0.483149048090165E+00
    0.138232000000000E+04    0.589233692564994E+01    0.483003655229323E+00
    0.138234000000000E+04    0.593165705642741E+01    0.482999883652705E+00
    0.138860000000000E+04    0.567253494564739E+01    0.482764130269701E+00
    0.138862000000000E+04    0.571184538729449E+01    0.482759124793355E+00
    0.139488000000000E+04    0.544790405452386E+01    0.482428244342360E+00
    0.139490000000000E+04    0.548720117158655E+01    0.482422764280371E+00
    0.140116000000000E+04    0.521725219378141E+01    0.482002027600079E+00
    0.140118000000000E+04    0.525653220024242E+01    0.481996917497513E+00
    0.140744000000000E+04    0.497956046671106E+01    0.481485116254997E+00
    0.140746000000000E+04    0.501881997532064E+01    0.481481179022452E+00
    0.141372000000000E+04    0.473424377466790E+01    0.480895703681522E+00
    0.141374000000000E+04    0.477347957283473E+01    0.480893529888587E+00
    0.142000000000000E+04    0.448103102144114E+01    0.480250104627485E+00
    0.142002000000000E+04    0.452024098008042E+01    0.480249882014582E+00
    0.142630000000000E+04    0.425942313352516E+01    0.479594427046051E+00
    0.142632000000000E+04    0.429860694256649E+01    0.479595907715475E+00
    0.143258000000000E+04    0.399176202348781E+01    0.478977067424499E+00
    0.143260000000000E+04    0.403092110310490E+01    0.478979589330038E+00
    0.143886000000000E+04    0.371855885931154E+01    0.478468511939467E+00
    0.143888000000000E+04    0.375769768340388E+01    0.478471088858712E+00
    0.144514000000000E+04    0.344141345984463E+01    0.478123057238519E+00
    0.144516000000000E+04    0.348053831677271E+01    0.478124724083147E+00
    0.145142000000000E+04    0.316203030193446E+01    0.477991357994295E+00
    0.145144000000000E+04    0.320114985526652E+01    0.477991497217060E+00
    0.145770000000000E+04    0.288259000059861E+01    0.478102581818344E+00
    0.145772000000000E+04    0.292171402560143E+01    0.478101141745377E+00
    0.146400000000000E+04    0.264422330796788E+01    0.478424542109734E+00
    0.146402000000000E+04    0.268336025704957E+01    0.478422112534912E+00
    0.147028000000000E+04    0.237061128587720E+01    0.478925485668551E+00
    0.147030000000000E+04    0.240976829010106E+01    0.478922922501590E+00
    0.147656000000000E+04    0.210246093439127E+01    0.479535877240369E+00
    0.147658000000000E+04    0.214164243621781E+01    0.479534171491013E+00
    0.148284000000000E+04    0.184109872833187E+01    0.480196415778761E+00
    0.148286000000000E+04    0.188030660390177E+01    0.480196325055963E+00
    0.148912000000000E+04    0.158727625513484E+01    0.480844688602797E+00
    0.148914000000000E+04    0.162651027238326E+01    0.480846570174798E+00
    0.149540000000000E+04    0.134134571588766E+01    0.481445585536417E+00
    0.149542000000000E+04    0.138060360963391E+01    0.481449283592710E+00
    0.150170000000000E+04    0.114236254810430E+01    0.481976571452564E+00
    0.150172000000000E+04    0.118164162383937E+01    0.481981493539759E+00
    0.150798000000000E+04    0.911192795104853E+00    0.482409461989088E+00
    0.150800000000000E+04    0.950489249800285E+00    0.482414918782504E+00
    0.151426000000000E+04    0.686233796986926E+00    0.482754844376427E+00
    0.151428000000000E+04    0.725544086246373E+00    0.482759970848722E+00
    0.152054000000000E+04    0.466165124840700E+00    0.483003388100312E+00
    0.152056000000000E+04    0.505485257165674E+00    0.483007427248179E+00
    0.152682000000000E+04    0.249554719269327E+00    0.483155438320446E+00
    0.152684000000000E+04    0.288880939416231E+00    0.483157837788253E+00
    0.153310000000000E+04    0.348470527978861E-01    0.483216278463184E+00
    0.153312000000000E+04    0.741754932382719E-01    0.483216635160694E+00
    0.153940000000000E+04    0.614285028697850E+01    0.483178459690594E+00
    0.153942000000000E+04    0.618217738854537E+01    0.483176806491846E+00
    0.154568000000000E+04    0.592697072342253E+01    0.483045511841174E+00
    0.154570000000000E+04    0.596629284315713E+01    0.483042069858484E+00
    0.155196000000000E+04    0.570810744938171E+01    0.482833613026364E+00
    0.155198000000000E+04    0.574742067062152E+01    0.482828784384030E+00
    0.155824000000000E+04    0.548469518938782E+01    0.482514825990234E+00
    0.155826000000000E+04    0.552399580890688E+01    0.482509373072366E+00
    0.156452000000000E+04    0.525549188129389E+01    0.482108986965210E+00
    0.156454000000000E+04    0.529477616110307E+01    0.482103742348957E+00
    0.157080000000000E+04    0.501942463747082E+01    0.481608744106832E+00
    0.157082000000000E+04    0.505868905571242E+01    0.481604536972116E+00
    0.157708000000000E+04    0.477581760420389E+01    0.481031380364357E+00
    0.157710000000000E+04    0.481505882451575E+01    0.481028843763537E+00
    0.158338000000000E+04    0.456354976155171E+01    0.480394652087660E+00
    0.158340000000000E+04    0.460276551798006E+01    0.480393996071318E+00
    0.158966000000000E+04    0.430432887334609E+01    0.479733474420198E+00
    0.158968000000000E+04    0.434351837295162E+01    0.479734649267339E+00
    0.159594000000000E+04    0.403836458792830E+01    0.479090035419034E+00
    0.159596000000000E+04    0.407753359498656E+01    0.479091841534027E+00
    0.160222000000000E+04    0.376751884032046E+01    0.478628670475287E+00
    0.160224000000000E+04    0.380666551591457E+01    0.478632500877242E+00
    0.160850000000000E+04    0.349203125840722E+01    0.478260782203980E+00
    0.160852000000000E+04    0.353116163363165E+01    0.478262699949892E+00
    0.161478000000000E+04    0.321397020545191E+01    0.478083037634968E+00
    0.161480000000000E+04    0.325309343630261E+01    0.478083518066990E+00
    0.162108000000000E+04    0.297448494871333E+01    0.478136342913539E+00
    0.162110000000000E+04    0.301361034841830E+01    0.478135266746170E+00
    0.162736000000000E+04    0.269742801119355E+01    0.478421303942102E+00
    0.162738000000000E+04    0.273656490505573E+01    0.478419050594369E+00
    0.163364000000000E+04    0.242383562343502E+01    0.478883379590739E+00
    0.163366000000000E+04    0.246299090540288E+01    0.478880753875174E+00
    0.163992000000000E+04    0.215537793979593E+01    0.479474196803997E+00
    0.163994000000000E+04    0.219455687274149E+01    0.479472228831634E+00
    0.164620000000000E+04    0.189338625262189E+01    0.480125948149365E+00
    0.164622000000000E+04    0.193259137610221E+01    0.480125463255426E+00
    0.165248000000000E+04    0.163882954996097E+01    0.480782122896817E+00
    0.165250000000000E+04    0.167806088428688E+01    0.480783517447732E+00
    0.165878000000000E+04    0.143134195847097E+01    0.481397947426272E+00
    0.165880000000000E+04    0.147059803937918E+01    0.481401197893995E+00
    0.166506000000000E+04    0.119239900579441E+01    0.481943066796258E+00
    0.166508000000000E+04    0.123167670643579E+01    0.481947721454961E+00
    0.167134000000000E+04    0.960721431025831E+00    0.482403096043562E+00
    0.167136000000000E+04    0.100001768426455E+01    0.482408504320466E+00
    0.167762000000000E+04    0.735455743961211E+00    0.482769839226681E+00
    0.167764000000000E+04    0.774766404684669E+00    0.482775121483160E+00
    0.168390000000000E+04    0.515459748852663E+00    0.483043968976914E+00
    0.168392000000000E+04    0.554781566258953E+00    0.483048362928040E+00
    0.169018000000000E+04    0.299319767846555E+00    0.483220845850188E+00
    0.169020000000000E+04    0.338648576103878E+00    0.483223687562977E+00
    0.169648000000000E+04    0.124866058391035E+00    0.483308603715846E+00
    0.169650000000000E+04    0.164198399025736E+00    0.483309569562952E+00
    0.170276000000000E+04    0.619492736396387E+01    0.483298584656067E+00
    0.170278000000000E+04    0.623425921843773E+01    0.483297464109698E+00
    0.170904000000000E+04    0.598081324963050E+01    0.483192887776462E+00
    0.170906000000000E+04    0.602014085646715E+01    0.483189863865386E+00
    0.171532000000000E+04    0.576411716387975E+01    0.482996188372844E+00
    0.171534000000000E+04    0.580343726831461E+01    0.482991713367743E+00
    0.172160000000000E+04    0.554337339611402E+01    0.482707926807148E+00
    0.172162000000000E+04    0.558268184872941E+01    0.482702488045542E+00
    0.172788000000000E+04    0.531706910200819E+01    0.482323208094302E+00
    0.172790000000000E+04    0.535636201591478E+01    0.482317819246972E+00
    0.173416000000000E+04    0.508419237817134E+01    0.481850096039197E+00
    0.173418000000000E+04    0.512346638706731E+01    0.481845494610217E+00
    0.174046000000000E+04    0.488318701329081E+01    0.481293293992749E+00
    0.174048000000000E+04    0.492243884824620E+01    0.481290108038356E+00
    0.174674000000000E+04    0.463505268969629E+01    0.480667750253588E+00
    0.174676000000000E+04    0.467427948986051E+01    0.480666491768938E+00
    0.175302000000000E+04    0.437914247049866E+01    0.480014167909855E+00
    0.175304000000000E+04    0.441834303581618E+01    0.480014839367328E+00
    0.175930000000000E+04    0.411593097371497E+01    0.479367118908521E+00
    0.175932000000000E+04    0.415510579081229E+01    0.479369216910280E+00
    0.176558000000000E+04    0.384645818249646E+01    0.478794647989774E+00
    0.176560000000000E+04    0.388560992100565E+01    0.478797314205607E+00
    0.177186000000000E+04    0.357204917252920E+01    0.478352572233004E+00
    0.177188000000000E+04    0.361118327033955E+01    0.478354783281465E+00
    0.177816000000000E+04    0.333362283773158E+01    0.478108445197602E+00
    0.177818000000000E+04    0.337274704370702E+01    0.478109466258273E+00
    0.178444000000000E+04    0.305486550337628E+01    0.478088410433911E+00
    0.178446000000000E+04    0.309398902582689E+01    0.478087810874663E+00
    0.179072000000000E+04    0.277703200359974E+01    0.478301923469702E+00
    0.179074000000000E+04    0.281616404231045E+01    0.478299933914487E+00
    0.179700000000000E+04    0.250204230297868E+01    0.478714304401189E+00
    0.179702000000000E+04    0.254119084372542E+01    0.478711676995699E+00
    0.180328000000000E+04    0.223172616529519E+01    0.479274361582265E+00
    0.180330000000000E+04    0.227089714117801E+01    0.479272089030317E+00
    0.180956000000000E+04    0.196750752350044E+01    0.479913700295901E+00
    0.180958000000000E+04    0.200670414014121E+01    0.479912691526997E+00
    0.181586000000000E+04    0.174971524959710E+01    0.480574743466468E+00
    0.181588000000000E+04    0.178893827738011E+01    0.480575458149413E+00
