    0.000000000000000E+00    0.190000000000000E+01    0.490000000000000E+00
    0.200000000000000E-01    0.193959998850282E+01    0.489999415078410E+00
    0.630000000000000E+01    0.180927747075075E+01    0.490631291360632E+00
    0.632000000000000E+01    0.184890284818720E+01    0.490631562567216E+00
    0.125800000000000E+02    0.168666666190653E+01    0.491266453653370E+00
    0.126000000000000E+02    0.172631736909102E+01    0.491267655652154E+00
    0.188600000000000E+02    0.157189273154592E+01    0.491898149255320E+00
    0.188800000000000E+02    0.161156874359645E+01    0.491900227250888E+00
    0.251400000000000E+02    0.146497439464945E+01    0.492516782606553E+00
    0.251600000000000E+02    0.150467488631921E+01    0.492519523222442E+00
    0.314200000000000E+02    0.136577085795187E+01    0.493121209269768E+00
    0.314400000000000E+02    0.140549579771837E+01    0.493124777412037E+00
    0.377000000000000E+02    0.127442773430195E+01    0.493713141929618E+00
    0.377200000000000E+02    0.131417636383024E+01    0.493717264589723E+00
    0.440000000000000E+02    0.123038934426643E+01    0.494287780101883E+00
    0.440200000000000E+02    0.127016087578687E+01    0.494292267163009E+00
    0.502800000000000E+02    0.115395460178829E+01    0.494841822264088E+00
    0.503000000000000E+02    0.119374836405667E+01    0.494846671611104E+00
    0.565600000000000E+02    0.108467692771990E+01    0.495383668367907E+00
    0.565800000000000E+02    0.112449243893050E+01    0.495388774575916E+00
    0.628400000000000E+02    0.102231166884161E+01    0.495906074135321E+00
    0.628600000000000E+02    0.106214763720905E+01    0.495911321865061E+00
    0.691200000000000E+02    0.966521788869585E+00    0.496399795004217E+00
    0.691400000000000E+02    0.100637760721852E+01    0.496405193496444E+00
    0.754000000000000E+02    0.917270193441254E+00    0.496890998616637E+00
    0.754200000000000E+02    0.957146021844807E+00    0.496896451623578E+00
    0.817000000000000E+02    0.914171318162971E+00    0.497370090733122E+00
    0.817200000000000E+02    0.954066050809359E+00    0.497375522368257E+00
    0.879800000000000E+02    0.877244373048370E+00    0.497832933945797E+00
    0.880000000000000E+02    0.917157778129621E+00    0.497838385784670E+00
    0.942600000000000E+02    0.846246392741364E+00    0.498290692419238E+00
    0.942800000000000E+02    0.886178159317865E+00    0.498296141914269E+00
    0.100540000000000E+03    0.821047853330356E+00    0.498741344865710E+00
    0.100560000000000E+03    0.860997312925775E+00    0.498746763959872E+00
    0.106820000000000E+03    0.801429152839233E+00    0.499176725999619E+00
    0.106840000000000E+03    0.841395786841105E+00    0.499182175785715E+00
    0.113100000000000E+03    0.787491479926842E+00    0.499620725377034E+00
    0.113120000000000E+03    0.827476482685512E+00    0.499626151457284E+00
    0.119400000000000E+03    0.819140493161683E+00    0.500065953400491E+00
    0.119420000000000E+03    0.859143059792103E+00    0.500071348096897E+00
    0.125680000000000E+03    0.816333184967846E+00    0.500508285635889E+00
    0.125700000000000E+03    0.856353610888050E+00    0.500513695155377E+00
    0.131960000000000E+03    0.819117939710281E+00    0.500959592413409E+00
    0.131980000000000E+03    0.859156468073024E+00    0.500965018900107E+00
    0.138240000000000E+03    0.827543479542442E+00    0.501417531391989E+00
    0.138260000000000E+03    0.867600028130710E+00    0.501422954988482E+00
    0.144520000000000E+03    0.841559317840847E+00    0.501877611695832E+00
    0.144540000000000E+03    0.881633764914454E+00    0.501883105688960E+00
    0.150800000000000E+03    0.861480990894449E+00    0.502358876347405E+00
    0.150820000000000E+03    0.901575514655974E+00    0.502364351597879E+00
    0.157080000000000E+03    0.887379129597036E+00    0.502850082231909E+00
    0.157100000000000E+03    0.927493028011327E+00    0.502855523065506E+00
    0.163380000000000E+03    0.959514223781525E+00    0.503362494533661E+00
    0.163400000000000E+03    0.999648825046791E+00    0.503367902264040E+00
    0.169660000000000E+03    0.997866536498066E+00    0.503890480195703E+00
    0.169680000000000E+03    0.103802222602957E+01    0.503895824937509E+00
    0.175940000000000E+03    0.104271522974705E+01    0.504432693433074E+00
    0.175960000000000E+03    0.108289275280214E+01    0.504437911700901E+00
    0.182220000000000E+03    0.109435373298413E+01    0.505000494282460E+00
    0.182240000000000E+03    0.113455381004178E+01    0.505005548313797E+00
    0.188500000000000E+03    0.115292081780825E+01    0.505576784666097E+00
    0.188520000000000E+03    0.119314425461840E+01    0.505581573129246E+00
    0.194780000000000E+03    0.121867744920934E+01    0.506177286708153E+00
    0.194800000000000E+03    0.125892456308708E+01    0.506181708712335E+00
    0.201080000000000E+03    0.133206051908041E+01    0.506794859332112E+00
    0.201100000000000E+03    0.137233249080413E+01    0.506798773747699E+00
    0.207360000000000E+03    0.141280814170239E+01    0.507419180829660E+00
    0.207380000000000E+03    0.145310492341775E+01    0.507422472391457E+00
    0.213640000000000E+03    0.150130242932607E+01    0.508051024639568E+00
    0.213660000000000E+03    0.154162454861370E+01    0.508053668168312E+00
    0.219920000000000E+03    0.159762406906697E+01    0.508678441721371E+00
    0.219940000000000E+03    0.163797137891703E+01    0.508680313511584E+00
    0.226200000000000E+03    0.170183505079990E+01    0.509302457377320E+00
    0.226220000000000E+03    0.174220717699689E+01    0.509303428137807E+00
    0.232480000000000E+03    0.181383945736735E+01    0.509900261579953E+00
    0.232500000000000E+03    0.185423566091777E+01    0.509900340468088E+00
    0.238780000000000E+03    0.197390001231503E+01    0.510474286696709E+00
    0.238800000000000E+03    0.201431897497270E+01    0.510473399952377E+00
    0.245060000000000E+03    0.210092428950952E+01    0.510998529824901E+00
    0.245080000000000E+03    0.214136420109787E+01    0.510996870037945E+00
    0.251340000000000E+03    0.223483257839155E+01    0.511478524422139E+00
    0.251360000000000E+03    0.227529169117128E+01    0.511476274836424E+00
    0.257620000000000E+03    0.237503411046032E+01    0.511895532427591E+00
    0.257640000000000E+03    0.241551018587165E+01    0.511892958910128E+00
    0.263900000000000E+03    0.252087355170568E+01    0.512257405198067E+00
    0.263920000000000E+03    0.256136409423391E+01    0.512254785365248E+00
    0.270180000000000E+03    0.267127065682439E+01    0.512531615270668E+00
    0.270200000000000E+03    0.271177178851576E+01    0.512529301020393E+00
    0.276480000000000E+03    0.286575522209978E+01    0.512729549088074E+00
    0.276500000000000E+03    0.290626462826287E+01    0.512727989138237E+00
    0.282760000000000E+03    0.302228194975783E+01    0.512851568270067E+00
    0.282780000000000E+03    0.306279595601416E+01    0.512850764126997E+00
    0.289040000000000E+03    0.317986509876869E+01    0.512886026186725E+00
    0.289060000000000E+03    0.322038048014531E+01    0.512886189865726E+00
    0.295320000000000E+03    0.333739026646936E+01    0.512842645631310E+00
    0.295340000000000E+03    0.337790398283801E+01    0.512843750444650E+00
    0.301600000000000E+03    0.349355365080282E+01    0.512714055256054E+00
    0.301620000000000E+03    0.353406217453892E+01    0.512715990752125E+00
    0.307880000000000E+03    0.364711172769023E+01    0.512500476299584E+00
    0.307900000000000E+03    0.368761163725435E+01    0.512502909277274E+00
    0.314160000000000E+03    0.379694375859981E+01    0.512214244971008E+00
    0.314180000000000E+03    0.383743235329462E+01    0.512216919183450E+00
    0.320460000000000E+03    0.398248615370653E+01    0.511852927077513E+00
    0.320480000000000E+03    0.402296028205171E+01    0.511855479568250E+00
    0.326740000000000E+03    0.412194378248444E+01    0.511427653664454E+00
    0.326760000000000E+03    0.416240090728593E+01    0.511429782088596E+00
    0.333020000000000E+03    0.425498530134303E+01    0.510933106609215E+00
    0.333040000000000E+03    0.429542293194766E+01    0.510934547146582E+00
    0.339300000000000E+03    0.438106390665439E+01    0.510396489513979E+00
    0.339320000000000E+03    0.442147972150576E+01    0.510397091120734E+00
    0.345580000000000E+03    0.449969820022034E+01    0.509818347196151E+00
    0.345600000000000E+03    0.454009103169221E+01    0.509818058213180E+00
    0.351860000000000E+03    0.461066345898325E+01    0.509212766802313E+00
    0.351880000000000E+03    0.465103191844594E+01    0.509211528226074E+00
    0.358160000000000E+03    0.475412707645421E+01    0.508589715690600E+00
    0.358180000000000E+03    0.479447066023067E+01    0.508587561850981E+00
    0.364440000000000E+03    0.484930462658303E+01    0.507955308377966E+00
    0.364460000000000E+03    0.488962318069298E+01    0.507952357915185E+00
    0.370720000000000E+03    0.493593984920381E+01    0.507309996402397E+00
    0.370740000000000E+03    0.497622949197671E+01    0.507305511269207E+00
    0.377000000000000E+03    0.501497401534345E+01    0.506659405191110E+00
    0.377020000000000E+03    0.505524039792033E+01    0.506655219032170E+00
    0.383280000000000E+03    0.508651307563230E+01    0.506050126802009E+00
    0.383300000000000E+03    0.512675501323429E+01    0.506045549319500E+00
    0.389560000000000E+03    0.515066039843953E+01    0.505451188213083E+00
    0.389580000000000E+03    0.519087843921750E+01    0.505446278976781E+00
    0.395860000000000E+03    0.524788325692384E+01    0.504867292651545E+00
    0.395880000000000E+03    0.528807784814023E+01    0.504862116704291E+00
    0.402140000000000E+03    0.529792903537395E+01    0.504304629684876E+00
    0.402160000000000E+03    0.533810122707655E+01    0.504299310046230E+00
    0.408420000000000E+03    0.534128273730289E+01    0.503762186777339E+00
    0.408440000000000E+03    0.538143312813577E+01    0.503756771293273E+00
    0.414700000000000E+03    0.537812618067949E+01    0.503237142153647E+00
    0.414720000000000E+03    0.541825585236882E+01    0.503231686886225E+00
    0.420980000000000E+03    0.540865808048795E+01    0.502728670857526E+00
    0.421000000000000E+03    0.544876711110112E+01    0.502723181691018E+00
    0.427260000000000E+03    0.543305859942507E+01    0.502236924695362E+00
    0.427280000000000E+03    0.547314812146737E+01    0.502231436519072E+00
    0.433540000000000E+03    0.545142526097584E+01    0.501752909201950E+00
    0.433560000000000E+03    0.549149517242881E+01    0.501747437483996E+00
    0.439840000000000E+03    0.550396678521327E+01    0.501278883953005E+00
    0.439860000000000E+03    0.554401799093637E+01    0.501273437562095E+00
    0.446120000000000E+03    0.551079404397046E+01    0.500825252925040E+00
    0.446140000000000E+03    0.555082706968437E+01    0.500819788882390E+00
    0.452400000000000E+03    0.551190515213909E+01    0.500370762469123E+00
    0.452420000000000E+03    0.555191990853916E+01    0.500365314729162E+00
    0.458680000000000E+03    0.550741483241870E+01    0.499929361025362E+00
    0.458700000000000E+03    0.554741190633229E+01    0.499923925207535E+00
    0.464960000000000E+03    0.549722885959329E+01    0.499475452253382E+00
    0.464980000000000E+03    0.553720760023793E+01    0.499470028560552E+00
    0.471240000000000E+03    0.548134087096241E+01    0.499026266022069E+00
    0.471260000000000E+03    0.552130192265452E+01    0.499020804114054E+00
    0.477540000000000E+03    0.549980635576753E+01    0.498579822741999E+00
    0.477560000000000E+03    0.553974950731833E+01    0.498574366208186E+00
    0.483820000000000E+03    0.547255457535334E+01    0.498123705209953E+00
    0.483840000000000E+03    0.551247946762635E+01    0.498118224118735E+00
    0.490100000000000E+03    0.543944406655476E+01    0.497664309165000E+00
    0.490120000000000E+03    0.547935052433661E+01    0.497658823432381E+00
    0.496380000000000E+03    0.540032296909999E+01    0.497189038844790E+00
    0.496400000000000E+03    0.544021073074725E+01    0.497183564147587E+00
    0.502660000000000E+03    0.535511013355233E+01    0.496715708227178E+00
    0.502680000000000E+03    0.539497900636945E+01    0.496710247426860E+00
    0.508940000000000E+03    0.530348484682645E+01    0.496215859503051E+00
    0.508960000000000E+03    0.534333334298071E+01    0.496210471001858E+00
    0.515240000000000E+03    0.528508294142739E+01    0.495699588403864E+00
    0.515260000000000E+03    0.532491092952660E+01    0.495694309704347E+00
    0.521520000000000E+03    0.522008958320271E+01    0.495173480918420E+00
    0.521540000000000E+03    0.525989643195089E+01    0.495168385721169E+00
    0.527800000000000E+03    0.514799737984345E+01    0.494622985507342E+00
    0.527820000000000E+03    0.518778220608829E+01    0.494618162358926E+00
    0.534080000000000E+03    0.506866837024427E+01    0.494059738665300E+00
    0.534100000000000E+03    0.510843072202442E+01    0.494055287246602E+00
    0.540360000000000E+03    0.498188732854533E+01    0.493480051904945E+00
    0.540380000000000E+03    0.502162655510483E+01    0.493476096328838E+00
    0.546640000000000E+03    0.488748784179188E+01    0.492881227623883E+00
    0.546660000000000E+03    0.492720301954500E+01    0.492877827399455E+00
    0.552940000000000E+03    0.482497448622053E+01    0.492266145051779E+00
    0.552960000000000E+03    0.486466514815515E+01    0.492263450692869E+00
    0.559220000000000E+03    0.471483869512781E+01    0.491638726232262E+00
    0.559240000000000E+03    0.475450420161701E+01    0.491636860486846E+00
    0.565500000000000E+03    0.459679625988542E+01    0.491010090106859E+00
    0.565520000000000E+03    0.463643668333839E+01    0.491009141680799E+00
    0.571780000000000E+03    0.447101411356152E+01    0.490376022277174E+00
    0.571800000000000E+03    0.451062909003758E+01    0.490375979939774E+00
    0.578060000000000E+03    0.433763398300744E+01    0.489750291184181E+00
    0.578080000000000E+03    0.437722400895473E+01    0.489751196975480E+00
    0.584340000000000E+03    0.419696925357198E+01    0.489142190552588E+00
    0.584360000000000E+03    0.423653503219793E+01    0.489143888782086E+00
    0.590620000000000E+03    0.404957830950093E+01    0.488569244797190E+00
    0.590640000000000E+03    0.408912111894801E+01    0.488571541499564E+00
    0.596920000000000E+03    0.393551561623622E+01    0.488045925373420E+00
    0.596940000000000E+03    0.397503741488936E+01    0.488048542839264E+00
    0.603200000000000E+03    0.377652323851021E+01    0.487585453586691E+00
    0.603220000000000E+03    0.381602669485392E+01    0.487588093789743E+00
    0.609480000000000E+03    0.361309352467833E+01    0.487210936227135E+00
    0.609500000000000E+03    0.365258182941125E+01    0.487213242435888E+00
    0.615760000000000E+03    0.344626283640582E+01    0.486936399858018E+00
    0.615780000000000E+03    0.348574030720056E+01    0.486938075031600E+00
    0.622040000000000E+03    0.327724107209747E+01    0.486779467641383E+00
    0.622060000000000E+03    0.331671222803584E+01    0.486780263218316E+00
    0.628320000000000E+03    0.310723969761352E+01    0.486743784099751E+00
    0.628340000000000E+03    0.314670940697238E+01    0.486743604514127E+00
    0.634620000000000E+03    0.297703758109151E+01    0.486835603636902E+00
    0.634640000000000E+03    0.301651122592239E+01    0.486834651473538E+00
    0.640900000000000E+03    0.280896910839192E+01    0.487044506129981E+00
    0.640920000000000E+03    0.284845084329822E+01    0.487042637530284E+00
    0.647180000000000E+03    0.264357336049648E+01    0.487364517411384E+00
    0.647200000000000E+03    0.268306801197014E+01    0.487362123395018E+00
    0.653460000000000E+03    0.248206949374253E+01    0.487780824233478E+00
    0.653480000000000E+03    0.252158067429491E+01    0.487778183892509E+00
    0.659740000000000E+03    0.232546823608800E+01    0.488273956873190E+00
    0.659760000000000E+03    0.236499929420870E+01    0.488271425828241E+00
    0.666020000000000E+03    0.217455753804916E+01    0.488820813595474E+00
    0.666040000000000E+03    0.221411028418038E+01    0.488818713257846E+00
    0.672320000000000E+03    0.206964687960476E+01    0.489411796083675E+00
    0.672340000000000E+03    0.210922343823518E+01    0.489410328494496E+00
    0.678600000000000E+03    0.193231703205583E+01    0.490034511053880E+00
    0.678620000000000E+03    0.197191867513402E+01    0.490033831843741E+00
    0.684880000000000E+03    0.180238698104154E+01    0.490662211348213E+00
    0.684900000000000E+03    0.184201361859846E+01    0.490662435212309E+00
    0.691160000000000E+03    0.168017974076110E+01    0.491301604722524E+00
    0.691180000000000E+03    0.171983182950112E+01    0.491302802883326E+00
    0.697440000000000E+03    0.156584792136823E+01    0.491932872536891E+00
    0.697460000000000E+03    0.160552537274134E+01    0.491934948968444E+00
    0.703720000000000E+03    0.145941682798730E+01    0.492552592784416E+00
    0.703740000000000E+03    0.149911896275194E+01    0.492555429443131E+00
    0.710000000000000E+03    0.136081362167829E+01    0.493160363270923E+00
    0.710020000000000E+03    0.140054012836163E+01    0.493163914861356E+00
    0.716300000000000E+03    0.130965965031533E+01    0.493753185020474E+00
    0.716320000000000E+03    0.134940974998381E+01    0.493757192647438E+00
    0.722580000000000E+03    0.122635181264195E+01    0.494326209212970E+00
    0.722600000000000E+03    0.126612506768333E+01    0.494330703219239E+00
    0.728860000000000E+03    0.115040532847274E+01    0.494885260773495E+00
    0.728880000000000E+03    0.119020065673931E+01    0.494890092566322E+00
    0.735140000000000E+03    0.108155212683255E+01    0.495414924142008E+00
    0.735160000000000E+03    0.112136898119866E+01    0.495420016338441E+00
    0.741420000000000E+03    0.101962937890630E+01    0.495936788727577E+00
    0.741440000000000E+03    0.105946686561606E+01    0.495942046048940E+00
    0.747700000000000E+03    0.964366158258372E+00    0.496440983083974E+00
    0.747720000000000E+03    0.100422396349040E+01    0.496446364738847E+00
    0.754000000000000E+03    0.955456425012926E+00    0.496939150550533E+00
    0.754020000000000E+03    0.995333763847384E+00    0.496944544224962E+00
    0.760280000000000E+03    0.912837945975298E+00    0.497410660201488E+00
    0.760300000000000E+03    0.952733518634432E+00    0.497416132284166E+00
    0.766560000000000E+03    0.876417322894213E+00    0.497880081802077E+00
    0.766580000000000E+03    0.916332681326821E+00    0.497885546973513E+00
    0.772840000000000E+03    0.845980913603853E+00    0.498338464472674E+00
    0.772860000000000E+03    0.885914295088241E+00    0.498343899995353E+00
    0.779120000000000E+03    0.821348380283098E+00    0.498787334229876E+00
    0.779140000000000E+03    0.861299972821826E+00    0.498792773330204E+00
    0.785400000000000E+03    0.802472717748969E+00    0.499236768671554E+00
    0.785420000000000E+03    0.842442249605256E+00    0.499242205484073E+00
    0.791700000000000E+03    0.829221384693483E+00    0.499684654479982E+00
    0.791720000000000E+03    0.869208879413691E+00    0.499690071892637E+00
    0.797980000000000E+03    0.821649326385113E+00    0.500132015992782E+00
    0.798000000000000E+03    0.861654632082264E+00    0.500137432244204E+00
    0.804260000000000E+03    0.819643533045337E+00    0.500578293214518E+00
    0.804280000000000E+03    0.859666806130008E+00    0.500583721348054E+00
    0.810540000000000E+03    0.823269850322731E+00    0.501035122125143E+00
    0.810560000000000E+03    0.863311068121902E+00    0.501040543738830E+00
    0.816820000000000E+03    0.832485984214372E+00    0.501489208688339E+00
    0.816840000000000E+03    0.872545159440506E+00    0.501494685477034E+00
    0.823100000000000E+03    0.847553634430142E+00    0.501964468230063E+00
    0.823120000000000E+03    0.887632397393645E+00    0.501969942473304E+00
    0.829400000000000E+03    0.908626537293003E+00    0.502453435117411E+00
    0.829420000000000E+03    0.948724586376784E+00    0.502458868143675E+00
    0.835680000000000E+03    0.935630479835709E+00    0.502951011455241E+00
    0.835700000000000E+03    0.975748616720239E+00    0.502956444513460E+00
    0.841960000000000E+03    0.968840183417797E+00    0.503467124744166E+00
    0.841980000000000E+03    0.100897906139744E+01    0.503472519383603E+00
    0.848240000000000E+03    0.100846478592734E+01    0.504000109666692E+00
    0.848260000000000E+03    0.104862475842606E+01    0.504005403464003E+00
    0.854520000000000E+03    0.105466259109699E+01    0.504550920981757E+00
    0.854540000000000E+03    0.109484476415537E+01    0.504556104604736E+00
    0.860800000000000E+03    0.110766391291213E+01    0.505120284667154E+00
    0.860820000000000E+03    0.114786853220585E+01    0.505125216472348E+00
    0.867080000000000E+03    0.116771109336969E+01    0.505706657486655E+00
    0.867100000000000E+03    0.120793958304466E+01    0.505711350030417E+00
    0.873380000000000E+03    0.127529577958944E+01    0.506315932154541E+00
    0.873400000000000E+03    0.131554850277962E+01    0.506320189034929E+00
    0.879660000000000E+03    0.135012619409736E+01    0.506936292230798E+00
    0.879680000000000E+03    0.139040373625107E+01    0.506940053105158E+00
    0.885940000000000E+03    0.143259151567031E+01    0.507562134029117E+00
    0.885960000000000E+03    0.147289406783443E+01    0.507565284859560E+00
    0.892220000000000E+03    0.152287352030908E+01    0.508191293444702E+00
    0.892240000000000E+03    0.156320163223245E+01    0.508193680280765E+00
    0.898500000000000E+03    0.162109598546294E+01    0.508826646068679E+00
    0.898520000000000E+03    0.166144921593650E+01    0.508828252215347E+00
    0.904780000000000E+03    0.172717314189094E+01    0.509434285144471E+00
    0.904800000000000E+03    0.176755090867277E+01    0.509434979218672E+00
    0.911080000000000E+03    0.188164494848616E+01    0.510016688704065E+00
    0.911100000000000E+03    0.192204746674247E+01    0.510016449760290E+00
    0.917360000000000E+03    0.200356723327513E+01    0.510615625772598E+00
    0.917380000000000E+03    0.204399216081424E+01    0.510614522265544E+00
    0.923640000000000E+03    0.213254811720117E+01    0.511131684506714E+00
    0.923660000000000E+03    0.217299336090105E+01    0.511129816911311E+00
    0.929920000000000E+03    0.226822103392692E+01    0.511591950970721E+00
    0.929940000000000E+03    0.230868504944260E+01    0.511589594051796E+00
    0.936200000000000E+03    0.241013063884066E+01    0.512002599684821E+00
    0.936220000000000E+03    0.245061173559543E+01    0.511999994470931E+00
    0.942480000000000E+03    0.255731672426145E+01    0.512334219129981E+00
    0.942500000000000E+03    0.259781004015372E+01    0.512331655744466E+00
    0.948780000000000E+03    0.274924737874244E+01    0.512587351853647E+00
    0.948800000000000E+03    0.278975097098896E+01    0.512585266078938E+00
    0.955060000000000E+03    0.290395715135287E+01    0.512766094349172E+00
    0.955080000000000E+03    0.294446774007474E+01    0.512764665630970E+00
    0.961340000000000E+03    0.306077396136743E+01    0.512864671239500E+00
    0.961360000000000E+03    0.310128864864487E+01    0.512864211760155E+00
    0.967620000000000E+03    0.321841311140906E+01    0.512878251397530E+00
    0.967640000000000E+03    0.325892815075144E+01    0.512878699695192E+00
    0.973900000000000E+03    0.337558188385606E+01    0.512806650107175E+00
    0.973920000000000E+03    0.341609409447597E+01    0.512808028943527E+00
    0.980180000000000E+03    0.353104296022184E+01    0.512660053746315E+00
    0.980200000000000E+03    0.357154897292139E+01    0.512662175533301E+00
    0.986480000000000E+03    0.372399548386966E+01    0.512416957536036E+00
    0.986500000000000E+03    0.376449195436453E+01    0.512419517526444E+00
    0.992760000000000E+03    0.387241334541045E+01    0.512109294308288E+00
    0.992780000000000E+03    0.391289776664280E+01    0.512111981676538E+00
    0.999040000000000E+03    0.401580832298009E+01    0.511725865326459E+00
    0.999060000000000E+03    0.405627739151214E+01    0.511728323837572E+00
    0.100532000000000E+04    0.415341731486319E+01    0.511286776217386E+00
    0.100534000000000E+04    0.419386902656697E+01    0.511288732913477E+00
    0.101160000000000E+04    0.428450087039641E+01    0.510787013842251E+00
    0.101162000000000E+04    0.432493219228877E+01    0.510788242771070E+00
    0.101788000000000E+04    0.440840061403992E+01    0.510228148060994E+00
    0.101790000000000E+04    0.444880982628979E+01    0.510228522415059E+00
    0.102416000000000E+04    0.452483138658590E+01    0.509644940142857E+00
    0.102418000000000E+04    0.456521717495752E+01    0.509644398389526E+00
    0.103046000000000E+04    0.467387403307976E+01    0.509029701097774E+00
    0.103048000000000E+04    0.471423540248588E+01    0.509028170971306E+00
    0.103674000000000E+04    0.477469156632060E+01    0.508407350201777E+00
    0.103676000000000E+04    0.481502787003592E+01    0.508404922564278E+00
    0.104302000000000E+04    0.486758492917352E+01    0.507766325306769E+00
    0.104304000000000E+04    0.490789590281474E+01    0.507763185905945E+00
    0.104930000000000E+04    0.495271616386799E+01    0.507144974580446E+00
    0.104932000000000E+04    0.499300216190113E+01    0.507141211171790E+00
    0.105558000000000E+04    0.503011391020618E+01    0.506517522949587E+00
    0.105560000000000E+04    0.507037466383144E+01    0.506513255632880E+00
    0.106186000000000E+04    0.509997091989544E+01    0.505909366495217E+00
    0.106188000000000E+04    0.514020723564317E+01    0.505904642781165E+00
    0.106816000000000E+04    0.520269791519422E+01    0.505311551288574E+00
    0.106818000000000E+04    0.524291051620094E+01    0.505306525168012E+00
    0.107444000000000E+04    0.525804270955859E+01    0.504731913850675E+00
    0.107446000000000E+04    0.529823193107404E+01    0.504726693923492E+00
    0.108072000000000E+04    0.530646654956718E+01    0.504174969630930E+00
    0.108074000000000E+04    0.534663358666921E+01    0.504169614399706E+00
    0.108700000000000E+04    0.534833744860771E+01    0.503641608803209E+00
    0.108702000000000E+04    0.538848337297941E+01    0.503636116957632E+00
    0.109328000000000E+04    0.538371370157665E+01    0.503118740466155E+00
    0.109330000000000E+04    0.542383838611977E+01    0.503113250830113E+00
    0.109956000000000E+04    0.541286157263175E+01    0.502619521963567E+00
    0.109958000000000E+04    0.545296627908101E+01    0.502614040178365E+00
    0.110586000000000E+04    0.547599312845614E+01    0.502125578979542E+00
    0.110588000000000E+04    0.551607804918831E+01    0.502120099375697E+00
    0.111214000000000E+04    0.549317126652386E+01    0.501646608220431E+00
    0.111216000000000E+04    0.553323741674831E+01    0.501641159027241E+00
    0.111842000000000E+04    0.550462367557338E+01    0.501196235158079E+00
    0.111844000000000E+04    0.554467144337332E+01    0.501190796180280E+00
    0.112470000000000E+04    0.551037603698478E+01    0.500741345733195E+00
    0.112472000000000E+04    0.555040568134564E+01    0.500735927769243E+00
    0.113098000000000E+04    0.551053362810580E+01    0.500294470415938E+00
    0.113100000000000E+04    0.555054528124174E+01    0.500289052440590E+00
    0.113726000000000E+04    0.550510881788023E+01    0.499849594336087E+00
    0.113728000000000E+04    0.554510302028575E+01    0.499844200339991E+00
    0.114354000000000E+04    0.549414365423263E+01    0.499407512570880E+00
    0.114356000000000E+04    0.553411984813101E+01    0.499402092810849E+00
    0.114984000000000E+04    0.551750175480583E+01    0.498958235834205E+00
    0.114986000000000E+04    0.555746050012658E+01    0.498952815211266E+00
    0.115612000000000E+04    0.549520242672361E+01    0.498511345860698E+00
    0.115614000000000E+04    0.553514276044370E+01    0.498505883918266E+00
    0.116240000000000E+04    0.546714298776578E+01    0.498059417329966E+00
    0.116242000000000E+04    0.550706543342449E+01    0.498053939518171E+00
    0.116868000000000E+04    0.543318930712803E+01    0.497596779426238E+00
    0.116870000000000E+04    0.547309310176479E+01    0.497591284917727E+00
    0.117496000000000E+04    0.539324108590881E+01    0.497128238964398E+00
    0.117498000000000E+04    0.543312614423030E+01    0.497122763102906E+00
    0.118124000000000E+04    0.534707953394081E+01    0.496644520731726E+00
    0.118126000000000E+04    0.538694522796231E+01    0.496639080959046E+00
    0.118754000000000E+04    0.533442396256851E+01    0.496142038847319E+00
    0.118756000000000E+04    0.537426957458410E+01    0.496136622490563E+00
    0.119382000000000E+04    0.527534002259335E+01    0.495632888028934E+00
    0.119384000000000E+04    0.531516539951417E+01    0.495627607006059E+00
    0.120010000000000E+04    0.520940665120952E+01    0.495100038476614E+00
    0.120012000000000E+04    0.524921062903422E+01    0.495094964458184E+00
    0.120638000000000E+04    0.513637876347957E+01    0.494554016977956E+00
    0.120640000000000E+04    0.517616094919777E+01    0.494549203569249E+00
    0.121266000000000E+04    0.505620513627582E+01    0.493993747739751E+00
    0.121268000000000E+04    0.509596499344480E+01    0.493989307633463E+00
    0.121894000000000E+04    0.496853122883977E+01    0.493409676926263E+00
    0.121896000000000E+04    0.500826754396621E+01    0.493405766247452E+00
    0.122524000000000E+04    0.491293329844348E+01    0.492807843236696E+00
    0.122526000000000E+04    0.495264564266608E+01    0.492804482827993E+00
    0.123152000000000E+04    0.480978929029607E+01    0.492193256719579E+00
    0.123154000000000E+04    0.484947703821763E+01    0.492190635412402E+00
    0.123780000000000E+04    0.469877611598713E+01    0.491570051240229E+00
    0.123782000000000E+04    0.473843890572971E+01    0.491568271484347E+00
    0.124408000000000E+04    0.457986846100039E+01    0.490936930088675E+00
    0.124410000000000E+04    0.461950597190207E+01    0.490936064632242E+00
    0.125036000000000E+04    0.445321545839806E+01    0.490305313147740E+00
    0.125038000000000E+04    0.449282767225577E+01    0.490305394777064E+00
    0.125664000000000E+04    0.431896503630651E+01    0.489678096311846E+00
    0.125666000000000E+04    0.435855237500709E+01    0.489679059093760E+00
    0.126294000000000E+04    0.421711811893465E+01    0.489079109224277E+00
    0.126296000000000E+04    0.425668139714116E+01    0.489080846431756E+00
    0.126922000000000E+04    0.406891913474510E+01    0.488504106664411E+00
    0.126924000000000E+04    0.410845929578636E+01    0.488506420923286E+00
    0.127550000000000E+04    0.391460172121060E+01    0.487983998185808E+00
    0.127552000000000E+04    0.395412112889107E+01    0.487986634150647E+00
    0.128178000000000E+04    0.375498462168798E+01    0.487531939392434E+00
    0.128180000000000E+04    0.379448597281589E+01    0.487534581363769E+00
    0.128806000000000E+04    0.359101474181534E+01    0.487163722136157E+00
    0.128808000000000E+04    0.363050122297682E+01    0.487165977053837E+00
    0.129434000000000E+04    0.342374986524374E+01    0.486903193546212E+00
    0.129436000000000E+04    0.346322601897555E+01    0.486904855456501E+00
    0.130062000000000E+04    0.325440820337963E+01    0.486756157876710E+00
    0.130064000000000E+04    0.329387838200500E+01    0.486756862366881E+00
    0.130692000000000E+04    0.312371260038526E+01    0.486736056118981E+00
    0.130694000000000E+04    0.316318203812261E+01    0.486735847946171E+00
    0.131320000000000E+04    0.295394288455100E+01    0.486838125800964E+00
    0.131322000000000E+04    0.299341604185429E+01    0.486837024592806E+00
    0.131948000000000E+04    0.278576506536365E+01    0.487053440787743E+00
    0.131950000000000E+04    0.282524715950194E+01    0.487051496358337E+00
    0.132576000000000E+04    0.262047871491632E+01    0.487384525672726E+00
    0.132578000000000E+04    0.265997396860894E+01    0.487382072632988E+00
    0.133204000000000E+04    0.245911307946881E+01    0.487805852157353E+00
    0.133206000000000E+04    0.249862526668130E+01    0.487803209971591E+00
    0.133832000000000E+04    0.230276707657094E+01    0.488302065554976E+00
    0.133834000000000E+04    0.234229928911464E+01    0.488299568364074E+00
    0.134462000000000E+04    0.219184731807763E+01    0.488863647170298E+00
    0.134464000000000E+04    0.223140198821648E+01    0.488861583436284E+00
    0.135090000000000E+04    0.204789095777005E+01    0.489455652192536E+00
    0.135092000000000E+04    0.208746924819798E+01    0.489454281670697E+00
    0.135718000000000E+04    0.191096130136839E+01    0.490076828241972E+00
    0.135720000000000E+04    0.195056448318883E+01    0.490076279887255E+00
    0.136346000000000E+04    0.178160608467715E+01    0.490713391805630E+00
    0.136348000000000E+04    0.182123483535952E+01    0.490713756556775E+00
    0.136974000000000E+04    0.165994526983786E+01    0.491343659291787E+00
    0.136976000000000E+04    0.169959917806682E+01    0.491344934532451E+00
    0.137602000000000E+04    0.154615501134958E+01    0.491976584767127E+00
    0.137604000000000E+04    0.158583411940936E+01    0.491978769353639E+00
    0.138232000000000E+04    0.147997935468402E+01    0.492599491070026E+00
    0.138234000000000E+04    0.151968346205786E+01    0.492602383918159E+00
    0.138860000000000E+04    0.138193512052203E+01    0.493205909649283E+00
    0.138862000000000E+04    0.142166316428438E+01    0.493209388169978E+00
    0.139488000000000E+04    0.129151507594997E+01    0.493788399335404E+00
    0.139490000000000E+04    0.133126676249276E+01    0.493792522010603E+00
    0.140116000000000E+04    0.120871327773602E+01    0.494362762087485E+00
    0.140118000000000E+04    0.124848795670550E+01    0.494367327029459E+00
    0.140744000000000E+04    0.113323635965889E+01    0.494912376713778E+00
    0.140746000000000E+04    0.117303284144009E+01    0.494917240328438E+00
    0.141372000000000E+04    0.106484275088042E+01    0.495449257511654E+00
    0.141374000000000E+04    0.110466084123937E+01    0.495454393720422E+00
    0.142000000000000E+04    0.100332892312372E+01    0.495966880609974E+00
    0.142002000000000E+04    0.104316749858208E+01    0.495972158837564E+00
    0.142630000000000E+04    0.988369610883638E+00    0.496476181710106E+00
    0.142632000000000E+04    0.102822875907896E+01    0.496481552260945E+00
    0.143258000000000E+04    0.940008569356905E+00    0.496963202741191E+00
    0.143260000000000E+04    0.979887193394006E+00    0.496968646669240E+00
    0.143886000000000E+04    0.897977151559189E+00    0.497442366194289E+00
    0.143888000000000E+04    0.937875528732548E+00    0.497447820844541E+00
    0.144514000000000E+04    0.862128737981493E+00    0.497908264936429E+00
    0.144516000000000E+04    0.902045110272866E+00    0.497913726915058E+00
    0.145142000000000E+04    0.832045791749351E+00    0.498360797263681E+00
    0.145144000000000E+04    0.871980298118160E+00    0.498366255591295E+00
    0.145770000000000E+04    0.807926262792080E+00    0.498805230934185E+00
    0.145772000000000E+04    0.847882431576636E+00    0.498810239496294E+00
    0.146400000000000E+04    0.830348074814992E+00    0.499323695918377E+00
    0.146402000000000E+04    0.870321097697797E+00    0.499329121393941E+00
    0.147028000000000E+04    0.818228443065891E+00    0.499770396048695E+00
    0.147030000000000E+04    0.858219284278675E+00    0.499775817618439E+00
    0.147656000000000E+04    0.811677249826516E+00    0.500212383056658E+00
    0.147658000000000E+04    0.851685814629036E+00    0.500217808081177E+00
    0.148284000000000E+04    0.810691546613725E+00    0.500658430572052E+00
    0.148286000000000E+04    0.850717845876261E+00    0.500663864850273E+00
    0.148912000000000E+04    0.815408155444857E+00    0.501119564196963E+00
    0.148914000000000E+04    0.855453112628766E+00    0.501125003398417E+00
    0.149540000000000E+04    0.825857032051772E+00    0.501584982230984E+00
    0.149542000000000E+04    0.865920315266067E+00    0.501590425906291E+00
    0.150170000000000E+04    0.882090190549206E+00    0.502056414508325E+00
    0.150172000000000E+04    0.922172493518246E+00    0.502061877282022E+00
    0.150798000000000E+04    0.904224078192328E+00    0.502545970296200E+00
    0.150800000000000E+04    0.944326048232597E+00    0.502551436240513E+00
    0.151426000000000E+04    0.932395731705128E+00    0.503043938595645E+00
    0.151428000000000E+04    0.972517590826101E+00    0.503049372216652E+00
    0.152054000000000E+04    0.966794614068021E+00    0.503563429152261E+00
    0.152056000000000E+04    0.100693720646905E+01    0.503568816044125E+00
    0.152682000000000E+04    0.100759126607727E+01    0.504096261205310E+00
    0.152684000000000E+04    0.104775535027466E+01    0.504101566163314E+00
    0.153310000000000E+04    0.105502433286165E+01    0.504650539544997E+00
    0.153312000000000E+04    0.109521033329565E+01    0.504655681142032E+00
    0.153940000000000E+04    0.114948640839748E+01    0.505227888683219E+00
    0.153942000000000E+04    0.118969566400392E+01    0.505232793543986E+00
    0.154568000000000E+04    0.121082175788888E+01    0.505818216562532E+00
    0.154570000000000E+04    0.125105425019592E+01    0.505822744016518E+00
    0.155196000000000E+04    0.127879199141489E+01    0.506451432268018E+00
    0.155198000000000E+04    0.131904523477624E+01    0.506455265336759E+00
    0.155824000000000E+04    0.135398456198391E+01    0.506978767411495E+00
    0.155826000000000E+04    0.139426380191662E+01    0.506982471892409E+00
    0.156452000000000E+04    0.143701663159527E+01    0.507608967396603E+00
    0.156454000000000E+04    0.147732105230853E+01    0.507612040775533E+00
    0.157080000000000E+04    0.152787633302478E+01    0.508241845347650E+00
    0.157082000000000E+04    0.156820612189085E+01    0.508244188598713E+00
    0.157708000000000E+04    0.162659318891883E+01    0.508865913047957E+00
    0.157710000000000E+04    0.166694774750476E+01    0.508867277820770E+00
    0.158338000000000E+04    0.177348808207762E+01    0.509478503320920E+00
    0.158340000000000E+04    0.181386739836171E+01    0.509479007717971E+00
    0.158966000000000E+04    0.188788322134815E+01    0.510072936573155E+00
    0.158968000000000E+04    0.192828632452711E+01    0.510072577013078E+00
    0.159594000000000E+04    0.200979183406025E+01    0.510626522995416E+00
    0.159596000000000E+04    0.205021689699561E+01    0.510625296144012E+00
    0.160222000000000E+04    0.213888116114958E+01    0.511142064821716E+00
    0.160224000000000E+04    0.217932687313669E+01    0.511140159074267E+00
    0.160850000000000E+04    0.227465393203011E+01    0.511598412635731E+00
    0.160852000000000E+04    0.231511787442469E+01    0.511595990211846E+00
    0.161478000000000E+04    0.241646833034474E+01    0.511996867244450E+00
    0.161480000000000E+04    0.245694806968777E+01    0.511994225036651E+00
    0.162108000000000E+04    0.260399363459874E+01    0.512315671395573E+00
    0.162110000000000E+04    0.264448650263694E+01    0.512313176368518E+00
    0.162736000000000E+04    0.275537461060003E+01    0.512575222475258E+00
    0.162738000000000E+04    0.279587751976533E+01    0.512573117034537E+00
    0.163364000000000E+04    0.290983957542085E+01    0.512739952442797E+00
    0.163366000000000E+04    0.295034906386718E+01    0.512738581856494E+00
    0.163992000000000E+04    0.306627913519605E+01    0.512828726209959E+00
    0.163994000000000E+04    0.310679246411064E+01    0.512828385870136E+00
    0.164620000000000E+04    0.322351156487866E+01    0.512839621347042E+00
    0.164622000000000E+04    0.326402498674406E+01    0.512840150931427E+00
    0.165248000000000E+04    0.338011057695121E+01    0.512758770419426E+00
    0.165250000000000E+04    0.342062076318280E+01    0.512760162270439E+00
    0.165878000000000E+04    0.357543680361596E+01    0.512605775540563E+00
    0.165880000000000E+04    0.361594104625283E+01    0.512607957871485E+00
    0.166506000000000E+04    0.372725579078360E+01    0.512365250306755E+00
    0.166508000000000E+04    0.376775037921152E+01    0.512367825336451E+00
    0.167134000000000E+04    0.387497074250086E+01    0.512052698768603E+00
    0.167136000000000E+04    0.391545284780068E+01    0.512055376023639E+00
    0.167762000000000E+04    0.401757736592072E+01    0.511662975925730E+00
    0.167764000000000E+04    0.405804403584898E+01    0.511665416197797E+00
    0.168390000000000E+04    0.415425478088173E+01    0.511215151266915E+00
    0.168392000000000E+04    0.419470316784646E+01    0.511217061389142E+00
    0.169018000000000E+04    0.428424017783027E+01    0.510699905889302E+00
    0.169020000000000E+04    0.432466825362826E+01    0.510701134033273E+00
    0.169648000000000E+04    0.444757971988793E+01    0.510153196282945E+00
    0.169650000000000E+04    0.448798595593689E+01    0.510153475998096E+00
    0.170276000000000E+04    0.456298605296979E+01    0.509564639420836E+00
    0.170278000000000E+04    0.460336846713926E+01    0.509563909515950E+00
    0.170904000000000E+04    0.467057812744451E+01    0.508950812724628E+00
    0.170906000000000E+04    0.471093625288631E+01    0.508949246551995E+00
    0.171532000000000E+04    0.477040139144992E+01    0.508328120307227E+00
    0.171534000000000E+04    0.481073462570748E+01    0.508325743362580E+00
    0.172160000000000E+04    0.486232151865170E+01    0.507690445353132E+00
    0.172162000000000E+04    0.490262912945400E+01    0.507687323827516E+00
    0.172788000000000E+04    0.494638182846529E+01    0.507062608849747E+00
    0.172790000000000E+04    0.498666433329663E+01    0.507058857441631E+00
    0.173416000000000E+04    0.502271824546278E+01    0.506439235490991E+00
    0.173418000000000E+04    0.506297580182900E+01    0.506434953202597E+00
    0.174046000000000E+04    0.513176946244675E+01    0.505829469456058E+00
    0.174048000000000E+04    0.517200256758997E+01    0.505824756059272E+00
    0.174674000000000E+04    0.519316760603760E+01    0.505227074215156E+00
    0.174676000000000E+04    0.523337677375594E+01    0.505222072053083E+00
    0.175302000000000E+04    0.524728273803976E+01    0.504646544706580E+00
    0.175304000000000E+04    0.528746848067658E+01    0.504641316142019E+00
    0.175930000000000E+04    0.529462184646809E+01    0.504091942864386E+00
    0.175932000000000E+04    0.533478547247978E+01    0.504086605137333E+00
    0.176558000000000E+04    0.533531971698812E+01    0.503551979590450E+00
    0.176560000000000E+04    0.537546173210603E+01    0.503546543940048E+00
    0.177186000000000E+04    0.536957672179688E+01    0.503033354235404E+00
    0.177188000000000E+04    0.540969799655613E+01    0.503027895507655E+00
    0.177816000000000E+04    0.543765022705884E+01    0.502522697317393E+00
    0.177818000000000E+04    0.547775111099872E+01    0.502517211309951E+00
    0.178444000000000E+04    0.545954180475792E+01    0.502033934466288E+00
    0.178446000000000E+04    0.549962305238569E+01    0.502028450247567E+00
    0.179072000000000E+04    0.547548125946014E+01    0.501554850865806E+00
    0.179074000000000E+04    0.551554365850734E+01    0.501549399130655E+00
    0.179700000000000E+04    0.548562449368910E+01    0.501093938786164E+00
    0.179702000000000E+04    0.552566815007731E+01    0.501088486798330E+00
    0.180328000000000E+04    0.548999331300593E+01    0.500631846454165E+00
    0.180330000000000E+04    0.553001846877805E+01    0.500626405909595E+00
    0.180956000000000E+04    0.548865395345047E+01    0.500174016119309E+00
    0.180958000000000E+04    0.552866117454141E+01    0.500168590631666E+00
    0.181586000000000E+04    0.552173404802488E+01    0.499731554642526E+00
    0.181588000000000E+04    0.556172344451807E+01    0.499726112814479E+00
    0.182214000000000E+04    0.550909482096540E+01    0.499278259156997E+00
    0.182216000000000E+04    0.554906577721295E+01    0.499272807397944E+00
    0.182842000000000E+04    0.549073488252361E+01    0.498827099103586E+00
    0.182844000000000E+04    0.553068804202212E+01    0.498821652781572E+00
