    0.000000000000000E+00    0.190000000000000E+01    0.500000000000000E+00
    0.200000000000000E-01    0.193999998848491E+01    0.499999413697202E+00
    0.630000000000000E+01    0.193540418729548E+01    0.500592609028676E+00
    0.632000000000000E+01    0.197542800665117E+01    0.500591962245697E+00
    0.125800000000000E+02    0.193827618127798E+01    0.501183735427326E+00
    0.126000000000000E+02    0.197832355827624E+01    0.501183032599884E+00
    0.188600000000000E+02    0.194857347843849E+01    0.501770676224602E+00
    0.188800000000000E+02    0.198864440973620E+01    0.501769872759951E+00
    0.251400000000000E+02    0.196626783464827E+01    0.502349298509352E+00
    0.251600000000000E+02    0.200636181711349E+01    0.502348325889688E+00
    0.314200000000000E+02    0.199128713938082E+01    0.502921385970027E+00
    0.314400000000000E+02    0.203140407108619E+01    0.502920232251712E+00
    0.377000000000000E+02    0.202349077225652E+01    0.503478003571307E+00
    0.377200000000000E+02    0.206362987287169E+01    0.503476637189728E+00
    0.440000000000000E+02    0.210297631175509E+01    0.504020234914185E+00
    0.440200000000000E+02    0.214313717534118E+01    0.504018579516201E+00
    0.502800000000000E+02    0.214926947322081E+01    0.504547678617388E+00
    0.503000000000000E+02    0.218945137041885E+01    0.504545780680360E+00
    0.565600000000000E+02    0.220228491180261E+01    0.505049289221834E+00
    0.565800000000000E+02    0.224248716067305E+01    0.505047157884838E+00
    0.628400000000000E+02    0.226190237891210E+01    0.505535435436283E+00
    0.628600000000000E+02    0.230212475410330E+01    0.505533095743146E+00
    0.691200000000000E+02    0.232766634903513E+01    0.505984161723265E+00
    0.691400000000000E+02    0.236790568744308E+01    0.505981638284580E+00
    0.754000000000000E+02    0.239910475286462E+01    0.506397964883113E+00
    0.754200000000000E+02    0.243936077019288E+01    0.506395350488227E+00
    0.817000000000000E+02    0.251616659040468E+01    0.506771121102801E+00
    0.817200000000000E+02    0.255643737165485E+01    0.506768497904927E+00
    0.879800000000000E+02    0.259781628266450E+01    0.507104275614349E+00
    0.880000000000000E+02    0.263810049368675E+01    0.507101758272811E+00
    0.942600000000000E+02    0.268369741025791E+01    0.507388836166698E+00
    0.942800000000000E+02    0.272399294055268E+01    0.507386529691837E+00
    0.100540000000000E+03    0.277323919996738E+01    0.507627617787285E+00
    0.100560000000000E+03    0.281354407613034E+01    0.507625660338127E+00
    0.106820000000000E+03    0.286562695359208E+01    0.507811350579205E+00
    0.106840000000000E+03    0.290593846795838E+01    0.507809842246963E+00
    0.113100000000000E+03    0.296012059693123E+01    0.507935341648568E+00
    0.113120000000000E+03    0.300043797008641E+01    0.507934303552096E+00
    0.119400000000000E+03    0.309656447489090E+01    0.508013329647114E+00
    0.119420000000000E+03    0.313688487555123E+01    0.508012972072714E+00
    0.125680000000000E+03    0.319333556875588E+01    0.508029559878380E+00
    0.125700000000000E+03    0.323365670492387E+01    0.508029799432088E+00
    0.131960000000000E+03    0.328996362308931E+01    0.507994385653067E+00
    0.131980000000000E+03    0.333028308477128E+01    0.507995240264166E+00
    0.138240000000000E+03    0.338551693974722E+01    0.507895935294513E+00
    0.138260000000000E+03    0.342583219674214E+01    0.507897276062049E+00
    0.144520000000000E+03    0.347927168789141E+01    0.507742659455951E+00
    0.144540000000000E+03    0.351958127821683E+01    0.507744566994440E+00
    0.150800000000000E+03    0.357067089921003E+01    0.507541878114530E+00
    0.150820000000000E+03    0.361097251906330E+01    0.507544084288565E+00
    0.157080000000000E+03    0.365883882685250E+01    0.507286204346623E+00
    0.157100000000000E+03    0.369913030416012E+01    0.507288671212122E+00
    0.163380000000000E+03    0.378341262112343E+01    0.506985138411618E+00
    0.163400000000000E+03    0.382369183478238E+01    0.506987777435100E+00
    0.169660000000000E+03    0.386321871484694E+01    0.506637704202232E+00
    0.169680000000000E+03    0.390348428296005E+01    0.506640385458622E+00
    0.175940000000000E+03    0.393800093691061E+01    0.506246913064519E+00
    0.175960000000000E+03    0.397825077350700E+01    0.506249520660800E+00
    0.182220000000000E+03    0.400735501706151E+01    0.505826750953929E+00
    0.182240000000000E+03    0.404758826015581E+01    0.505829207088577E+00
    0.188500000000000E+03    0.407083157995692E+01    0.505369353090598E+00
    0.188520000000000E+03    0.411104620163832E+01    0.505371592201221E+00
    0.194780000000000E+03    0.412795699221022E+01    0.504873648248091E+00
    0.194800000000000E+03    0.416815197289276E+01    0.504875667166145E+00
    0.201080000000000E+03    0.421876896505978E+01    0.504365908312716E+00
    0.201100000000000E+03    0.425894410237652E+01    0.504367613741188E+00
    0.207360000000000E+03    0.426264346534327E+01    0.503831283621892E+00
    0.207380000000000E+03    0.430279668581062E+01    0.503832717608644E+00
    0.213640000000000E+03    0.429939432776109E+01    0.503279182040653E+00
    0.213660000000000E+03    0.433952563856047E+01    0.503280364556007E+00
    0.219920000000000E+03    0.432904507395369E+01    0.502716794578145E+00
    0.219940000000000E+03    0.436915373888530E+01    0.502717758026304E+00
    0.226200000000000E+03    0.435139344099457E+01    0.502142281986875E+00
    0.226220000000000E+03    0.439147900077489E+01    0.502143032271682E+00
    0.232480000000000E+03    0.436638905200596E+01    0.501560089200391E+00
    0.232500000000000E+03    0.440645150031639E+01    0.501560752292617E+00
    0.238780000000000E+03    0.441399139050202E+01    0.500972085778545E+00
    0.238800000000000E+03    0.445402996753762E+01    0.500972511918067E+00
    0.245060000000000E+03    0.441408137084284E+01    0.500377583690433E+00
    0.245080000000000E+03    0.445409648198040E+01    0.500378057514457E+00
    0.251340000000000E+03    0.440673211610397E+01    0.499786745132529E+00
    0.251360000000000E+03    0.444672368292521E+01    0.499787238750457E+00
    0.257620000000000E+03    0.439191844234199E+01    0.499194171019052E+00
    0.257640000000000E+03    0.443188591015451E+01    0.499194679681914E+00
    0.263900000000000E+03    0.436958020162581E+01    0.498591228242194E+00
    0.263920000000000E+03    0.440952391824192E+01    0.498591921639328E+00
    0.270180000000000E+03    0.433992441860983E+01    0.498002259438804E+00
    0.270200000000000E+03    0.437984460770645E+01    0.498003111917784E+00
    0.276480000000000E+03    0.434282745007226E+01    0.497412117624084E+00
    0.276500000000000E+03    0.438272382832236E+01    0.497413079949207E+00
    0.282760000000000E+03    0.429855020996285E+01    0.496830708399014E+00
    0.282780000000000E+03    0.433842348475912E+01    0.496831957876997E+00
    0.289040000000000E+03    0.424715201580500E+01    0.496255358266779E+00
    0.289060000000000E+03    0.428700196353213E+01    0.496256830552733E+00
    0.295320000000000E+03    0.418881892517277E+01    0.495690162270423E+00
    0.295340000000000E+03    0.422864655991827E+01    0.495691959616716E+00
    0.301600000000000E+03    0.412376505975556E+01    0.495142471561654E+00
    0.301620000000000E+03    0.416357075608471E+01    0.495144534505472E+00
    0.307880000000000E+03    0.405220193804041E+01    0.494608776357408E+00
    0.307900000000000E+03    0.409198640467969E+01    0.494611080308445E+00
    0.314160000000000E+03    0.397448596336505E+01    0.494101857500758E+00
    0.314180000000000E+03    0.401425000579684E+01    0.494104354443915E+00
    0.320460000000000E+03    0.393065728653653E+01    0.493623048817294E+00
    0.320480000000000E+03    0.397040227817320E+01    0.493625680731413E+00
    0.326740000000000E+03    0.384167972958437E+01    0.493179898240514E+00
    0.326760000000000E+03    0.388140671590804E+01    0.493182560595407E+00
    0.333020000000000E+03    0.374774837371899E+01    0.492771076921625E+00
    0.333040000000000E+03    0.378745902820913E+01    0.492773756036863E+00
    0.339300000000000E+03    0.364954240488930E+01    0.492417369172664E+00
    0.339320000000000E+03    0.368923904518817E+01    0.492419793964579E+00
    0.345580000000000E+03    0.354761483541290E+01    0.492114399336828E+00
    0.345600000000000E+03    0.358729942563434E+01    0.492116513763221E+00
    0.351860000000000E+03    0.344266317371341E+01    0.491873504497663E+00
    0.351880000000000E+03    0.348233801928950E+01    0.491875196560482E+00
    0.358160000000000E+03    0.337508328350771E+01    0.491701605152412E+00
    0.358180000000000E+03    0.341475132543337E+01    0.491702857407283E+00
    0.364440000000000E+03    0.326630055165867E+01    0.491595978394149E+00
    0.364460000000000E+03    0.330596435068730E+01    0.491596641113812E+00
    0.370720000000000E+03    0.315680911485288E+01    0.491566091222084E+00
    0.370740000000000E+03    0.319647165794493E+01    0.491566136527623E+00
    0.377000000000000E+03    0.304734412086009E+01    0.491605973815471E+00
    0.377020000000000E+03    0.308700833092553E+01    0.491605382792351E+00
    0.383280000000000E+03    0.293875929746378E+01    0.491721416738951E+00
    0.383300000000000E+03    0.297842792505833E+01    0.491720268930546E+00
    0.389560000000000E+03    0.283175534848260E+01    0.491902156587106E+00
    0.389580000000000E+03    0.287143127590582E+01    0.491900460790162E+00
    0.395860000000000E+03    0.276686992320003E+01    0.492152149546573E+00
    0.395880000000000E+03    0.280655613166675E+01    0.492150131156927E+00
    0.402140000000000E+03    0.266555232533142E+01    0.492462500887570E+00
    0.402160000000000E+03    0.270525078747255E+01    0.492460125918251E+00
    0.408420000000000E+03    0.256795741360565E+01    0.492825340099812E+00
    0.408440000000000E+03    0.260767044062823E+01    0.492822779273528E+00
    0.414700000000000E+03    0.247481812601802E+01    0.493239771112650E+00
    0.414720000000000E+03    0.251454760052593E+01    0.493237132986474E+00
    0.420980000000000E+03    0.238664663225359E+01    0.493690889541261E+00
    0.421000000000000E+03    0.242639432064163E+01    0.493688291356072E+00
    0.427260000000000E+03    0.230397184146079E+01    0.494176852321110E+00
    0.427280000000000E+03    0.234373885611535E+01    0.494174365303089E+00
    0.433540000000000E+03    0.222718087733267E+01    0.494689638841092E+00
    0.433560000000000E+03    0.226696869253806E+01    0.494687356897595E+00
    0.439840000000000E+03    0.219644114582775E+01    0.495220514973099E+00
    0.439860000000000E+03    0.223624993592000E+01    0.495218433967318E+00
    0.446120000000000E+03    0.213242147268659E+01    0.495773566468422E+00
    0.446140000000000E+03    0.217225264275771E+01    0.495771742166006E+00
    0.452400000000000E+03    0.207517750674072E+01    0.496339494100672E+00
    0.452420000000000E+03    0.211503106951591E+01    0.496337910715953E+00
    0.458680000000000E+03    0.202491012124938E+01    0.496918002899008E+00
    0.458700000000000E+03    0.206478694321322E+01    0.496916683414163E+00
    0.464960000000000E+03    0.198173568996606E+01    0.497498882595678E+00
    0.464980000000000E+03    0.202163578602483E+01    0.497497811809187E+00
    0.471240000000000E+03    0.194568981906309E+01    0.498088999249370E+00
    0.471260000000000E+03    0.198561342848211E+01    0.498088085397847E+00
    0.477540000000000E+03    0.195709924420225E+01    0.498684509664550E+00
    0.477560000000000E+03    0.199704672733253E+01    0.498683712856504E+00
    0.483820000000000E+03    0.193596131505808E+01    0.499277709928611E+00
    0.483840000000000E+03    0.197593241675224E+01    0.499277032133129E+00
    0.490100000000000E+03    0.192231125563058E+01    0.499869373372072E+00
    0.490120000000000E+03    0.196230641730301E+01    0.499868709890027E+00
    0.496380000000000E+03    0.191619085295372E+01    0.500474685497530E+00
    0.496400000000000E+03    0.195620992326087E+01    0.500474060149863E+00
    0.502660000000000E+03    0.191752661077578E+01    0.501064944630264E+00
    0.502680000000000E+03    0.195756930828725E+01    0.501064280581123E+00
    0.508940000000000E+03    0.192634139547806E+01    0.501654177172883E+00
    0.508960000000000E+03    0.196640761384356E+01    0.501653378462670E+00
    0.515240000000000E+03    0.198264978916086E+01    0.502230318802412E+00
    0.515260000000000E+03    0.202273936107258E+01    0.502229355790204E+00
    0.521520000000000E+03    0.200634215670175E+01    0.502812279152811E+00
    0.521540000000000E+03    0.204645513445666E+01    0.502811169202224E+00
    0.527800000000000E+03    0.203729596754033E+01    0.503372354073028E+00
    0.527820000000000E+03    0.207743086048959E+01    0.503370969016762E+00
    0.534080000000000E+03    0.207530612090727E+01    0.503916867174041E+00
    0.534100000000000E+03    0.211546308867355E+01    0.503915287119371E+00
    0.540360000000000E+03    0.212040585415571E+01    0.504455527197135E+00
    0.540380000000000E+03    0.216058477382830E+01    0.504453710603235E+00
    0.546640000000000E+03    0.217227710283646E+01    0.504963865045211E+00
    0.546660000000000E+03    0.221247564370810E+01    0.504961788447639E+00
    0.552940000000000E+03    0.227081702169471E+01    0.505442279926782E+00
    0.552960000000000E+03    0.231103503048848E+01    0.505439966553000E+00
    0.559220000000000E+03    0.233549129226844E+01    0.505907584591997E+00
    0.559240000000000E+03    0.237572823852884E+01    0.505905082179601E+00
    0.565500000000000E+03    0.240598278757261E+01    0.506326440228531E+00
    0.565520000000000E+03    0.244623576734989E+01    0.506323827897110E+00
    0.571780000000000E+03    0.248187345165502E+01    0.506707890555835E+00
    0.571800000000000E+03    0.252214204917186E+01    0.506705277521955E+00
    0.578060000000000E+03    0.256286957937118E+01    0.507056061513313E+00
    0.578080000000000E+03    0.260315294071597E+01    0.507053505550920E+00
    0.584340000000000E+03    0.264817341737330E+01    0.507350871108576E+00
    0.584360000000000E+03    0.268846734759404E+01    0.507348491129308E+00
    0.590620000000000E+03    0.273722975199030E+01    0.507593277390124E+00
    0.590640000000000E+03    0.277753388466908E+01    0.507591251961103E+00
    0.596920000000000E+03    0.286980137717501E+01    0.507798748654258E+00
    0.596940000000000E+03    0.291011322922100E+01    0.507797118379659E+00
    0.603200000000000E+03    0.296436060932911E+01    0.507934829599102E+00
    0.603220000000000E+03    0.300467792918198E+01    0.507933729792915E+00
    0.609480000000000E+03    0.306053479757293E+01    0.508019801608604E+00
    0.609500000000000E+03    0.310085586303285E+01    0.508019431909933E+00
    0.615760000000000E+03    0.315760092782944E+01    0.508055214195445E+00
    0.615780000000000E+03    0.319792299188293E+01    0.508055324180663E+00
    0.622040000000000E+03    0.325458221045551E+01    0.508023076553804E+00
    0.622060000000000E+03    0.329490306185380E+01    0.508023751291844E+00
    0.628320000000000E+03    0.335077724894813E+01    0.507941143702697E+00
    0.628340000000000E+03    0.339109479225522E+01    0.507942368517043E+00
    0.634620000000000E+03    0.348569459466466E+01    0.507799538665641E+00
    0.634640000000000E+03    0.352600657550761E+01    0.507801332335601E+00
    0.640900000000000E+03    0.357788708079829E+01    0.507606332415865E+00
    0.640920000000000E+03    0.361819134531652E+01    0.507608535252336E+00
    0.647180000000000E+03    0.366696831520198E+01    0.507358353336730E+00
    0.647200000000000E+03    0.370726265927829E+01    0.507360822981085E+00
    0.653460000000000E+03    0.375231229479368E+01    0.507063944331459E+00
    0.653480000000000E+03    0.379259489310380E+01    0.507066561619260E+00
    0.659740000000000E+03    0.383322321590799E+01    0.506725543684569E+00
    0.659760000000000E+03    0.387349208567798E+01    0.506728234680545E+00
    0.666020000000000E+03    0.390914393116964E+01    0.506331976968159E+00
    0.666040000000000E+03    0.394939716880776E+01    0.506334593976412E+00
    0.672320000000000E+03    0.401986202320677E+01    0.505914814609320E+00
    0.672340000000000E+03    0.406009861682014E+01    0.505917289894820E+00
    0.678600000000000E+03    0.408444601887368E+01    0.505456550908198E+00
    0.678620000000000E+03    0.412466441822926E+01    0.505458813952388E+00
    0.684880000000000E+03    0.414283349792913E+01    0.504973049213701E+00
    0.684900000000000E+03    0.418303237799091E+01    0.504975064410008E+00
    0.691160000000000E+03    0.419465383710371E+01    0.504461226467875E+00
    0.691180000000000E+03    0.423483240806763E+01    0.504462987927705E+00
    0.697440000000000E+03    0.423968868858606E+01    0.503933761560193E+00
    0.697460000000000E+03    0.427984572541868E+01    0.503935226619568E+00
    0.703720000000000E+03    0.427765724481310E+01    0.503375751628767E+00
    0.703740000000000E+03    0.431779231751716E+01    0.503377011846258E+00
    0.710000000000000E+03    0.430857319961842E+01    0.502817952222010E+00
    0.710020000000000E+03    0.434868602019787E+01    0.502818977876667E+00
    0.716300000000000E+03    0.437232260891892E+01    0.502244857071220E+00
    0.716320000000000E+03    0.441241222607823E+01    0.502245577458765E+00
    0.722580000000000E+03    0.438858819177608E+01    0.501663582994115E+00
    0.722600000000000E+03    0.442865478783642E+01    0.501664215401331E+00
    0.728860000000000E+03    0.439745991153404E+01    0.501075223493815E+00
    0.728880000000000E+03    0.443750280542622E+01    0.501075710964864E+00
    0.735140000000000E+03    0.439889291131885E+01    0.500484780758275E+00
    0.735160000000000E+03    0.443891231577845E+01    0.500485272304752E+00
    0.741420000000000E+03    0.439285643385847E+01    0.499890795637848E+00
    0.741440000000000E+03    0.443285222187501E+01    0.499891276541561E+00
    0.747700000000000E+03    0.437944268150954E+01    0.499298951504530E+00
    0.747720000000000E+03    0.441941494897401E+01    0.499299506001202E+00
    0.754000000000000E+03    0.439855153928897E+01    0.498702972166959E+00
    0.754020000000000E+03    0.443849960021339E+01    0.498703557001403E+00
    0.760280000000000E+03    0.437017338906367E+01    0.498107991155952E+00
    0.760300000000000E+03    0.441009784954349E+01    0.498108747695909E+00
    0.766560000000000E+03    0.433449194425339E+01    0.497518679277566E+00
    0.766580000000000E+03    0.437439271058793E+01    0.497519650792956E+00
    0.772840000000000E+03    0.429152221696336E+01    0.496934135947152E+00
    0.772860000000000E+03    0.433139949724705E+01    0.496935316620311E+00
    0.779120000000000E+03    0.424140542136593E+01    0.496356807491737E+00
    0.779140000000000E+03    0.428125975516014E+01    0.496358283854410E+00
    0.785400000000000E+03    0.418428481400065E+01    0.495789158208846E+00
    0.785420000000000E+03    0.422411614477642E+01    0.495790870145820E+00
    0.791700000000000E+03    0.416018485351879E+01    0.495236570840207E+00
    0.791720000000000E+03    0.419999434708234E+01    0.495238556067875E+00
    0.797980000000000E+03    0.408974417784134E+01    0.494706247702022E+00
    0.798000000000000E+03    0.412953253695241E+01    0.494708498055315E+00
    0.804260000000000E+03    0.401307111560277E+01    0.494194614316038E+00
    0.804280000000000E+03    0.405283867577646E+01    0.494197058865656E+00
    0.810540000000000E+03    0.393039773162673E+01    0.493702460862494E+00
    0.810560000000000E+03    0.397014523030089E+01    0.493705115691185E+00
    0.816820000000000E+03    0.384232953582887E+01    0.493253010574641E+00
    0.816840000000000E+03    0.388205975864707E+01    0.493255701902860E+00
    0.823100000000000E+03    0.374928524574966E+01    0.492837822657284E+00
    0.823120000000000E+03    0.378899868048575E+01    0.492840437373115E+00
    0.829400000000000E+03    0.369147679110574E+01    0.492476858187314E+00
    0.829420000000000E+03    0.373117591053165E+01    0.492479352055646E+00
    0.835680000000000E+03    0.359014147905305E+01    0.492163934358569E+00
    0.835700000000000E+03    0.362982799486758E+01    0.492166187230200E+00
    0.841960000000000E+03    0.348567643223487E+01    0.491912147440889E+00
    0.841980000000000E+03    0.352535284423516E+01    0.491913990470543E+00
    0.848240000000000E+03    0.337872324586647E+01    0.491721788210907E+00
    0.848260000000000E+03    0.341839210550870E+01    0.491723139603389E+00
    0.854520000000000E+03    0.327008686192767E+01    0.491604863509701E+00
    0.854540000000000E+03    0.330975082532382E+01    0.491605630628803E+00
    0.860800000000000E+03    0.316050665791954E+01    0.491555707929798E+00
    0.860820000000000E+03    0.320016887968086E+01    0.491555833166900E+00
    0.867080000000000E+03    0.305086456050253E+01    0.491585371269110E+00
    0.867100000000000E+03    0.309052797579079E+01    0.491584881394397E+00
    0.873380000000000E+03    0.298160006244734E+01    0.491684439183171E+00
    0.873400000000000E+03    0.302126740187896E+01    0.491683409609573E+00
    0.879660000000000E+03    0.287421370826041E+01    0.491857936432626E+00
    0.879680000000000E+03    0.291388801241942E+01    0.491856377260386E+00
    0.885940000000000E+03    0.276907374521579E+01    0.492091263075500E+00
    0.885960000000000E+03    0.280875734173560E+01    0.492089252710691E+00
    0.892220000000000E+03    0.266694861974361E+01    0.492391351100571E+00
    0.892240000000000E+03    0.270664465664936E+01    0.492389068115252E+00
    0.898500000000000E+03    0.256850208282981E+01    0.492747835542539E+00
    0.898520000000000E+03    0.260821196081770E+01    0.492745287737340E+00
    0.904780000000000E+03    0.247436213425499E+01    0.493148975391006E+00
    0.904800000000000E+03    0.251408798020134E+01    0.493146330963954E+00
    0.911080000000000E+03    0.242484173995331E+01    0.493587153530106E+00
    0.911100000000000E+03    0.246458551901651E+01    0.493584554446726E+00
    0.917360000000000E+03    0.234107239338618E+01    0.494076690818552E+00
    0.917380000000000E+03    0.238083584423271E+01    0.494074156109087E+00
    0.923640000000000E+03    0.226305668018927E+01    0.494581985944233E+00
    0.923660000000000E+03    0.230283986095242E+01    0.494579626905414E+00
    0.929920000000000E+03    0.219119940137307E+01    0.495114442066423E+00
    0.929940000000000E+03    0.223100407529955E+01    0.495112332084011E+00
    0.936200000000000E+03    0.212586760392924E+01    0.495665805224720E+00
    0.936220000000000E+03    0.216569421160602E+01    0.495663944912063E+00
    0.942480000000000E+03    0.206725436645070E+01    0.496225083310896E+00
    0.942500000000000E+03    0.210710335714498E+01    0.496223437964221E+00
    0.948780000000000E+03    0.205542849795211E+01    0.496794910086627E+00
    0.948800000000000E+03    0.209530063846432E+01    0.496793509159546E+00
    0.955060000000000E+03    0.201095491362457E+01    0.497389282515015E+00
    0.955080000000000E+03    0.205085080393951E+01    0.497388131824783E+00
    0.961340000000000E+03    0.197369937342205E+01    0.497975526270425E+00
    0.961360000000000E+03    0.201361844191047E+01    0.497974584889906E+00
    0.967620000000000E+03    0.194373507934347E+01    0.498568894797043E+00
    0.967640000000000E+03    0.198367793400848E+01    0.498568113034249E+00
    0.973900000000000E+03    0.192121093971468E+01    0.499165780219024E+00
    0.973920000000000E+03    0.196117757041748E+01    0.499165113862955E+00
    0.980180000000000E+03    0.190611232134074E+01    0.499760619881931E+00
    0.980200000000000E+03    0.194610276917865E+01    0.499760016815751E+00
    0.986480000000000E+03    0.193850041981000E+01    0.500356137622784E+00
    0.986500000000000E+03    0.197851476338883E+01    0.500355495623129E+00
    0.992760000000000E+03    0.193832200883503E+01    0.500943327082584E+00
    0.992780000000000E+03    0.197835987108874E+01    0.500942668265558E+00
    0.999040000000000E+03    0.194552663828222E+01    0.501531673343575E+00
    0.999060000000000E+03    0.198558801782997E+01    0.501530883938619E+00
    0.100532000000000E+04    0.196025346360830E+01    0.502118481984616E+00
    0.100534000000000E+04    0.200033834266696E+01    0.502117580944471E+00
    0.101160000000000E+04    0.198230680931965E+01    0.502691125229100E+00
    0.101162000000000E+04    0.202241444699825E+01    0.502690065297004E+00
    0.101788000000000E+04    0.201165090989866E+01    0.503254094017254E+00
    0.101790000000000E+04    0.205178118381832E+01    0.503252773981116E+00
    0.102416000000000E+04    0.204818386512852E+01    0.503811456980967E+00
    0.102418000000000E+04    0.208833644103424E+01    0.503809949343029E+00
    0.103046000000000E+04    0.213186377304692E+01    0.504337067098913E+00
    0.103048000000000E+04    0.217203728553113E+01    0.504335275132618E+00
    0.103674000000000E+04    0.218216065969636E+01    0.504848402332410E+00
    0.103676000000000E+04    0.222235481103689E+01    0.504846344007449E+00
    0.104302000000000E+04    0.223911918193926E+01    0.505347488646626E+00
    0.104304000000000E+04    0.227933323748675E+01    0.505345201599352E+00
    0.104930000000000E+04    0.230232692620029E+01    0.505806328921217E+00
    0.104932000000000E+04    0.234255891326166E+01    0.505803841949766E+00
    0.105558000000000E+04    0.237142781725106E+01    0.506237178177376E+00
    0.105560000000000E+04    0.241167734250212E+01    0.506234590451366E+00
    0.106186000000000E+04    0.244618012652245E+01    0.506630098412687E+00
    0.106188000000000E+04    0.248644528046998E+01    0.506627452859638E+00
    0.106816000000000E+04    0.256620252507400E+01    0.506978289846019E+00
    0.106818000000000E+04    0.260648161606059E+01    0.506975721800024E+00
    0.107444000000000E+04    0.265050138425295E+01    0.507284538335567E+00
    0.107446000000000E+04    0.269079287707746E+01    0.507282162982885E+00
    0.108072000000000E+04    0.273871627285780E+01    0.507542568289531E+00
    0.108074000000000E+04    0.277901791951945E+01    0.507540439374163E+00
    0.108700000000000E+04    0.283020163923584E+01    0.507750552807186E+00
    0.108702000000000E+04    0.287051165060120E+01    0.507748820566989E+00
    0.109328000000000E+04    0.292418428335577E+01    0.507901443709730E+00
    0.109330000000000E+04    0.296450030487540E+01    0.507900188066010E+00
    0.109956000000000E+04    0.301995957932922E+01    0.507999821868776E+00
    0.109958000000000E+04    0.306027945597816E+01    0.507999140194406E+00
    0.110586000000000E+04    0.315700975701475E+01    0.508039239411808E+00
    0.110588000000000E+04    0.319733128165171E+01    0.508039244834334E+00
    0.111214000000000E+04    0.325393567339779E+01    0.508027769191882E+00
    0.111216000000000E+04    0.329425651973497E+01    0.508028374546079E+00
    0.111842000000000E+04    0.335019569809492E+01    0.507952123159393E+00
    0.111844000000000E+04    0.339051379633565E+01    0.507953276500604E+00
    0.112470000000000E+04    0.344506237854102E+01    0.507825684230923E+00
    0.112472000000000E+04    0.348537539643075E+01    0.507827350920613E+00
    0.113098000000000E+04    0.353772416336733E+01    0.507642148856209E+00
    0.113100000000000E+04    0.357802979597272E+01    0.507644228616071E+00
    0.113726000000000E+04    0.362749952241620E+01    0.507411586930272E+00
    0.113728000000000E+04    0.366779610290678E+01    0.507413957045168E+00
    0.114354000000000E+04    0.371394734735895E+01    0.507133734049689E+00
    0.114356000000000E+04    0.375423278758672E+01    0.507136331472035E+00
    0.114984000000000E+04    0.383622130418416E+01    0.506803333153767E+00
    0.114986000000000E+04    0.387649341244560E+01    0.506806003033332E+00
    0.115612000000000E+04    0.391334442246625E+01    0.506431829788026E+00
    0.115614000000000E+04    0.395360174946518E+01    0.506434469910042E+00
    0.116240000000000E+04    0.398515279873618E+01    0.506018461679846E+00
    0.116242000000000E+04    0.402539329800720E+01    0.506020968624114E+00
    0.116868000000000E+04    0.405121966158868E+01    0.505571917557111E+00
    0.116870000000000E+04    0.409144258595779E+01    0.505574251739031E+00
    0.117496000000000E+04    0.411113955830342E+01    0.505092559681867E+00
    0.117498000000000E+04    0.415134332439857E+01    0.505094677987565E+00
    0.118124000000000E+04    0.416468827281506E+01    0.504595596475694E+00
    0.118126000000000E+04    0.420487231363450E+01    0.504597435586645E+00
    0.118754000000000E+04    0.425170874942660E+01    0.504073656076529E+00
    0.118756000000000E+04    0.429187153140083E+01    0.504075171340958E+00
    0.119382000000000E+04    0.429153410694607E+01    0.503521820016121E+00
    0.119384000000000E+04    0.433167507857570E+01    0.503523091411147E+00
    0.120010000000000E+04    0.432433887864818E+01    0.502966091414527E+00
    0.120012000000000E+04    0.436445792148288E+01    0.502967124304664E+00
    0.120638000000000E+04    0.434995349574228E+01    0.502394009539924E+00
    0.120640000000000E+04    0.439004921300511E+01    0.502394833080061E+00
    0.121266000000000E+04    0.436812690558008E+01    0.501812471961412E+00
    0.121268000000000E+04    0.440819956071255E+01    0.501813140993603E+00
    0.121894000000000E+04    0.437894838085504E+01    0.501226897394077E+00
    0.121896000000000E+04    0.441899746630725E+01    0.501227472013853E+00
    0.122524000000000E+04    0.442232247009861E+01    0.500636002693141E+00
    0.122526000000000E+04    0.446234782642023E+01    0.500636411257888E+00
    0.123152000000000E+04    0.441817720165818E+01    0.500042062712801E+00
    0.123154000000000E+04    0.445817891651268E+01    0.500042509497579E+00
    0.123780000000000E+04    0.440653386209488E+01    0.499444800134632E+00
    0.123782000000000E+04    0.444651149875472E+01    0.499445240717787E+00
    0.124408000000000E+04    0.438743837866650E+01    0.498848430995351E+00
    0.124410000000000E+04    0.442739233241628E+01    0.498849024561124E+00
    0.125036000000000E+04    0.436091539088739E+01    0.498254013870171E+00
    0.125038000000000E+04    0.440084562743141E+01    0.498254756972919E+00
    0.125664000000000E+04    0.432699678441213E+01    0.497661512877219E+00
    0.125666000000000E+04    0.436690302753141E+01    0.497662389218941E+00
    0.126294000000000E+04    0.432563385762342E+01    0.497076188515707E+00
    0.126296000000000E+04    0.436551696078686E+01    0.497077298512368E+00
    0.126922000000000E+04    0.427722343457390E+01    0.496496469800177E+00
    0.126924000000000E+04    0.431708318740039E+01    0.496497808868765E+00
    0.127550000000000E+04    0.422178312654205E+01    0.495927141494986E+00
    0.127552000000000E+04    0.426162024458745E+01    0.495928793629442E+00
    0.128178000000000E+04    0.415948783106205E+01    0.495369997416373E+00
    0.128180000000000E+04    0.419930268904045E+01    0.495371930457233E+00
    0.128806000000000E+04    0.409064055784302E+01    0.494831222845515E+00
    0.128808000000000E+04    0.413043384329558E+01    0.494833413990068E+00
    0.129434000000000E+04    0.401542116922974E+01    0.494314390361199E+00
    0.129436000000000E+04    0.405519358314496E+01    0.494316804111646E+00
    0.130062000000000E+04    0.393415881938790E+01    0.493811096703224E+00
    0.130064000000000E+04    0.397391122763429E+01    0.493813677458831E+00
    0.130692000000000E+04    0.388709449348244E+01    0.493358581172702E+00
    0.130694000000000E+04    0.392682891688219E+01    0.493361249595681E+00
    0.131320000000000E+04    0.379518757017649E+01    0.492936219920367E+00
    0.131322000000000E+04    0.383490489201222E+01    0.492938874094132E+00
    0.131948000000000E+04    0.369860355782612E+01    0.492551796756709E+00
    0.131950000000000E+04    0.373830540407198E+01    0.492554366987928E+00
    0.132576000000000E+04    0.359807036827715E+01    0.492226684601563E+00
    0.132578000000000E+04    0.363775947658723E+01    0.492228962620314E+00
    0.133204000000000E+04    0.349416235975968E+01    0.491960495981558E+00
    0.133206000000000E+04    0.353384047657573E+01    0.491962410039128E+00
    0.133832000000000E+04    0.338756417237937E+01    0.491747768432288E+00
    0.133834000000000E+04    0.342723396138990E+01    0.491749228723928E+00
    0.134462000000000E+04    0.331875723853909E+01    0.491618524464757E+00
    0.134464000000000E+04    0.335842146423829E+01    0.491619517173543E+00
    0.135090000000000E+04    0.320906555133615E+01    0.491545899084619E+00
    0.135092000000000E+04    0.324872689604854E+01    0.491546224469423E+00
    0.135718000000000E+04    0.309903269443203E+01    0.491550264083406E+00
    0.135720000000000E+04    0.313869464437357E+01    0.491549968840656E+00
    0.136346000000000E+04    0.298964265343511E+01    0.491638912859005E+00
    0.136348000000000E+04    0.302930806066797E+01    0.491638007858786E+00
    0.136974000000000E+04    0.288156792150312E+01    0.491792279582492E+00
    0.136976000000000E+04    0.292123960751496E+01    0.491790819159973E+00
    0.137602000000000E+04    0.277561575158916E+01    0.492017626326222E+00
    0.137604000000000E+04    0.281529636112100E+01    0.492015684663227E+00
    0.138232000000000E+04    0.271222446575075E+01    0.492301598046771E+00
    0.138234000000000E+04    0.275191678878355E+01    0.492299404489209E+00
    0.138860000000000E+04    0.261275074554032E+01    0.492643956269095E+00
    0.138862000000000E+04    0.265245646291305E+01    0.492641462689158E+00
    0.139488000000000E+04    0.251737629207992E+01    0.493035670349171E+00
    0.139490000000000E+04    0.255709779475001E+01    0.493033065625981E+00
    0.140116000000000E+04    0.242677371335822E+01    0.493472439586239E+00
    0.140118000000000E+04    0.246651261122088E+01    0.493469812211081E+00
    0.140744000000000E+04    0.234145728552312E+01    0.493944497970700E+00
    0.140746000000000E+04    0.238121504019182E+01    0.493941953947876E+00
    0.141372000000000E+04    0.226181747467717E+01    0.494443894003218E+00
    0.141374000000000E+04    0.230159535936809E+01    0.494441508784747E+00
    0.142000000000000E+04    0.218832141873963E+01    0.494977090380099E+00
    0.142002000000000E+04    0.222812048843889E+01    0.494974933851816E+00
    0.142630000000000E+04    0.216108489970020E+01    0.495518996191051E+00
    0.142632000000000E+04    0.220090588454786E+01    0.495517064369206E+00
    0.143258000000000E+04    0.210084669358275E+01    0.496088331633801E+00
    0.143260000000000E+04    0.214069083228833E+01    0.496086654056292E+00
    0.143886000000000E+04    0.204748959853168E+01    0.496658537687257E+00
    0.143888000000000E+04    0.208735594911013E+01    0.496657123393999E+00
    0.144514000000000E+04    0.200115369010564E+01    0.497240895920481E+00
    0.144516000000000E+04    0.204104343737799E+01    0.497239729137548E+00
    0.145142000000000E+04    0.196206181162097E+01    0.497830545261364E+00
    0.145144000000000E+04    0.200197502876608E+01    0.497829585131608E+00
    0.145770000000000E+04    0.193027024263029E+01    0.498420930842445E+00
    0.145772000000000E+04    0.197020707346064E+01    0.498420121003990E+00
    0.146400000000000E+04    0.194581192494570E+01    0.499013584861528E+00
    0.146402000000000E+04    0.198577269629413E+01    0.499012864133862E+00
    0.147028000000000E+04    0.192892336140721E+01    0.499616010782247E+00
    0.147030000000000E+04    0.196890825676837E+01    0.499615339610254E+00
    0.147656000000000E+04    0.191946346242867E+01    0.500207279207844E+00
    0.147658000000000E+04    0.195947185860541E+01    0.500206670101958E+00
    0.148284000000000E+04    0.191748525321236E+01    0.500803116344782E+00
    0.148286000000000E+04    0.195751738963781E+01    0.500802494367169E+00
    0.148912000000000E+04    0.192297672672885E+01    0.501394029752770E+00
    0.148914000000000E+04    0.196303263564187E+01    0.501393334152047E+00
    0.149540000000000E+04    0.193585932760698E+01    0.501974447630313E+00
    0.149542000000000E+04    0.197593845345500E+01    0.501973651767280E+00
    0.150170000000000E+04    0.199614943314737E+01    0.502551120527576E+00
    0.150172000000000E+04    0.203625157637543E+01    0.502550065039825E+00
    0.150798000000000E+04    0.202377575538776E+01    0.503122221135261E+00
    0.150800000000000E+04    0.206390081322161E+01    0.503120958432309E+00
    0.151426000000000E+04    0.205855928371648E+01    0.503675174617646E+00
    0.151428000000000E+04    0.209870627613736E+01    0.503673712112360E+00
    0.152054000000000E+04    0.210041269389967E+01    0.504212960916738E+00
    0.152056000000000E+04    0.214058130617377E+01    0.504211209124079E+00
    0.152682000000000E+04    0.214917081280782E+01    0.504739376879292E+00
    0.152684000000000E+04    0.218936049961485E+01    0.504737409525210E+00
    0.153310000000000E+04    0.220453501809652E+01    0.505229941299399E+00
    0.153312000000000E+04    0.224474420098659E+01    0.505227741373590E+00
    0.153940000000000E+04    0.230645745040056E+01    0.505695071295703E+00
    0.153942000000000E+04    0.234668541499059E+01    0.505692648447047E+00
    0.154568000000000E+04    0.237429640656092E+01    0.506140356908714E+00
    0.154570000000000E+04    0.241454210177199E+01    0.506137772633980E+00
    0.155196000000000E+04    0.244773111700397E+01    0.506539651524670E+00
    0.155198000000000E+04    0.248799262876310E+01    0.506537002731005E+00
    0.155824000000000E+04    0.252637028358731E+01    0.506905020832923E+00
    0.155826000000000E+04    0.256664643444856E+01    0.506902411609680E+00
    0.156452000000000E+04    0.260967219264876E+01    0.507221439161657E+00
    0.156454000000000E+04    0.264996104381862E+01    0.507218962958489E+00
    0.157080000000000E+04    0.269707091069813E+01    0.507494530847153E+00
    0.157082000000000E+04    0.273737049298325E+01    0.507492301912381E+00
    0.157708000000000E+04    0.278788664572130E+01    0.507714027699857E+00
    0.157710000000000E+04    0.282819526065214E+01    0.507712184894297E+00
    0.158338000000000E+04    0.292177392439044E+01    0.507879890550981E+00
    0.158340000000000E+04    0.296208903564502E+01    0.507878543625850E+00
    0.158966000000000E+04    0.301732653987256E+01    0.507993680633414E+00
    0.158968000000000E+04    0.305764629414125E+01    0.507992899878977E+00
    0.159594000000000E+04    0.311406753637630E+01    0.508047729827457E+00
    0.159596000000000E+04    0.315438942068340E+01    0.508047519536593E+00
    0.160222000000000E+04    0.321121725157491E+01    0.508047736743730E+00
    0.160224000000000E+04    0.325153908809580E+01    0.508048152678871E+00
    0.160850000000000E+04    0.330789691288874E+01    0.507988004678491E+00
    0.160852000000000E+04    0.334821640023756E+01    0.507989002307724E+00
    0.161478000000000E+04    0.340336196602539E+01    0.507875074655997E+00
    0.161480000000000E+04    0.344367687628119E+01    0.507876595018784E+00
    0.162108000000000E+04    0.353709002209735E+01    0.507706926874348E+00
    0.162110000000000E+04    0.357739830041874E+01    0.507708988517751E+00
    0.162736000000000E+04    0.362775448456932E+01    0.507486636217468E+00
    0.162738000000000E+04    0.366805377404489E+01    0.507488972129037E+00
    0.163364000000000E+04    0.371491162630628E+01    0.507211918470536E+00
    0.163366000000000E+04    0.375519989284567E+01    0.507214597907463E+00
    0.163992000000000E+04    0.379800117962986E+01    0.506895531279865E+00
    0.163994000000000E+04    0.383827660306861E+01    0.506898171752913E+00
    0.164620000000000E+04    0.387638670064780E+01    0.506527584190041E+00
    0.164622000000000E+04    0.391664784531258E+01    0.506530235549081E+00
    0.165248000000000E+04    0.394959381407216E+01    0.506125802531170E+00
    0.165250000000000E+04    0.398983891859416E+01    0.506128358936507E+00
    0.165878000000000E+04    0.405739717506958E+01    0.505688874138082E+00
    0.165880000000000E+04    0.409762463752759E+01    0.505691232139368E+00
    0.166506000000000E+04    0.411887284414433E+01    0.505216883120939E+00
    0.166508000000000E+04    0.415908159268383E+01    0.505219027708907E+00
    0.167134000000000E+04    0.417395325331609E+01    0.504718208713723E+00
    0.167136000000000E+04    0.421414169560694E+01    0.504720052299029E+00
    0.167762000000000E+04    0.422237311459094E+01    0.504195254252017E+00
    0.167764000000000E+04    0.426254103319752E+01    0.504196884369479E+00
    0.168390000000000E+04    0.426398902800474E+01    0.503660427848061E+00
    0.168392000000000E+04    0.430413549068498E+01    0.503661785198354E+00
    0.169018000000000E+04    0.429852828127059E+01    0.503103421384988E+00
    0.169020000000000E+04    0.433865244901108E+01    0.503104541148764E+00
    0.169648000000000E+04    0.436598828299884E+01    0.502538029611496E+00
    0.169650000000000E+04    0.440608979378158E+01    0.502538876509784E+00
    0.170276000000000E+04    0.438599957228735E+01    0.501957566161971E+00
    0.170278000000000E+04    0.442607808750972E+01    0.501958238032097E+00
    0.170904000000000E+04    0.439864827209340E+01    0.501374044838336E+00
    0.170906000000000E+04    0.443870317080109E+01    0.501374581580424E+00
    0.171532000000000E+04    0.440382392014953E+01    0.500781674068222E+00
    0.171534000000000E+04    0.444385526836868E+01    0.500782164464098E+00
    0.172160000000000E+04    0.440151081521799E+01    0.500189023732197E+00
    0.172162000000000E+04    0.444151807776552E+01    0.500189423600396E+00
    0.172788000000000E+04    0.439162075995637E+01    0.499588382581975E+00
    0.172790000000000E+04    0.443160432234163E+01    0.499588901077455E+00
    0.173416000000000E+04    0.437436765737584E+01    0.498995136765662E+00
    0.173418000000000E+04    0.441432750894046E+01    0.498995730663145E+00
    0.174046000000000E+04    0.438959601219085E+01    0.498398328850411E+00
    0.174048000000000E+04    0.442953188435149E+01    0.498398966739842E+00
    0.174674000000000E+04    0.435746639797662E+01    0.497805761118532E+00
    0.174676000000000E+04    0.439737864281597E+01    0.497806610150731E+00
    0.175302000000000E+04    0.431804886387181E+01    0.497222260053760E+00
    0.175304000000000E+04    0.435793784777752E+01    0.497223336306320E+00
    0.175930000000000E+04    0.427142227576087E+01    0.496642696367302E+00
    0.175932000000000E+04    0.431128766757956E+01    0.496643982254182E+00
    0.176558000000000E+04    0.421761774545121E+01    0.496063764899477E+00
    0.176560000000000E+04    0.425746012276022E+01    0.496065382439801E+00
    0.177186000000000E+04    0.415701456032502E+01    0.495505507204615E+00
    0.177188000000000E+04    0.419683487074508E+01    0.495507394577383E+00
    0.177816000000000E+04    0.412952137910224E+01    0.494959873045510E+00
    0.177818000000000E+04    0.416931965891081E+01    0.494961968577227E+00
    0.178444000000000E+04    0.405577866284057E+01    0.494433617300663E+00
    0.178446000000000E+04    0.409555609155359E+01    0.494435980876281E+00
    0.179072000000000E+04    0.397594470701051E+01    0.493931892249344E+00
    0.179074000000000E+04    0.401570193790712E+01    0.493934429459984E+00
    0.179700000000000E+04    0.389042668927596E+01    0.493463113322008E+00
    0.179702000000000E+04    0.393016522221342E+01    0.493465769711624E+00
    0.180328000000000E+04    0.379964290090811E+01    0.493026946672689E+00
    0.180330000000000E+04    0.383936397068737E+01    0.493029602368303E+00
    0.180956000000000E+04    0.370415105418442E+01    0.492637297987592E+00
    0.180958000000000E+04    0.374385651525972E+01    0.492639853988405E+00
