    0.000000000000000E+00    0.190000000000000E+01    0.510000000000000E+00
    0.200000000000000E-01    0.194039998846711E+01    0.509999412316587E+00
    0.630000000000000E+01    0.206148609742199E+01    0.510543431205685E+00
    0.632000000000000E+01    0.210190794097182E+01    0.510541997821858E+00
    0.125800000000000E+02    0.218962864181746E+01    0.511042749078573E+00
    0.126000000000000E+02    0.223007030711247E+01    0.511040662098695E+00
    0.188600000000000E+02    0.232427538267700E+01    0.511486485842537E+00
    0.188800000000000E+02    0.236473502910774E+01    0.511483998770533E+00
    0.251400000000000E+02    0.246476219655010E+01    0.511867080220879E+00
    0.251600000000000E+02    0.250523682361839E+01    0.511864420854665E+00
    0.314200000000000E+02    0.261013573460031E+01    0.512170074601113E+00
    0.314400000000000E+02    0.265062238083802E+01    0.512167595823369E+00
    0.377000000000000E+02    0.275954251936771E+01    0.512405653021041E+00
    0.377200000000000E+02    0.280003872321996E+01    0.512403667323575E+00
    0.440000000000000E+02    0.295237464516717E+01    0.512555347975320E+00
    0.440200000000000E+02    0.299287682814375E+01    0.512554158641945E+00
    0.502800000000000E+02    0.310644128111404E+01    0.512629859875323E+00
    0.503000000000000E+02    0.314694622497392E+01    0.512629618920761E+00
    0.565600000000000E+02    0.326090438746564E+01    0.512619175662302E+00
    0.565800000000000E+02    0.330140877610700E+01    0.512619824969637E+00
    0.628400000000000E+02    0.341459046046654E+01    0.512532232193084E+00
    0.628600000000000E+02    0.345509173921690E+01    0.512533828045470E+00
    0.691200000000000E+02    0.356640684285347E+01    0.512365277055219E+00
    0.691400000000000E+02    0.360690124899389E+01    0.512367467274739E+00
    0.754000000000000E+02    0.371494234095215E+01    0.512112326100463E+00
    0.754200000000000E+02    0.375542588278921E+01    0.512114879972469E+00
    0.817000000000000E+02    0.389972490478630E+01    0.511792019371560E+00
    0.817200000000000E+02    0.394019661119063E+01    0.511794676990515E+00
    0.879800000000000E+02    0.403898141770969E+01    0.511399857846498E+00
    0.880000000000000E+02    0.407943732061361E+01    0.511402250462886E+00
    0.942600000000000E+02    0.417225250835028E+01    0.510944189522830E+00
    0.942800000000000E+02    0.421269033543172E+01    0.510946079322192E+00
    0.100540000000000E+03    0.429888269244853E+01    0.510433946685831E+00
    0.100560000000000E+03    0.433929993700715E+01    0.510435089976141E+00
    0.106820000000000E+03    0.441841200327926E+01    0.509884065382138E+00
    0.106840000000000E+03    0.445880738325039E+01    0.509884400412269E+00
    0.113100000000000E+03    0.453043220696955E+01    0.509295996123584E+00
    0.113120000000000E+03    0.457080408798174E+01    0.509295461409646E+00
    0.119400000000000E+03    0.467510755531438E+01    0.508686424792737E+00
    0.119420000000000E+03    0.471545500397750E+01    0.508684918725006E+00
    0.125680000000000E+03    0.477154297183574E+01    0.508059944077186E+00
    0.125700000000000E+03    0.481186542798650E+01    0.508057603979286E+00
    0.131960000000000E+03    0.486013323976943E+01    0.507430255514413E+00
    0.131980000000000E+03    0.490043045328019E+01    0.507427176050146E+00
    0.138240000000000E+03    0.494088444943628E+01    0.506796332006794E+00
    0.138260000000000E+03    0.498115657178670E+01    0.506792650290118E+00
    0.144520000000000E+03    0.501405925788430E+01    0.506175761049171E+00
    0.144540000000000E+03    0.505430703773374E+01    0.506171638077166E+00
    0.150800000000000E+03    0.507976562106785E+01    0.505574646669594E+00
    0.150820000000000E+03    0.511998877981847E+01    0.505570050444884E+00
    0.157080000000000E+03    0.513792104165015E+01    0.504972961873393E+00
    0.157100000000000E+03    0.517811999781486E+01    0.504968089301068E+00
    0.163380000000000E+03    0.522907366554102E+01    0.504389695763973E+00
    0.163400000000000E+03    0.526924920706199E+01    0.504384561113777E+00
    0.169660000000000E+03    0.527305910283235E+01    0.503826406315340E+00
    0.169680000000000E+03    0.531321228199374E+01    0.503821096693571E+00
    0.175940000000000E+03    0.531018998970922E+01    0.503275320083588E+00
    0.175960000000000E+03    0.535032089992529E+01    0.503269955070239E+00
    0.182220000000000E+03    0.534073284271301E+01    0.502737542602081E+00
    0.182240000000000E+03    0.538084260032684E+01    0.502732114693727E+00
    0.188500000000000E+03    0.536487695523090E+01    0.502230137493237E+00
    0.188520000000000E+03    0.540496609892966E+01    0.502224668641189E+00
    0.194780000000000E+03    0.538267847937317E+01    0.501723261308252E+00
    0.194800000000000E+03    0.542274731269066E+01    0.501717792032943E+00
    0.201080000000000E+03    0.543438634832495E+01    0.501216652592957E+00
    0.201100000000000E+03    0.547443537123138E+01    0.501211180328220E+00
    0.207360000000000E+03    0.543998514157596E+01    0.500741258490621E+00
    0.207380000000000E+03    0.548001468749089E+01    0.500735771366993E+00
    0.213640000000000E+03    0.543950923570287E+01    0.500258877479667E+00
    0.213660000000000E+03    0.547951959271847E+01    0.500253398810581E+00
    0.219920000000000E+03    0.543302990174601E+01    0.499781307674877E+00
    0.219940000000000E+03    0.547302103806737E+01    0.499775820357292E+00
    0.226200000000000E+03    0.542053035253258E+01    0.499304537848221E+00
    0.226220000000000E+03    0.546050270213436E+01    0.499299060263357E+00
    0.232480000000000E+03    0.540196252750854E+01    0.498824985322182E+00
    0.232500000000000E+03    0.544191542464552E+01    0.498819492619029E+00
    0.238780000000000E+03    0.541722034292144E+01    0.498339165274391E+00
    0.238800000000000E+03    0.545715388973974E+01    0.498333670268905E+00
    0.245060000000000E+03    0.538626457709626E+01    0.497847780267260E+00
    0.245080000000000E+03    0.542617807459317E+01    0.497842303485671E+00
    0.251340000000000E+03    0.534885420061437E+01    0.497351089992453E+00
    0.251360000000000E+03    0.538874819557265E+01    0.497345643475526E+00
    0.257620000000000E+03    0.530514543960282E+01    0.496848079498936E+00
    0.257640000000000E+03    0.534501935192861E+01    0.496842706029735E+00
    0.263900000000000E+03    0.525471215800815E+01    0.496327747847121E+00
    0.263920000000000E+03    0.529456228309755E+01    0.496322705536225E+00
    0.270180000000000E+03    0.519629819546344E+01    0.495755210579643E+00
    0.270200000000000E+03    0.523612508555652E+01    0.495748399576667E+00
    0.276480000000000E+03    0.517074667074928E+01    0.495156398427331E+00
    0.276500000000000E+03    0.521055286764897E+01    0.495151489870461E+00
    0.282760000000000E+03    0.509820204667449E+01    0.494597201865595E+00
    0.282780000000000E+03    0.513798587051701E+01    0.494592646466625E+00
    0.289040000000000E+03    0.501822947288747E+01    0.494018463789372E+00
    0.289060000000000E+03    0.505799022363942E+01    0.494014326751117E+00
    0.295320000000000E+03    0.493071299323560E+01    0.493426757226550E+00
    0.295340000000000E+03    0.497045005994187E+01    0.493423144088849E+00
    0.301600000000000E+03    0.483544825920490E+01    0.492815200973097E+00
    0.301620000000000E+03    0.487516119847169E+01    0.492812226181718E+00
    0.307880000000000E+03    0.473243303278184E+01    0.492201732326642E+00
    0.307900000000000E+03    0.477212132644433E+01    0.492199583347290E+00
    0.314160000000000E+03    0.462154988337306E+01    0.491571729792583E+00
    0.314180000000000E+03    0.466121270027611E+01    0.491570378177983E+00
    0.320460000000000E+03    0.454236391232166E+01    0.490935147017617E+00
    0.320480000000000E+03    0.458200149246284E+01    0.490934668902569E+00
    0.326740000000000E+03    0.441584451437666E+01    0.490306354383926E+00
    0.326760000000000E+03    0.445545677495886E+01    0.490306805213152E+00
    0.333020000000000E+03    0.428184577941943E+01    0.489689038096322E+00
    0.333040000000000E+03    0.432143325794323E+01    0.489690308033622E+00
    0.339300000000000E+03    0.414078418265819E+01    0.489095939477721E+00
    0.339320000000000E+03    0.418034808926791E+01    0.489097942852261E+00
    0.345580000000000E+03    0.399319037432201E+01    0.488541338800417E+00
    0.345600000000000E+03    0.403273181503630E+01    0.488543800685234E+00
    0.351860000000000E+03    0.383978069163720E+01    0.488044914716072E+00
    0.351880000000000E+03    0.387930254440107E+01    0.488047581549723E+00
    0.358160000000000E+03    0.372088748775013E+01    0.487621918655283E+00
    0.358180000000000E+03    0.376039226093667E+01    0.487624490446157E+00
    0.364440000000000E+03    0.355850905688362E+01    0.487290409381755E+00
    0.364460000000000E+03    0.359800066233936E+01    0.487292530253961E+00
    0.370720000000000E+03    0.339320439604717E+01    0.487058805366778E+00
    0.370740000000000E+03    0.343268674186152E+01    0.487060188659846E+00
    0.377000000000000E+03    0.322612318511642E+01    0.486947000692834E+00
    0.377020000000000E+03    0.326560102007625E+01    0.486947478859504E+00
    0.383280000000000E+03    0.305850905003103E+01    0.486955594397924E+00
    0.383300000000000E+03    0.309798724556254E+01    0.486955096679637E+00
    0.389560000000000E+03    0.289163283685423E+01    0.487087807773861E+00
    0.389580000000000E+03    0.293111612988287E+01    0.487086424680160E+00
    0.395860000000000E+03    0.276615730052117E+01    0.487331959028588E+00
    0.395880000000000E+03    0.280565054413887E+01    0.487329903106678E+00
    0.402140000000000E+03    0.260435795292813E+01    0.487682275704682E+00
    0.402160000000000E+03    0.264386529387821E+01    0.487679780070106E+00
    0.408420000000000E+03    0.244677116683874E+01    0.488121772813280E+00
    0.408440000000000E+03    0.248629595281602E+01    0.488119133827492E+00
    0.414700000000000E+03    0.229434283824037E+01    0.488630695686147E+00
    0.414720000000000E+03    0.233388830752608E+01    0.488628275009877E+00
    0.420980000000000E+03    0.214790244724838E+01    0.489195676897415E+00
    0.421000000000000E+03    0.218747024799757E+01    0.489193726974370E+00
    0.427260000000000E+03    0.200800182991645E+01    0.489787784254280E+00
    0.427280000000000E+03    0.204759333797574E+01    0.489786537660248E+00
    0.433540000000000E+03    0.187523210230438E+01    0.490409483555008E+00
    0.433560000000000E+03    0.191484857014416E+01    0.490409072572263E+00
    0.439840000000000E+03    0.178956156799484E+01    0.491038137471275E+00
    0.439860000000000E+03    0.182920334689607E+01    0.491038582939219E+00
    0.446120000000000E+03    0.167186401223194E+01    0.491673884809557E+00
    0.446140000000000E+03    0.171153105150779E+01    0.491675198371603E+00
    0.452400000000000E+03    0.156221171746745E+01    0.492305196749743E+00
    0.452420000000000E+03    0.160190401043201E+01    0.492307353014779E+00
    0.458680000000000E+03    0.146042226856639E+01    0.492922891676850E+00
    0.458700000000000E+03    0.150013924821349E+01    0.492925803641147E+00
    0.464960000000000E+03    0.136648371623573E+01    0.493529828562553E+00
    0.464980000000000E+03    0.140622508646925E+01    0.493533371093814E+00
    0.471240000000000E+03    0.128030403494358E+01    0.494124713170792E+00
    0.471260000000000E+03    0.132006916299235E+01    0.494128801865076E+00
    0.477540000000000E+03    0.124146320097225E+01    0.494701546843597E+00
    0.477560000000000E+03    0.128125126341092E+01    0.494705963229745E+00
    0.483820000000000E+03    0.117021693483218E+01    0.495263853837840E+00
    0.483840000000000E+03    0.121002760286547E+01    0.495268639189500E+00
    0.490100000000000E+03    0.110614453486323E+01    0.495807187325750E+00
    0.490120000000000E+03    0.114597661883931E+01    0.495812174226809E+00
    0.496380000000000E+03    0.104906812474883E+01    0.496335038317591E+00
    0.496400000000000E+03    0.108892161309700E+01    0.496340234762028E+00
    0.502660000000000E+03    0.998800176793338E+00    0.496855081847723E+00
    0.502680000000000E+03    0.103867454930719E+01    0.496860404686106E+00
    0.508940000000000E+03    0.955144381699938E+00    0.497362012837742E+00
    0.508960000000000E+03    0.995038612504231E+00    0.497367387046940E+00
    0.515240000000000E+03    0.957738369237404E+00    0.497850750136728E+00
    0.515260000000000E+03    0.997652284024753E+00    0.497856179677142E+00
    0.521520000000000E+03    0.926796686506577E+00    0.498338932613282E+00
    0.521540000000000E+03    0.966730451877311E+00    0.498344387347163E+00
    0.527800000000000E+03    0.902026712652514E+00    0.498816351619875E+00
    0.527820000000000E+03    0.941979307059682E+00    0.498821789683373E+00
    0.534080000000000E+03    0.883295030952922E+00    0.499289681778425E+00
    0.534100000000000E+03    0.923266726326574E+00    0.499295139974424E+00
    0.540360000000000E+03    0.870658141901458E+00    0.499770886657955E+00
    0.540380000000000E+03    0.910649104200502E+00    0.499776353006992E+00
    0.546640000000000E+03    0.864000664077366E+00    0.500245099867462E+00
    0.546660000000000E+03    0.904010521736836E+00    0.500250564650863E+00
    0.552940000000000E+03    0.903376911582882E+00    0.500730909556191E+00
    0.552960000000000E+03    0.943406207023827E+00    0.500736363148707E+00
    0.559220000000000E+03    0.908726856232533E+00    0.501212093059259E+00
    0.559240000000000E+03    0.948775515929128E+00    0.501217540325168E+00
    0.565500000000000E+03    0.920168231322123E+00    0.501705727254612E+00
    0.565520000000000E+03    0.960236488210057E+00    0.501711166349259E+00
    0.571780000000000E+03    0.937718779052602E+00    0.502206538525684E+00
    0.571800000000000E+03    0.977807213708047E+00    0.502211969825596E+00
    0.578060000000000E+03    0.961532014809109E+00    0.502725002064057E+00
    0.578080000000000E+03    0.100164078901003E+01    0.502730375529989E+00
    0.584340000000000E+03    0.991659105395229E+00    0.503245426121305E+00
    0.584360000000000E+03    0.103178881173744E+01    0.503250769104862E+00
    0.590620000000000E+03    0.102844266075158E+01    0.503794082113431E+00
    0.590640000000000E+03    0.106859461675890E+01    0.503799321481307E+00
    0.596920000000000E+03    0.111216254698593E+01    0.504359923716639E+00
    0.596940000000000E+03    0.115233683826114E+01    0.504364921692105E+00
    0.603200000000000E+03    0.116265210872803E+01    0.504939465171571E+00
    0.603220000000000E+03    0.120284981199097E+01    0.504944278685327E+00
    0.609480000000000E+03    0.122034028066469E+01    0.505533394172767E+00
    0.609500000000000E+03    0.126056160238431E+01    0.505537866329818E+00
    0.615760000000000E+03    0.128539570421276E+01    0.506143705252733E+00
    0.615780000000000E+03    0.132564153891190E+01    0.506147820232578E+00
    0.622040000000000E+03    0.135799383689755E+01    0.506764698330936E+00
    0.622060000000000E+03    0.139826472332584E+01    0.506768280164602E+00
    0.628320000000000E+03    0.143835438542874E+01    0.507396280370965E+00
    0.628340000000000E+03    0.147865029644731E+01    0.507399287020929E+00
    0.634620000000000E+03    0.156682709020538E+01    0.508031720413815E+00
    0.634640000000000E+03    0.160714837474779E+01    0.508033854797016E+00
    0.640900000000000E+03    0.166283378596313E+01    0.508650135902853E+00
    0.640920000000000E+03    0.170317994785182E+01    0.508651517471596E+00
    0.647180000000000E+03    0.176673199611560E+01    0.509264410769107E+00
    0.647200000000000E+03    0.180710263612445E+01    0.509264888764098E+00
    0.653460000000000E+03    0.187837951654660E+01    0.509852393711823E+00
    0.653480000000000E+03    0.191877379976654E+01    0.509852056271885E+00
    0.659740000000000E+03    0.199759657177901E+01    0.510413132871904E+00
    0.659760000000000E+03    0.203801308215066E+01    0.510411964281727E+00
    0.666020000000000E+03    0.212391910235419E+01    0.510922029066924E+00
    0.666040000000000E+03    0.216435595362486E+01    0.510920150220488E+00
    0.672320000000000E+03    0.229739404989095E+01    0.511381591733953E+00
    0.672340000000000E+03    0.233784930930619E+01    0.511379181883340E+00
    0.678600000000000E+03    0.243642485991177E+01    0.511777787657676E+00
    0.678620000000000E+03    0.247689561198308E+01    0.511775130762690E+00
    0.684880000000000E+03    0.258068567437135E+01    0.512113150517241E+00
    0.684900000000000E+03    0.262117020201345E+01    0.512110617841135E+00
    0.691160000000000E+03    0.272936012792070E+01    0.512368935700201E+00
    0.691180000000000E+03    0.276985482352393E+01    0.512366784595559E+00
    0.697440000000000E+03    0.288131875146109E+01    0.512549432716491E+00
    0.697460000000000E+03    0.292182069935484E+01    0.512547951866338E+00
    0.703720000000000E+03    0.303536894118429E+01    0.512647097357356E+00
    0.703740000000000E+03    0.307587465988831E+01    0.512646474811854E+00
    0.710000000000000E+03    0.319026348654393E+01    0.512658616029396E+00
    0.710020000000000E+03    0.323076979024540E+01    0.512658947729136E+00
    0.716300000000000E+03    0.338526406899086E+01    0.512595609951059E+00
    0.716320000000000E+03    0.342576786603286E+01    0.512596934758251E+00
    0.722580000000000E+03    0.353812775324059E+01    0.512448141905824E+00
    0.722600000000000E+03    0.357862567355733E+01    0.512450193368510E+00
    0.728860000000000E+03    0.368821043579942E+01    0.512223962833907E+00
    0.728880000000000E+03    0.372869943879050E+01    0.512226471686464E+00
    0.735140000000000E+03    0.383431496443177E+01    0.511925733967674E+00
    0.735160000000000E+03    0.387479167110473E+01    0.511928386662580E+00
    0.741420000000000E+03    0.397546291035928E+01    0.511544041465829E+00
    0.741440000000000E+03    0.401592472461448E+01    0.511546553534950E+00
    0.747700000000000E+03    0.411084621455529E+01    0.511108862982675E+00
    0.747720000000000E+03    0.415129018616517E+01    0.511110905501886E+00
    0.754000000000000E+03    0.428003254663940E+01    0.510607403001400E+00
    0.754020000000000E+03    0.432045589149106E+01    0.510608729138624E+00
    0.760280000000000E+03    0.440185130701821E+01    0.510066215257584E+00
    0.760300000000000E+03    0.444225403085716E+01    0.510066760924543E+00
    0.766560000000000E+03    0.451631029853252E+01    0.509486404895439E+00
    0.766580000000000E+03    0.455668967312658E+01    0.509486014300129E+00
    0.772840000000000E+03    0.462308030351687E+01    0.508881639677170E+00
    0.772860000000000E+03    0.466343556892798E+01    0.508880417334060E+00
    0.779120000000000E+03    0.472198261171866E+01    0.508256319301815E+00
    0.779140000000000E+03    0.476231282391586E+01    0.508254261671604E+00
    0.785400000000000E+03    0.481301346782493E+01    0.507626103317601E+00
    0.785420000000000E+03    0.485331860246265E+01    0.507623249705678E+00
    0.791700000000000E+03    0.493650110348904E+01    0.506996483454370E+00
    0.791720000000000E+03    0.497678097725384E+01    0.506992952961233E+00
    0.797980000000000E+03    0.501194128416569E+01    0.506369918463624E+00
    0.798000000000000E+03    0.505219604332228E+01    0.506365841025035E+00
    0.804260000000000E+03    0.507977187396409E+01    0.505756521356779E+00
    0.804280000000000E+03    0.512000211954955E+01    0.505752026660213E+00
    0.810540000000000E+03    0.514013063882794E+01    0.505153549304771E+00
    0.810560000000000E+03    0.518033669153601E+01    0.505148739815795E+00
    0.816820000000000E+03    0.519328203484724E+01    0.504567229474653E+00
    0.816840000000000E+03    0.523346478611370E+01    0.504562188522507E+00
    0.823100000000000E+03    0.523940345662186E+01    0.504000296706361E+00
    0.823120000000000E+03    0.527956337311298E+01    0.503995081462044E+00
    0.829400000000000E+03    0.531878777157158E+01    0.503441041820542E+00
    0.829420000000000E+03    0.535892533216565E+01    0.503435660817117E+00
    0.835680000000000E+03    0.535136811651182E+01    0.502906400774231E+00
    0.835700000000000E+03    0.539148428842600E+01    0.502900968101284E+00
    0.841960000000000E+03    0.537741993599207E+01    0.502383429224023E+00
    0.841980000000000E+03    0.541751517171724E+01    0.502377969063665E+00
    0.848240000000000E+03    0.539718732235497E+01    0.501869793327901E+00
    0.848260000000000E+03    0.543726238165118E+01    0.501864316062365E+00
    0.854520000000000E+03    0.541080134025174E+01    0.501384737442136E+00
    0.854540000000000E+03    0.545085665160923E+01    0.501379248250279E+00
    0.860800000000000E+03    0.541827474544880E+01    0.500895361298066E+00
    0.860820000000000E+03    0.545831047487741E+01    0.500889882109013E+00
    0.867080000000000E+03    0.541973327283404E+01    0.500413848844758E+00
    0.867100000000000E+03    0.545974984729332E+01    0.500408378336161E+00
    0.873380000000000E+03    0.545518963811651E+01    0.499928055294119E+00
    0.873400000000000E+03    0.549518665826008E+01    0.499922569470688E+00
    0.879660000000000E+03    0.544460710143881E+01    0.499451397867246E+00
    0.879680000000000E+03    0.548458547295763E+01    0.499445930353315E+00
    0.885940000000000E+03    0.542879751223950E+01    0.498904742718697E+00
    0.885960000000000E+03    0.546875970260839E+01    0.498899508302015E+00
    0.892220000000000E+03    0.540743365767867E+01    0.498586789102779E+00
    0.892240000000000E+03    0.544737717384987E+01    0.498581316318724E+00
    0.898500000000000E+03    0.537975027882248E+01    0.498103839490361E+00
    0.898520000000000E+03    0.541967432904698E+01    0.498098371447873E+00
    0.904780000000000E+03    0.534581133800793E+01    0.497613317136536E+00
    0.904800000000000E+03    0.538571606198298E+01    0.497607881103530E+00
    0.911080000000000E+03    0.534536481337091E+01    0.497107207163460E+00
    0.911100000000000E+03    0.538524899986783E+01    0.497101776894121E+00
    0.917360000000000E+03    0.529848049403608E+01    0.496598135263051E+00
    0.917380000000000E+03    0.533834443881074E+01    0.496592796584241E+00
    0.923640000000000E+03    0.524483886502071E+01    0.496071246242800E+00
    0.923660000000000E+03    0.528468157758698E+01    0.496066047770994E+00
    0.929920000000000E+03    0.518417132447030E+01    0.495533626427930E+00
    0.929940000000000E+03    0.522399263736952E+01    0.495528601455370E+00
    0.936200000000000E+03    0.511656987251263E+01    0.494983896772139E+00
    0.936220000000000E+03    0.515636925536205E+01    0.494979159103664E+00
    0.942480000000000E+03    0.504163856850141E+01    0.494413557178671E+00
    0.942500000000000E+03    0.508141503722982E+01    0.494409201465124E+00
    0.948780000000000E+03    0.499899651753640E+01    0.493824663087985E+00
    0.948800000000000E+03    0.503874952955107E+01    0.493820703549205E+00
    0.955060000000000E+03    0.490893826366164E+01    0.493226958780075E+00
    0.955080000000000E+03    0.494866732153787E+01    0.493223543078150E+00
    0.961340000000000E+03    0.481108095067520E+01    0.492612044757882E+00
    0.961360000000000E+03    0.485078557766997E+01    0.492609368251390E+00
    0.967620000000000E+03    0.470538687024782E+01    0.491990044476496E+00
    0.967640000000000E+03    0.474506644820849E+01    0.491988173872368E+00
    0.973900000000000E+03    0.459177413689395E+01    0.491357150450520E+00
    0.973920000000000E+03    0.463142839171701E+01    0.491356145301405E+00
    0.980180000000000E+03    0.447036024750219E+01    0.490725131277190E+00
    0.980200000000000E+03    0.450998926234661E+01    0.490725052195189E+00
    0.986480000000000E+03    0.438090248144749E+01    0.490097889642992E+00
    0.986500000000000E+03    0.442050641410265E+01    0.490098648870775E+00
    0.992760000000000E+03    0.424452664622595E+01    0.489490050294583E+00
    0.992780000000000E+03    0.428410625388551E+01    0.489491608799431E+00
    0.999040000000000E+03    0.410125002910331E+01    0.488907829260307E+00
    0.999060000000000E+03    0.414080639339431E+01    0.488910026699575E+00
    0.100532000000000E+04    0.395174685361621E+01    0.488374879141847E+00
    0.100534000000000E+04    0.399128189215821E+01    0.488377457362356E+00
    0.101160000000000E+04    0.379666040876032E+01    0.487902279715144E+00
    0.101162000000000E+04    0.383617645142976E+01    0.487904956440958E+00
    0.101788000000000E+04    0.363688277753863E+01    0.487502626798770E+00
    0.101790000000000E+04    0.367638277316109E+01    0.487505038914973E+00
    0.102416000000000E+04    0.347350539838635E+01    0.487209245028840E+00
    0.102418000000000E+04    0.351299363537919E+01    0.487211067650464E+00
    0.103046000000000E+04    0.334715849189251E+01    0.487021211608193E+00
    0.103048000000000E+04    0.338663925022638E+01    0.487022335792682E+00
    0.103674000000000E+04    0.317990294728270E+01    0.486948422264141E+00
    0.103676000000000E+04    0.321938079476240E+01    0.486948582153841E+00
    0.104302000000000E+04    0.301260265907740E+01    0.487004801388805E+00
    0.104304000000000E+04    0.305208272695700E+01    0.487003993901794E+00
    0.104930000000000E+04    0.284644762515381E+01    0.487175221698586E+00
    0.104932000000000E+04    0.288593459617368E+01    0.487173560477881E+00
    0.105558000000000E+04    0.268267448711549E+01    0.487460289208361E+00
    0.105560000000000E+04    0.272217275072899E+01    0.487458013791380E+00
    0.106186000000000E+04    0.252236803535106E+01    0.487842981199785E+00
    0.106188000000000E+04    0.256188172566863E+01    0.487840376906621E+00
    0.106816000000000E+04    0.240617177753302E+01    0.488306199197584E+00
    0.106818000000000E+04    0.244570398702308E+01    0.488303602061837E+00
    0.107444000000000E+04    0.225594178730216E+01    0.488831203109780E+00
    0.107446000000000E+04    0.229549539412346E+01    0.488828911740508E+00
    0.108072000000000E+04    0.211201374386201E+01    0.489419971262496E+00
    0.108074000000000E+04    0.215159090563793E+01    0.489418218466071E+00
    0.108700000000000E+04    0.197487143364424E+01    0.490025673143274E+00
    0.108702000000000E+04    0.201447249356079E+01    0.490024672411703E+00
    0.109328000000000E+04    0.184497534240063E+01    0.490653535594874E+00
    0.109330000000000E+04    0.188460155605981E+01    0.490653408645595E+00
    0.109956000000000E+04    0.172271585888711E+01    0.491287139437171E+00
    0.109958000000000E+04    0.176236736601322E+01    0.491287784632499E+00
    0.110586000000000E+04    0.164788731132148E+01    0.491919159409569E+00
    0.110588000000000E+04    0.168756417083159E+01    0.491920710711742E+00
    0.111214000000000E+04    0.154125620338664E+01    0.492544247245300E+00
    0.111216000000000E+04    0.158095813814634E+01    0.492546615091541E+00
    0.111842000000000E+04    0.144253546075834E+01    0.493162263417178E+00
    0.111844000000000E+04    0.148226201861917E+01    0.493165347596557E+00
    0.112470000000000E+04    0.135159971982603E+01    0.493762077966735E+00
    0.112472000000000E+04    0.139135045194462E+01    0.493765781986045E+00
    0.113098000000000E+04    0.126835335967053E+01    0.494349836182213E+00
    0.113100000000000E+04    0.130812735968539E+01    0.494354011023277E+00
    0.113726000000000E+04    0.119258571059663E+01    0.494920033226999E+00
    0.113728000000000E+04    0.123238266799126E+01    0.494924634411066E+00
    0.114354000000000E+04    0.112412239865444E+01    0.495476359787810E+00
    0.114356000000000E+04    0.116394120234736E+01    0.495481207998457E+00
    0.114984000000000E+04    0.110248882751239E+01    0.496015903474790E+00
    0.114986000000000E+04    0.114232893047074E+01    0.496020993998186E+00
    0.115612000000000E+04    0.104808541434613E+01    0.496543740821196E+00
    0.115614000000000E+04    0.108794731676198E+01    0.496548973102442E+00
    0.116240000000000E+04    0.100041568815732E+01    0.497055342295752E+00
    0.116242000000000E+04    0.104029777254300E+01    0.497060645284172E+00
    0.116868000000000E+04    0.959296092576096E+00    0.497555550138754E+00
    0.116870000000000E+04    0.999198401219473E+00    0.497560950228592E+00
    0.117496000000000E+04    0.924598472837715E+00    0.498048163197144E+00
    0.117498000000000E+04    0.964520493654163E+00    0.498053594964940E+00
    0.118124000000000E+04    0.896144914647266E+00    0.498533246341840E+00
    0.118126000000000E+04    0.936086226488442E+00    0.498538690364601E+00
    0.118754000000000E+04    0.913802820694400E+00    0.499017880450220E+00
    0.118756000000000E+04    0.953763668683678E+00    0.499023334386894E+00
    0.119382000000000E+04    0.897590145897539E+00    0.499494222775744E+00
    0.119384000000000E+04    0.937569758559675E+00    0.499499661942916E+00
    0.120010000000000E+04    0.887426301606865E+00    0.499972395388982E+00
    0.120012000000000E+04    0.927425314811899E+00    0.499977857186455E+00
    0.120638000000000E+04    0.883269873933386E+00    0.500450507239745E+00
    0.120640000000000E+04    0.923287970572801E+00    0.500455970091168E+00
    0.121266000000000E+04    0.885210749716862E+00    0.500938965809669E+00
    0.121268000000000E+04    0.925248628625013E+00    0.500944433975304E+00
    0.121894000000000E+04    0.893250620705658E+00    0.501429854271834E+00
    0.121896000000000E+04    0.933307789573519E+00    0.501435304591390E+00
    0.122524000000000E+04    0.947409562998928E+00    0.501930744823418E+00
    0.122526000000000E+04    0.987486875520062E+00    0.501936175003058E+00
    0.123152000000000E+04    0.968071150176911E+00    0.502417841677756E+00
    0.123154000000000E+04    0.100817412845208E+01    0.502422488580236E+00
    0.123780000000000E+04    0.996122387815831E+00    0.503051135323344E+00
    0.123782000000000E+04    0.103624452141321E+01    0.503056483496408E+00
    0.124408000000000E+04    0.103046363933800E+01    0.503592788036942E+00
    0.124410000000000E+04    0.107060739836243E+01    0.503598042326268E+00
    0.125036000000000E+04    0.107147790048293E+01    0.504145896315919E+00
    0.125038000000000E+04    0.111164393242780E+01    0.504151025835332E+00
    0.125664000000000E+04    0.111935929813944E+01    0.504718628342091E+00
    0.125666000000000E+04    0.115954787760893E+01    0.504723517269044E+00
    0.126294000000000E+04    0.121439024811616E+01    0.505309640897301E+00
    0.126296000000000E+04    0.125460224888548E+01    0.505314268685266E+00
    0.126922000000000E+04    0.127667006559068E+01    0.505915877334422E+00
    0.126924000000000E+04    0.131690681840655E+01    0.505920120493811E+00
    0.127550000000000E+04    0.134641368994380E+01    0.506530627865809E+00
    0.127552000000000E+04    0.138667489571935E+01    0.506534358950313E+00
    0.128178000000000E+04    0.142380369625198E+01    0.507156647851093E+00
    0.128180000000000E+04    0.146409009696026E+01    0.507159843701718E+00
    0.128806000000000E+04    0.150899590708332E+01    0.507789368272245E+00
    0.128808000000000E+04    0.154930756409112E+01    0.507791880444265E+00
    0.129434000000000E+04    0.160204571081795E+01    0.508414525515632E+00
    0.129436000000000E+04    0.164238267645806E+01    0.508416233983749E+00
    0.130062000000000E+04    0.170319611736568E+01    0.509023106167344E+00
    0.130064000000000E+04    0.174355878633060E+01    0.509023973033953E+00
    0.130692000000000E+04    0.185281621765853E+01    0.509654210268436E+00
    0.130694000000000E+04    0.189320281421624E+01    0.509654164421357E+00
    0.131320000000000E+04    0.196957438043864E+01    0.510228970687904E+00
    0.131322000000000E+04    0.200998356015907E+01    0.510228015409674E+00
    0.131948000000000E+04    0.209360286787341E+01    0.510758812972962E+00
    0.131950000000000E+04    0.213403343342679E+01    0.510757162286334E+00
    0.132576000000000E+04    0.222453853118077E+01    0.511242299814329E+00
    0.132578000000000E+04    0.226498818609116E+01    0.511240058937025E+00
    0.133204000000000E+04    0.236168033883359E+01    0.511660022046455E+00
    0.133206000000000E+04    0.240214662930839E+01    0.511657423328267E+00
    0.133832000000000E+04    0.250439771026231E+01    0.512017951606871E+00
    0.133834000000000E+04    0.254487838269188E+01    0.512015328872706E+00
    0.134462000000000E+04    0.269227571402462E+01    0.512296702282246E+00
    0.134464000000000E+04    0.273276757258009E+01    0.512294401340072E+00
    0.135090000000000E+04    0.284333793072437E+01    0.512505983547346E+00
    0.135092000000000E+04    0.288383791560727E+01    0.512504285933434E+00
    0.135718000000000E+04    0.299688826087731E+01    0.512631521228787E+00
    0.135720000000000E+04    0.303739349986154E+01    0.512630618497836E+00
    0.136346000000000E+04    0.315177914076457E+01    0.512677822825718E+00
    0.136348000000000E+04    0.319228627169878E+01    0.512677901633542E+00
    0.136974000000000E+04    0.330673112443947E+01    0.512640193944942E+00
    0.136976000000000E+04    0.334723668579045E+01    0.512641158737577E+00
    0.137602000000000E+04    0.346048684882680E+01    0.512523091870744E+00
    0.137604000000000E+04    0.350098776557979E+01    0.512524884744477E+00
    0.138232000000000E+04    0.365232169557157E+01    0.512325366217940E+00
    0.138234000000000E+04    0.369281470721216E+01    0.512327777205227E+00
    0.138860000000000E+04    0.380014104738984E+01    0.512053080448875E+00
    0.138862000000000E+04    0.384062323513172E+01    0.512055794058856E+00
    0.139488000000000E+04    0.394335142184309E+01    0.511696866224195E+00
    0.139490000000000E+04    0.398381935191719E+01    0.511699463184951E+00
    0.140116000000000E+04    0.408110451932498E+01    0.511284572396955E+00
    0.140118000000000E+04    0.412155596218963E+01    0.511286830177152E+00
    0.140744000000000E+04    0.421257273085848E+01    0.510802297317040E+00
    0.140746000000000E+04    0.425300520653263E+01    0.510803893322676E+00
    0.141372000000000E+04    0.433734547092990E+01    0.510275413035061E+00
    0.141374000000000E+04    0.437775826609413E+01    0.510276082814295E+00
    0.142000000000000E+04    0.445509063085956E+01    0.509731739736395E+00
    0.142002000000000E+04    0.449548008984584E+01    0.509731733675682E+00
    0.142630000000000E+04    0.460546607688048E+01    0.509132789992492E+00
    0.142632000000000E+04    0.464583146721634E+01    0.509131840484150E+00
    0.143258000000000E+04    0.470762972021475E+01    0.508518592734224E+00
    0.143260000000000E+04    0.474797048107530E+01    0.508516753482383E+00
    0.143886000000000E+04    0.480194984496575E+01    0.507888676104396E+00
    0.143888000000000E+04    0.484226538603343E+01    0.507886061445084E+00
    0.144514000000000E+04    0.488840155143407E+01    0.507258672040319E+00
    0.144516000000000E+04    0.492869189135763E+01    0.507255361390787E+00
    0.145142000000000E+04    0.496702658400181E+01    0.506628521756083E+00
    0.145144000000000E+04    0.500729165414441E+01    0.506624637741644E+00
    0.145770000000000E+04    0.503801349526566E+01    0.506009682893316E+00
    0.145772000000000E+04    0.507825389569189E+01    0.506005326200583E+00
    0.146400000000000E+04    0.514174768636849E+01    0.505400964573231E+00
    0.146402000000000E+04    0.518196366459370E+01    0.505396168376246E+00
    0.147028000000000E+04    0.519794652505016E+01    0.504807579342701E+00
    0.147030000000000E+04    0.523813905537327E+01    0.504802556491434E+00
    0.147656000000000E+04    0.524717951001094E+01    0.504241962939946E+00
    0.147658000000000E+04    0.528734984153880E+01    0.504236779170440E+00
    0.148284000000000E+04    0.528954382561005E+01    0.503685686503415E+00
    0.148286000000000E+04    0.532969115816195E+01    0.503680344358442E+00
    0.148912000000000E+04    0.532511427562440E+01    0.503145755630816E+00
    0.148914000000000E+04    0.536524013371309E+01    0.503140357284305E+00
    0.149540000000000E+04    0.535419911520103E+01    0.502622737844296E+00
    0.149542000000000E+04    0.539430392048689E+01    0.502617289320549E+00
    0.150170000000000E+04    0.541701804577269E+01    0.502108065653107E+00
    0.150172000000000E+04    0.545710253176640E+01    0.502102573669481E+00
    0.150798000000000E+04    0.543347528869890E+01    0.501604230677606E+00
    0.150800000000000E+04    0.547353937014896E+01    0.501598744367342E+00
    0.151426000000000E+04    0.544380226745307E+01    0.501112940650603E+00
    0.151428000000000E+04    0.548384700596807E+01    0.501107457626378E+00
    0.152054000000000E+04    0.544821096776423E+01    0.500645366936121E+00
    0.152056000000000E+04    0.548823689548681E+01    0.500639876240104E+00
    0.152682000000000E+04    0.544662724825230E+01    0.500168232211712E+00
    0.152684000000000E+04    0.548663376821060E+01    0.500162740338637E+00
    0.153310000000000E+04    0.543909513665540E+01    0.499698299393712E+00
    0.153312000000000E+04    0.547908308952447E+01    0.499692830973888E+00
    0.153940000000000E+04    0.546566197854054E+01    0.499224226773477E+00
    0.153942000000000E+04    0.550563084783835E+01    0.499218741438386E+00
    0.154568000000000E+04    0.544627270580395E+01    0.498750517729372E+00
    0.154570000000000E+04    0.548622296475605E+01    0.498745047165037E+00
    0.155196000000000E+04    0.542136022797285E+01    0.498236147589314E+00
    0.155198000000000E+04    0.546129347626902E+01    0.498230822217961E+00
    0.155824000000000E+04    0.539067010574581E+01    0.497854572659194E+00
    0.155826000000000E+04    0.543058421413116E+01    0.497849099455139E+00
    0.156452000000000E+04    0.535361482850021E+01    0.497363596110916E+00
    0.156454000000000E+04    0.539350958733530E+01    0.497358167434858E+00
    0.157080000000000E+04    0.531018284600486E+01    0.496866138174478E+00
    0.157082000000000E+04    0.535005739726239E+01    0.496860757334508E+00
    0.157708000000000E+04    0.526015804141662E+01    0.496352487183444E+00
    0.157710000000000E+04    0.530001206329007E+01    0.496347187508900E+00
    0.158338000000000E+04    0.524323432846768E+01    0.495823071558712E+00
    0.158340000000000E+04    0.528306720630826E+01    0.495817889600135E+00
    0.158966000000000E+04    0.517947633215363E+01    0.495281289881875E+00
    0.158968000000000E+04    0.521928750741199E+01    0.495276340193228E+00
    0.159594000000000E+04    0.510859658051504E+01    0.494724603197852E+00
    0.159596000000000E+04    0.514838553161599E+01    0.494719925737038E+00
    0.160222000000000E+04    0.503038106431768E+01    0.494154692774261E+00
    0.160224000000000E+04    0.507014729032335E+01    0.494150447850862E+00
    0.160850000000000E+04    0.494459135773241E+01    0.493561838272923E+00
    0.160852000000000E+04    0.498433397358667E+01    0.493558131590958E+00
    0.161478000000000E+04    0.485099052860187E+01    0.492959125758117E+00
    0.161480000000000E+04    0.489070890800667E+01    0.492956005391002E+00
    0.162108000000000E+04    0.478940868197105E+01    0.492341332780335E+00
    0.162110000000000E+04    0.482910236220005E+01    0.492338893814450E+00
    0.162736000000000E+04    0.468020040589408E+01    0.491712030510592E+00
    0.162738000000000E+04    0.471986886328614E+01    0.491710430869720E+00
    0.163364000000000E+04    0.456314478148943E+01    0.491077192164875E+00
    0.163366000000000E+04    0.460278836439693E+01    0.491076424134490E+00
    0.163992000000000E+04    0.443844831397200E+01    0.490451328607061E+00
    0.163994000000000E+04    0.447806698509339E+01    0.490451527581629E+00
    0.164620000000000E+04    0.430628355077943E+01    0.489830954547936E+00
    0.164622000000000E+04    0.434587678468779E+01    0.489832041876837E+00
    0.165248000000000E+04    0.416679483058397E+01    0.489228367640221E+00
    0.165250000000000E+04    0.420636411430996E+01    0.489230204399838E+00
    0.165878000000000E+04    0.406019154933392E+01    0.488664961061995E+00
    0.165880000000000E+04    0.409973809371240E+01    0.488667315499279E+00
    0.166506000000000E+04    0.390795430994558E+01    0.488149187953997E+00
    0.166508000000000E+04    0.394748034626537E+01    0.488151842077661E+00
    0.167134000000000E+04    0.375048317679057E+01    0.487702451225134E+00
    0.167136000000000E+04    0.378999110549785E+01    0.487705055148160E+00
    0.167762000000000E+04    0.358870238382087E+01    0.487340558389757E+00
    0.167764000000000E+04    0.362819603725802E+01    0.487342799221329E+00
    0.168390000000000E+04    0.342379180474381E+01    0.487088084531086E+00
    0.168392000000000E+04    0.346327521796502E+01    0.487089643620313E+00
    0.169018000000000E+04    0.325684022728774E+01    0.486942702846167E+00
    0.169020000000000E+04    0.329631789628866E+01    0.486943405906207E+00
    0.169648000000000E+04    0.312845551012924E+01    0.486920836864246E+00
    0.169650000000000E+04    0.316793236656304E+01    0.486920697994400E+00
    0.170276000000000E+04    0.296101663580248E+01    0.487021485910639E+00
    0.170278000000000E+04    0.300049743807540E+01    0.487020346860616E+00
    0.170904000000000E+04    0.279525959449711E+01    0.487240976907572E+00
    0.170906000000000E+04    0.283474949919037E+01    0.487239134796655E+00
    0.171532000000000E+04    0.263235259003523E+01    0.487569361554950E+00
    0.171534000000000E+04    0.267185532850090E+01    0.487566928300413E+00
    0.172160000000000E+04    0.247337000006382E+01    0.487984878129971E+00
    0.172162000000000E+04    0.251288928264330E+01    0.487982235079715E+00
    0.172788000000000E+04    0.231930269451868E+01    0.488475088187823E+00
    0.172790000000000E+04    0.235884195912922E+01    0.488472588886857E+00
    0.173416000000000E+04    0.217110732584842E+01    0.489034568364237E+00
    0.173418000000000E+04    0.221066920515932E+01    0.489032462124252E+00
    0.174046000000000E+04    0.206892534805638E+01    0.489621176947056E+00
    0.174048000000000E+04    0.210851018400172E+01    0.489619692623863E+00
    0.174674000000000E+04    0.193417212121540E+01    0.490239852179585E+00
    0.174676000000000E+04    0.197378179093903E+01    0.490239188500498E+00
    0.175302000000000E+04    0.180687244156115E+01    0.490870084283487E+00
    0.175304000000000E+04    0.184650728059751E+01    0.490870155925304E+00
