    0.000000000000000E+00    0.190000000000000E+01    0.540000000000000E+00
    0.200000000000000E-01    0.194159998841524E+01    0.539999408178599E+00
    0.630000000000000E+01    0.243949374762988E+01    0.540363453050688E+00
    0.632000000000000E+01    0.248110836794004E+01    0.540360837311399E+00
    0.125800000000000E+02    0.294239128838921E+01    0.540515011750612E+00
    0.126000000000000E+02    0.298401184055174E+01    0.540513788484673E+00
    0.188600000000000E+02    0.344675147769765E+01    0.540506577553854E+00
    0.188800000000000E+02    0.348837162133877E+01    0.540508246564560E+00
    0.251400000000000E+02    0.394913953268944E+01    0.540340373935890E+00
    0.251600000000000E+02    0.399075343141292E+01    0.540342952473104E+00
    0.314200000000000E+02    0.444637535499929E+01    0.539948431805034E+00
    0.314400000000000E+02    0.448797321905352E+01    0.539948520451666E+00
    0.377000000000000E+02    0.493621877274180E+01    0.539328600095802E+00
    0.377200000000000E+02    0.497779196700034E+01    0.539324867878070E+00
    0.440000000000000E+02    0.545997325027191E+01    0.538638894339709E+00
    0.440200000000000E+02    0.550151871646702E+01    0.538633410710957E+00
    0.502800000000000E+02    0.593602296546807E+01    0.538128578881656E+00
    0.503000000000000E+02    0.597754819745859E+01    0.538125247230385E+00
    0.565600000000000E+02    0.125876124542287E+00    0.538002412458088E+00
    0.565800000000000E+02    0.167396211474639E+00    0.538003529177609E+00
    0.628400000000000E+02    0.599819969728912E+00    0.538320010537254E+00
    0.628600000000000E+02    0.641353590423904E+00    0.538324773183851E+00
    0.691200000000000E+02    0.107874795859973E+01    0.538963277961980E+00
    0.691400000000000E+02    0.112030684550632E+01    0.538968348023085E+00
    0.754000000000000E+02    0.156457775445756E+01    0.539647407806791E+00
    0.754200000000000E+02    0.160616374735602E+01    0.539649404371249E+00
    0.817000000000000E+02    0.209969451811156E+01    0.540166637799743E+00
    0.817200000000000E+02    0.214130132056096E+01    0.540165012758154E+00
    0.879800000000000E+02    0.259980652977518E+01    0.540457681103667E+00
    0.880000000000000E+02    0.264142478247464E+01    0.540455165465023E+00
    0.942600000000000E+02    0.310384116927096E+01    0.540554146423523E+00
    0.942800000000000E+02    0.314546326311313E+01    0.540553881146494E+00
    0.100540000000000E+03    0.360826369786054E+01    0.540498503347379E+00
    0.100560000000000E+03    0.364988356779008E+01    0.540500855561236E+00
    0.106820000000000E+03    0.410959783684646E+01    0.540263236890684E+00
    0.106840000000000E+03    0.415120837922089E+01    0.540265340648995E+00
    0.113100000000000E+03    0.460487205416766E+01    0.539792731754462E+00
    0.113120000000000E+03    0.464646376363950E+01    0.539791569899311E+00
    0.119400000000000E+03    0.513406792225177E+01    0.539124761492626E+00
    0.119420000000000E+03    0.517563293093534E+01    0.539120032913781E+00
    0.125680000000000E+03    0.561434285614268E+01    0.538468364008689E+00
    0.125700000000000E+03    0.565588149685408E+01    0.538463152094422E+00
    0.131960000000000E+03    0.608934245476604E+01    0.538062723007918E+00
    0.131980000000000E+03    0.613086503398455E+01    0.538060712755093E+00
    0.138240000000000E+03    0.279397569334321E+00    0.538092536816028E+00
    0.138260000000000E+03    0.320921103078604E+00    0.538095111220974E+00
    0.144520000000000E+03    0.754718786069247E+00    0.538526041458169E+00
    0.144540000000000E+03    0.796259806971818E+00    0.538531467274970E+00
    0.150800000000000E+03    0.123555710111265E+01    0.539192254136590E+00
    0.150820000000000E+03    0.127712457151705E+01    0.539196549613587E+00
    0.157080000000000E+03    0.172387486423571E+01    0.539840513203460E+00
    0.157100000000000E+03    0.176546860457353E+01    0.539841209618023E+00
    0.163380000000000E+03    0.226138897139913E+01    0.540293761231108E+00
    0.163400000000000E+03    0.230300085807937E+01    0.540291454115283E+00
    0.169660000000000E+03    0.276316112060670E+01    0.540512048819353E+00
    0.169680000000000E+03    0.280478155641509E+01    0.540510004275680E+00
    0.175940000000000E+03    0.326779123925945E+01    0.540559987345205E+00
    0.175960000000000E+03    0.330941350023733E+01    0.540560749995079E+00
    0.182220000000000E+03    0.377164289919170E+01    0.540448461321069E+00
    0.182240000000000E+03    0.381326088599957E+01    0.540451102509386E+00
    0.188500000000000E+03    0.427133856954913E+01    0.540142576706978E+00
    0.188520000000000E+03    0.431294425474067E+01    0.540143868800039E+00
    0.194780000000000E+03    0.476427375336834E+01    0.539588316163763E+00
    0.194800000000000E+03    0.480585758717660E+01    0.539585847090189E+00
    0.201080000000000E+03    0.529105015645064E+01    0.538903375887245E+00
    0.201100000000000E+03    0.533260658317573E+01    0.538897975436772E+00
    0.207360000000000E+03    0.576934210188926E+01    0.538297555154850E+00
    0.207380000000000E+03    0.581087436738665E+01    0.538293087534277E+00
    0.213640000000000E+03    0.624377504366117E+01    0.538028193989726E+00
    0.213660000000000E+03    0.211307425576024E-02    0.538028151331372E+00
    0.219920000000000E+03    0.434551638552705E+00    0.538220836058248E+00
    0.219940000000000E+03    0.476080482228951E+00    0.538224672571879E+00
    0.226200000000000E+03    0.911800623594672E+00    0.538755714997336E+00
    0.226220000000000E+03    0.953350941043880E+00    0.538761155383771E+00
    0.232480000000000E+03    0.139532207676427E+01    0.539445591557890E+00
    0.232500000000000E+03    0.143689998191581E+01    0.539448911805839E+00
    0.238780000000000E+03    0.192813081195408E+01    0.540039311179612E+00
    0.238800000000000E+03    0.196973248897490E+01    0.540038717298098E+00
    0.245060000000000E+03    0.242654994843122E+01    0.540410558255938E+00
    0.245080000000000E+03    0.246816631251505E+01    0.540407937369757E+00
    0.251340000000000E+03    0.292992106683926E+01    0.540567085525990E+00
    0.251360000000000E+03    0.297154382638462E+01    0.540565882295015E+00
    0.257620000000000E+03    0.343497974734635E+01    0.540562289274681E+00
    0.257640000000000E+03    0.347660222235356E+01    0.540563906758636E+00
    0.263900000000000E+03    0.393816102382470E+01    0.540399711754444E+00
    0.263920000000000E+03    0.397977799660532E+01    0.540402205384339E+00
    0.270180000000000E+03    0.443648654899255E+01    0.540023872384708E+00
    0.270200000000000E+03    0.447808785525103E+01    0.540024020876263E+00
    0.276480000000000E+03    0.496901106412429E+01    0.539410157433360E+00
    0.276500000000000E+03    0.501058740972280E+01    0.539406352391638E+00
    0.282760000000000E+03    0.545221853266082E+01    0.538721661732571E+00
    0.282780000000000E+03    0.549376753956778E+01    0.538716189611550E+00
    0.289040000000000E+03    0.592932466431819E+01    0.538206216789071E+00
    0.289060000000000E+03    0.597085283903755E+01    0.538202788004068E+00
    0.295320000000000E+03    0.120170399581298E+00    0.538080410343936E+00
    0.295340000000000E+03    0.161693577215033E+00    0.538081474882062E+00
    0.301600000000000E+03    0.595021490059594E+00    0.538387517113069E+00
    0.301620000000000E+03    0.636557074818143E+00    0.538392314541666E+00
    0.307880000000000E+03    0.107443430715250E+01    0.539012387077584E+00
    0.307900000000000E+03    0.111599526415489E+01    0.539017474102608E+00
    0.314160000000000E+03    0.156089315866552E+01    0.539696568427266E+00
    0.314180000000000E+03    0.160248110631790E+01    0.539698573473912E+00
    0.320460000000000E+03    0.209660688514703E+01    0.540214968784519E+00
    0.320480000000000E+03    0.213821557661697E+01    0.540213340127199E+00
    0.326740000000000E+03    0.259732803266184E+01    0.540507725330285E+00
    0.326760000000000E+03    0.263894825911962E+01    0.540505210624820E+00
    0.333020000000000E+03    0.310195598633334E+01    0.540603802764406E+00
    0.333040000000000E+03    0.314358021331782E+01    0.540603626441312E+00
    0.339300000000000E+03    0.360705834463727E+01    0.540552328775151E+00
    0.339320000000000E+03    0.364868033581899E+01    0.540554632319601E+00
    0.345580000000000E+03    0.410903698131654E+01    0.540317275273082E+00
    0.345600000000000E+03    0.415064973694996E+01    0.540319385191960E+00
    0.351860000000000E+03    0.460496489475338E+01    0.539844608850119E+00
    0.351880000000000E+03    0.464655879466648E+01    0.539843459006155E+00
    0.358160000000000E+03    0.513487981517437E+01    0.539184603085418E+00
    0.358180000000000E+03    0.517644715583981E+01    0.539179874200389E+00
    0.364440000000000E+03    0.561578601046028E+01    0.538524320345831E+00
    0.364460000000000E+03    0.565732563158099E+01    0.538519239725246E+00
    0.370720000000000E+03    0.609109048791743E+01    0.538117608506376E+00
    0.370740000000000E+03    0.613261346014735E+01    0.538115830232989E+00
    0.377000000000000E+03    0.281326842278531E+00    0.538111151356438E+00
    0.377020000000000E+03    0.322851204642575E+00    0.538113751531338E+00
    0.383280000000000E+03    0.756955626279478E+00    0.538549654164766E+00
    0.383300000000000E+03    0.798497687076974E+00    0.538555026823745E+00
    0.389560000000000E+03    0.123808845021199E+01    0.539213282173747E+00
    0.389580000000000E+03    0.127965709962700E+01    0.539217628065150E+00
    0.395860000000000E+03    0.176829420668264E+01    0.539863908129440E+00
    0.395880000000000E+03    0.180988887506214E+01    0.539864481832848E+00
    0.402140000000000E+03    0.226444791856864E+01    0.540307793865774E+00
    0.402160000000000E+03    0.230606029143382E+01    0.540305473216070E+00
    0.408420000000000E+03    0.276644358337273E+01    0.540526896719473E+00
    0.408440000000000E+03    0.280806456103039E+01    0.540524870696811E+00
    0.414700000000000E+03    0.327124338528256E+01    0.540572188040275E+00
    0.414720000000000E+03    0.331286622510959E+01    0.540572916157901E+00
    0.420980000000000E+03    0.377525521337111E+01    0.540461386859394E+00
    0.421000000000000E+03    0.381687368869871E+01    0.540464035690177E+00
    0.427260000000000E+03    0.427515248312716E+01    0.540149295628233E+00
    0.427280000000000E+03    0.431675990935094E+01    0.540150393585916E+00
    0.433540000000000E+03    0.476861303865837E+01    0.539605349295861E+00
    0.433560000000000E+03    0.481019869442673E+01    0.539602734530200E+00
    0.439840000000000E+03    0.529597474288209E+01    0.538946114126814E+00
    0.439860000000000E+03    0.533753269793851E+01    0.538940790024291E+00
    0.446120000000000E+03    0.577486019528885E+01    0.538348397966362E+00
    0.446140000000000E+03    0.581639415407335E+01    0.538343931002242E+00
    0.452400000000000E+03    0.624950906322374E+01    0.538074915959253E+00
    0.452420000000000E+03    0.784653667778912E-02    0.538074456698175E+00
    0.458680000000000E+03    0.440545586583426E+00    0.538254997633852E+00
    0.458700000000000E+03    0.482075720998978E+00    0.538258872770955E+00
    0.464960000000000E+03    0.918254793799974E+00    0.538800369007006E+00
    0.464980000000000E+03    0.959806843410092E+00    0.538805825285132E+00
    0.471240000000000E+03    0.140223548291760E+01    0.539480353925285E+00
    0.471260000000000E+03    0.144381485473514E+01    0.539483617028687E+00
    0.477540000000000E+03    0.193552048312699E+01    0.540076733771358E+00
    0.477560000000000E+03    0.197712358140461E+01    0.540076087541598E+00
    0.483820000000000E+03    0.243439170407589E+01    0.540443113772627E+00
    0.483840000000000E+03    0.247600964213780E+01    0.540440506415258E+00
    0.490100000000000E+03    0.293818134355729E+01    0.540595682496928E+00
    0.490120000000000E+03    0.297980515416907E+01    0.540594481914317E+00
    0.496380000000000E+03    0.344357239377860E+01    0.540588349816881E+00
    0.496400000000000E+03    0.348519585335384E+01    0.540590008846538E+00
    0.502660000000000E+03    0.394692687508768E+01    0.540422214702807E+00
    0.502680000000000E+03    0.398854380313310E+01    0.540424782160629E+00
    0.508940000000000E+03    0.444511406043830E+01    0.540026669970794E+00
    0.508960000000000E+03    0.448671502230150E+01    0.540026703958934E+00
    0.515240000000000E+03    0.497758665722358E+01    0.539410693844489E+00
    0.515260000000000E+03    0.501916303553048E+01    0.539406873988863E+00
    0.521520000000000E+03    0.546078768147390E+01    0.538721677347396E+00
    0.521540000000000E+03    0.550233653399937E+01    0.538716182098374E+00
    0.527800000000000E+03    0.593794542530873E+01    0.538218997545046E+00
    0.527820000000000E+03    0.597947387998670E+01    0.538215682817300E+00
    0.534080000000000E+03    0.128899249228880E+00    0.538095078952148E+00
    0.534100000000000E+03    0.170422928492144E+00    0.538096280113543E+00
    0.540360000000000E+03    0.603959394949698E+00    0.538422838654712E+00
    0.540380000000000E+03    0.645495919097129E+00    0.538427667970813E+00
    0.546640000000000E+03    0.108331713737493E+01    0.539045048767628E+00
    0.546660000000000E+03    0.112487688694318E+01    0.539049958822745E+00
    0.552940000000000E+03    0.161117068241651E+01    0.539691269477152E+00
    0.552960000000000E+03    0.165275837631020E+01    0.539693136284180E+00
    0.559220000000000E+03    0.210517362002702E+01    0.540203863842148E+00
    0.559240000000000E+03    0.214678131573396E+01    0.540202161733437E+00
    0.565500000000000E+03    0.260517939885654E+01    0.540453442488316E+00
    0.565520000000000E+03    0.264679733045523E+01    0.540450960600523E+00
    0.571780000000000E+03    0.310904486147410E+01    0.540542215308369E+00
    0.571800000000000E+03    0.315066645575371E+01    0.540541983079103E+00
    0.578060000000000E+03    0.361332268155729E+01    0.540489679305003E+00
    0.578080000000000E+03    0.365494220593291E+01    0.540492010271805E+00
    0.584340000000000E+03    0.411443146765191E+01    0.540247173890183E+00
    0.584360000000000E+03    0.415604137126411E+01    0.540249248840327E+00
    0.590620000000000E+03    0.460944179547619E+01    0.539770617151140E+00
    0.590640000000000E+03    0.465103284987094E+01    0.539769351043390E+00
    0.596920000000000E+03    0.513850025678698E+01    0.539108155597999E+00
    0.596940000000000E+03    0.518006505179915E+01    0.539103429192762E+00
    0.603200000000000E+03    0.561865962918887E+01    0.538451502181843E+00
    0.603220000000000E+03    0.566019760205654E+01    0.538446314652849E+00
    0.609480000000000E+03    0.609350801429969E+01    0.538053628897870E+00
    0.609500000000000E+03    0.613503022765099E+01    0.538051708498181E+00
    0.615760000000000E+03    0.283469585561988E+00    0.538085882463960E+00
    0.615780000000000E+03    0.324992958720031E+00    0.538088518943380E+00
    0.622040000000000E+03    0.758815011874958E+00    0.538528050917431E+00
    0.622060000000000E+03    0.800356239380562E+00    0.538533426061118E+00
    0.628320000000000E+03    0.123969087241744E+01    0.539194354896777E+00
    0.628340000000000E+03    0.128125879941081E+01    0.539198671528924E+00
    0.634620000000000E+03    0.176965269215680E+01    0.539843736015050E+00
    0.634640000000000E+03    0.181124653037159E+01    0.539844265059250E+00
    0.640900000000000E+03    0.226557819391383E+01    0.540283619566148E+00
    0.640920000000000E+03    0.230718986294801E+01    0.540281301729644E+00
    0.647180000000000E+03    0.276751591314292E+01    0.540507664870814E+00
    0.647200000000000E+03    0.280913768151117E+01    0.540505796048992E+00
    0.653460000000000E+03    0.327238884402482E+01    0.540564769453010E+00
    0.653480000000000E+03    0.331401136718273E+01    0.540565503678773E+00
    0.659740000000000E+03    0.377631427345750E+01    0.540452222407365E+00
    0.659760000000000E+03    0.381793234519319E+01    0.540454862846068E+00
    0.666020000000000E+03    0.427595849790191E+01    0.540141936636407E+00
    0.666040000000000E+03    0.431756422417493E+01    0.540143180835680E+00
    0.672320000000000E+03    0.481039963614217E+01    0.539587438387028E+00
    0.672340000000000E+03    0.485198280134318E+01    0.539584578817779E+00
    0.678600000000000E+03    0.529533397552655E+01    0.538891385407995E+00
    0.678620000000000E+03    0.533688949024327E+01    0.538886028706098E+00
    0.684880000000000E+03    0.577351921245213E+01    0.538297263064692E+00
    0.684900000000000E+03    0.581505101630364E+01    0.538292778582991E+00
    0.691160000000000E+03    0.624753784621089E+01    0.538026982890674E+00
    0.691180000000000E+03    0.587340380525347E-02    0.538026536304730E+00
    0.697440000000000E+03    0.437921115179961E+00    0.538203769164459E+00
    0.697460000000000E+03    0.479449089955096E+00    0.538207649457628E+00
    0.703720000000000E+03    0.914654029427311E+00    0.538745339406015E+00
    0.703740000000000E+03    0.956202000060102E+00    0.538750693887809E+00
    0.710000000000000E+03    0.139758517693485E+01    0.539413444661427E+00
    0.710020000000000E+03    0.143916145061007E+01    0.539416652364611E+00
    0.716300000000000E+03    0.192998009073517E+01    0.540011021108501E+00
    0.716320000000000E+03    0.197158056677085E+01    0.540010402503329E+00
    0.722580000000000E+03    0.242800784443125E+01    0.540375578725139E+00
    0.722600000000000E+03    0.246962280891489E+01    0.540372952087101E+00
    0.728860000000000E+03    0.293097113672025E+01    0.540530715459677E+00
    0.728880000000000E+03    0.297259256052257E+01    0.540529559345858E+00
    0.735140000000000E+03    0.343557785902249E+01    0.540522887639166E+00
    0.735160000000000E+03    0.347719879875331E+01    0.540524519461031E+00
    0.741420000000000E+03    0.393820757312142E+01    0.540357111191358E+00
    0.741440000000000E+03    0.397982186575518E+01    0.540359716267594E+00
    0.747700000000000E+03    0.443559258349160E+01    0.539959518901064E+00
    0.747720000000000E+03    0.447719110725302E+01    0.539959647602684E+00
    0.754000000000000E+03    0.496726628368788E+01    0.539345734157834E+00
    0.754020000000000E+03    0.500884009446850E+01    0.539341895969581E+00
    0.760280000000000E+03    0.544966400764179E+01    0.538657404604779E+00
    0.760300000000000E+03    0.549121050155600E+01    0.538651912881020E+00
    0.766560000000000E+03    0.592589299169435E+01    0.538141990691324E+00
    0.766580000000000E+03    0.596741860399879E+01    0.538138562102190E+00
    0.772840000000000E+03    0.115897711990101E+00    0.538014942513705E+00
    0.772860000000000E+03    0.157418203416000E+00    0.538016047663160E+00
    0.779120000000000E+03    0.589882081091901E+00    0.538321633083429E+00
    0.779140000000000E+03    0.631415034207294E+00    0.538326428856810E+00
    0.785400000000000E+03    0.106836811124072E+01    0.538939127841408E+00
    0.785420000000000E+03    0.110992567374092E+01    0.538944227230168E+00
    0.791700000000000E+03    0.159539938314515E+01    0.539619816803659E+00
    0.791720000000000E+03    0.163698431279590E+01    0.539621793840587E+00
    0.797980000000000E+03    0.208861095659904E+01    0.540144403282431E+00
    0.798000000000000E+03    0.213021672046170E+01    0.540142802247561E+00
    0.804260000000000E+03    0.258840847920783E+01    0.540438023594933E+00
    0.804280000000000E+03    0.263002612971832E+01    0.540435518260820E+00
    0.810540000000000E+03    0.309213948429488E+01    0.540533196622824E+00
    0.810560000000000E+03    0.313376078174019E+01    0.540532873574035E+00
    0.816820000000000E+03    0.359637377330023E+01    0.540481508477595E+00
    0.816840000000000E+03    0.363799306043734E+01    0.540483793784813E+00
    0.823100000000000E+03    0.409749917753697E+01    0.540248399323663E+00
    0.823120000000000E+03    0.413910909049173E+01    0.540250537797974E+00
    0.829400000000000E+03    0.463416557265850E+01    0.539774664707298E+00
    0.829420000000000E+03    0.467575662277477E+01    0.539773466834719E+00
    0.835680000000000E+03    0.512163380918037E+01    0.539115420716094E+00
    0.835700000000000E+03    0.516319846682768E+01    0.539110695556488E+00
    0.841960000000000E+03    0.560170266052637E+01    0.538451290316181E+00
    0.841980000000000E+03    0.564324080035021E+01    0.538446057812772E+00
    0.848240000000000E+03    0.607652076687691E+01    0.538052603016502E+00
    0.848260000000000E+03    0.611804254661524E+01    0.538050514532799E+00
    0.854520000000000E+03    0.266270465463322E+00    0.538062281733698E+00
    0.854540000000000E+03    0.307792768096533E+00    0.538064845174311E+00
    0.860800000000000E+03    0.741299746462118E+00    0.538497724930927E+00
    0.860820000000000E+03    0.782839340599821E+00    0.538503029995897E+00
    0.867080000000000E+03    0.122175701387255E+01    0.539162615851234E+00
    0.867100000000000E+03    0.126332361791265E+01    0.539167033814209E+00
    0.873380000000000E+03    0.175129931875040E+01    0.539813775709181E+00
    0.873400000000000E+03    0.179289196222385E+01    0.539814489434280E+00
    0.879660000000000E+03    0.224685426135284E+01    0.540269202064429E+00
    0.879680000000000E+03    0.228846504722856E+01    0.540266921047997E+00
    0.885940000000000E+03    0.274827253971375E+01    0.540489719289044E+00
    0.885960000000000E+03    0.278989216446530E+01    0.540487639334316E+00
    0.892220000000000E+03    0.325263819273323E+01    0.540546730520209E+00
    0.892240000000000E+03    0.329425953789791E+01    0.540547476126844E+00
    0.898500000000000E+03    0.375622000359294E+01    0.540431082644827E+00
    0.898520000000000E+03    0.379783682301718E+01    0.540433693623308E+00
    0.904780000000000E+03    0.425566261677250E+01    0.540124790683311E+00
    0.904800000000000E+03    0.429726766677140E+01    0.540126146503601E+00
    0.911080000000000E+03    0.478998885959913E+01    0.539578418316984E+00
    0.911100000000000E+03    0.483157194225669E+01    0.539575963974712E+00
    0.917360000000000E+03    0.527486104881655E+01    0.538893274054446E+00
    0.917380000000000E+03    0.531641671129069E+01    0.538887995169298E+00
    0.923640000000000E+03    0.575297601513785E+01    0.538287989871086E+00
    0.923660000000000E+03    0.579450738250853E+01    0.538283410672029E+00
    0.929920000000000E+03    0.622674587015081E+01    0.538003101428618E+00
    0.929940000000000E+03    0.626826596824822E+01    0.538002451859648E+00
    0.936200000000000E+03    0.416751721098535E+00    0.538160581863892E+00
    0.936220000000000E+03    0.458278188529448E+00    0.538164330493118E+00
    0.942480000000000E+03    0.893185767263276E+00    0.538689083136091E+00
    0.942500000000000E+03    0.934733308558179E+00    0.538694528859284E+00
    0.948780000000000E+03    0.141747658411600E+01    0.539382457749194E+00
    0.948800000000000E+03    0.145905196507852E+01    0.539385799937683E+00
    0.955060000000000E+03    0.190789702325628E+01    0.539979100198946E+00
    0.955080000000000E+03    0.194949630528799E+01    0.539978590622867E+00
    0.961340000000000E+03    0.240555920189513E+01    0.540359180355889E+00
    0.961360000000000E+03    0.244717353155033E+01    0.540356570985733E+00
    0.967620000000000E+03    0.290825069597372E+01    0.540518426222384E+00
    0.967640000000000E+03    0.294987149280132E+01    0.540517105041361E+00
    0.973900000000000E+03    0.341276781666807E+01    0.540523258170604E+00
    0.973920000000000E+03    0.345438865644633E+01    0.540524781594403E+00
    0.980180000000000E+03    0.391543704076412E+01    0.540360336990337E+00
    0.980200000000000E+03    0.395705149791934E+01    0.540362952901965E+00
    0.986480000000000E+03    0.445471954919458E+01    0.539985407853452E+00
    0.986500000000000E+03    0.449631900914073E+01    0.539985631419524E+00
    0.992760000000000E+03    0.494513818029009E+01    0.539375611104034E+00
    0.992780000000000E+03    0.498671326997783E+01    0.539371930921022E+00
    0.999040000000000E+03    0.542788804732527E+01    0.538691904154426E+00
    0.999060000000000E+03    0.546943556153792E+01    0.538686402603975E+00
    0.100532000000000E+04    0.590443955630235E+01    0.538167144902563E+00
    0.100534000000000E+04    0.594596641381168E+01    0.538163626523882E+00
    0.101160000000000E+04    0.948390672447204E-01    0.538025498298855E+00
    0.101162000000000E+04    0.136360039552528E+00    0.538026361717727E+00
    0.101788000000000E+04    0.568929141664285E+00    0.538316044483704E+00
    0.101790000000000E+04    0.610461789517103E+00    0.538320736083606E+00
    0.102416000000000E+04    0.104734734337535E+01    0.538928632219065E+00
    0.102418000000000E+04    0.108890459512850E+01    0.538933808899681E+00
    0.103046000000000E+04    0.157430513669760E+01    0.539614952421503E+00
    0.103048000000000E+04    0.161588999205560E+01    0.539617025288553E+00
    0.103674000000000E+04    0.206753255792501E+01    0.540154788853959E+00
    0.103676000000000E+04    0.210913894700479E+01    0.540153292913237E+00
    0.104302000000000E+04    0.256742482579693E+01    0.540454106922167E+00
    0.104304000000000E+04    0.260904292972964E+01    0.540451540160077E+00
    0.104930000000000E+04    0.307139705696864E+01    0.540559902462950E+00
    0.104932000000000E+04    0.311301934134735E+01    0.540559484278806E+00
    0.105558000000000E+04    0.357595828166177E+01    0.540509636482901E+00
    0.105560000000000E+04    0.361757865968093E+01    0.540511879494471E+00
    0.106186000000000E+04    0.407757061255597E+01    0.540284934166714E+00
    0.106188000000000E+04    0.411918194508280E+01    0.540287132457229E+00
    0.106816000000000E+04    0.461480561147800E+01    0.539819968692132E+00
    0.106818000000000E+04    0.465639854853089E+01    0.539818922610293E+00
    0.107444000000000E+04    0.510285698959569E+01    0.539162416289913E+00
    0.107446000000000E+04    0.514442349394767E+01    0.539157658751094E+00
    0.108072000000000E+04    0.558346118665895E+01    0.538492689157313E+00
    0.108074000000000E+04    0.562500123556629E+01    0.538487438001053E+00
    0.108700000000000E+04    0.605892501568269E+01    0.538081717593618E+00
    0.108702000000000E+04    0.610044981985084E+01    0.538079704948362E+00
    0.109328000000000E+04    0.249478779195670E+00    0.538106619886444E+00
    0.109330000000000E+04    0.291003772174463E+00    0.538109469820546E+00
    0.109956000000000E+04    0.725231480660113E+00    0.538536682018089E+00
    0.109958000000000E+04    0.766773443216152E+00    0.538541967146396E+00
    0.110586000000000E+04    0.124799530236623E+01    0.539205637694888E+00
    0.110588000000000E+04    0.128956360889788E+01    0.539210054164084E+00
    0.111214000000000E+04    0.173651224868127E+01    0.539857488646645E+00
    0.111216000000000E+04    0.177810665678089E+01    0.539858312021426E+00
    0.111842000000000E+04    0.223260513607602E+01    0.540314459351456E+00
    0.111844000000000E+04    0.227421766197358E+01    0.540312194095669E+00
    0.112470000000000E+04    0.273464284972306E+01    0.540544528031736E+00
    0.112472000000000E+04    0.277626457752194E+01    0.540542392844219E+00
    0.113098000000000E+04    0.323964439137535E+01    0.540593576706681E+00
    0.113100000000000E+04    0.328126807272065E+01    0.540594185215507E+00
    0.113726000000000E+04    0.374406063771357E+01    0.540495223352076E+00
    0.113728000000000E+04    0.378568036622437E+01    0.540497830979735E+00
    0.114354000000000E+04    0.424438836909485E+01    0.540193120148313E+00
    0.114356000000000E+04    0.428599615749499E+01    0.540194530836316E+00
    0.114984000000000E+04    0.477960896853938E+01    0.539651627033741E+00
    0.114986000000000E+04    0.482119473032435E+01    0.539649010230769E+00
    0.115612000000000E+04    0.526534795208727E+01    0.538959292214061E+00
    0.115614000000000E+04    0.530690624069484E+01    0.538954011587628E+00
    0.116240000000000E+04    0.574424933545470E+01    0.538352950424783E+00
    0.116242000000000E+04    0.578578327006744E+01    0.538348318263148E+00
    0.116868000000000E+04    0.621869987197897E+01    0.538059907448500E+00
    0.116870000000000E+04    0.626022175530352E+01    0.538059215075131E+00
    0.117496000000000E+04    0.409230291316362E+00    0.538204383920441E+00
    0.117498000000000E+04    0.450758052709261E+00    0.538208128484092E+00
    0.118124000000000E+04    0.886269927950252E+00    0.538739059715588E+00
    0.118126000000000E+04    0.927819556231043E+00    0.538744523827764E+00
    0.118754000000000E+04    0.141115348643007E+01    0.539426723840569E+00
    0.118756000000000E+04    0.145273097790960E+01    0.539430017392774E+00
    0.119382000000000E+04    0.190226391442775E+01    0.540034135759575E+00
    0.119384000000000E+04    0.194386549628825E+01    0.540033696400940E+00
    0.120010000000000E+04    0.240060570045307E+01    0.540412500322480E+00
    0.120012000000000E+04    0.244222211963825E+01    0.540409882588575E+00
    0.120638000000000E+04    0.290399882407246E+01    0.540575723618534E+00
    0.120640000000000E+04    0.294562185263203E+01    0.540574362402085E+00
    0.121266000000000E+04    0.340918844977341E+01    0.540576873813943E+00
    0.121268000000000E+04    0.345081145034192E+01    0.540578446743329E+00
    0.121894000000000E+04    0.391252630052350E+01    0.540411213218980E+00
    0.121896000000000E+04    0.395414265090949E+01    0.540413819021793E+00
    0.122524000000000E+04    0.445238879891758E+01    0.540032771152401E+00
    0.122526000000000E+04    0.449399011668538E+01    0.540032998606955E+00
    0.123152000000000E+04    0.494338882032525E+01    0.539422137507709E+00
    0.123154000000000E+04    0.498496579375615E+01    0.539418473105596E+00
    0.123780000000000E+04    0.542673388971616E+01    0.538737278368217E+00
    0.123782000000000E+04    0.546828331283677E+01    0.538731793803119E+00
    0.124408000000000E+04    0.590383623348544E+01    0.538211195536720E+00
    0.124410000000000E+04    0.594536470761523E+01    0.538207644263191E+00
    0.125036000000000E+04    0.946031718885934E-01    0.538068707345045E+00
    0.125038000000000E+04    0.136125838086627E+00    0.538069600407663E+00
    0.125664000000000E+04    0.569234459211202E+00    0.538365143214366E+00
    0.125666000000000E+04    0.610769143100242E+00    0.538369849220902E+00
    0.126294000000000E+04    0.108980791970134E+01    0.538979459562647E+00
    0.126296000000000E+04    0.113136701123085E+01    0.538984550879493E+00
    0.126922000000000E+04    0.157579226055395E+01    0.539659178294446E+00
    0.126924000000000E+04    0.161737879887687E+01    0.539661262361984E+00
    0.127550000000000E+04    0.206953885447183E+01    0.540192792423394E+00
    0.127552000000000E+04    0.211114658494262E+01    0.540191226253686E+00
    0.128178000000000E+04    0.256991760337178E+01    0.540491440921193E+00
    0.128180000000000E+04    0.261153739495467E+01    0.540488911926771E+00
    0.128806000000000E+04    0.307435776679768E+01    0.540593672660330E+00
    0.128808000000000E+04    0.311598148780968E+01    0.540593260106379E+00
    0.129434000000000E+04    0.357942008145483E+01    0.540549778038068E+00
    0.129436000000000E+04    0.362104206638242E+01    0.540552028617643E+00
    0.130062000000000E+04    0.408184650100930E+01    0.540337753539602E+00
    0.130064000000000E+04    0.412346020935183E+01    0.540339937300491E+00
    0.130692000000000E+04    0.461978170778048E+01    0.539873447356237E+00
    0.130694000000000E+04    0.466137662306573E+01    0.539872356721965E+00
    0.131320000000000E+04    0.510848072497674E+01    0.539218274765357E+00
    0.131322000000000E+04    0.515004943650138E+01    0.539213653111031E+00
    0.131948000000000E+04    0.558981074919620E+01    0.538552609277659E+00
    0.131950000000000E+04    0.563135274491651E+01    0.538547349920287E+00
    0.132576000000000E+04    0.606578298472368E+01    0.538138351524974E+00
    0.132578000000000E+04    0.610730830571174E+01    0.538136155378201E+00
    0.133204000000000E+04    0.256582280807834E+00    0.538140320105449E+00
    0.133206000000000E+04    0.298107843190337E+00    0.538142762668621E+00
    0.133832000000000E+04    0.732565627048643E+00    0.538567054292872E+00
    0.133834000000000E+04    0.774108440780765E+00    0.538572388836708E+00
    0.134462000000000E+04    0.125553758691740E+01    0.539234028889372E+00
    0.134464000000000E+04    0.129710707817685E+01    0.539238423636651E+00
    0.135090000000000E+04    0.174442468549023E+01    0.539886935961071E+00
    0.135092000000000E+04    0.178602022561654E+01    0.539887676953891E+00
    0.135718000000000E+04    0.224086121147138E+01    0.540340103482455E+00
    0.135720000000000E+04    0.228247478966159E+01    0.540337829454400E+00
    0.136346000000000E+04    0.274321313597557E+01    0.540562892965672E+00
    0.136348000000000E+04    0.278483564650696E+01    0.540560801754073E+00
    0.136974000000000E+04    0.324850310980128E+01    0.540614204858281E+00
    0.136976000000000E+04    0.329012757628516E+01    0.540614870959925E+00
    0.137602000000000E+04    0.375308011906691E+01    0.540508241770484E+00
    0.137604000000000E+04    0.379470045015069E+01    0.540510899442729E+00
    0.138232000000000E+04    0.429516784620864E+01    0.540203795442577E+00
    0.138234000000000E+04    0.433677602536363E+01    0.540205082403968E+00
    0.138860000000000E+04    0.478884138068543E+01    0.539654786272613E+00
    0.138862000000000E+04    0.483042735279014E+01    0.539652155111754E+00
    0.139488000000000E+04    0.527464699340908E+01    0.538965230090605E+00
    0.139490000000000E+04    0.531620551665264E+01    0.538959917226564E+00
    0.140116000000000E+04    0.575369238822577E+01    0.538364544662647E+00
    0.140118000000000E+04    0.579522688838961E+01    0.538359975276099E+00
    0.140744000000000E+04    0.622845538809270E+01    0.538082310829511E+00
    0.140746000000000E+04    0.626997863116685E+01    0.538081727064467E+00
    0.141372000000000E+04    0.419479515905095E+00    0.538250292928285E+00
    0.141374000000000E+04    0.461009234702033E+00    0.538254092274371E+00
    0.142000000000000E+04    0.896853908790945E+00    0.538776249925531E+00
    0.142002000000000E+04    0.938404084276044E+00    0.538781671237748E+00
    0.142630000000000E+04    0.142207582793662E+01    0.539467769779779E+00
    0.142632000000000E+04    0.146365463949405E+01    0.539471052160507E+00
    0.143258000000000E+04    0.191360592915134E+01    0.540066171854739E+00
    0.143260000000000E+04    0.195520893419916E+01    0.540065588632919E+00
    0.143886000000000E+04    0.241225923512775E+01    0.540429972299115E+00
    0.143888000000000E+04    0.245387640236322E+01    0.540427337972440E+00
    0.144514000000000E+04    0.291588262720188E+01    0.540589546593030E+00
    0.144516000000000E+04    0.295750609380866E+01    0.540588255332454E+00
    0.145142000000000E+04    0.342119757972387E+01    0.540585135729650E+00
    0.145144000000000E+04    0.346282093476657E+01    0.540586781128436E+00
    0.145770000000000E+04    0.392459234988246E+01    0.540424226902648E+00
    0.145772000000000E+04    0.396620897690491E+01    0.540426800646059E+00
    0.146400000000000E+04    0.446430907758850E+01    0.540024515956435E+00
    0.146402000000000E+04    0.450590990464798E+01    0.540024613761753E+00
    0.147028000000000E+04    0.495520362394291E+01    0.539414171879165E+00
    0.147030000000000E+04    0.499678018896157E+01    0.539410458668567E+00
    0.147656000000000E+04    0.543840133543790E+01    0.538723120130734E+00
    0.147658000000000E+04    0.547995007941017E+01    0.538717584213039E+00
    0.148284000000000E+04    0.591544327464726E+01    0.538213339872454E+00
    0.148286000000000E+04    0.595697139456706E+01    0.538209923553349E+00
    0.148912000000000E+04    0.106080113730059E+00    0.538087697085628E+00
    0.148914000000000E+04    0.147602147368616E+00    0.538088774781944E+00
    0.149540000000000E+04    0.580445189706097E+00    0.538368208094103E+00
    0.149542000000000E+04    0.621979317939804E+00    0.538372945707761E+00
    0.150170000000000E+04    0.110070150075853E+01    0.538983425639913E+00
    0.150172000000000E+04    0.114225886595341E+01    0.538988388375827E+00
    0.150798000000000E+04    0.158640772947865E+01    0.539647673834470E+00
    0.150800000000000E+04    0.162799375817121E+01    0.539649666666345E+00
    0.151426000000000E+04    0.207999927832952E+01    0.540176937051273E+00
    0.151428000000000E+04    0.212160657900358E+01    0.540175297378296E+00
    0.152054000000000E+04    0.258014533694313E+01    0.540467949458875E+00
    0.152056000000000E+04    0.262176401567376E+01    0.540465415219500E+00
    0.152682000000000E+04    0.308427061688963E+01    0.540563912251268E+00
    0.152684000000000E+04    0.312589316916683E+01    0.540563612555994E+00
    0.153310000000000E+04    0.358893743116141E+01    0.540518226828566E+00
    0.153312000000000E+04    0.363055809109937E+01    0.540520511417313E+00
    0.153940000000000E+04    0.413210964360951E+01    0.540284181005884E+00
    0.153942000000000E+04    0.417372109229746E+01    0.540286287406087E+00
    0.154568000000000E+04    0.462765892631569E+01    0.539814492373311E+00
    0.154570000000000E+04    0.466925141309230E+01    0.539813253155862E+00
    0.155196000000000E+04    0.511556405721376E+01    0.539150226426399E+00
    0.155198000000000E+04    0.515713012066453E+01    0.539145564821749E+00
    0.155824000000000E+04    0.559609610298094E+01    0.538488512248879E+00
    0.155826000000000E+04    0.563763552383307E+01    0.538483275105045E+00
    0.156452000000000E+04    0.607133826146492E+01    0.538082588781806E+00
    0.156454000000000E+04    0.611286177794136E+01    0.538080578548987E+00
    0.157080000000000E+04    0.261563961882985E+00    0.538095500081552E+00
    0.157082000000000E+04    0.303087821058853E+00    0.538098005291602E+00
    0.157708000000000E+04    0.737085624390147E+00    0.538531365090122E+00
    0.157710000000000E+04    0.778627405605221E+00    0.538536669108943E+00
    0.158338000000000E+04    0.125980679496433E+01    0.539207801041072E+00
    0.158340000000000E+04    0.130137529652302E+01    0.539212143296639E+00
    0.158966000000000E+04    0.174831118790917E+01    0.539851127460192E+00
    0.158968000000000E+04    0.178990530957208E+01    0.539851818079801E+00
    0.159594000000000E+04    0.224434177096782E+01    0.540304711157256E+00
    0.159596000000000E+04    0.228595398528114E+01    0.540302408996071E+00
    0.160222000000000E+04    0.274616379128338E+01    0.540523495144148E+00
    0.160224000000000E+04    0.278778396772123E+01    0.540521462135322E+00
    0.160850000000000E+04    0.325075444329013E+01    0.540563766692094E+00
    0.160852000000000E+04    0.329237683247948E+01    0.540564429369558E+00
    0.161478000000000E+04    0.375475293957516E+01    0.540464382382615E+00
    0.161480000000000E+04    0.379637151182351E+01    0.540467038791898E+00
    0.162108000000000E+04    0.429621421755837E+01    0.540154419395958E+00
    0.162110000000000E+04    0.433782062569799E+01    0.540155665883951E+00
    0.162736000000000E+04    0.478943762914287E+01    0.539610738434754E+00
    0.162738000000000E+04    0.483102251767377E+01    0.539608248045199E+00
    0.163364000000000E+04    0.527500927680694E+01    0.538931592973673E+00
    0.163366000000000E+04    0.531656706977810E+01    0.538926250728206E+00
    0.163992000000000E+04    0.575358193611692E+01    0.538321999323309E+00
    0.163994000000000E+04    0.579511467782186E+01    0.538317435221760E+00
