    0.000000000000000E+00    0.190000000000000E+01    0.550000000000000E+00
    0.200000000000000E-01    0.194199998839855E+01    0.549999406800675E+00
    0.630000000000000E+01    0.256543102719772E+01    0.550302394520139E+00
    0.632000000000000E+01    0.260744319410984E+01    0.550299837180117E+00
    0.125800000000000E+02    0.319296028552173E+01    0.550375897270135E+00
    0.126000000000000E+02    0.323497523109511E+01    0.550376152591545E+00
    0.188600000000000E+02    0.382020645155988E+01    0.550292320263253E+00
    0.188800000000000E+02    0.386221801997219E+01    0.550294990989502E+00
    0.251400000000000E+02    0.444317522933149E+01    0.549965755622558E+00
    0.251600000000000E+02    0.448517386163120E+01    0.549965917823274E+00
    0.314200000000000E+02    0.505900915927626E+01    0.549333171394506E+00
    0.314400000000000E+02    0.510098252410087E+01    0.549328713614452E+00
    0.377000000000000E+02    0.566742571341433E+01    0.548656090830022E+00
    0.377200000000000E+02    0.570937184723428E+01    0.548651177027041E+00
    0.440000000000000E+02    0.297853542778483E-01    0.548352138050524E+00
    0.440200000000000E+02    0.717194747655014E-01    0.548352306350074E+00
    0.502800000000000E+02    0.633378457193899E+00    0.548652354766182E+00
    0.503000000000000E+02    0.675324380699834E+00    0.548657256262618E+00
    0.565600000000000E+02    0.124163884336600E+01    0.549327368957543E+00
    0.565800000000000E+02    0.128361203311029E+01    0.549331763273923E+00
    0.628400000000000E+02    0.185731974907247E+01    0.549954053359869E+00
    0.628600000000000E+02    0.189931806296377E+01    0.549953873416277E+00
    0.691200000000000E+02    0.248013115932937E+01    0.550290164394227E+00
    0.691400000000000E+02    0.252214275220058E+01    0.550287533860972E+00
    0.754000000000000E+02    0.310736162855594E+01    0.550375600444113E+00
    0.754200000000000E+02    0.314937661053420E+01    0.550375427389034E+00
    0.817000000000000E+02    0.377688781250984E+01    0.550315720840325E+00
    0.817200000000000E+02    0.381890055773152E+01    0.550318415469758E+00
    0.879800000000000E+02    0.440047337238082E+01    0.550010646824738E+00
    0.880000000000000E+02    0.444247422562265E+01    0.550011131011642E+00
    0.942600000000000E+02    0.501717194393822E+01    0.549412926346838E+00
    0.942800000000000E+02    0.505914847709036E+01    0.549408797615947E+00
    0.100540000000000E+03    0.562630030839105E+01    0.548715956308944E+00
    0.100560000000000E+03    0.566824867186094E+01    0.548710817667833E+00
    0.106820000000000E+03    0.623025676553692E+01    0.548364202658470E+00
    0.106840000000000E+03    0.627219140002353E+01    0.548363729654858E+00
    0.113100000000000E+03    0.550559256495518E+00    0.548609450738228E+00
    0.113120000000000E+03    0.592503443922084E+00    0.548614107829948E+00
    0.119400000000000E+03    0.120023076448723E+01    0.549258802791649E+00
    0.119420000000000E+03    0.124220121313951E+01    0.549263478415270E+00
    0.125680000000000E+03    0.181525252425411E+01    0.549910338004280E+00
    0.125700000000000E+03    0.185724904035732E+01    0.549910525852840E+00
    0.131960000000000E+03    0.243754920401636E+01    0.550271675451400E+00
    0.131980000000000E+03    0.247956003914180E+01    0.550269048451439E+00
    0.138240000000000E+03    0.306456819094558E+01    0.550377349327806E+00
    0.138260000000000E+03    0.310658331849953E+01    0.550376927305598E+00
    0.144520000000000E+03    0.369226217450830E+01    0.550328633640795E+00
    0.144540000000000E+03    0.373427523356753E+01    0.550331154001307E+00
    0.150800000000000E+03    0.431637097833743E+01    0.550056351241697E+00
    0.150820000000000E+03    0.435837328939908E+01    0.550057374274946E+00
    0.157080000000000E+03    0.493378916505424E+01    0.549479797305957E+00
    0.157100000000000E+03    0.497576842570948E+01    0.549476095598843E+00
    0.163380000000000E+03    0.558552137708489E+01    0.548768518245515E+00
    0.163400000000000E+03    0.562747189002749E+01    0.548763215110806E+00
    0.169660000000000E+03    0.618975115912338E+01    0.548367917850593E+00
    0.169680000000000E+03    0.623168596135838E+01    0.548366890399484E+00
    0.175940000000000E+03    0.509873279256510E+00    0.548561373977051E+00
    0.175960000000000E+03    0.551815716847898E+00    0.548565686236030E+00
    0.182220000000000E+03    0.111705057997739E+01    0.549193070379981E+00
    0.182240000000000E+03    0.115901848147917E+01    0.549198025234295E+00
    0.188500000000000E+03    0.173138566818847E+01    0.549862843516762E+00
    0.188520000000000E+03    0.177338021751240E+01    0.549863557683202E+00
    0.194780000000000E+03    0.235313660457285E+01    0.550253910231574E+00
    0.194800000000000E+03    0.239514673070835E+01    0.550251332492073E+00
    0.201080000000000E+03    0.302189562036580E+01    0.550375886081846E+00
    0.201100000000000E+03    0.306391071998678E+01    0.550375161795766E+00
    0.207360000000000E+03    0.364973697399967E+01    0.550342765311812E+00
    0.207380000000000E+03    0.369175062489711E+01    0.550345168091912E+00
    0.213640000000000E+03    0.427436391118152E+01    0.550097888640638E+00
    0.213660000000000E+03    0.431636804973857E+01    0.550099245942930E+00
    0.219920000000000E+03    0.489255760168885E+01    0.549550856419627E+00
    0.219940000000000E+03    0.493453957925533E+01    0.549547519606778E+00
    0.226200000000000E+03    0.550312107886958E+01    0.548841690811213E+00
    0.226220000000000E+03    0.554507487760026E+01    0.548836284945132E+00
    0.232480000000000E+03    0.610803960639953E+01    0.548402721113027E+00
    0.232500000000000E+03    0.614997602149987E+01    0.548401068750459E+00
    0.238780000000000E+03    0.470117952094768E+00    0.548528810586368E+00
    0.238800000000000E+03    0.512059116037847E+00    0.548532768618984E+00
    0.245060000000000E+03    0.107689526947411E+01    0.549141022401347E+00
    0.245080000000000E+03    0.111886101727544E+01    0.549146169102554E+00
    0.251340000000000E+03    0.169062809503771E+01    0.549822648858683E+00
    0.251360000000000E+03    0.173262110238966E+01    0.549823764181056E+00
    0.257620000000000E+03    0.231194662747885E+01    0.550246793005350E+00
    0.257640000000000E+03    0.235395646588609E+01    0.550244305949122E+00
    0.263900000000000E+03    0.293856464642704E+01    0.550388124371851E+00
    0.263920000000000E+03    0.298058014860442E+01    0.550386945108806E+00
    0.270180000000000E+03    0.356667684794786E+01    0.550367457621479E+00
    0.270200000000000E+03    0.360869155330522E+01    0.550369657941159E+00
    0.276480000000000E+03    0.423397776518084E+01    0.550148906927448E+00
    0.276500000000000E+03    0.427598360591446E+01    0.550150510585466E+00
    0.282760000000000E+03    0.485295257735811E+01    0.549617825249413E+00
    0.282780000000000E+03    0.489493733332438E+01    0.549614843714399E+00
    0.289040000000000E+03    0.546427424870194E+01    0.548908875628735E+00
    0.289060000000000E+03    0.550623050954675E+01    0.548903397671876E+00
    0.295320000000000E+03    0.606946410651096E+01    0.548422550301336E+00
    0.295340000000000E+03    0.611140096026008E+01    0.548420361961064E+00
    0.301600000000000E+03    0.389552946376398E+00    0.548496123416001E+00
    0.301620000000000E+03    0.431492827120906E+00    0.548499651968172E+00
    0.307880000000000E+03    0.995881333442412E+00    0.549072393724543E+00
    0.307900000000000E+03    0.103784428250970E+01    0.549077707277653E+00
    0.314160000000000E+03    0.160895530830453E+01    0.549769918639440E+00
    0.314180000000000E+03    0.165094620154105E+01    0.549771566476511E+00
    0.320460000000000E+03    0.227161881915561E+01    0.550220326626251E+00
    0.320480000000000E+03    0.231362759788476E+01    0.550217987492026E+00
    0.326740000000000E+03    0.289796734763127E+01    0.550380080278279E+00
    0.326760000000000E+03    0.293998297280780E+01    0.550378751067052E+00
    0.333020000000000E+03    0.352622283337871E+01    0.550383692169325E+00
    0.333040000000000E+03    0.356823812538562E+01    0.550385697403497E+00
    0.339300000000000E+03    0.415201903232219E+01    0.550187264955945E+00
    0.339320000000000E+03    0.419402655046213E+01    0.550189216663983E+00
    0.345580000000000E+03    0.477180147088325E+01    0.549689542638068E+00
    0.345600000000000E+03    0.481378904693770E+01    0.549687046591186E+00
    0.351860000000000E+03    0.538391801970533E+01    0.548980155897475E+00
    0.351880000000000E+03    0.542587741462069E+01    0.548974701127783E+00
    0.358160000000000E+03    0.603167097838070E+01    0.548454762727347E+00
    0.358180000000000E+03    0.607360909857857E+01    0.548452119810492E+00
    0.364440000000000E+03    0.351848847629185E+00    0.548476058633984E+00
    0.364460000000000E+03    0.393787940687616E+00    0.548479179936996E+00
    0.370720000000000E+03    0.957857762914955E+00    0.549022706524661E+00
    0.370740000000000E+03    0.999818876671043E+00    0.549028108163452E+00
    0.377000000000000E+03    0.157039360034889E+01    0.549723591090018E+00
    0.377020000000000E+03    0.161238255035573E+01    0.549725568907661E+00
    0.383280000000000E+03    0.219054658631126E+01    0.550203663310748E+00
    0.383300000000000E+03    0.223255486669177E+01    0.550201536380578E+00
    0.389560000000000E+03    0.281661846728775E+01    0.550388596649617E+00
    0.389580000000000E+03    0.285863397835260E+01    0.550386841854156E+00
    0.395860000000000E+03    0.348690648376203E+01    0.550390683667036E+00
    0.395880000000000E+03    0.352892201951465E+01    0.550392478386107E+00
    0.402140000000000E+03    0.411310365621932E+01    0.550219580231887E+00
    0.402160000000000E+03    0.415511249661552E+01    0.550221749464913E+00
    0.408420000000000E+03    0.473350861383585E+01    0.549744433088177E+00
    0.408440000000000E+03    0.477549852307504E+01    0.549742324147247E+00
    0.414700000000000E+03    0.534631184608816E+01    0.549047531747045E+00
    0.414720000000000E+03    0.538827366573037E+01    0.549042097048754E+00
    0.420980000000000E+03    0.595244689055062E+01    0.548486818302114E+00
    0.421000000000000E+03    0.599438558078816E+01    0.548483702360606E+00
    0.427260000000000E+03    0.272501725417897E+00    0.548446537102416E+00
    0.427280000000000E+03    0.314439568969306E+00    0.548449203594171E+00
    0.433540000000000E+03    0.878049651127412E+00    0.548962539784823E+00
    0.433560000000000E+03    0.920007847473698E+00    0.548967986792244E+00
    0.439840000000000E+03    0.153172924021135E+01    0.549657094564077E+00
    0.439860000000000E+03    0.157371564761661E+01    0.549659555670208E+00
    0.446120000000000E+03    0.215114605601593E+01    0.550166532614327E+00
    0.446140000000000E+03    0.219315271395919E+01    0.550164600782120E+00
    0.452400000000000E+03    0.277668027533605E+01    0.550371364251528E+00
    0.452420000000000E+03    0.281869509232433E+01    0.550369393296006E+00
    0.458680000000000E+03    0.340485240341604E+01    0.550390123852157E+00
    0.458700000000000E+03    0.344686797980251E+01    0.550391598586083E+00
    0.464960000000000E+03    0.403133288906565E+01    0.550236212326686E+00
    0.464980000000000E+03    0.407334228231832E+01    0.550238573103898E+00
    0.471240000000000E+03    0.465232246980838E+01    0.549797134898920E+00
    0.471260000000000E+03    0.469431436271702E+01    0.549795580875997E+00
    0.477540000000000E+03    0.530768494744109E+01    0.549099310716497E+00
    0.477560000000000E+03    0.534964882347401E+01    0.549093968290000E+00
    0.483820000000000E+03    0.591428615045891E+01    0.548505321265681E+00
    0.483840000000000E+03    0.595622675849495E+01    0.548501831150120E+00
    0.490100000000000E+03    0.234530554359480E+00    0.548427279078118E+00
    0.490120000000000E+03    0.276467607159020E+00    0.548429425172750E+00
    0.496380000000000E+03    0.839727988201957E+00    0.548900883755725E+00
    0.496400000000000E+03    0.881684157113796E+00    0.548906342663403E+00
    0.502660000000000E+03    0.145090530572884E+01    0.549606677102223E+00
    0.502680000000000E+03    0.149288963621984E+01    0.549609623161482E+00
    0.508940000000000E+03    0.206978447919937E+01    0.550139336037972E+00
    0.508960000000000E+03    0.211179042188337E+01    0.550137716672722E+00
    0.515240000000000E+03    0.273714349629358E+01    0.550377152208310E+00
    0.515260000000000E+03    0.277915850814179E+01    0.550374996557657E+00
    0.521520000000000E+03    0.336542355210099E+01    0.550408327379941E+00
    0.521540000000000E+03    0.340743989379030E+01    0.550409550074950E+00
    0.527800000000000E+03    0.399241381762181E+01    0.550277603718441E+00
    0.527820000000000E+03    0.403442501549989E+01    0.550280124541394E+00
    0.534080000000000E+03    0.461416922668172E+01    0.549860951512698E+00
    0.534100000000000E+03    0.465616364647849E+01    0.549859808562769E+00
    0.540360000000000E+03    0.522842878765800E+01    0.549180392343302E+00
    0.540380000000000E+03    0.527039597003682E+01    0.549175223811448E+00
    0.546640000000000E+03    0.583565610145047E+01    0.548560408591472E+00
    0.546660000000000E+03    0.587759843896652E+01    0.548556422205498E+00
    0.552940000000000E+03    0.197985603655980E+00    0.548418089993527E+00
    0.552960000000000E+03    0.239921991834990E+00    0.548419879375438E+00
    0.559220000000000E+03    0.802797311606355E+00    0.548840604350223E+00
    0.559240000000000E+03    0.844750736782771E+00    0.548845989712837E+00
    0.565500000000000E+03    0.141330924331805E+01    0.549545842478861E+00
    0.565520000000000E+03    0.145529116123157E+01    0.549549153512458E+00
    0.571780000000000E+03    0.203145128925235E+01    0.550104979557525E+00
    0.571800000000000E+03    0.207345549055799E+01    0.550103642402279E+00
    0.578060000000000E+03    0.265621281267886E+01    0.550358061708667E+00
    0.578080000000000E+03    0.269822713194935E+01    0.550355698735806E+00
    0.584340000000000E+03    0.328433199493679E+01    0.550404726725752E+00
    0.584360000000000E+03    0.332634809053093E+01    0.550405618642506E+00
    0.590620000000000E+03    0.391149498631785E+01    0.550288148775096E+00
    0.590640000000000E+03    0.395350653190030E+01    0.550290757502625E+00
    0.596920000000000E+03    0.457577396263378E+01    0.549904278604494E+00
    0.596940000000000E+03    0.461777011893992E+01    0.549903539537667E+00
    0.603200000000000E+03    0.519062644614087E+01    0.549234024071855E+00
    0.603220000000000E+03    0.523259574892722E+01    0.549228952971723E+00
    0.609480000000000E+03    0.579826012281296E+01    0.548591383360551E+00
    0.609500000000000E+03    0.584020380144261E+01    0.548587087140730E+00
    0.615760000000000E+03    0.118711188851194E+00    0.548395563264034E+00
    0.615780000000000E+03    0.160646952477691E+00    0.548396668690865E+00
    0.622040000000000E+03    0.723185021973904E+00    0.548780945016497E+00
    0.622060000000000E+03    0.765136364799446E+00    0.548786224032784E+00
    0.628320000000000E+03    0.133313718449926E+01    0.549485480893357E+00
    0.628340000000000E+03    0.137511686310700E+01    0.549489222471957E+00
    0.634620000000000E+03    0.199268489460837E+01    0.550070826025168E+00
    0.634640000000000E+03    0.203468777201101E+01    0.550069811919919E+00
    0.640900000000000E+03    0.261701182291972E+01    0.550349678309754E+00
    0.640920000000000E+03    0.265902596738192E+01    0.550347230447494E+00
    0.647180000000000E+03    0.324507642626145E+01    0.550407391117850E+00
    0.647200000000000E+03    0.328709267125646E+01    0.550407968290021E+00
    0.653460000000000E+03    0.387252803457591E+01    0.550312316510938E+00
    0.653480000000000E+03    0.391454057057194E+01    0.550314975273847E+00
    0.659740000000000E+03    0.449536662674222E+01    0.549955963553511E+00
    0.659760000000000E+03    0.453736451081500E+01    0.549955580053459E+00
    0.666020000000000E+03    0.511072221587119E+01    0.549296787202933E+00
    0.666040000000000E+03    0.515269414824934E+01    0.549292079644229E+00
    0.672320000000000E+03    0.576069578410966E+01    0.548628153152887E+00
    0.672340000000000E+03    0.580264086247189E+01    0.548623543598019E+00
    0.678600000000000E+03    0.812465606254591E-01    0.548385004156218E+00
    0.678620000000000E+03    0.123181838905566E+00    0.548385636916174E+00
    0.684880000000000E+03    0.685382025443914E+00    0.548725985509866E+00
    0.684900000000000E+03    0.727331141877585E+00    0.548731108689779E+00
    0.691160000000000E+03    0.129458736645051E+01    0.549413818470573E+00
    0.691180000000000E+03    0.133656388212648E+01    0.549417827163749E+00
    0.697440000000000E+03    0.191130097372798E+01    0.550023990436461E+00
    0.697460000000000E+03    0.195330199268028E+01    0.550023387548705E+00
    0.703720000000000E+03    0.253500050641355E+01    0.550327793894832E+00
    0.703740000000000E+03    0.257701359043949E+01    0.550325195090866E+00
    0.710000000000000E+03    0.316272346762184E+01    0.550404118760894E+00
    0.710020000000000E+03    0.320473911119575E+01    0.550404427318870E+00
    0.716300000000000E+03    0.383221161785718E+01    0.550312753060398E+00
    0.716320000000000E+03    0.387422384240585E+01    0.550315414831453E+00
    0.722580000000000E+03    0.445539080545677E+01    0.549985007431407E+00
    0.722600000000000E+03    0.449739022958283E+01    0.549985154041297E+00
    0.728860000000000E+03    0.507143515583493E+01    0.549350011337947E+00
    0.728880000000000E+03    0.511340903938344E+01    0.549345501337940E+00
    0.735140000000000E+03    0.567944390014395E+01    0.548632844509230E+00
    0.735160000000000E+03    0.572138910180661E+01    0.548627933503251E+00
    0.741420000000000E+03    0.628275232253372E+01    0.548333101946838E+00
    0.741440000000000E+03    0.414997629168283E-01    0.548333129545879E+00
    0.747700000000000E+03    0.602734159814872E+00    0.548615161253247E+00
    0.747720000000000E+03    0.644678552188452E+00    0.548620116584804E+00
    0.754000000000000E+03    0.125259267846423E+01    0.549295089434845E+00
    0.754020000000000E+03    0.129456443120694E+01    0.549299417475116E+00
    0.760280000000000E+03    0.186792210056069E+01    0.549926050167268E+00
    0.760300000000000E+03    0.190991919712656E+01    0.549925841704231E+00
    0.766560000000000E+03    0.249034034733745E+01    0.550259571558149E+00
    0.766580000000000E+03    0.253234917677901E+01    0.550257104311846E+00
    0.772840000000000E+03    0.311678825384001E+01    0.550328701134140E+00
    0.772860000000000E+03    0.315880121809141E+01    0.550328537377614E+00
    0.779120000000000E+03    0.374366383959546E+01    0.550265549538158E+00
    0.779140000000000E+03    0.378567450603373E+01    0.550268165610739E+00
    0.785400000000000E+03    0.436666104554160E+01    0.549967743678461E+00
    0.785420000000000E+03    0.440865958159497E+01    0.549968328571688E+00
    0.791700000000000E+03    0.502467670683973E+01    0.549365102602923E+00
    0.791720000000000E+03    0.506665123752032E+01    0.549360984274072E+00
    0.797980000000000E+03    0.563314959778290E+01    0.548661400757495E+00
    0.798000000000000E+03    0.567509594702460E+01    0.548656253109452E+00
    0.804260000000000E+03    0.623640668263351E+01    0.548305771720163E+00
    0.804280000000000E+03    0.627833865341518E+01    0.548305212187800E+00
    0.810540000000000E+03    0.555770237659090E+00    0.548533546895393E+00
    0.810560000000000E+03    0.597710932309155E+00    0.548538110747925E+00
    0.816820000000000E+03    0.116254668618694E+01    0.549187520881789E+00
    0.816840000000000E+03    0.120451432896584E+01    0.549192272404892E+00
    0.823100000000000E+03    0.177669699446324E+01    0.549844391594092E+00
    0.823120000000000E+03    0.181869088293502E+01    0.549844592518205E+00
    0.829400000000000E+03    0.244015743269711E+01    0.550204971686256E+00
    0.829420000000000E+03    0.248216606639585E+01    0.550202368285459E+00
    0.835680000000000E+03    0.306636028358753E+01    0.550313520354933E+00
    0.835700000000000E+03    0.310837279100247E+01    0.550312988229760E+00
    0.841960000000000E+03    0.369332934098134E+01    0.550272514798127E+00
    0.841980000000000E+03    0.373534087732969E+01    0.550274994753829E+00
    0.848240000000000E+03    0.431729042454685E+01    0.550031136983649E+00
    0.848260000000000E+03    0.435929185938949E+01    0.550032189324680E+00
    0.854520000000000E+03    0.493439840892188E+01    0.549454038707002E+00
    0.854540000000000E+03    0.497637652420644E+01    0.549450400659688E+00
    0.860800000000000E+03    0.554386192163042E+01    0.548751459388545E+00
    0.860820000000000E+03    0.558581208299279E+01    0.548746135806155E+00
    0.867080000000000E+03    0.614776100684958E+01    0.548341496520926E+00
    0.867100000000000E+03    0.618969420876192E+01    0.548340303237314E+00
    0.873380000000000E+03    0.509187557153609E+00    0.548503450205572E+00
    0.873400000000000E+03    0.551127754604522E+00    0.548507681915577E+00
    0.879660000000000E+03    0.111564984973870E+01    0.549134027016193E+00
    0.879680000000000E+03    0.115761500053077E+01    0.549138998944327E+00
    0.885940000000000E+03    0.172908928277911E+01    0.549796053232371E+00
    0.885960000000000E+03    0.177108122025766E+01    0.549796838879588E+00
    0.892220000000000E+03    0.235004234993721E+01    0.550199316052631E+00
    0.892240000000000E+03    0.239205029362938E+01    0.550196757638024E+00
    0.898500000000000E+03    0.297608061136975E+01    0.550327044136332E+00
    0.898520000000000E+03    0.301809367423812E+01    0.550326083675575E+00
    0.904780000000000E+03    0.360334749928734E+01    0.550300508408093E+00
    0.904800000000000E+03    0.364535949954939E+01    0.550303044629629E+00
    0.911080000000000E+03    0.426961631061658E+01    0.550068457105244E+00
    0.911100000000000E+03    0.431161896827325E+01    0.550069862362883E+00
    0.917360000000000E+03    0.488738499682313E+01    0.549517830991448E+00
    0.917380000000000E+03    0.492936573567749E+01    0.549514603953569E+00
    0.923640000000000E+03    0.549750978324437E+01    0.548809959851810E+00
    0.923660000000000E+03    0.553946209205037E+01    0.548804518558846E+00
    0.929920000000000E+03    0.610170035115652E+01    0.548348361376691E+00
    0.929940000000000E+03    0.614363423567488E+01    0.548346501528703E+00
    0.936200000000000E+03    0.421071488114649E+00    0.548458500663698E+00
    0.936220000000000E+03    0.463009790129036E+00    0.548462277319289E+00
    0.942480000000000E+03    0.102693387349518E+01    0.549053639781348E+00
    0.942500000000000E+03    0.106889617090496E+01    0.549058880552854E+00
    0.948780000000000E+03    0.168165428530983E+01    0.549742607738377E+00
    0.948800000000000E+03    0.172364407352325E+01    0.549743911946624E+00
    0.955060000000000E+03    0.230196899024827E+01    0.550177903661553E+00
    0.955080000000000E+03    0.234397610852602E+01    0.550175470789016E+00
    0.961340000000000E+03    0.292765412185827E+01    0.550320053012833E+00
    0.961360000000000E+03    0.296966665713717E+01    0.550318789503734E+00
    0.967620000000000E+03    0.355491853138278E+01    0.550305621097840E+00
    0.967640000000000E+03    0.359693076169106E+01    0.550307829342221E+00
    0.973900000000000E+03    0.417955633629799E+01    0.550098385206381E+00
    0.973920000000000E+03    0.422155992879379E+01    0.550100139088227E+00
    0.980180000000000E+03    0.479795548818629E+01    0.549582350930916E+00
    0.980200000000000E+03    0.483993875986152E+01    0.549579661257540E+00
    0.986480000000000E+03    0.545070100194926E+01    0.548867827920608E+00
    0.986500000000000E+03    0.549265559248215E+01    0.548862327836573E+00
    0.992760000000000E+03    0.605524659069533E+01    0.548364522401092E+00
    0.992780000000000E+03    0.609718108693914E+01    0.548362105878623E+00
    0.999040000000000E+03    0.374414700716443E+00    0.548408804342388E+00
    0.999060000000000E+03    0.416350993334618E+00    0.548412160783005E+00
    0.100532000000000E+04    0.979648393531988E+00    0.548971968953374E+00
    0.100534000000000E+04    0.102160736186033E+01    0.548977331456647E+00
    0.101160000000000E+04    0.159147305591478E+01    0.549669230734340E+00
    0.101162000000000E+04    0.163345983787940E+01    0.549671032704285E+00
    0.101788000000000E+04    0.221092210384450E+01    0.550138580822377E+00
    0.101790000000000E+04    0.225292776678725E+01    0.550136369214632E+00
    0.102416000000000E+04    0.283708981499694E+01    0.550251236070339E+00
    0.102418000000000E+04    0.287910720909440E+01    0.550250147786416E+00
    0.103046000000000E+04    0.350784736992000E+01    0.550416467232395E+00
    0.103048000000000E+04    0.354986404822739E+01    0.550418374147252E+00
    0.103674000000000E+04    0.413422677741846E+01    0.550233522549288E+00
    0.103676000000000E+04    0.417623623979853E+01    0.550235579119211E+00
    0.104302000000000E+04    0.475474357046050E+01    0.549749520352584E+00
    0.104304000000000E+04    0.479673351674319E+01    0.549747267037953E+00
    0.104930000000000E+04    0.536756915424485E+01    0.549043239717361E+00
    0.104932000000000E+04    0.540953076396363E+01    0.549037759088781E+00
    0.105558000000000E+04    0.597391156732328E+01    0.548501401307176E+00
    0.105560000000000E+04    0.601585152114876E+01    0.548498450945492E+00
    0.106186000000000E+04    0.294429605228288E+00    0.548486770760636E+00
    0.106188000000000E+04    0.336369021678820E+00    0.548489644543258E+00
    0.106816000000000E+04    0.942519183159220E+00    0.549020923280008E+00
    0.106818000000000E+04    0.984480005826299E+00    0.549026340671640E+00
    0.107444000000000E+04    0.155502651334837E+01    0.549722501844652E+00
    0.107446000000000E+04    0.159701551979697E+01    0.549724759307296E+00
    0.108072000000000E+04    0.217520299052967E+01    0.550215267918819E+00
    0.108074000000000E+04    0.221721154294573E+01    0.550213212575720E+00
    0.108700000000000E+04    0.280140656094773E+01    0.550411980781745E+00
    0.108702000000000E+04    0.284342300738581E+01    0.550410120507676E+00
    0.109328000000000E+04    0.343001814443460E+01    0.550427270919695E+00
    0.109330000000000E+04    0.347203478196070E+01    0.550428966103321E+00
    0.109956000000000E+04    0.405667683865067E+01    0.550251051646085E+00
    0.109958000000000E+04    0.409868698752098E+01    0.550253341733646E+00
    0.110586000000000E+04    0.471964091476002E+01    0.549790186748792E+00
    0.110588000000000E+04    0.476163240402138E+01    0.549788221338943E+00
    0.111214000000000E+04    0.533270658027050E+01    0.549083737009262E+00
    0.111216000000000E+04    0.537466975287816E+01    0.549078331768930E+00
    0.111842000000000E+04    0.593918443464281E+01    0.548509510264772E+00
    0.111844000000000E+04    0.598112481448197E+01    0.548506183464007E+00
    0.112470000000000E+04    0.259551249643209E+00    0.548451170104919E+00
    0.112472000000000E+04    0.301489109590875E+00    0.548453603897234E+00
    0.113098000000000E+04    0.864980119337361E+00    0.548938468590485E+00
    0.113100000000000E+04    0.906936908707848E+00    0.548943938726741E+00
    0.113726000000000E+04    0.147658184959073E+01    0.549648565777310E+00
    0.113728000000000E+04    0.151856792804938E+01    0.549651293344975E+00
    0.114354000000000E+04    0.209591128426246E+01    0.550168718397430E+00
    0.114356000000000E+04    0.213791801822936E+01    0.550166958907855E+00
    0.114984000000000E+04    0.276351551182006E+01    0.550384452568752E+00
    0.114986000000000E+04    0.280553106595562E+01    0.550382454756790E+00
    0.115612000000000E+04    0.339188210579232E+01    0.550410594306993E+00
    0.115614000000000E+04    0.343389842932993E+01    0.550411987559656E+00
    0.116240000000000E+04    0.401871271536493E+01    0.550266588159045E+00
    0.116242000000000E+04    0.406072342516973E+01    0.550269022047788E+00
    0.116868000000000E+04    0.464018721567072E+01    0.549836312519399E+00
    0.116870000000000E+04    0.468218058059983E+01    0.549834858175423E+00
    0.117496000000000E+04    0.525410450499476E+01    0.549149485295721E+00
    0.117498000000000E+04    0.529607049827609E+01    0.549144236436711E+00
    0.118124000000000E+04    0.586113268386634E+01    0.548546427599184E+00
    0.118126000000000E+04    0.590307420911222E+01    0.548542676068437E+00
    0.118754000000000E+04    0.223383859256955E+00    0.548422615826677E+00
    0.118756000000000E+04    0.265320692089517E+00    0.548424568092549E+00
    0.119382000000000E+04    0.828475671225533E+00    0.548881422896425E+00
    0.119384000000000E+04    0.870431098667268E+00    0.548886895715707E+00
    0.120010000000000E+04    0.143941952546402E+01    0.549579059037599E+00
    0.120012000000000E+04    0.148140282435816E+01    0.549582152274055E+00
    0.120638000000000E+04    0.205798390801601E+01    0.550128501747035E+00
    0.120640000000000E+04    0.209998906341889E+01    0.550127009821271E+00
    0.121266000000000E+04    0.268305471268513E+01    0.550367227386024E+00
    0.121268000000000E+04    0.272506966730634E+01    0.550364992173972E+00
    0.121894000000000E+04    0.331141179181031E+01    0.550410479214429E+00
    0.121896000000000E+04    0.335342805821028E+01    0.550411489306439E+00
    0.122524000000000E+04    0.398057289363214E+01    0.550284598505556E+00
    0.122526000000000E+04    0.402258424201045E+01    0.550287144586891E+00
    0.123152000000000E+04    0.460256184462241E+01    0.549884538322631E+00
    0.123154000000000E+04    0.464455723707351E+01    0.549883564569685E+00
    0.123780000000000E+04    0.521711388721042E+01    0.549206992736740E+00
    0.123782000000000E+04    0.525908208496139E+01    0.549201857270090E+00
    0.124408000000000E+04    0.582458609044033E+01    0.548580198067951E+00
    0.124410000000000E+04    0.586652901215166E+01    0.548576095520980E+00
    0.125036000000000E+04    0.144893463813787E+00    0.548417818898325E+00
    0.125038000000000E+04    0.186828912429974E+00    0.548419251003145E+00
    0.125664000000000E+04    0.749300834027963E+00    0.548802170215266E+00
    0.125666000000000E+04    0.791252558096403E+00    0.548807513668228E+00
    0.126294000000000E+04    0.140136201972064E+01    0.549509588103066E+00
    0.126296000000000E+04    0.144334249186568E+01    0.549513050658246E+00
    0.126922000000000E+04    0.201908330477499E+01    0.550078379315773E+00
    0.126924000000000E+04    0.206108642700474E+01    0.550077178299923E+00
    0.127550000000000E+04    0.264352510384560E+01    0.550341012484744E+00
    0.127552000000000E+04    0.268553892969203E+01    0.550338620445499E+00
    0.128178000000000E+04    0.327150104221391E+01    0.550398472582194E+00
    0.128180000000000E+04    0.331351680629405E+01    0.550399248171177E+00
    0.128806000000000E+04    0.389863589795050E+01    0.550288652851913E+00
    0.128808000000000E+04    0.394064685730609E+01    0.550291329072892E+00
    0.129434000000000E+04    0.452106058816980E+01    0.549921354972140E+00
    0.129436000000000E+04    0.456305750643196E+01    0.549920884039742E+00
    0.130062000000000E+04    0.513615718647861E+01    0.549257803464154E+00
    0.130064000000000E+04    0.517812740358431E+01    0.549252917828788E+00
    0.130692000000000E+04    0.578587162710801E+01    0.548600463628186E+00
    0.130694000000000E+04    0.582781563995923E+01    0.548596022605817E+00
    0.131320000000000E+04    0.106269794348464E+00    0.548382278374668E+00
    0.131322000000000E+04    0.148204975648696E+00    0.548383167393688E+00
    0.131948000000000E+04    0.710481290093412E+00    0.548746767534650E+00
    0.131950000000000E+04    0.752431263616927E+00    0.548751980852566E+00
    0.132576000000000E+04    0.131992607259508E+01    0.549442742645275E+00
    0.132578000000000E+04    0.136190375999740E+01    0.549446604582490E+00
    0.133204000000000E+04    0.193689923442571E+01    0.550035343779373E+00
    0.133206000000000E+04    0.197890074963334E+01    0.550034491869765E+00
    0.133832000000000E+04    0.256036967908994E+01    0.550364254709045E+00
    0.133834000000000E+04    0.260237647661370E+01    0.550362845794803E+00
    0.134462000000000E+04    0.322847632626463E+01    0.550257248466860E+00
    0.134464000000000E+04    0.327048639125678E+01    0.550257751183236E+00
    0.135090000000000E+04    0.385410578260189E+01    0.550162575255382E+00
    0.135092000000000E+04    0.389611235291841E+01    0.550165249680199E+00
    0.135718000000000E+04    0.447528224878397E+01    0.549824915065313E+00
    0.135720000000000E+04    0.451727506751558E+01    0.549824860893533E+00
    0.136346000000000E+04    0.508917724988032E+01    0.549174263850362E+00
    0.136348000000000E+04    0.513114426683387E+01    0.549169658675259E+00
    0.136974000000000E+04    0.569569076711468E+01    0.548505089816651E+00
    0.136976000000000E+04    0.573763080744493E+01    0.548500273123151E+00
    0.137602000000000E+04    0.143388009009868E-01    0.548219678467077E+00
    0.137604000000000E+04    0.562675789769855E-01    0.548219835024642E+00
    0.138232000000000E+04    0.658208705392553E+00    0.548529634465687E+00
    0.138234000000000E+04    0.700149955890083E+00    0.548534617346255E+00
    0.138860000000000E+04    0.126498293048280E+01    0.549208304933668E+00
    0.138862000000000E+04    0.130695125208877E+01    0.549212571277000E+00
    0.139488000000000E+04    0.187916964024134E+01    0.549831145709121E+00
    0.139490000000000E+04    0.192116298506198E+01    0.549830842333190E+00
    0.140116000000000E+04    0.250050413781491E+01    0.550161150615563E+00
    0.140118000000000E+04    0.254251055221721E+01    0.550158528494090E+00
    0.140744000000000E+04    0.312610933394717E+01    0.550240008340969E+00
    0.140746000000000E+04    0.316811886550659E+01    0.550239913290125E+00
    0.141372000000000E+04    0.375186846087627E+01    0.550175396221019E+00
    0.141374000000000E+04    0.379387552016897E+01    0.550178020856793E+00
    0.142000000000000E+04    0.437366631418672E+01    0.549872254432450E+00
    0.142002000000000E+04    0.441566118506989E+01    0.549872825955418E+00
