    0.000000000000000E+00    0.190000000000000E+01    0.560000000000000E+00
    0.200000000000000E-01    0.194239998838231E+01    0.559999405423524E+00
    0.630000000000000E+01    0.269134386401808E+01    0.560244984500760E+00
    0.632000000000000E+01    0.273375372017184E+01    0.560242703294769E+00
    0.125800000000000E+02    0.344344410311321E+01    0.560269665054218E+00
    0.126000000000000E+02    0.348585478637693E+01    0.560271366129404E+00
    0.188600000000000E+02    0.419367044739301E+01    0.560105461713076E+00
    0.188800000000000E+02    0.423607462709350E+01    0.560107216931562E+00
    0.251400000000000E+02    0.493788892859691E+01    0.559571837295580E+00
    0.251600000000000E+02    0.498027183490164E+01    0.559568157156740E+00
    0.314200000000000E+02    0.567426031596159E+01    0.558884651298621E+00
    0.314400000000000E+02    0.571660913745016E+01    0.558880690006834E+00
    0.377000000000000E+02    0.121525670970556E+00    0.558497956072955E+00
    0.377200000000000E+02    0.163865453550244E+00    0.558499232701101E+00
    0.440000000000000E+02    0.895374785431983E+00    0.558969499721957E+00
    0.440200000000000E+02    0.937733716346784E+00    0.558974961106183E+00
    0.502800000000000E+02    0.163304266647195E+01    0.559678994125169E+00
    0.503000000000000E+02    0.167542983735868E+01    0.559680589297313E+00
    0.565600000000000E+02    0.237762699619260E+01    0.560042861775892E+00
    0.565800000000000E+02    0.242002869108987E+01    0.560040275746194E+00
    0.628400000000000E+02    0.312711429458577E+01    0.560124948468214E+00
    0.628600000000000E+02    0.316951925570487E+01    0.560124881418848E+00
    0.691200000000000E+02    0.387682928660536E+01    0.560062633825236E+00
    0.691400000000000E+02    0.391923148192060E+01    0.560065279300499E+00
    0.754000000000000E+02    0.462207034565932E+01    0.559694471059379E+00
    0.754200000000000E+02    0.466445812876680E+01    0.559693170512481E+00
    0.817000000000000E+02    0.540225788295245E+01    0.558980480375401E+00
    0.817200000000000E+02    0.544461675020227E+01    0.558974947605024E+00
    0.879800000000000E+02    0.613356864652374E+01    0.558472887732806E+00
    0.880000000000000E+02    0.617590750783776E+01    0.558471213114630E+00
    0.942600000000000E+02    0.580249116878633E+00    0.558668188830363E+00
    0.942800000000000E+02    0.622595817868586E+00    0.558672892224686E+00
    0.100540000000000E+03    0.131460408191126E+01    0.559369554076369E+00
    0.100560000000000E+03    0.135697961292149E+01    0.559373442369865E+00
    0.106820000000000E+03    0.205657366037426E+01    0.559941154975988E+00
    0.106840000000000E+03    0.209897179066522E+01    0.559939599846567E+00
    0.113100000000000E+03    0.280470817593198E+01    0.560120293891573E+00
    0.113120000000000E+03    0.284711288624305E+01    0.560118479921683E+00
    0.119400000000000E+03    0.359744388092744E+01    0.560121591534278E+00
    0.119420000000000E+03    0.363984872994936E+01    0.560123828406644E+00
    0.125680000000000E+03    0.434520680432337E+01    0.559904641308093E+00
    0.125700000000000E+03    0.438760294106282E+01    0.559905575753074E+00
    0.131960000000000E+03    0.508626217063892E+01    0.559294798457399E+00
    0.131980000000000E+03    0.512863399151445E+01    0.559290265652036E+00
    0.138240000000000E+03    0.581995766383722E+01    0.558617801086608E+00
    0.138260000000000E+03    0.586230222835064E+01    0.558613639507771E+00
    0.144520000000000E+03    0.266556511828696E+00    0.558502243269735E+00
    0.144540000000000E+03    0.308896651907730E+00    0.558504867545999E+00
    0.150800000000000E+03    0.998483490295484E+00    0.559066988034563E+00
    0.150820000000000E+03    0.104084601873342E+01    0.559072266458169E+00
    0.157080000000000E+03    0.173715627261856E+01    0.559751649824436E+00
    0.157100000000000E+03    0.177954660917317E+01    0.559752218330595E+00
    0.163380000000000E+03    0.252555900869976E+01    0.560084841829050E+00
    0.163400000000000E+03    0.256796238830680E+01    0.560082218736178E+00
    0.169660000000000E+03    0.327556877685834E+01    0.560136592660991E+00
    0.169680000000000E+03    0.331797389705810E+01    0.560137308350575E+00
    0.175940000000000E+03    0.402487728340924E+01    0.560038861095094E+00
    0.175960000000000E+03    0.406727893117716E+01    0.560041280872623E+00
    0.182220000000000E+03    0.476906396310778E+01    0.559592257270556E+00
    0.182240000000000E+03    0.481144759856113E+01    0.559589829309834E+00
    0.188500000000000E+03    0.550567569494018E+01    0.558870227067084E+00
    0.188520000000000E+03    0.554803054006288E+01    0.558864823544189E+00
    0.194780000000000E+03    0.623645932131706E+01    0.558457011683579E+00
    0.194800000000000E+03    0.627879756756857E+01    0.558456576630821E+00
    0.201080000000000E+03    0.726005812040171E+00    0.558787897517308E+00
    0.201100000000000E+03    0.768357493946723E+00    0.558793173479879E+00
    0.207360000000000E+03    0.146166675260645E+01    0.559499797139953E+00
    0.207380000000000E+03    0.150404722459041E+01    0.559502698956522E+00
    0.213640000000000E+03    0.220507724829673E+01    0.559985201152463E+00
    0.213660000000000E+03    0.224747829478082E+01    0.559983141472992E+00
    0.219920000000000E+03    0.295440371080372E+01    0.560155525996439E+00
    0.219940000000000E+03    0.299681000656608E+01    0.560154454368458E+00
    0.226200000000000E+03    0.370492435920806E+01    0.560122131566847E+00
    0.226220000000000E+03    0.374732923636844E+01    0.560124682962042E+00
    0.232480000000000E+03    0.445191117107862E+01    0.559843795288050E+00
    0.232500000000000E+03    0.449430492890809E+01    0.559843832314185E+00
    0.238780000000000E+03    0.523426014615410E+01    0.559176869909632E+00
    0.238800000000000E+03    0.527662746883601E+01    0.559171717291284E+00
    0.245060000000000E+03    0.596726501843784E+01    0.558569610696294E+00
    0.245080000000000E+03    0.600960804544115E+01    0.558566512213767E+00
    0.251340000000000E+03    0.414169645931679E+00    0.558592888511607E+00
    0.251360000000000E+03    0.456513352477032E+00    0.558596533245255E+00
    0.257620000000000E+03    0.114752895041408E+01    0.559236344438493E+00
    0.257640000000000E+03    0.118989929337283E+01    0.559241117252285E+00
    0.263900000000000E+03    0.188824058309785E+01    0.559881802650862E+00
    0.263920000000000E+03    0.193063640817263E+01    0.559881385996702E+00
    0.270180000000000E+03    0.263580176099936E+01    0.560141976962224E+00
    0.270200000000000E+03    0.267820732266182E+01    0.560139572895143E+00
    0.276480000000000E+03    0.342893699153433E+01    0.560168657445943E+00
    0.276500000000000E+03    0.347134370544234E+01    0.560170170812537E+00
    0.282760000000000E+03    0.417807040360731E+01    0.560018768149272E+00
    0.282780000000000E+03    0.422047110960898E+01    0.560020639579747E+00
    0.289040000000000E+03    0.492132270851812E+01    0.559501357991113E+00
    0.289060000000000E+03    0.496370272679667E+01    0.559497870163456E+00
    0.295320000000000E+03    0.565696451117151E+01    0.558778787136641E+00
    0.295340000000000E+03    0.569931536202944E+01    0.558773743140405E+00
    0.301600000000000E+03    0.104417007287452E+00    0.558500232710009E+00
    0.301620000000000E+03    0.146756949972541E+00    0.558501238172566E+00
    0.307880000000000E+03    0.835848369538553E+00    0.558944023996342E+00
    0.307900000000000E+03    0.878206207246535E+00    0.558949484719373E+00
    0.314160000000000E+03    0.157335619893809E+01    0.559666780296266E+00
    0.314180000000000E+03    0.161574299185986E+01    0.559668712090630E+00
    0.320460000000000E+03    0.236079479402372E+01    0.560071032631735E+00
    0.320480000000000E+03    0.240319816862564E+01    0.560068508486236E+00
    0.326740000000000E+03    0.311090717332547E+01    0.560182585260200E+00
    0.326760000000000E+03    0.315331422149052E+01    0.560182400332537E+00
    0.333020000000000E+03    0.386135163966310E+01    0.560116556579973E+00
    0.333040000000000E+03    0.390375620586792E+01    0.560119218481051E+00
    0.339300000000000E+03    0.460743531326057E+01    0.559763376120498E+00
    0.339320000000000E+03    0.464982584995175E+01    0.559762268493495E+00
    0.345580000000000E+03    0.534614951329888E+01    0.559060845087226E+00
    0.345600000000000E+03    0.538851185981900E+01    0.559055409121236E+00
    0.351860000000000E+03    0.607830526849455E+01    0.558526403511288E+00
    0.351880000000000E+03    0.612064628007283E+01    0.558524431780521E+00
    0.358160000000000E+03    0.567897742759214E+00    0.558703411850997E+00
    0.358180000000000E+03    0.610245848044087E+00    0.558708051561940E+00
    0.364440000000000E+03    0.130253807396184E+01    0.559386947171051E+00
    0.364460000000000E+03    0.134491373455421E+01    0.559390998676458E+00
    0.370720000000000E+03    0.204462929610690E+01    0.559962811711931E+00
    0.370740000000000E+03    0.208702784752506E+01    0.559961350260081E+00
    0.377000000000000E+03    0.279312057982270E+01    0.560152842448010E+00
    0.377020000000000E+03    0.283552715463270E+01    0.560151020947176E+00
    0.383280000000000E+03    0.354410217293866E+01    0.560169020585335E+00
    0.383300000000000E+03    0.358650894970924E+01    0.560171184381303E+00
    0.389560000000000E+03    0.429253187664824E+01    0.559958597694876E+00
    0.389580000000000E+03    0.433493025593862E+01    0.559959748086811E+00
    0.395860000000000E+03    0.507682749188882E+01    0.559364972412796E+00
    0.395880000000000E+03    0.511920200436316E+01    0.559360549771513E+00
    0.402140000000000E+03    0.581130488612428E+01    0.558678276625322E+00
    0.402160000000000E+03    0.585365226969316E+01    0.558674047353895E+00
    0.408420000000000E+03    0.258708876111655E+00    0.558544052120328E+00
    0.408440000000000E+03    0.301050647098236E+00    0.558546413619552E+00
    0.414700000000000E+03    0.991106376064067E+00    0.559095223127151E+00
    0.414720000000000E+03    0.103347031467001E+01    0.559100592752007E+00
    0.420980000000000E+03    0.173026864533779E+01    0.559790066164417E+00
    0.421000000000000E+03    0.177266060629870E+01    0.559790823646909E+00
    0.427260000000000E+03    0.247677150917070E+01    0.560132090516066E+00
    0.427280000000000E+03    0.251917671637307E+01    0.560129449980982E+00
    0.433540000000000E+03    0.322742275464032E+01    0.560189222969622E+00
    0.433560000000000E+03    0.326983026998118E+01    0.560189764918048E+00
    0.439840000000000E+03    0.401991793450043E+01    0.560092052411187E+00
    0.439860000000000E+03    0.406232166387588E+01    0.560094512434564E+00
    0.446120000000000E+03    0.476488069644222E+01    0.559657703137601E+00
    0.446140000000000E+03    0.480726701934509E+01    0.559655371127840E+00
    0.452400000000000E+03    0.550229585991644E+01    0.558926298761085E+00
    0.452420000000000E+03    0.554465327098444E+01    0.558920886672553E+00
    0.458680000000000E+03    0.623397386896363E+01    0.558520908362015E+00
    0.458700000000000E+03    0.627631491028592E+01    0.558520450443020E+00
    0.464960000000000E+03    0.682195189776280E+00    0.558841025227838E+00
    0.464980000000000E+03    0.724548996758813E+00    0.558846195081166E+00
    0.471240000000000E+03    0.141860648020565E+01    0.559561137156755E+00
    0.471260000000000E+03    0.146098892692976E+01    0.559564217876332E+00
    0.477540000000000E+03    0.220494374039254E+01    0.560059094150509E+00
    0.477560000000000E+03    0.224734627061832E+01    0.560056981281436E+00
    0.483820000000000E+03    0.295477308677187E+01    0.560205273643188E+00
    0.483840000000000E+03    0.299718123907860E+01    0.560204110092057E+00
    0.490100000000000E+03    0.370593071879989E+01    0.560175191628718E+00
    0.490120000000000E+03    0.374833766837469E+01    0.560177731299470E+00
    0.496380000000000E+03    0.445363405407807E+01    0.559904460973772E+00
    0.496400000000000E+03    0.449603024786461E+01    0.559904558389498E+00
    0.502660000000000E+03    0.519434402607067E+01    0.559246999727242E+00
    0.502680000000000E+03    0.523671379197390E+01    0.559241911650865E+00
    0.508940000000000E+03    0.592794953394105E+01    0.558624237654656E+00
    0.508960000000000E+03    0.597029437034575E+01    0.558620957757051E+00
    0.515240000000000E+03    0.417773599379871E+00    0.558636705101920E+00
    0.515260000000000E+03    0.460119117777595E+00    0.558640293890558E+00
    0.521520000000000E+03    0.115156270885632E+01    0.559272167301370E+00
    0.521540000000000E+03    0.119393365946416E+01    0.559277028591385E+00
    0.527800000000000E+03    0.189254475154485E+01    0.559916310979134E+00
    0.527820000000000E+03    0.193494152711583E+01    0.559915882015082E+00
    0.534080000000000E+03    0.264041245928092E+01    0.560177769036253E+00
    0.534100000000000E+03    0.268281953262522E+01    0.560175362262935E+00
    0.540360000000000E+03    0.339160338153943E+01    0.560203921497720E+00
    0.540380000000000E+03    0.343401144859354E+01    0.560205487531503E+00
    0.546640000000000E+03    0.414131308416836E+01    0.560063242433548E+00
    0.546660000000000E+03    0.418371565150960E+01    0.560065196290585E+00
    0.552940000000000E+03    0.492748336199952E+01    0.559539692336032E+00
    0.552960000000000E+03    0.496986477636574E+01    0.559536039352694E+00
    0.559220000000000E+03    0.566363498984447E+01    0.558818805650896E+00
    0.559240000000000E+03    0.570598777066220E+01    0.558813780204918E+00
    0.565500000000000E+03    0.111676760332784E+00    0.558532188735608E+00
    0.565520000000000E+03    0.154018000369661E+00    0.558533159430623E+00
    0.571780000000000E+03    0.843485580317292E+00    0.558973487943863E+00
    0.571800000000000E+03    0.885844506377452E+00    0.558978959787316E+00
    0.578060000000000E+03    0.158137728902693E+01    0.559695843153978E+00
    0.578080000000000E+03    0.162376535488579E+01    0.559697791276637E+00
    0.584340000000000E+03    0.232682949797845E+01    0.560111980177702E+00
    0.584360000000000E+03    0.236923401281183E+01    0.560109348547112E+00
    0.590620000000000E+03    0.307718705293337E+01    0.560200568936108E+00
    0.590640000000000E+03    0.311959508726386E+01    0.560200269721845E+00
    0.596920000000000E+03    0.387040008113217E+01    0.560154132796574E+00
    0.596940000000000E+03    0.391280583739513E+01    0.560156783235023E+00
    0.603200000000000E+03    0.461627550542426E+01    0.559820908864653E+00
    0.603220000000000E+03    0.465866348373697E+01    0.559819145746780E+00
    0.609480000000000E+03    0.535449017235396E+01    0.559026993057869E+00
    0.609500000000000E+03    0.539685112722054E+01    0.559021528877256E+00
    0.615760000000000E+03    0.608621016630082E+01    0.558492846890276E+00
    0.615780000000000E+03    0.612854971549882E+01    0.558490875219675E+00
    0.622040000000000E+03    0.532943602049727E+00    0.558655749664920E+00
    0.622060000000000E+03    0.575289889010946E+00    0.558660288503266E+00
    0.628320000000000E+03    0.126703935583032E+01    0.559351700233166E+00
    0.628340000000000E+03    0.130941305148463E+01    0.559355783083278E+00
    0.634620000000000E+03    0.205087358153310E+01    0.559916736158717E+00
    0.634640000000000E+03    0.209327026424990E+01    0.559915304255818E+00
    0.640900000000000E+03    0.279878712874552E+01    0.560119895643513E+00
    0.640920000000000E+03    0.284119181271353E+01    0.560118001029000E+00
    0.647180000000000E+03    0.354911407360737E+01    0.560121617255067E+00
    0.647200000000000E+03    0.359151890269482E+01    0.560123788150721E+00
    0.653460000000000E+03    0.429696486856437E+01    0.559923512104424E+00
    0.653480000000000E+03    0.433936137078877E+01    0.559924624752790E+00
    0.659740000000000E+03    0.503821595184058E+01    0.559322133003274E+00
    0.659760000000000E+03    0.508058881276247E+01    0.559317797972010E+00
    0.666020000000000E+03    0.577207686099132E+01    0.558636175697236E+00
    0.666040000000000E+03    0.581442222731812E+01    0.558631792864845E+00
    0.672320000000000E+03    0.260975885176094E+00    0.558482905801503E+00
    0.672340000000000E+03    0.303315213481255E+00    0.558485177916503E+00
    0.678600000000000E+03    0.992575392364643E+00    0.559027474715922E+00
    0.678620000000000E+03    0.103493633186235E+01    0.559032798433783E+00
    0.684880000000000E+03    0.173079584339825E+01    0.559717789462193E+00
    0.684900000000000E+03    0.177318486408421E+01    0.559718501346813E+00
    0.691160000000000E+03    0.247640660118327E+01    0.560072890912079E+00
    0.691180000000000E+03    0.251880955152205E+01    0.560070256992181E+00
    0.697440000000000E+03    0.322628884609253E+01    0.560130249372752E+00
    0.697460000000000E+03    0.326869398489748E+01    0.560130767533753E+00
    0.703720000000000E+03    0.397572155723105E+01    0.560041497589256E+00
    0.703740000000000E+03    0.401812311494496E+01    0.560043998369764E+00
    0.710000000000000E+03    0.472007543407972E+01    0.559610056439597E+00
    0.710020000000000E+03    0.476245998953345E+01    0.559607928666423E+00
    0.716300000000000E+03    0.549927681316763E+01    0.558887219017258E+00
    0.716320000000000E+03    0.554163219830980E+01    0.558881765852963E+00
    0.722580000000000E+03    0.623005399997737E+01    0.558448743889705E+00
    0.722600000000000E+03    0.627239188316571E+01    0.558448046861059E+00
    0.728860000000000E+03    0.676991272068562E+00    0.558746093111949E+00
    0.728880000000000E+03    0.719341209483673E+00    0.558751203553024E+00
    0.735140000000000E+03    0.141217374723965E+01    0.559466838619708E+00
    0.735160000000000E+03    0.145455239575949E+01    0.559470065423303E+00
    0.741420000000000E+03    0.215488189827784E+01    0.559966874974291E+00
    0.741440000000000E+03    0.219728069453367E+01    0.559964803431859E+00
    0.747700000000000E+03    0.290347081287700E+01    0.560124515576651E+00
    0.747720000000000E+03    0.294587555112776E+01    0.560123221553685E+00
    0.754000000000000E+03    0.369602672794258E+01    0.560102098532916E+00
    0.754020000000000E+03    0.373843075004925E+01    0.560104703499843E+00
    0.760280000000000E+03    0.444286901536861E+01    0.559837706179261E+00
    0.760300000000000E+03    0.448526205740131E+01    0.559837824214119E+00
    0.766560000000000E+03    0.518275768429635E+01    0.559190346770969E+00
    0.766580000000000E+03    0.522512520743726E+01    0.559185365325778E+00
    0.772840000000000E+03    0.591549142128633E+01    0.558547115001213E+00
    0.772860000000000E+03    0.595783322826060E+01    0.558543648135832E+00
    0.779120000000000E+03    0.361881995653675E+00    0.558533194900142E+00
    0.779140000000000E+03    0.404223274452988E+00    0.558536544371326E+00
    0.785400000000000E+03    0.109433361445008E+01    0.559152945850438E+00
    0.785420000000000E+03    0.113669990282278E+01    0.559157957799708E+00
    0.791700000000000E+03    0.187629041404170E+01    0.559809578890380E+00
    0.791720000000000E+03    0.191868280326298E+01    0.559809356503288E+00
    0.797980000000000E+03    0.262285311037363E+01    0.560085208525203E+00
    0.798000000000000E+03    0.266525647095386E+01    0.560082736658103E+00
    0.804260000000000E+03    0.337292464359757E+01    0.560121633969156E+00
    0.804280000000000E+03    0.341532939314493E+01    0.560122957149329E+00
    0.810540000000000E+03    0.412162694611470E+01    0.559984730554412E+00
    0.810560000000000E+03    0.416402640502110E+01    0.559986807445860E+00
    0.816820000000000E+03    0.486464929463386E+01    0.559486293513075E+00
    0.816840000000000E+03    0.490702869712368E+01    0.559483130183058E+00
    0.823100000000000E+03    0.560006815871884E+01    0.558762373935566E+00
    0.823120000000000E+03    0.564241852260147E+01    0.558757194499091E+00
    0.829400000000000E+03    0.893441483219704E-01    0.558440581940015E+00
    0.829420000000000E+03    0.131681811029239E+00    0.558441325722259E+00
    0.835680000000000E+03    0.819917574179271E+00    0.558856341372406E+00
    0.835700000000000E+03    0.862271702747194E+00    0.558861741397778E+00
    0.841960000000000E+03    0.155629635271748E+01    0.559574199022091E+00
    0.841980000000000E+03    0.159867948270494E+01    0.559576409889866E+00
    0.848240000000000E+03    0.230024862462369E+01    0.560016507571864E+00
    0.848260000000000E+03    0.234264925961133E+01    0.560014058630458E+00
    0.854520000000000E+03    0.304941185684993E+01    0.560121440816555E+00
    0.854540000000000E+03    0.309181658949205E+01    0.560120912304491E+00
    0.860800000000000E+03    0.379925051142459E+01    0.560070950183896E+00
    0.860820000000000E+03    0.384165333639930E+01    0.560073613126688E+00
    0.867080000000000E+03    0.454497986979300E+01    0.559739794285100E+00
    0.867100000000000E+03    0.458736960683154E+01    0.559739056980299E+00
    0.873380000000000E+03    0.532591160416314E+01    0.559050578829452E+00
    0.873400000000000E+03    0.536827398145942E+01    0.559045194707250E+00
    0.879660000000000E+03    0.605768386554064E+01    0.558482930859906E+00
    0.879680000000000E+03    0.610002303562328E+01    0.558480589354391E+00
    0.885940000000000E+03    0.504090211509492E+00    0.558608533117908E+00
    0.885960000000000E+03    0.546434624869789E+00    0.558612800338874E+00
    0.892220000000000E+03    0.123759187577525E+01    0.559285601694964E+00
    0.892240000000000E+03    0.127996311899687E+01    0.559289904881315E+00
    0.898500000000000E+03    0.197846367742204E+01    0.559887617629299E+00
    0.898520000000000E+03    0.202085918103671E+01    0.559886551227590E+00
    0.904780000000000E+03    0.272594355203614E+01    0.560102600358529E+00
    0.904800000000000E+03    0.276834764521641E+01    0.560100480536720E+00
    0.911080000000000E+03    0.351851719655565E+01    0.560119316837039E+00
    0.911100000000000E+03    0.356092154885732E+01    0.560121284468643E+00
    0.917360000000000E+03    0.426630640001667E+01    0.559927606467584E+00
    0.917380000000000E+03    0.430870214017182E+01    0.559928891871135E+00
    0.923640000000000E+03    0.500774154976784E+01    0.559345128903918E+00
    0.923660000000000E+03    0.505011530967977E+01    0.559341048160320E+00
    0.929920000000000E+03    0.574174217332461E+01    0.558642689771938E+00
    0.929940000000000E+03    0.578408774641139E+01    0.558638069586863E+00
    0.936200000000000E+03    0.188151971120988E+00    0.558450067396694E+00
    0.936220000000000E+03    0.230489728284056E+00    0.558451844327974E+00
    0.942480000000000E+03    0.919350025793619E+00    0.558961241225791E+00
    0.942500000000000E+03    0.961708552189748E+00    0.558966676491691E+00
    0.948780000000000E+03    0.169924167036061E+01    0.559667387604564E+00
    0.948800000000000E+03    0.174162857699207E+01    0.559668517264870E+00
    0.955060000000000E+03    0.244424415237813E+01    0.560036137167796E+00
    0.955080000000000E+03    0.248664574951681E+01    0.560033401114237E+00
    0.961340000000000E+03    0.319370209919839E+01    0.560107960353856E+00
    0.961360000000000E+03    0.323610642253698E+01    0.560108219118796E+00
    0.967620000000000E+03    0.394300855310075E+01    0.560029663553742E+00
    0.967640000000000E+03    0.398540995999792E+01    0.560032280170301E+00
    0.973900000000000E+03    0.468751200892893E+01    0.559624708611550E+00
    0.973920000000000E+03    0.472989690493023E+01    0.559622841545819E+00
    0.980180000000000E+03    0.542443884702652E+01    0.558907284922351E+00
    0.980200000000000E+03    0.546679516974928E+01    0.558901800864382E+00
    0.986480000000000E+03    0.619759307284812E+01    0.558436569171384E+00
    0.986500000000000E+03    0.623993029898202E+01    0.558435490109488E+00
    0.992760000000000E+03    0.644077588712662E+00    0.558682763897137E+00
    0.992780000000000E+03    0.686424816965882E+00    0.558687703827123E+00
    0.999040000000000E+03    0.137850980529265E+01    0.559395400008848E+00
    0.999060000000000E+03    0.142088570837632E+01    0.559398956788586E+00
    0.100532000000000E+04    0.212048570369461E+01    0.559929360423996E+00
    0.100534000000000E+04    0.216288276141859E+01    0.559927480164754E+00
    0.101160000000000E+04    0.286852000067256E+01    0.560100147607598E+00
    0.101162000000000E+04    0.291092363932785E+01    0.560098674123950E+00
    0.101788000000000E+04    0.361840828244522E+01    0.560078049269775E+00
    0.101790000000000E+04    0.366081145002454E+01    0.560080407632694E+00
    0.102416000000000E+04    0.436529171276879E+01    0.559837752948161E+00
    0.102418000000000E+04    0.440768510713269E+01    0.559838349991207E+00
    0.103046000000000E+04    0.514776343933818E+01    0.559208556956679E+00
    0.103048000000000E+04    0.519013177310899E+01    0.559203766246116E+00
    0.103674000000000E+04    0.588055450901993E+01    0.558547688935274E+00
    0.103676000000000E+04    0.592289632274742E+01    0.558543885518796E+00
    0.104302000000000E+04    0.326705924897396E+00    0.558487836233869E+00
    0.104304000000000E+04    0.369048725167431E+00    0.558490620954458E+00
    0.104930000000000E+04    0.106001001193590E+01    0.559196498042387E+00
    0.104932000000000E+04    0.110237808344027E+01    0.559202015701257E+00
    0.105558000000000E+04    0.180021235112099E+01    0.559867380301767E+00
    0.105560000000000E+04    0.184260718024416E+01    0.559867502172005E+00
    0.106186000000000E+04    0.254758081154068E+01    0.560174268833766E+00
    0.106188000000000E+04    0.258998774114752E+01    0.560171685563487E+00
    0.106816000000000E+04    0.334111537029321E+01    0.560212631530420E+00
    0.106818000000000E+04    0.338352378778291E+01    0.560213737688721E+00
    0.107444000000000E+04    0.409121372204163E+01    0.560096645320254E+00
    0.107446000000000E+04    0.413361749398200E+01    0.560098866359779E+00
    0.108072000000000E+04    0.483578902071713E+01    0.559618212838575E+00
    0.108074000000000E+04    0.487817373994540E+01    0.559615339308544E+00
    0.108700000000000E+04    0.557278164888203E+01    0.558891526186568E+00
    0.108702000000000E+04    0.561513716842046E+01    0.558886217915417E+00
    0.109328000000000E+04    0.211050166294626E-01    0.558536196019094E+00
    0.109330000000000E+04    0.634464573581681E-01    0.558536369180796E+00
    0.109956000000000E+04    0.752676414381312E+00    0.558919537651354E+00
    0.109958000000000E+04    0.795032852631266E+00    0.558924885625070E+00
    0.110586000000000E+04    0.153216577285593E+01    0.559629808956346E+00
    0.110588000000000E+04    0.157455107753321E+01    0.559632294078026E+00
    0.111214000000000E+04    0.227682198846924E+01    0.560083780939338E+00
    0.111216000000000E+04    0.231922529333860E+01    0.560081420448696E+00
    0.111842000000000E+04    0.302680829841620E+01    0.560199150282735E+00
    0.111844000000000E+04    0.306921629138697E+01    0.560198473700333E+00
    0.112470000000000E+04    0.377776178793738E+01    0.560160425693206E+00
    0.112472000000000E+04    0.382016808709068E+01    0.560163060432502E+00
    0.113098000000000E+04    0.452475883868419E+01    0.559849059629560E+00
    0.113100000000000E+04    0.456715280848903E+01    0.559848589949184E+00
    0.113726000000000E+04    0.526466643073218E+01    0.559167935064485E+00
    0.113728000000000E+04    0.530703305326278E+01    0.559162646105915E+00
    0.114354000000000E+04    0.599771321688559E+01    0.558584811446072E+00
    0.114356000000000E+04    0.604005659546465E+01    0.558582147638672E+00
    0.114984000000000E+04    0.487529936120154E+00    0.558675098307043E+00
    0.114986000000000E+04    0.529877008191306E+00    0.558679226045450E+00
    0.115612000000000E+04    0.122185268140356E+01    0.559339935264973E+00
    0.115614000000000E+04    0.126422630562411E+01    0.559344431061125E+00
    0.116240000000000E+04    0.196350157553388E+01    0.559950486241753E+00
    0.116242000000000E+04    0.200589967823362E+01    0.559949504793179E+00
    0.116868000000000E+04    0.271186155286841E+01    0.560185707415078E+00
    0.116870000000000E+04    0.275426894198745E+01    0.560183511319041E+00
    0.117496000000000E+04    0.346306775534003E+01    0.560195473751877E+00
    0.117498000000000E+04    0.350547553154456E+01    0.560197267658941E+00
    0.118124000000000E+04    0.421227640220059E+01    0.560023207367020E+00
    0.118126000000000E+04    0.425467735221582E+01    0.560024793494362E+00
    0.118754000000000E+04    0.499765937494749E+01    0.559464958390784E+00
    0.118756000000000E+04    0.504003794466507E+01    0.559461011761262E+00
    0.119382000000000E+04    0.573310923396639E+01    0.558759055842312E+00
    0.119384000000000E+04    0.577545970584970E+01    0.558754376670995E+00
    0.120010000000000E+04    0.180822428253123E+00    0.558545644695582E+00
    0.120012000000000E+04    0.223164145888404E+00    0.558547354886028E+00
    0.120638000000000E+04    0.913012531288587E+00    0.559039912255205E+00
    0.120640000000000E+04    0.955374068975743E+00    0.559045349382530E+00
    0.121266000000000E+04    0.165156567460645E+01    0.559750774746997E+00
    0.121268000000000E+04    0.169395580248238E+01    0.559752133760640E+00
    0.121894000000000E+04    0.239732176497728E+01    0.560148742005771E+00
    0.121896000000000E+04    0.243972144014197E+01    0.560147020948250E+00
    0.122524000000000E+04    0.318890864236255E+01    0.560089485906712E+00
    0.122526000000000E+04    0.323131210056181E+01    0.560089697854631E+00
    0.123152000000000E+04    0.393800401474755E+01    0.560013327211818E+00
    0.123154000000000E+04    0.398040461265782E+01    0.560015953042853E+00
    0.123780000000000E+04    0.468235800810908E+01    0.559619272729195E+00
    0.123782000000000E+04    0.472474291743674E+01    0.559617621102759E+00
    0.124408000000000E+04    0.541927849024887E+01    0.558910073048477E+00
    0.124410000000000E+04    0.546163483432883E+01    0.558904590813830E+00
    0.125036000000000E+04    0.614992683479932E+01    0.558420860510015E+00
    0.125038000000000E+04    0.619226362342897E+01    0.558419506689062E+00
    0.125664000000000E+04    0.596157925711850E+00    0.558658754973773E+00
    0.125666000000000E+04    0.638503931437754E+00    0.558663594140390E+00
    0.126294000000000E+04    0.137246191515578E+01    0.559355178445203E+00
    0.126296000000000E+04    0.141483597809975E+01    0.559358774821727E+00
    0.126922000000000E+04    0.211399321250701E+01    0.559902610275402E+00
    0.126924000000000E+04    0.215638934670687E+01    0.559900887329219E+00
    0.127550000000000E+04    0.286168182745132E+01    0.560072591521702E+00
    0.127552000000000E+04    0.290408470645116E+01    0.560070978429512E+00
    0.128178000000000E+04    0.361137781076513E+01    0.560066539570325E+00
    0.128180000000000E+04    0.365378040264204E+01    0.560068855567786E+00
    0.128806000000000E+04    0.435817740927041E+01    0.559833704786151E+00
    0.128808000000000E+04    0.440057083259126E+01    0.559834464706361E+00
    0.129434000000000E+04    0.509829420247797E+01    0.559215549552692E+00
    0.129436000000000E+04    0.514066275914092E+01    0.559210880625880E+00
    0.130062000000000E+04    0.583108454983312E+01    0.558549994620331E+00
    0.130064000000000E+04    0.587342645927038E+01    0.558545998097981E+00
    0.130692000000000E+04    0.319331108416918E+00    0.558461826547900E+00
    0.130694000000000E+04    0.361669531276220E+00    0.558464704679632E+00
    0.131320000000000E+04    0.105082437770852E+01    0.559047890389538E+00
    0.131322000000000E+04    0.109318624944444E+01    0.559053082817476E+00
    0.131948000000000E+04    0.178915741956280E+01    0.559723853848836E+00
    0.131950000000000E+04    0.183154643100943E+01    0.559724200165092E+00
    0.132576000000000E+04    0.253468556084590E+01    0.560036179628750E+00
    0.132578000000000E+04    0.257708696107693E+01    0.560033574523198E+00
    0.133204000000000E+04    0.328414728767711E+01    0.560085463521634E+00
    0.133206000000000E+04    0.332655058565297E+01    0.560086344454254E+00
    0.133832000000000E+04    0.403271866054183E+01    0.559973042061239E+00
    0.133834000000000E+04    0.407511762046215E+01    0.559975391665266E+00
    0.134462000000000E+04    0.481833817443021E+01    0.559514295578920E+00
    0.134464000000000E+04    0.486071869071338E+01    0.559511496982371E+00
    0.135090000000000E+04    0.555394342562886E+01    0.558778759458068E+00
    0.135092000000000E+04    0.559629487335951E+01    0.558773423670025E+00
    0.135718000000000E+04    0.985217707693664E-03    0.558404574729646E+00
    0.135720000000000E+04    0.433229831633071E-01    0.558404936446656E+00
    0.136346000000000E+04    0.731029443415537E+00    0.558768012421564E+00
    0.136348000000000E+04    0.773380226740755E+00    0.558773290119383E+00
    0.136974000000000E+04    0.146642686568975E+01    0.559492743516765E+00
    0.136976000000000E+04    0.150880672692028E+01    0.559495564639504E+00
    0.137602000000000E+04    0.220947777346464E+01    0.559976832977716E+00
    0.137604000000000E+04    0.225187681701118E+01    0.559974609542461E+00
    0.138232000000000E+04    0.300044618512948E+01    0.560094513396315E+00
    0.138234000000000E+04    0.304284994071850E+01    0.560093581982919E+00
    0.138860000000000E+04    0.375016414085167E+01    0.560066132094200E+00
    0.138862000000000E+04    0.379256655222798E+01    0.560068761395700E+00
    0.139488000000000E+04    0.449613964766786E+01    0.559762904754202E+00
    0.139490000000000E+04    0.453853019136295E+01    0.559762744768646E+00
    0.140116000000000E+04    0.523506507083812E+01    0.559097394296425E+00
    0.140118000000000E+04    0.527742896532618E+01    0.559092185240915E+00
    0.140744000000000E+04    0.596694801703961E+01    0.558487382116315E+00
    0.140746000000000E+04    0.600928745380861E+01    0.558484355450891E+00
    0.141372000000000E+04    0.412941023744679E+00    0.558530435492650E+00
    0.141374000000000E+04    0.455282272297154E+00    0.558534175616988E+00
    0.142000000000000E+04    0.114544525676638E+01    0.559176572698373E+00
    0.142002000000000E+04    0.118781227423187E+01    0.559181326043580E+00
    0.142630000000000E+04    0.192645244638243E+01    0.559815019480500E+00
    0.142632000000000E+04    0.196883942406794E+01    0.559812462079007E+00
    0.143258000000000E+04    0.267160718505374E+01    0.559954464074147E+00
    0.143260000000000E+04    0.271400532260623E+01    0.559952120905647E+00
    0.143886000000000E+04    0.341998880918209E+01    0.559978940466824E+00
    0.143888000000000E+04    0.346238785204696E+01    0.559980475232820E+00
    0.144514000000000E+04    0.416667582219679E+01    0.559824484560318E+00
    0.144516000000000E+04    0.420906882421059E+01    0.559826348836724E+00
    0.145142000000000E+04    0.490746483436033E+01    0.559305623513589E+00
    0.145144000000000E+04    0.494983706220501E+01    0.559302138609759E+00
    0.145770000000000E+04    0.564071636585959E+01    0.558583190371236E+00
    0.145772000000000E+04    0.568305958980454E+01    0.558578164260812E+00
    0.146400000000000E+04    0.128073207999478E+00    0.558303343929832E+00
    0.146402000000000E+04    0.170405287126414E+00    0.558304376810362E+00
    0.147028000000000E+04    0.857053526568961E+00    0.558749048578547E+00
    0.147030000000000E+04    0.899403626138337E+00    0.558754499014556E+00
    0.147656000000000E+04    0.159213366349968E+01    0.559470997723789E+00
    0.147658000000000E+04    0.163451266607262E+01    0.559472918134604E+00
    0.148284000000000E+04    0.233472971874562E+01    0.559882438948045E+00
    0.148286000000000E+04    0.237712536021763E+01    0.559879916460886E+00
    0.148912000000000E+04    0.308237830551388E+01    0.559991156082207E+00
    0.148914000000000E+04    0.312477772556895E+01    0.559990833115508E+00
    0.149540000000000E+04    0.383043982872732E+01    0.559932473271944E+00
    0.149542000000000E+04    0.387283676115158E+01    0.559935305390064E+00
    0.150170000000000E+04    0.461664786292522E+01    0.559587009157827E+00
    0.150172000000000E+04    0.465903094908117E+01    0.559585769378367E+00
    0.150798000000000E+04    0.535308495746767E+01    0.558880691628974E+00
    0.150800000000000E+04    0.539544018149763E+01    0.558875266873821E+00
