    0.000000000000000E+00    0.190000000000000E+01    0.580000000000000E+00
    0.200000000000000E-01    0.194319998835129E+01    0.579999402671732E+00
    0.630000000000000E+01    0.294311684609398E+01    0.580147832301854E+00
    0.632000000000000E+01    0.298632277536779E+01    0.580146631003041E+00
    0.125800000000000E+02    0.394446230256255E+01    0.580127837697029E+00
    0.126000000000000E+02    0.398766736956712E+01    0.580130437697224E+00
    0.188600000000000E+02    0.494136056878784E+01    0.579683970165444E+00
    0.188800000000000E+02    0.498454817140949E+01    0.579680260938573E+00
    0.251400000000000E+02    0.593104015604467E+01    0.578981028605510E+00
    0.251600000000000E+02    0.597420030607778E+01    0.578977821880925E+00
    0.314200000000000E+02    0.634588907856156E+00    0.579131077747559E+00
    0.314400000000000E+02    0.677754252785007E+00    0.579136106773845E+00
    0.377000000000000E+02    0.162605157013967E+01    0.579869355040890E+00
    0.377200000000000E+02    0.166924656300768E+01    0.579870801917700E+00
    0.440000000000000E+02    0.266791742088527E+01    0.580155395599163E+00
    0.440200000000000E+02    0.271112356929056E+01    0.580153027834812E+00
    0.502800000000000E+02    0.366957053571640E+01    0.580159738501254E+00
    0.503000000000000E+02    0.371277688758222E+01    0.580162272659663E+00
    0.565600000000000E+02    0.466833658806178E+01    0.579882404221861E+00
    0.565800000000000E+02    0.471153181499579E+01    0.579880788382329E+00
    0.628400000000000E+02    0.565995166421959E+01    0.579141744048019E+00
    0.628600000000000E+02    0.570311728747487E+01    0.579136756051647E+00
    0.691200000000000E+02    0.363405371887836E+00    0.578983218925880E+00
    0.691400000000000E+02    0.406564638179958E+00    0.578986591611102E+00
    0.754000000000000E+02    0.135301658325756E+01    0.579690569896502E+00
    0.754200000000000E+02    0.139620427762128E+01    0.579694181494983E+00
    0.817000000000000E+02    0.239317636760924E+01    0.580123382570281E+00
    0.817200000000000E+02    0.243638125631890E+01    0.580120796362279E+00
    0.879800000000000E+02    0.339451586895362E+01    0.580157533122201E+00
    0.880000000000000E+02    0.343772218777804E+01    0.580158913417653E+00
    0.942600000000000E+02    0.439457623260816E+01    0.580016572937855E+00
    0.942800000000000E+02    0.443777703501215E+01    0.580017127443098E+00
    0.100540000000000E+03    0.538826304483692E+01    0.579336908114963E+00
    0.100560000000000E+03    0.543143643039727E+01    0.579331437681114E+00
    0.106820000000000E+03    0.923801665155111E-01    0.578908894308191E+00
    0.106840000000000E+03    0.135536755494286E+00    0.578910048244975E+00
    0.113100000000000E+03    0.108050547895257E+01    0.579480386308551E+00
    0.113120000000000E+03    0.112368490827140E+01    0.579485468655216E+00
    0.119400000000000E+03    0.211871414378419E+01    0.580070978588642E+00
    0.119420000000000E+03    0.216191699319432E+01    0.580069213618707E+00
    0.125680000000000E+03    0.311947270432211E+01    0.580165627037332E+00
    0.125700000000000E+03    0.316267919083089E+01    0.580165447776779E+00
    0.131960000000000E+03    0.412054201656008E+01    0.580106027850266E+00
    0.131980000000000E+03    0.416374630781974E+01    0.580108136133950E+00
    0.138240000000000E+03    0.511635924505765E+01    0.579563721672872E+00
    0.138260000000000E+03    0.515954187971607E+01    0.579558783048198E+00
    0.144520000000000E+03    0.610493269221865E+01    0.578927088990366E+00
    0.144540000000000E+03    0.614808982304595E+01    0.578925351396034E+00
    0.150800000000000E+03    0.808682241913402E+00    0.579253058483746E+00
    0.150820000000000E+03    0.851852490851400E+00    0.579258506720923E+00
    0.157080000000000E+03    0.180157266709085E+01    0.579969763192157E+00
    0.157100000000000E+03    0.184477164927642E+01    0.579969888562462E+00
    0.163380000000000E+03    0.284440430846911E+01    0.580158104789222E+00
    0.163400000000000E+03    0.288761063164492E+01    0.580156394923579E+00
    0.169660000000000E+03    0.384599713858580E+01    0.580149470976564E+00
    0.169680000000000E+03    0.388920304644711E+01    0.580152137035707E+00
    0.175940000000000E+03    0.484367659483166E+01    0.579769591759985E+00
    0.175960000000000E+03    0.488686738296263E+01    0.579766639090464E+00
    0.182220000000000E+03    0.583401449992471E+01    0.579030767017034E+00
    0.182240000000000E+03    0.587717563118235E+01    0.579026720269173E+00
    0.188500000000000E+03    0.537409192432847E+00    0.579076108770057E+00
    0.188520000000000E+03    0.580572228850031E+00    0.579080650051468E+00
    0.194780000000000E+03    0.152841342918623E+01    0.579824328943590E+00
    0.194800000000000E+03    0.157160654437001E+01    0.579826629958819E+00
    0.201080000000000E+03    0.256986753508585E+01    0.580156588993881E+00
    0.201100000000000E+03    0.261307385011872E+01    0.580154033004899E+00
    0.207360000000000E+03    0.357164635097922E+01    0.580174015828248E+00
    0.207380000000000E+03    0.361485322536413E+01    0.580176175528203E+00
    0.213640000000000E+03    0.457106225485063E+01    0.579947529476262E+00
    0.213660000000000E+03    0.461426014526967E+01    0.579946757274421E+00
    0.219920000000000E+03    0.556356860034373E+01    0.579220989981657E+00
    0.219940000000000E+03    0.560673756359108E+01    0.579215694689065E+00
    0.226200000000000E+03    0.267376583059672E+00    0.578963954597117E+00
    0.226220000000000E+03    0.310535045732479E+00    0.578966513726524E+00
    0.232480000000000E+03    0.125651194747473E+01    0.579628680007673E+00
    0.232500000000000E+03    0.129969724937536E+01    0.579632907492241E+00
    0.238780000000000E+03    0.229613599762024E+01    0.580124925222030E+00
    0.238800000000000E+03    0.233934090681635E+01    0.580122498852899E+00
    0.245060000000000E+03    0.329753080092325E+01    0.580177535669441E+00
    0.245080000000000E+03    0.334073790398224E+01    0.580178385181018E+00
    0.251340000000000E+03    0.429819173105011E+01    0.580068909657292E+00
    0.251360000000000E+03    0.434139429337802E+01    0.580070060437220E+00
    0.257620000000000E+03    0.529275620897874E+01    0.579431804070779E+00
    0.257640000000000E+03    0.533593345413431E+01    0.579426469007025E+00
    0.263900000000000E+03    0.628069713348805E+01    0.578920086875598E+00
    0.263920000000000E+03    0.406683623392610E-01    0.578920044155662E+00
    0.270180000000000E+03    0.985207959446029E+00    0.579407364376071E+00
    0.270200000000000E+03    0.102838420082844E+01    0.579412717221400E+00
    0.276480000000000E+03    0.202280604138105E+01    0.580057311194125E+00
    0.276500000000000E+03    0.206600844202569E+01    0.580056123155387E+00
    0.282760000000000E+03    0.302341259123432E+01    0.580179307865023E+00
    0.282780000000000E+03    0.306661940420622E+01    0.580178623807444E+00
    0.289040000000000E+03    0.402483779979923E+01    0.580131007544058E+00
    0.289060000000000E+03    0.406804309258496E+01    0.580133451438817E+00
    0.295320000000000E+03    0.502151721502901E+01    0.579647592736715E+00
    0.295340000000000E+03    0.506470351285054E+01    0.579643440666781E+00
    0.301600000000000E+03    0.601090468751784E+01    0.578969071818064E+00
    0.301620000000000E+03    0.605406331964105E+01    0.578966414385286E+00
    0.307880000000000E+03    0.714631645242548E+00    0.579201954701875E+00
    0.307900000000000E+03    0.757799874101465E+00    0.579207235139691E+00
    0.314160000000000E+03    0.170690784790781E+01    0.579930340370112E+00
    0.314180000000000E+03    0.175010498604888E+01    0.579931114014223E+00
    0.320460000000000E+03    0.274843994251830E+01    0.580096679641857E+00
    0.320480000000000E+03    0.279164374245875E+01    0.580094571029519E+00
    0.326740000000000E+03    0.374932416808394E+01    0.580094311422163E+00
    0.326760000000000E+03    0.379252798775178E+01    0.580096928425113E+00
    0.333020000000000E+03    0.474685506175979E+01    0.579772292803561E+00
    0.333040000000000E+03    0.479004619383011E+01    0.579770027374254E+00
    0.339300000000000E+03    0.573724997791567E+01    0.579033034790968E+00
    0.339320000000000E+03    0.578041214457971E+01    0.579028459521733E+00
    0.345580000000000E+03    0.440073591902774E+00    0.578963734986938E+00
    0.345600000000000E+03    0.483232167628671E+00    0.578967682371739E+00
    0.351860000000000E+03    0.142945125364690E+01    0.579688461669798E+00
    0.351880000000000E+03    0.147263911670973E+01    0.579691464502584E+00
    0.358160000000000E+03    0.246948146281670E+01    0.580089798822134E+00
    0.358180000000000E+03    0.251268526007073E+01    0.580087189095629E+00
    0.364440000000000E+03    0.347042244709655E+01    0.580115649687916E+00
    0.364460000000000E+03    0.351362704974008E+01    0.580117442613063E+00
    0.370720000000000E+03    0.446957905304464E+01    0.579935018108421E+00
    0.370740000000000E+03    0.451277645337552E+01    0.579935037842932E+00
    0.377000000000000E+03    0.546206076500266E+01    0.579231468607287E+00
    0.377020000000000E+03    0.550522992949834E+01    0.579225974187123E+00
    0.383280000000000E+03    0.165335706932751E+00    0.578873578685316E+00
    0.383300000000000E+03    0.208490659471522E+00    0.578875178057722E+00
    0.389560000000000E+03    0.115311102686985E+01    0.579485969676104E+00
    0.389580000000000E+03    0.119629049072296E+01    0.579490741312032E+00
    0.395860000000000E+03    0.219115473041848E+01    0.580038798898525E+00
    0.395880000000000E+03    0.223435625391721E+01    0.580036746824343E+00
    0.402140000000000E+03    0.319147437482115E+01    0.580112869196390E+00
    0.402160000000000E+03    0.323467892504141E+01    0.580113166672625E+00
    0.408420000000000E+03    0.419170047398495E+01    0.580035138715703E+00
    0.408440000000000E+03    0.423490177276472E+01    0.580036901041083E+00
    0.414700000000000E+03    0.518630751556009E+01    0.579452725159700E+00
    0.414720000000000E+03    0.522948562458203E+01    0.579447700662538E+00
    0.420980000000000E+03    0.617390198539294E+01    0.578865908257369E+00
    0.421000000000000E+03    0.621705641277254E+01    0.578864811734454E+00
    0.427260000000000E+03    0.877020450107011E+00    0.579269256485609E+00
    0.427280000000000E+03    0.920189008941634E+00    0.579274587075455E+00
    0.433540000000000E+03    0.186923920430684E+01    0.579917149051845E+00
    0.433560000000000E+03    0.191243580768321E+01    0.579916656086918E+00
    0.439840000000000E+03    0.291131696072148E+01    0.580080006102853E+00
    0.439860000000000E+03    0.295452013846614E+01    0.580078621853301E+00
    0.446120000000000E+03    0.391177700141623E+01    0.580056888705510E+00
    0.446140000000000E+03    0.395497926800658E+01    0.580059538214957E+00
    0.452400000000000E+03    0.490807694165176E+01    0.579643685271966E+00
    0.452420000000000E+03    0.495126290645135E+01    0.579640264612159E+00
    0.458680000000000E+03    0.589705165804173E+01    0.578924606707993E+00
    0.458700000000000E+03    0.594020852581195E+01    0.578921014748832E+00
    0.464960000000000E+03    0.599483648105661E+00    0.579033471278654E+00
    0.464980000000000E+03    0.642645093346118E+00    0.579038329573145E+00
    0.471240000000000E+03    0.158975275496925E+01    0.579774182843462E+00
    0.471260000000000E+03    0.163294377221553E+01    0.579775987817668E+00
    0.477540000000000E+03    0.263045495748315E+01    0.580075111547005E+00
    0.477560000000000E+03    0.267365798536252E+01    0.580072676070155E+00
    0.483820000000000E+03    0.363112446329524E+01    0.580078205231845E+00
    0.483840000000000E+03    0.367432754508536E+01    0.580080555699466E+00
    0.490100000000000E+03    0.462910210880500E+01    0.579823512586756E+00
    0.490120000000000E+03    0.467229500259668E+01    0.579822217888279E+00
    0.496380000000000E+03    0.561996218847526E+01    0.579080451481327E+00
    0.496400000000000E+03    0.566312557957440E+01    0.579075325573008E+00
    0.502660000000000E+03    0.322576411336513E+00    0.578889668788487E+00
    0.502680000000000E+03    0.365731923423937E+00    0.578892684315319E+00
    0.508940000000000E+03    0.131099531179734E+01    0.579578050028321E+00
    0.508960000000000E+03    0.135417848075599E+01    0.579581921133847E+00
    0.515240000000000E+03    0.234982531824994E+01    0.580039033944402E+00
    0.515260000000000E+03    0.239302708369223E+01    0.580036517860089E+00
    0.521520000000000E+03    0.335026013552988E+01    0.580089815041528E+00
    0.521540000000000E+03    0.339346367388725E+01    0.580090991262747E+00
    0.527800000000000E+03    0.434961313499161E+01    0.579959891057356E+00
    0.527820000000000E+03    0.439281175368387E+01    0.579960734460964E+00
    0.534080000000000E+03    0.534281414041084E+01    0.579306200154145E+00
    0.534100000000000E+03    0.538598679908569E+01    0.579300798348727E+00
    0.540360000000000E+03    0.463101586710764E-01    0.578836871206970E+00
    0.540380000000000E+03    0.894635914430637E-01    0.578837298130102E+00
    0.546640000000000E+03    0.103321981418844E+01    0.579367474983374E+00
    0.546660000000000E+03    0.107639462229054E+01    0.579372699503387E+00
    0.552940000000000E+03    0.207012959457620E+01    0.579988232455654E+00
    0.552960000000000E+03    0.211332920063342E+01    0.579986748728237E+00
    0.559220000000000E+03    0.306987621300345E+01    0.580096590941979E+00
    0.559240000000000E+03    0.311307989791135E+01    0.580096112901390E+00
    0.565500000000000E+03    0.406988763132676E+01    0.580072714741411E+00
    0.565520000000000E+03    0.411308720317629E+01    0.580074799536271E+00
    0.571780000000000E+03    0.506450921515352E+01    0.579491306759759E+00
    0.571800000000000E+03    0.510768882882439E+01    0.579486840435334E+00
    0.578060000000000E+03    0.605201177990671E+01    0.578832880268567E+00
    0.578080000000000E+03    0.609516502681458E+01    0.578830587011622E+00
    0.584340000000000E+03    0.754328975149065E+00    0.579108829538233E+00
    0.584360000000000E+03    0.797494768813522E+00    0.579114044423836E+00
    0.590620000000000E+03    0.174586837210359E+01    0.579838749040695E+00
    0.590640000000000E+03    0.178906321309410E+01    0.579839170683421E+00
    0.596920000000000E+03    0.278757144815563E+01    0.580089204986738E+00
    0.596940000000000E+03    0.283077529569027E+01    0.580087320447193E+00
    0.603200000000000E+03    0.378834468368541E+01    0.580080234243891E+00
    0.603220000000000E+03    0.383154791231141E+01    0.580082884430545E+00
    0.609480000000000E+03    0.478552530925231E+01    0.579738869295904E+00
    0.609500000000000E+03    0.482871488666228E+01    0.579736341887072E+00
    0.615760000000000E+03    0.577537736703380E+01    0.578994295296662E+00
    0.615780000000000E+03    0.581853723410313E+01    0.578989914716532E+00
    0.622040000000000E+03    0.477857274958069E+00    0.578965981761789E+00
    0.622060000000000E+03    0.521015929425403E+00    0.578970152878271E+00
    0.628320000000000E+03    0.146733158295228E+01    0.579701851156377E+00
    0.628340000000000E+03    0.151051974193501E+01    0.579704622038967E+00
    0.634620000000000E+03    0.250734488839407E+01    0.580069006480551E+00
    0.634640000000000E+03    0.255054774457244E+01    0.580066393763971E+00
    0.640900000000000E+03    0.350805883574071E+01    0.580094265527321E+00
    0.640920000000000E+03    0.355126251999195E+01    0.580096181121315E+00
    0.647180000000000E+03    0.450677052951119E+01    0.579898101058019E+00
    0.647200000000000E+03    0.454996658560094E+01    0.579897873237684E+00
    0.653460000000000E+03    0.549875238007121E+01    0.579189874258850E+00
    0.653480000000000E+03    0.554192002726745E+01    0.579184452504701E+00
    0.659740000000000E+03    0.201720545967646E+00    0.578865669049487E+00
    0.659760000000000E+03    0.244875056039746E+00    0.578867700271562E+00
    0.666020000000000E+03    0.118945301438407E+01    0.579490297067038E+00
    0.666040000000000E+03    0.123263268754545E+01    0.579494881049769E+00
    0.672320000000000E+03    0.222754253218250E+01    0.580021678510166E+00
    0.672340000000000E+03    0.227074378710790E+01    0.580019462165108E+00
    0.678600000000000E+03    0.322779380137695E+01    0.580103199227005E+00
    0.678620000000000E+03    0.327099767694972E+01    0.580103658490613E+00
    0.684880000000000E+03    0.422770621588597E+01    0.580015084279126E+00
    0.684900000000000E+03    0.427090685161625E+01    0.580016691185075E+00
    0.691160000000000E+03    0.522187779248225E+01    0.579412835329003E+00
    0.691180000000000E+03    0.526505417559542E+01    0.579407657438436E+00
    0.697440000000000E+03    0.620910258721597E+01    0.578852159959100E+00
    0.697460000000000E+03    0.625225634116441E+01    0.578851415709316E+00
    0.703720000000000E+03    0.912381983062915E+00    0.579277349893144E+00
    0.703740000000000E+03    0.955553139995345E+00    0.579282821173616E+00
    0.710000000000000E+03    0.190522340737925E+01    0.579951354551451E+00
    0.710020000000000E+03    0.194842151952344E+01    0.579950711246069E+00
    0.716300000000000E+03    0.294770268371599E+01    0.580102263892408E+00
    0.716320000000000E+03    0.299090635986363E+01    0.580101149225513E+00
    0.722580000000000E+03    0.394828075253099E+01    0.580069298875566E+00
    0.722600000000000E+03    0.399148313914998E+01    0.580071906613820E+00
    0.728860000000000E+03    0.494448082376425E+01    0.579632649579736E+00
    0.728880000000000E+03    0.498766616086755E+01    0.579628971315595E+00
    0.735140000000000E+03    0.593329404716314E+01    0.578917233931404E+00
    0.735160000000000E+03    0.597645047402921E+01    0.578913936032639E+00
    0.741420000000000E+03    0.635839607234630E+00    0.579066027538832E+00
    0.741440000000000E+03    0.679002325624197E+00    0.579071025035390E+00
    0.747700000000000E+03    0.162646868093429E+01    0.579805463455408E+00
    0.747720000000000E+03    0.166966070342664E+01    0.579806721459753E+00
    0.754000000000000E+03    0.266735012539698E+01    0.580076403655052E+00
    0.754020000000000E+03    0.271055310836323E+01    0.580074028026427E+00
    0.760280000000000E+03    0.366807693068245E+01    0.580088841928391E+00
    0.760300000000000E+03    0.371128041583938E+01    0.580091347315819E+00
    0.766560000000000E+03    0.466592247901690E+01    0.579805790105159E+00
    0.766580000000000E+03    0.470911510030123E+01    0.579804169428408E+00
    0.772840000000000E+03    0.565687711077862E+01    0.579048458573288E+00
    0.772860000000000E+03    0.570004125940022E+01    0.579043604894346E+00
    0.779120000000000E+03    0.359963715248341E+00    0.578949031864005E+00
    0.779140000000000E+03    0.403121657988549E+00    0.578952339866054E+00
    0.785400000000000E+03    0.134911777390607E+01    0.579651559430559E+00
    0.785420000000000E+03    0.139230390525199E+01    0.579655192016644E+00
    0.791700000000000E+03    0.238882070953468E+01    0.580097297019885E+00
    0.791720000000000E+03    0.243202460517614E+01    0.580094717472819E+00
    0.797980000000000E+03    0.338981946724880E+01    0.580130464280473E+00
    0.798000000000000E+03    0.343302459293295E+01    0.580131858964221E+00
    0.804260000000000E+03    0.438956029116457E+01    0.579991054757032E+00
    0.804280000000000E+03    0.443275980523413E+01    0.579991619199626E+00
    0.810540000000000E+03    0.538287966823236E+01    0.579310884694178E+00
    0.810560000000000E+03    0.542605219434677E+01    0.579305428162532E+00
    0.816820000000000E+03    0.866587350815280E-01    0.578875676130192E+00
    0.816840000000000E+03    0.129813759379431E+00    0.578876502221959E+00
    0.823100000000000E+03    0.107422056203018E+01    0.579435276854189E+00
    0.823120000000000E+03    0.111739807340177E+01    0.579440369628969E+00
    0.829400000000000E+03    0.211192250438694E+01    0.580037684562254E+00
    0.829420000000000E+03    0.215512426272107E+01    0.580035975944080E+00
    0.835680000000000E+03    0.311218857520862E+01    0.580125556902469E+00
    0.835700000000000E+03    0.315539344700687E+01    0.580125305600737E+00
    0.841960000000000E+03    0.411279466502492E+01    0.580069912248130E+00
    0.841980000000000E+03    0.415599755224002E+01    0.580072059053609E+00
    0.848240000000000E+03    0.510815303421055E+01    0.579528901398345E+00
    0.848260000000000E+03    0.515133428182480E+01    0.579524248741935E+00
    0.854520000000000E+03    0.609605678103571E+01    0.578888503705814E+00
    0.854540000000000E+03    0.613921147960377E+01    0.578886684833695E+00
    0.860800000000000E+03    0.799042799626250E+00    0.579198570628852E+00
    0.860820000000000E+03    0.842210165394135E+00    0.579204036853620E+00
    0.867080000000000E+03    0.179117608248885E+01    0.579915263371167E+00
    0.867100000000000E+03    0.183437281197212E+01    0.579915465322235E+00
    0.873380000000000E+03    0.283328848908172E+01    0.580106284418326E+00
    0.873400000000000E+03    0.287649245759417E+01    0.580104532931488E+00
    0.879660000000000E+03    0.383417820053683E+01    0.580095893856664E+00
    0.879680000000000E+03    0.387738207699863E+01    0.580098565812892E+00
    0.885940000000000E+03    0.483125598883021E+01    0.579721892815808E+00
    0.885960000000000E+03    0.487444467112141E+01    0.579718820671045E+00
    0.892220000000000E+03    0.582086046669042E+01    0.578979974068745E+00
    0.892240000000000E+03    0.586401958653460E+01    0.578975837101229E+00
    0.898500000000000E+03    0.523483082384928E+00    0.579008598086911E+00
    0.898520000000000E+03    0.566643364877791E+00    0.579013082572425E+00
    0.904780000000000E+03    0.151341913716578E+01    0.579742940668521E+00
    0.904800000000000E+03    0.155660894685684E+01    0.579745354870778E+00
    0.911080000000000E+03    0.255382216640692E+01    0.580081708397042E+00
    0.911100000000000E+03    0.259702530273239E+01    0.580079102350512E+00
    0.917360000000000E+03    0.355465019154940E+01    0.580103682511143E+00
    0.917380000000000E+03    0.359785425455811E+01    0.580105806037062E+00
    0.923640000000000E+03    0.455325503731933E+01    0.579884397012717E+00
    0.923660000000000E+03    0.459645044174476E+01    0.579883764443178E+00
    0.929920000000000E+03    0.554492079097963E+01    0.579153957749071E+00
    0.929940000000000E+03    0.558808661589728E+01    0.579148614598348E+00
    0.936200000000000E+03    0.247673697001574E+00    0.578873368958081E+00
    0.936220000000000E+03    0.290828555885355E+00    0.578875813501258E+00
    0.942480000000000E+03    0.123569370043992E+01    0.579533328841732E+00
    0.942500000000000E+03    0.127887498226505E+01    0.579537624424530E+00
    0.948780000000000E+03    0.227415378705973E+01    0.580043052241645E+00
    0.948800000000000E+03    0.231735558811442E+01    0.580040717612266E+00
    0.955060000000000E+03    0.327451782697517E+01    0.580098974276651E+00
    0.955080000000000E+03    0.331772168401221E+01    0.580099723498805E+00
    0.961340000000000E+03    0.427426041958597E+01    0.579995887746738E+00
    0.961360000000000E+03    0.431746035528204E+01    0.579997221460235E+00
    0.967620000000000E+03    0.526808326930995E+01    0.579373729758122E+00
    0.967640000000000E+03    0.531125812209893E+01    0.579368454899091E+00
    0.973900000000000E+03    0.625506776708744E+01    0.578838273286667E+00
    0.973920000000000E+03    0.150356972944792E-01    0.578837958405492E+00
    0.980180000000000E+03    0.958462678775959E+00    0.579304548275784E+00
    0.980200000000000E+03    0.100163495258948E+01    0.579309933547168E+00
    0.986480000000000E+03    0.199479064166098E+01    0.579962758164954E+00
    0.986500000000000E+03    0.203798925000638E+01    0.579961742899355E+00
    0.992760000000000E+03    0.299423158751779E+01    0.580094691123023E+00
    0.992780000000000E+03    0.303743526836934E+01    0.580093765194263E+00
    0.999040000000000E+03    0.399471636380395E+01    0.580060068555991E+00
    0.999060000000000E+03    0.403791879239861E+01    0.580062572478182E+00
    0.100532000000000E+04    0.499056280448031E+01    0.579592875852103E+00
    0.100534000000000E+04    0.503374645206623E+01    0.579588890246090E+00
    0.101160000000000E+04    0.597904212135245E+01    0.578898031970209E+00
    0.101162000000000E+04    0.602219796917416E+01    0.578895096254050E+00
    0.101788000000000E+04    0.681696981122968E+00    0.579096999187437E+00
    0.101790000000000E+04    0.724860949651884E+00    0.579102164357193E+00
    0.102416000000000E+04    0.167269424024744E+01    0.579834080510917E+00
    0.102418000000000E+04    0.171588764155058E+01    0.579835090921078E+00
    0.103046000000000E+04    0.271392246894447E+01    0.580081557586870E+00
    0.103048000000000E+04    0.275712580058917E+01    0.580079337764014E+00
    0.103674000000000E+04    0.371469759190450E+01    0.580091753101540E+00
    0.103676000000000E+04    0.375790096634728E+01    0.580094311308647E+00
    0.104302000000000E+04    0.471217635543326E+01    0.579777843461606E+00
    0.104304000000000E+04    0.475536745456930E+01    0.579775933288677E+00
    0.104930000000000E+04    0.570247304328450E+01    0.579036847206154E+00
    0.104932000000000E+04    0.574563449155676E+01    0.579032057955905E+00
    0.105558000000000E+04    0.404929652546343E+00    0.578922676696092E+00
    0.105560000000000E+04    0.448086585859528E+00    0.578926342243565E+00
    0.106186000000000E+04    0.139381517020092E+01    0.579642783022445E+00
    0.106188000000000E+04    0.143700095824943E+01    0.579646102506302E+00
    0.106816000000000E+04    0.243325492541408E+01    0.580054702172816E+00
    0.106818000000000E+04    0.247645719899765E+01    0.580052092546308E+00
    0.107444000000000E+04    0.343378418627799E+01    0.580085656249117E+00
    0.107446000000000E+04    0.347698758349952E+01    0.580087230672020E+00
    0.108072000000000E+04    0.443276555092098E+01    0.579929159077608E+00
    0.108074000000000E+04    0.447596273387762E+01    0.579929449622157E+00
    0.108700000000000E+04    0.542518764896386E+01    0.579234463479947E+00
    0.108702000000000E+04    0.546835681487073E+01    0.579228953649211E+00
    0.109328000000000E+04    0.128203013217899E+00    0.578840109489561E+00
    0.109330000000000E+04    0.171356517509139E+00    0.578841385915860E+00
    0.109956000000000E+04    0.111541576377931E+01    0.579424407742117E+00
    0.109958000000000E+04    0.115859294882011E+01    0.579429346437687E+00
    0.110586000000000E+04    0.215284571269422E+01    0.580001749777382E+00
    0.110588000000000E+04    0.219604573493643E+01    0.579999842218344E+00
    0.111214000000000E+04    0.315270692907507E+01    0.580086814946742E+00
    0.111216000000000E+04    0.319591038106046E+01    0.580086884401274E+00
    0.111842000000000E+04    0.415385457444609E+01    0.580101920995591E+00
    0.111844000000000E+04    0.419705868372284E+01    0.580103897666028E+00
    0.112470000000000E+04    0.514949185020760E+01    0.579542522628322E+00
    0.112472000000000E+04    0.519267348494532E+01    0.579537633669177E+00
    0.113098000000000E+04    0.613802530923294E+01    0.578925026031940E+00
    0.113100000000000E+04    0.618118261642394E+01    0.578923662124548E+00
    0.113726000000000E+04    0.842144403995917E+00    0.579301304438966E+00
    0.113728000000000E+04    0.885316555860754E+00    0.579306760820240E+00
    0.114354000000000E+04    0.183546170591035E+01    0.580000206264244E+00
    0.114356000000000E+04    0.187866176253920E+01    0.580000083655087E+00
    0.114984000000000E+04    0.287865270048133E+01    0.580177978553726E+00
    0.114986000000000E+04    0.292185993691464E+01    0.580176500692182E+00
    0.115612000000000E+04    0.388110842767128E+01    0.580211118454863E+00
    0.115614000000000E+04    0.392431717321369E+01    0.580214210738469E+00
    0.116240000000000E+04    0.487948614047309E+01    0.579816744624742E+00
    0.116242000000000E+04    0.492267886632499E+01    0.579813513929471E+00
    0.116868000000000E+04    0.587047769327319E+01    0.579085922447206E+00
    0.116870000000000E+04    0.591364117813555E+01    0.579082151665080E+00
    0.117496000000000E+04    0.574795351942612E+00    0.579169578732955E+00
    0.117498000000000E+04    0.617962120435550E+00    0.579174352892381E+00
    0.118124000000000E+04    0.156685778235124E+01    0.579915968696433E+00
    0.118126000000000E+04    0.161005460040042E+01    0.579917966193046E+00
    0.118754000000000E+04    0.260936597537693E+01    0.580221147888891E+00
    0.118756000000000E+04    0.265257474872806E+01    0.580218632199598E+00
    0.119382000000000E+04    0.361195447921182E+01    0.580239501053266E+00
    0.119384000000000E+04    0.365516418014704E+01    0.580241822148867E+00
    0.120010000000000E+04    0.461212392079324E+01    0.579993604205518E+00
    0.120012000000000E+04    0.465532365490981E+01    0.579992481869080E+00
    0.120638000000000E+04    0.560510461758895E+01    0.579251785193264E+00
    0.120640000000000E+04    0.564827471646959E+01    0.579246594701250E+00
    0.121266000000000E+04    0.309635541513671E+00    0.579043912002704E+00
    0.121268000000000E+04    0.352797126484347E+00    0.579046832404430E+00
    0.121894000000000E+04    0.129957532749131E+01    0.579732048535701E+00
    0.121896000000000E+04    0.134276218471996E+01    0.579735701444787E+00
    0.122524000000000E+04    0.233994148391685E+01    0.580172337355817E+00
    0.122526000000000E+04    0.238314841841338E+01    0.580169818115027E+00
    0.123152000000000E+04    0.334194602913840E+01    0.580223695868646E+00
    0.123154000000000E+04    0.338515452101547E+01    0.580224918896622E+00
    0.123780000000000E+04    0.434285747543618E+01    0.580084910710750E+00
    0.123782000000000E+04    0.438606064291344E+01    0.580085767846140E+00
    0.124408000000000E+04    0.533753647553795E+01    0.579427905933732E+00
    0.124410000000000E+04    0.538071351514009E+01    0.579422444731090E+00
    0.125036000000000E+04    0.424891494144504E-01    0.578958396401099E+00
    0.125038000000000E+04    0.856474706702102E-01    0.578958785517436E+00
    0.125664000000000E+04    0.103090052839570E+01    0.579484483698185E+00
    0.125666000000000E+04    0.107408001009071E+01    0.579489718154777E+00
    0.126294000000000E+04    0.206926714570091E+01    0.580103381168091E+00
    0.126296000000000E+04    0.211247126220269E+01    0.580101915516963E+00
    0.126922000000000E+04    0.307042678993321E+01    0.580209170445460E+00
    0.126924000000000E+04    0.311363496702415E+01    0.580208660897432E+00
    0.127550000000000E+04    0.407217654674287E+01    0.580155645774103E+00
    0.127552000000000E+04    0.411538300027860E+01    0.580157914361322E+00
    0.128178000000000E+04    0.506894488952184E+01    0.579648101957092E+00
    0.128180000000000E+04    0.511213095150288E+01    0.579643641698141E+00
    0.128806000000000E+04    0.605842017521582E+01    0.578987923898745E+00
    0.128808000000000E+04    0.610157973391506E+01    0.578985741794994E+00
    0.129434000000000E+04    0.762691811070908E+00    0.579271218480520E+00
    0.129436000000000E+04    0.805862555540898E+00    0.579276580052389E+00
    0.130062000000000E+04    0.175579732030837E+01    0.579996224904617E+00
    0.130064000000000E+04    0.179899724199367E+01    0.579996699898468E+00
    0.130692000000000E+04    0.279893058509651E+01    0.580210395452632E+00
    0.130694000000000E+04    0.284213760990178E+01    0.580208630806268E+00
    0.131320000000000E+04    0.380079621960431E+01    0.580196068809685E+00
    0.131322000000000E+04    0.384400301095684E+01    0.580198669725665E+00
    0.131948000000000E+04    0.479891808486218E+01    0.579818953318163E+00
    0.131950000000000E+04    0.484211083251466E+01    0.579816359160475E+00
    0.132576000000000E+04    0.578981644511396E+01    0.579080526650543E+00
    0.132578000000000E+04    0.583297957265040E+01    0.579076188289009E+00
    0.133204000000000E+04    0.493422480764821E+00    0.579067475813184E+00
    0.133206000000000E+04    0.536585148566701E+00    0.579071818532120E+00
    0.133832000000000E+04    0.148415756904387E+01    0.579804284503751E+00
    0.133834000000000E+04    0.152734969586481E+01    0.579806826135150E+00
    0.134462000000000E+04    0.252541820284205E+01    0.580162476505448E+00
    0.134464000000000E+04    0.256862487840363E+01    0.580159892151499E+00
    0.135090000000000E+04    0.352730005975718E+01    0.580178413635537E+00
    0.135092000000000E+04    0.357050722355871E+01    0.580180409042907E+00
    0.135718000000000E+04    0.452703012332859E+01    0.579977234374190E+00
    0.135720000000000E+04    0.457022921533144E+01    0.579976807549321E+00
    0.136346000000000E+04    0.551992492801674E+01    0.579255966958769E+00
    0.136348000000000E+04    0.556309517594855E+01    0.579250571879053E+00
    0.136974000000000E+04    0.223898131619080E+00    0.578954058412124E+00
    0.136976000000000E+04    0.267056261609014E+00    0.578956203105627E+00
    0.137602000000000E+04    0.121283274435837E+01    0.579597788810740E+00
    0.137604000000000E+04    0.125601677154418E+01    0.579602273012691E+00
    0.138232000000000E+04    0.225222138814024E+01    0.580122336898007E+00
    0.138234000000000E+04    0.229542628139052E+01    0.580120030113075E+00
    0.138860000000000E+04    0.325355455848330E+01    0.580180808444054E+00
    0.138862000000000E+04    0.329676178802811E+01    0.580181399750410E+00
    0.139488000000000E+04    0.425444989881635E+01    0.580087991565391E+00
    0.139490000000000E+04    0.429765346525619E+01    0.580089455142717E+00
