    0.000000000000000E+00    0.190000000000000E+01    0.610000000000000E+00
    0.200000000000000E-01    0.194439998831007E+01    0.609999398551167E+00
    0.630000000000000E+01    0.332071038790632E+01    0.610058617086727E+00
    0.632000000000000E+01    0.336511259682704E+01    0.610059611367793E+00
    0.125800000000000E+02    0.469636520859926E+01    0.609901595462606E+00
    0.126000000000000E+02    0.474076193831512E+01    0.609899796392678E+00
    0.188600000000000E+02    0.606555332470757E+01    0.609184095845363E+00
    0.188800000000000E+02    0.610992092224866E+01    0.609181903906552E+00
    0.251400000000000E+02    0.114945822897493E+01    0.609646703417120E+00
    0.251600000000000E+02    0.119384410214297E+01    0.609651488672739E+00
    0.314200000000000E+02    0.252318586299609E+01    0.610070643588878E+00
    0.314400000000000E+02    0.256758872803590E+01    0.610068030179949E+00
    0.377000000000000E+02    0.390032316367657E+01    0.610063492710710E+00
    0.377200000000000E+02    0.394473091564871E+01    0.610065240086325E+00
    0.440000000000000E+02    0.531903954770360E+01    0.609655589441169E+00
    0.440200000000000E+02    0.536342569023550E+01    0.609650221212084E+00
    0.502800000000000E+02    0.403816602986737E+00    0.609323817221589E+00
    0.503000000000000E+02    0.448189549464885E+00    0.609327544846257E+00
    0.565600000000000E+02    0.177479661531100E+01    0.610059799475186E+00
    0.565800000000000E+02    0.181919901439998E+01    0.610060237249437E+00
    0.628400000000000E+02    0.315209326436579E+01    0.610166565892525E+00
    0.628600000000000E+02    0.319649998930146E+01    0.610166721790541E+00
    0.691200000000000E+02    0.452957450672744E+01    0.610071094632335E+00
    0.691400000000000E+02    0.457397742526319E+01    0.610070563055676E+00
    0.754000000000000E+02    0.590064109867345E+01    0.609326718492908E+00
    0.754200000000000E+02    0.594501390757387E+01    0.609323228176066E+00
    0.817000000000000E+02    0.102980570787520E+01    0.609664493638746E+00
    0.817200000000000E+02    0.107419245159625E+01    0.609669769174122E+00
    0.879800000000000E+02    0.240418924124140E+01    0.610175436412657E+00
    0.880000000000000E+02    0.244859621705635E+01    0.610172832108403E+00
    0.942600000000000E+02    0.378246666914185E+01    0.610181128665361E+00
    0.942800000000000E+02    0.382687380472174E+01    0.610183766042255E+00
    0.100540000000000E+03    0.515750783996614E+01    0.609758043529281E+00
    0.100560000000000E+03    0.520189807991244E+01    0.609753149033440E+00
    0.106820000000000E+03    0.242748397817024E+00    0.609285895746508E+00
    0.106840000000000E+03    0.287119798291286E+00    0.609288217447671E+00
    0.113100000000000E+03    0.161313065797509E+01    0.610007841345843E+00
    0.113120000000000E+03    0.165753177036643E+01    0.610009431982845E+00
    0.119400000000000E+03    0.303487246097205E+01    0.610175851520270E+00
    0.119420000000000E+03    0.307928132865811E+01    0.610175556410710E+00
    0.125680000000000E+03    0.441302061725355E+01    0.610143572351655E+00
    0.125700000000000E+03    0.445742666282217E+01    0.610144017423721E+00
    0.131960000000000E+03    0.578532886542342E+01    0.609416468863913E+00
    0.131980000000000E+03    0.582970574827164E+01    0.609411924201175E+00
    0.138240000000000E+03    0.870267289958861E+00    0.609601316558677E+00
    0.138260000000000E+03    0.914650961533368E+00    0.609606917369628E+00
    0.144520000000000E+03    0.224429346297887E+01    0.610198711071331E+00
    0.144540000000000E+03    0.228870174758129E+01    0.610196389808436E+00
    0.150800000000000E+03    0.362288337067787E+01    0.610203524184389E+00
    0.150820000000000E+03    0.366729147485461E+01    0.610205896571720E+00
    0.157080000000000E+03    0.499888768717403E+01    0.609869873853977E+00
    0.157100000000000E+03    0.504328247127933E+01    0.609865727993691E+00
    0.163380000000000E+03    0.129366452022964E+00    0.609290204827776E+00
    0.163400000000000E+03    0.173737988661060E+00    0.609291316169590E+00
    0.169660000000000E+03    0.149930694742852E+01    0.609969027405229E+00
    0.169680000000000E+03    0.154370584393922E+01    0.609971695118343E+00
    0.175940000000000E+03    0.287609833021878E+01    0.610197568002297E+00
    0.175960000000000E+03    0.292050597290984E+01    0.610196068142513E+00
    0.182220000000000E+03    0.425429715273782E+01    0.610161309089990E+00
    0.182240000000000E+03    0.429870336483589E+01    0.610162664674339E+00
    0.188500000000000E+03    0.562710126996427E+01    0.609483423681015E+00
    0.188520000000000E+03    0.567148053238935E+01    0.609478336272547E+00
    0.194780000000000E+03    0.711896223282224E+00    0.609507466481659E+00
    0.194800000000000E+03    0.756276590316077E+00    0.609512737810764E+00
    0.201080000000000E+03    0.212945414378345E+01    0.610171177767366E+00
    0.201100000000000E+03    0.217386152930789E+01    0.610169259103595E+00
    0.207360000000000E+03    0.350772107167711E+01    0.610192864464225E+00
    0.207380000000000E+03    0.355212877022853E+01    0.610194774746650E+00
    0.213640000000000E+03    0.488422244096307E+01    0.609934886340280E+00
    0.213660000000000E+03    0.492862007515021E+01    0.609931677070198E+00
    0.219920000000000E+03    0.625375426260518E+01    0.609277904972509E+00
    0.219940000000000E+03    0.149398822939020E-01    0.609277574810366E+00
    0.226200000000000E+03    0.133985009412658E+01    0.609889119723008E+00
    0.226220000000000E+03    0.138424551912567E+01    0.609892773366595E+00
    0.232480000000000E+03    0.271588102492171E+01    0.610185374708201E+00
    0.232500000000000E+03    0.276028830235975E+01    0.610183211269304E+00
    0.238780000000000E+03    0.413859103356856E+01    0.610183476516713E+00
    0.238800000000000E+03    0.418299857941463E+01    0.610185571095488E+00
    0.245060000000000E+03    0.551215651845632E+01    0.609552010618451E+00
    0.245080000000000E+03    0.555653834957923E+01    0.609546571731931E+00
    0.251340000000000E+03    0.596850978291855E+00    0.609428150929245E+00
    0.251360000000000E+03    0.641227818897733E+00    0.609433193661920E+00
    0.257620000000000E+03    0.196920941427334E+01    0.610144209679251E+00
    0.257640000000000E+03    0.201361553829827E+01    0.610143200013994E+00
    0.263900000000000E+03    0.334722289942863E+01    0.610186283389007E+00
    0.263920000000000E+03    0.339163011001449E+01    0.610187470503248E+00
    0.270180000000000E+03    0.472423593351448E+01    0.610011029704054E+00
    0.270200000000000E+03    0.476863644913828E+01    0.610008911020200E+00
    0.276480000000000E+03    0.613895759499019E+01    0.609293538881818E+00
    0.276500000000000E+03    0.618332925903576E+01    0.609291868601079E+00
    0.282760000000000E+03    0.122462178460967E+01    0.609816154346853E+00
    0.282780000000000E+03    0.126901468239339E+01    0.609820649657091E+00
    0.289040000000000E+03    0.260035428121728E+01    0.610202311278104E+00
    0.289060000000000E+03    0.264476252961185E+01    0.610199694767777E+00
    0.295320000000000E+03    0.397895584408900E+01    0.610208549888236E+00
    0.295340000000000E+03    0.402336423512565E+01    0.610211073419726E+00
    0.301600000000000E+03    0.535342822590962E+01    0.609654944564057E+00
    0.301620000000000E+03    0.539781437377769E+01    0.609649500123283E+00
    0.307880000000000E+03    0.438402187379097E+00    0.609373116382309E+00
    0.307900000000000E+03    0.482776466027190E+00    0.609377007710631E+00
    0.314160000000000E+03    0.180996620581618E+01    0.610109894868894E+00
    0.314180000000000E+03    0.185437069513716E+01    0.610109954947392E+00
    0.320460000000000E+03    0.323214431954568E+01    0.610186245155088E+00
    0.320480000000000E+03    0.327655162517283E+01    0.610186715389183E+00
    0.326740000000000E+03    0.460950001064271E+01    0.610067611989783E+00
    0.326760000000000E+03    0.465390270085265E+01    0.610066556401259E+00
    0.333020000000000E+03    0.598048791352210E+01    0.609327228928876E+00
    0.333040000000000E+03    0.602486090243929E+01    0.609324255156595E+00
    0.339300000000000E+03    0.106573562935444E+01    0.609716850930963E+00
    0.339320000000000E+03    0.111012536426369E+01    0.609721903859303E+00
    0.345580000000000E+03    0.244084840407572E+01    0.610202133822039E+00
    0.345600000000000E+03    0.248525730032190E+01    0.610199501490623E+00
    0.351860000000000E+03    0.381947971787918E+01    0.610202615733921E+00
    0.351880000000000E+03    0.386388777850993E+01    0.610205271787460E+00
    0.358160000000000E+03    0.523825355809322E+01    0.609708080016867E+00
    0.358180000000000E+03    0.528263914564855E+01    0.609701028269619E+00
    0.364440000000000E+03    0.322697008484283E+00    0.609255232542973E+00
    0.364460000000000E+03    0.367067180858044E+00    0.609258145089171E+00
    0.370720000000000E+03    0.169272589009358E+01    0.609988513449956E+00
    0.370740000000000E+03    0.173712546631623E+01    0.609989620537558E+00
    0.377000000000000E+03    0.306925501532862E+01    0.610121605901188E+00
    0.377020000000000E+03    0.311365983674875E+01    0.610121157086303E+00
    0.383280000000000E+03    0.444628874592422E+01    0.610053743063182E+00
    0.383300000000000E+03    0.449069096032838E+01    0.610053856961260E+00
    0.389560000000000E+03    0.581725309937326E+01    0.609313678998706E+00
    0.389580000000000E+03    0.586162564354890E+01    0.609309589380033E+00
    0.395860000000000E+03    0.945716722886004E+00    0.609567616057034E+00
    0.395880000000000E+03    0.990099169109953E+00    0.609573031384435E+00
    0.402140000000000E+03    0.231891206932562E+01    0.610109559432070E+00
    0.402160000000000E+03    0.236331617809526E+01    0.610107017533947E+00
    0.408420000000000E+03    0.369639107854994E+01    0.610128522547533E+00
    0.408440000000000E+03    0.374079615542757E+01    0.610131056096562E+00
    0.414700000000000E+03    0.507120133959768E+01    0.609754215294373E+00
    0.414720000000000E+03    0.511559159096464E+01    0.609749731857567E+00
    0.420980000000000E+03    0.156232982410756E+00    0.609223961488446E+00
    0.421000000000000E+03    0.200602201285960E+00    0.609225585180948E+00
    0.427260000000000E+03    0.152565498843228E+01    0.609927465027709E+00
    0.427280000000000E+03    0.157005227181628E+01    0.609929810526885E+00
    0.433540000000000E+03    0.290176591336171E+01    0.610125941245672E+00
    0.433560000000000E+03    0.294617081773106E+01    0.610124618195123E+00
    0.439840000000000E+03    0.432349906403169E+01    0.610094625422491E+00
    0.439860000000000E+03    0.436790302659722E+01    0.610095690236026E+00
    0.446120000000000E+03    0.569535093042714E+01    0.609394543163501E+00
    0.446140000000000E+03    0.573972662908341E+01    0.609389664998810E+00
    0.452400000000000E+03    0.779397250109355E+00    0.609474070437386E+00
    0.452420000000000E+03    0.823776166123935E+00    0.609479434377706E+00
    0.458680000000000E+03    0.215105467721253E+01    0.610082273411380E+00
    0.458700000000000E+03    0.219545454504373E+01    0.610077676472401E+00
    0.464960000000000E+03    0.352732797130761E+01    0.610034132295104E+00
    0.464980000000000E+03    0.357172922151040E+01    0.610036191183493E+00
    0.471240000000000E+03    0.490163344652387E+01    0.609754315137001E+00
    0.471260000000000E+03    0.494602360057297E+01    0.609750831355412E+00
    0.477540000000000E+03    0.302585268316307E-01    0.609109031281383E+00
    0.477560000000000E+03    0.746228816326493E-01    0.609109109245752E+00
    0.483820000000000E+03    0.139768340894580E+01    0.609747642064539E+00
    0.483840000000000E+03    0.144207348252894E+01    0.609751069529116E+00
    0.490100000000000E+03    0.277196246362473E+01    0.610028543058066E+00
    0.490120000000000E+03    0.281636362887093E+01    0.610026559178216E+00
    0.496380000000000E+03    0.414828607559821E+01    0.610018875137625E+00
    0.496400000000000E+03    0.419268672658632E+01    0.610020813815172E+00
    0.502660000000000E+03    0.551966435092390E+01    0.609379965957101E+00
    0.502680000000000E+03    0.556403957982479E+01    0.609374588049898E+00
    0.508940000000000E+03    0.603174506534742E+00    0.609321560624399E+00
    0.508960000000000E+03    0.647549512287242E+00    0.609328559896615E+00
    0.515240000000000E+03    0.201896923139338E+01    0.610059361541720E+00
    0.515260000000000E+03    0.206337163822718E+01    0.610058153135421E+00
    0.521520000000000E+03    0.339599547222520E+01    0.610106777797035E+00
    0.521540000000000E+03    0.344039955478092E+01    0.610108267948251E+00
    0.527800000000000E+03    0.477177927978641E+01    0.609902142608732E+00
    0.527820000000000E+03    0.481617532652285E+01    0.609899758491426E+00
    0.534080000000000E+03    0.614078893806050E+01    0.609193148481713E+00
    0.534100000000000E+03    0.618515669073554E+01    0.609191677870512E+00
    0.540360000000000E+03    0.122563532755498E+01    0.609688557050739E+00
    0.540380000000000E+03    0.127002880146665E+01    0.609691941624577E+00
    0.546640000000000E+03    0.260128900119798E+01    0.610198331988220E+00
    0.546660000000000E+03    0.264569692830401E+01    0.610195866771781E+00
    0.552940000000000E+03    0.402418822234972E+01    0.610196471000249E+00
    0.552960000000000E+03    0.406859618065641E+01    0.610198930087547E+00
    0.559220000000000E+03    0.539842511586971E+01    0.609630895933299E+00
    0.559240000000000E+03    0.544281020483572E+01    0.609625406305917E+00
    0.565500000000000E+03    0.483403301981070E+00    0.609384697460985E+00
    0.565520000000000E+03    0.527778659639353E+00    0.609388807070286E+00
    0.571780000000000E+03    0.185525993586975E+01    0.610118865870634E+00
    0.571800000000000E+03    0.189966503240089E+01    0.610118686494416E+00
    0.578060000000000E+03    0.323310254230114E+01    0.610188437214573E+00
    0.578080000000000E+03    0.327750997025692E+01    0.610188976049615E+00
    0.584340000000000E+03    0.461052021069418E+01    0.610064043575728E+00
    0.584360000000000E+03    0.465492290811289E+01    0.610062834171386E+00
    0.590620000000000E+03    0.598151153004869E+01    0.609330561675867E+00
    0.590640000000000E+03    0.602588470336809E+01    0.609327754896958E+00
    0.596920000000000E+03    0.111124183082302E+01    0.609739377029318E+00
    0.596940000000000E+03    0.115563133324872E+01    0.609744363915720E+00
    0.603200000000000E+03    0.248628784742596E+01    0.610195851458905E+00
    0.603220000000000E+03    0.253069572503023E+01    0.610193208998078E+00
    0.609480000000000E+03    0.386488842145764E+01    0.610206508039502E+00
    0.609500000000000E+03    0.390929672420748E+01    0.610209172661171E+00
    0.615760000000000E+03    0.523991110746510E+01    0.609727200749069E+00
    0.615780000000000E+03    0.528430024460613E+01    0.609721981370557E+00
    0.622040000000000E+03    0.325278555021441E+00    0.609339072267087E+00
    0.622060000000000E+03    0.369652042180633E+00    0.609342119871656E+00
    0.628320000000000E+03    0.169631014420065E+01    0.610077213480801E+00
    0.628340000000000E+03    0.174071326195462E+01    0.610078164208213E+00
    0.634620000000000E+03    0.311830838734431E+01    0.610199678262330E+00
    0.634640000000000E+03    0.316271632602025E+01    0.610199447209113E+00
    0.640900000000000E+03    0.449625019853147E+01    0.610121287157819E+00
    0.640920000000000E+03    0.454065504484811E+01    0.610121126025730E+00
    0.647180000000000E+03    0.586803162323918E+01    0.609380368303985E+00
    0.647200000000000E+03    0.591240667755733E+01    0.609376526993743E+00
    0.653460000000000E+03    0.953129794191454E+00    0.609654462081215E+00
    0.653480000000000E+03    0.997516069255880E+00    0.609659864129847E+00
    0.659740000000000E+03    0.232755967708090E+01    0.610203216927472E+00
    0.659760000000000E+03    0.237196793067301E+01    0.610200704111631E+00
    0.666020000000000E+03    0.370625767616207E+01    0.610206208231162E+00
    0.666040000000000E+03    0.375066596512511E+01    0.610208770360838E+00
    0.672320000000000E+03    0.512636903523594E+01    0.609816451552394E+00
    0.672340000000000E+03    0.517076175318562E+01    0.609811756812773E+00
    0.678600000000000E+03    0.212066887562059E+00    0.609301895774194E+00
    0.678620000000000E+03    0.256438766628662E+00    0.609303775663039E+00
    0.684880000000000E+03    0.158238739510307E+01    0.610013172865951E+00
    0.684900000000000E+03    0.162678801868128E+01    0.610015171066572E+00
    0.691160000000000E+03    0.295948004394086E+01    0.610193256723483E+00
    0.691180000000000E+03    0.300388774715452E+01    0.610192173947535E+00
    0.697440000000000E+03    0.433763788115107E+01    0.610152107685233E+00
    0.697460000000000E+03    0.438204399854931E+01    0.610152994918827E+00
    0.703720000000000E+03    0.571007621574313E+01    0.609436450342144E+00
    0.703740000000000E+03    0.575445370011585E+01    0.609431735611273E+00
    0.710000000000000E+03    0.794943689936417E+00    0.609561033951781E+00
    0.710020000000000E+03    0.839326105583496E+00    0.609566476102554E+00
    0.716300000000000E+03    0.221302929870967E+01    0.610191175867116E+00
    0.716320000000000E+03    0.225743707782135E+01    0.610189031808911E+00
    0.722580000000000E+03    0.359162055764818E+01    0.610206528744406E+00
    0.722600000000000E+03    0.363602885512546E+01    0.610208769972113E+00
    0.728860000000000E+03    0.496799180050084E+01    0.609908931281619E+00
    0.728880000000000E+03    0.501238812089696E+01    0.609905091097407E+00
    0.735140000000000E+03    0.543287129219152E-01    0.609294694188036E+00
    0.735160000000000E+03    0.987004342525779E-01    0.609295188674186E+00
    0.741420000000000E+03    0.142420382500973E+01    0.609953854666453E+00
    0.741440000000000E+03    0.146860204209634E+01    0.609956980724627E+00
    0.747700000000000E+03    0.280093391447645E+01    0.610207980842521E+00
    0.747720000000000E+03    0.284534207821866E+01    0.610206182801769E+00
    0.754000000000000E+03    0.422320012853106E+01    0.610248088840288E+00
    0.754020000000000E+03    0.426760401700903E+01    0.610249327171927E+00
    0.760280000000000E+03    0.559518941701708E+01    0.609422558848647E+00
    0.760300000000000E+03    0.563956621568263E+01    0.609417299676474E+00
    0.766560000000000E+03    0.678887726795892E+00    0.609395366809764E+00
    0.766580000000000E+03    0.723263363065143E+00    0.609400479140772E+00
    0.772840000000000E+03    0.205047465450571E+01    0.610065745069089E+00
    0.772860000000000E+03    0.209487655000498E+01    0.610064335229779E+00
    0.779120000000000E+03    0.342698629410256E+01    0.610085678837756E+00
    0.779140000000000E+03    0.347138891328927E+01    0.610087357971105E+00
    0.785400000000000E+03    0.480202008565993E+01    0.609837402785644E+00
    0.785420000000000E+03    0.484641297641929E+01    0.609834243765858E+00
    0.791700000000000E+03    0.621454818680832E+01    0.609142299514175E+00
    0.791720000000000E+03    0.625891387826960E+01    0.609141435733562E+00
    0.797980000000000E+03    0.129867597249722E+01    0.609715706437965E+00
    0.798000000000000E+03    0.134306442460729E+01    0.609719711888708E+00
    0.804260000000000E+03    0.267265439693824E+01    0.610053108257706E+00
    0.804280000000000E+03    0.271705527191989E+01    0.610050877798663E+00
    0.810540000000000E+03    0.404904483446444E+01    0.610038879201374E+00
    0.810560000000000E+03    0.409344605069600E+01    0.610041247452585E+00
    0.816820000000000E+03    0.542115328933937E+01    0.609456273719082E+00
    0.816840000000000E+03    0.546553166975605E+01    0.609450792323935E+00
    0.823100000000000E+03    0.504172045416453E+00    0.609247373060043E+00
    0.823120000000000E+03    0.548541840691996E+00    0.609251748467601E+00
    0.829400000000000E+03    0.191867754247255E+01    0.609977586770060E+00
    0.829420000000000E+03    0.196307687590661E+01    0.609977077143735E+00
    0.835680000000000E+03    0.329479823627253E+01    0.610043801031344E+00
    0.835700000000000E+03    0.333919996119971E+01    0.610044630836587E+00
    0.841960000000000E+03    0.467026096651489E+01    0.609899330114205E+00
    0.841980000000000E+03    0.471465692227162E+01    0.609897770563125E+00
    0.848240000000000E+03    0.603910537588831E+01    0.609164835492547E+00
    0.848260000000000E+03    0.608347190847439E+01    0.609162388015989E+00
    0.854520000000000E+03    0.112264127490971E+01    0.609614474411300E+00
    0.854540000000000E+03    0.116702556988116E+01    0.609619335858195E+00
    0.860800000000000E+03    0.249584951330030E+01    0.610048447797286E+00
    0.860820000000000E+03    0.254025128398325E+01    0.610045797661602E+00
    0.867080000000000E+03    0.387251527459034E+01    0.610051593428782E+00
    0.867100000000000E+03    0.391691794769235E+01    0.610054262327391E+00
    0.873380000000000E+03    0.528996864008968E+01    0.609552360067293E+00
    0.873400000000000E+03    0.533435076528576E+01    0.609546946754111E+00
    0.879660000000000E+03    0.372812535024650E+00    0.609260142614415E+00
    0.879680000000000E+03    0.417177625346767E+00    0.609263531870124E+00
    0.885940000000000E+03    0.174082972035080E+01    0.609827306961135E+00
    0.885960000000000E+03    0.178522279150320E+01    0.609827874170685E+00
    0.892220000000000E+03    0.311524881395417E+01    0.609942922711185E+00
    0.892240000000000E+03    0.315964626049072E+01    0.609942847059945E+00
    0.898500000000000E+03    0.448977694909763E+01    0.609848626570722E+00
    0.898520000000000E+03    0.453417067760392E+01    0.609848322342468E+00
    0.904780000000000E+03    0.585808748707313E+01    0.609115736675276E+00
    0.904800000000000E+03    0.590245208553984E+01    0.609111953307716E+00
    0.911080000000000E+03    0.984338720000551E+00    0.609403218535888E+00
    0.911100000000000E+03    0.102871483532817E+01    0.609408580974092E+00
    0.917360000000000E+03    0.235546378239655E+01    0.609934248620854E+00
    0.917380000000000E+03    0.239986111489657E+01    0.609931646142023E+00
    0.923640000000000E+03    0.373080361139137E+01    0.609952546007005E+00
    0.923660000000000E+03    0.377520227412924E+01    0.609955142003288E+00
    0.929920000000000E+03    0.510346877529537E+01    0.609563272672001E+00
    0.929940000000000E+03    0.514785147900102E+01    0.609558598076729E+00
    0.936200000000000E+03    0.185966488062149E+00    0.609044423173201E+00
    0.936220000000000E+03    0.230328009911773E+00    0.609046209424245E+00
    0.942480000000000E+03    0.155305464967023E+01    0.609757467144961E+00
    0.942500000000000E+03    0.159744511362896E+01    0.609759557396164E+00
    0.948780000000000E+03    0.297139406843235E+01    0.609947151366996E+00
    0.948800000000000E+03    0.301579193519910E+01    0.609946081716578E+00
    0.955060000000000E+03    0.434642195503147E+01    0.609904134126106E+00
    0.955080000000000E+03    0.439081792135721E+01    0.609904990270749E+00
    0.961340000000000E+03    0.571532054912814E+01    0.609163101234599E+00
    0.961360000000000E+03    0.575968687338946E+01    0.609158335744514E+00
    0.967620000000000E+03    0.796589647302881E+00    0.609270611999560E+00
    0.967640000000000E+03    0.840960579341299E+00    0.609276018048051E+00
    0.973900000000000E+03    0.216653757192398E+01    0.609899460622524E+00
    0.973920000000000E+03    0.221093351844138E+01    0.609897354695005E+00
    0.980180000000000E+03    0.354143875642012E+01    0.609924685317474E+00
    0.980200000000000E+03    0.358583563065622E+01    0.609926848754328E+00
    0.986480000000000E+03    0.495868668450930E+01    0.609629272006787E+00
    0.986500000000000E+03    0.500307190951662E+01    0.609625590380805E+00
    0.992760000000000E+03    0.414395798516125E-01    0.608997993876588E+00
    0.992780000000000E+03    0.857994366433559E-01    0.608998201180169E+00
    0.999040000000000E+03    0.140747977243063E+01    0.609642153259674E+00
    0.999060000000000E+03    0.145186580149675E+01    0.609645479019036E+00
    0.100532000000000E+04    0.278044469596443E+01    0.609918742340018E+00
    0.100534000000000E+04    0.282484135014920E+01    0.609916794833503E+00
    0.101160000000000E+04    0.415534955423982E+01    0.609906188522419E+00
    0.101162000000000E+04    0.419974587662728E+01    0.609908110087415E+00
    0.101788000000000E+04    0.552526759273906E+01    0.609263341705459E+00
    0.101790000000000E+04    0.556963690745761E+01    0.609258112501064E+00
    0.102416000000000E+04    0.606258499348769E+00    0.609155379351753E+00
    0.102418000000000E+04    0.650624543027334E+00    0.609160274613137E+00
    0.103046000000000E+04    0.201947112138078E+01    0.609857396987219E+00
    0.103048000000000E+04    0.206386549242916E+01    0.609856191909701E+00
    0.103674000000000E+04    0.339385103033510E+01    0.609896082225841E+00
    0.103676000000000E+04    0.343824665841612E+01    0.609897463760912E+00
    0.104302000000000E+04    0.476702207126937E+01    0.609696904634039E+00
    0.104304000000000E+04    0.481140990217409E+01    0.609694534652319E+00
    0.104930000000000E+04    0.613346051747976E+01    0.608991814641385E+00
    0.104932000000000E+04    0.617782034118363E+01    0.608990402331089E+00
    0.105558000000000E+04    0.121565201117573E+01    0.609521011601879E+00
    0.105560000000000E+04    0.126003455286900E+01    0.609525173401527E+00
    0.106186000000000E+04    0.258801078934948E+01    0.609931669035428E+00
    0.106188000000000E+04    0.263240846487406E+01    0.609929222669778E+00
    0.106816000000000E+04    0.400763530861741E+01    0.609930588502725E+00
    0.106818000000000E+04    0.405203257678340E+01    0.609933094959110E+00
    0.107444000000000E+04    0.537865730209887E+01    0.609380454053650E+00
    0.107446000000000E+04    0.542303241959371E+01    0.609374977105950E+00
    0.108072000000000E+04    0.460390531315170E+00    0.609112688081265E+00
    0.108074000000000E+04    0.504755017789648E+00    0.609116708568760E+00
    0.108700000000000E+04    0.182869781396766E+01    0.609839422688826E+00
    0.108702000000000E+04    0.187309173680296E+01    0.609839301658540E+00
    0.109328000000000E+04    0.320326379181415E+01    0.609937145215600E+00
    0.109330000000000E+04    0.324766105771096E+01    0.609937487583559E+00
    0.109956000000000E+04    0.457760150793365E+01    0.609813098516383E+00
    0.109958000000000E+04    0.462199413107328E+01    0.609812123302006E+00
    0.110586000000000E+04    0.598981356359354E+01    0.609074006297052E+00
    0.110588000000000E+04    0.603417636080940E+01    0.609071009936171E+00
    0.111214000000000E+04    0.107178607232618E+01    0.609462282693022E+00
    0.111216000000000E+04    0.111616467404292E+01    0.609467441178384E+00
    0.111842000000000E+04    0.244346250350327E+01    0.609943494659119E+00
    0.111844000000000E+04    0.248786018025294E+01    0.609940856021581E+00
    0.112470000000000E+04    0.381884037622149E+01    0.609950124993063E+00
    0.112472000000000E+04    0.386323832137168E+01    0.609952806562342E+00
    0.113098000000000E+04    0.519081226561366E+01    0.609492182625502E+00
    0.113100000000000E+04    0.523519220753087E+01    0.609487085281797E+00
    0.113726000000000E+04    0.273086918693934E+00    0.609067471684840E+00
    0.113728000000000E+04    0.317449658197347E+00    0.609070098040834E+00
    0.114354000000000E+04    0.164069849293492E+01    0.609799222495268E+00
    0.114356000000000E+04    0.168509056568882E+01    0.609800553477251E+00
    0.114984000000000E+04    0.305924653395823E+01    0.609939482803714E+00
    0.114986000000000E+04    0.310364410090233E+01    0.609938909050152E+00
    0.115612000000000E+04    0.443401770543915E+01    0.609877967447524E+00
    0.115614000000000E+04    0.447841297344348E+01    0.609878239414463E+00
    0.116240000000000E+04    0.580292281761422E+01    0.609146399371826E+00
    0.116242000000000E+04    0.584728896715524E+01    0.609141984805872E+00
    0.116868000000000E+04    0.884670425252352E+00    0.609354220991589E+00
    0.116870000000000E+04    0.929044777894887E+00    0.609359690724785E+00
    0.117496000000000E+04    0.225546818438943E+01    0.609934628197498E+00
    0.117498000000000E+04    0.229986542514234E+01    0.609932272254638E+00
    0.118124000000000E+04    0.363066189360961E+01    0.609943626847056E+00
    0.118126000000000E+04    0.367505948608732E+01    0.609946150123697E+00
    0.118754000000000E+04    0.504781374973163E+01    0.609600917024407E+00
    0.118756000000000E+04    0.509219785695495E+01    0.609596450127997E+00
    0.119382000000000E+04    0.130519534131054E+00    0.609028775950674E+00
    0.119384000000000E+04    0.174880643854522E+00    0.609029885711277E+00
    0.120010000000000E+04    0.149726995111951E+01    0.609710048099204E+00
    0.120012000000000E+04    0.154165866345465E+01    0.609712618507096E+00
    0.120638000000000E+04    0.287085219783603E+01    0.609942983327488E+00
    0.120640000000000E+04    0.291524981818247E+01    0.609941457379477E+00
    0.121266000000000E+04    0.424590846006049E+01    0.609913189881668E+00
    0.121268000000000E+04    0.429030504309958E+01    0.609914625966480E+00
    0.121894000000000E+04    0.561588316867301E+01    0.609217848826031E+00
    0.121896000000000E+04    0.566025446690719E+01    0.609212914314188E+00
    0.122524000000000E+04    0.742371907457255E+00    0.609285497774500E+00
    0.122526000000000E+04    0.786743459296758E+00    0.609290805482003E+00
    0.123152000000000E+04    0.211264618627729E+01    0.609940773780381E+00
    0.123154000000000E+04    0.215704395357125E+01    0.609939052191666E+00
    0.123780000000000E+04    0.348813591567932E+01    0.609970939848780E+00
    0.123782000000000E+04    0.353253475920064E+01    0.609972786295656E+00
    0.124408000000000E+04    0.486194505904405E+01    0.609726045808651E+00
    0.124410000000000E+04    0.490633407118094E+01    0.609722922486964E+00
    0.125036000000000E+04    0.622889885973564E+01    0.609057776464128E+00
    0.125038000000000E+04    0.627326122186878E+01    0.609057300088073E+00
    0.125664000000000E+04    0.131215036148205E+01    0.609654411062331E+00
    0.125666000000000E+04    0.135653644450213E+01    0.609658219007210E+00
    0.126294000000000E+04    0.272971860932739E+01    0.609968382798030E+00
    0.126296000000000E+04    0.277411715845756E+01    0.609966192094183E+00
    0.126922000000000E+04    0.410532771372436E+01    0.609968442994627E+00
    0.126924000000000E+04    0.414972668900282E+01    0.609970640502551E+00
    0.127550000000000E+04    0.547634034873136E+01    0.609352934129585E+00
    0.127552000000000E+04    0.552071439250085E+01    0.609347464712075E+00
    0.128178000000000E+04    0.558340379574929E+00    0.609191044592404E+00
    0.128180000000000E+04    0.602708096491369E+00    0.609195644724363E+00
    0.128806000000000E+04    0.192765008924289E+01    0.609907594858649E+00
    0.128808000000000E+04    0.197204655399719E+01    0.609906872445371E+00
    0.129434000000000E+04    0.330298325709873E+01    0.609970204858420E+00
    0.129436000000000E+04    0.334738201481014E+01    0.609971158685918E+00
    0.130062000000000E+04    0.467738448807177E+01    0.609805689873039E+00
    0.130064000000000E+04    0.472177668884342E+01    0.609803918796142E+00
    0.130692000000000E+04    0.608949167176070E+01    0.609075690246849E+00
    0.130694000000000E+04    0.613385479299177E+01    0.609073620606342E+00
    0.131320000000000E+04    0.117251596916549E+01    0.609520649288212E+00
    0.131322000000000E+04    0.121690293052234E+01    0.609524349489148E+00
    0.131948000000000E+04    0.254629292543086E+01    0.610068760703834E+00
    0.131950000000000E+04    0.259069575380954E+01    0.610066188419136E+00
    0.132576000000000E+04    0.392323208239850E+01    0.610072179212072E+00
    0.132578000000000E+04    0.396763496972017E+01    0.610074805527842E+00
    0.133204000000000E+04    0.529637124343571E+01    0.609559479802501E+00
    0.133206000000000E+04    0.534075405774092E+01    0.609554155894444E+00
    0.133832000000000E+04    0.380423208430329E+00    0.609251375645043E+00
    0.133834000000000E+04    0.424794528359598E+00    0.609255879897487E+00
    0.134462000000000E+04    0.179508953895311E+01    0.610004838936450E+00
    0.134464000000000E+04    0.183948990742510E+01    0.610005190910099E+00
