    0.000000000000000E+00    0.190000000000000E+01    0.630000000000000E+00
    0.200000000000000E-01    0.194519998828725E+01    0.629999395809631E+00
    0.630000000000000E+01    0.357244050764307E+01    0.630034309724686E+00
    0.632000000000000E+01    0.361764161074449E+01    0.630036489303488E+00
    0.125800000000000E+02    0.519780326041158E+01    0.629684091412410E+00
    0.126000000000000E+02    0.524299070642657E+01    0.629679068559923E+00
    0.188600000000000E+02    0.533837713239393E+00    0.629374467848059E+00
    0.188800000000000E+02    0.579012779860960E+00    0.629378941456181E+00
    0.251400000000000E+02    0.215671831297599E+01    0.630034809093556E+00
    0.251600000000000E+02    0.220191967823166E+01    0.630032818798899E+00
    0.314200000000000E+02    0.378397667314213E+01    0.630055843165493E+00
    0.314400000000000E+02    0.382917723218357E+01    0.630058382966820E+00
    0.377000000000000E+02    0.540799442369847E+01    0.629523475754658E+00
    0.377200000000000E+02    0.545317526913514E+01    0.629517957652183E+00
    0.440000000000000E+02    0.788591692304621E+00    0.629464606515830E+00
    0.440200000000000E+02    0.833770237497717E+00    0.629469966440649E+00
    0.502800000000000E+02    0.241218473431276E+01    0.630018395341324E+00
    0.503000000000000E+02    0.245738554972134E+01    0.630015792051744E+00
    0.565600000000000E+02    0.403953740957454E+01    0.630025484491413E+00
    0.565800000000000E+02    0.408473865000855E+01    0.630027894978014E+00
    0.628400000000000E+02    0.566266802199340E+01    0.629397620581579E+00
    0.628600000000000E+02    0.570784357402687E+01    0.629392636833408E+00
    0.691200000000000E+02    0.998111243509783E+00    0.629594294557440E+00
    0.691400000000000E+02    0.104329511216545E+01    0.629599617891981E+00
    0.754000000000000E+02    0.262295166043631E+01    0.630013706480549E+00
    0.754200000000000E+02    0.266815451287010E+01    0.630011446052354E+00
    0.817000000000000E+02    0.429576554163285E+01    0.630034354688577E+00
    0.817200000000000E+02    0.434096716955142E+01    0.630035605179577E+00
    0.879800000000000E+02    0.591821929213003E+01    0.629330736457473E+00
    0.880000000000000E+02    0.596339238424900E+01    0.629327215672718E+00
    0.942600000000000E+02    0.125453601080358E+01    0.629758122936604E+00
    0.942800000000000E+02    0.129972649407705E+01    0.629762443116944E+00
    0.100540000000000E+03    0.288038333640804E+01    0.630036992027619E+00
    0.100560000000000E+03    0.292558449994178E+01    0.630035528184918E+00
    0.106820000000000E+03    0.450752176707203E+01    0.629984356531394E+00
    0.106840000000000E+03    0.455272118085253E+01    0.629983993435835E+00
    0.113100000000000E+03    0.612893601999247E+01    0.629270457974560E+00
    0.113120000000000E+03    0.617410677262620E+01    0.629268966993344E+00
    0.119400000000000E+03    0.151095969963433E+01    0.629871034906988E+00
    0.119420000000000E+03    0.155615465652170E+01    0.629873695956285E+00
    0.125680000000000E+03    0.313752649340375E+01    0.630035723679688E+00
    0.125700000000000E+03    0.318272791112173E+01    0.630035626112918E+00
    0.131960000000000E+03    0.476429237900442E+01    0.629905361920116E+00
    0.131980000000000E+03    0.480948861921212E+01    0.629903026001473E+00
    0.138240000000000E+03    0.101485662948392E+00    0.629262934469528E+00
    0.138260000000000E+03    0.146656015073802E+00    0.629263843817769E+00
    0.144520000000000E+03    0.172251639003917E+01    0.629963050221071E+00
    0.144540000000000E+03    0.176771508619743E+01    0.629963852148009E+00
    0.150800000000000E+03    0.334956948570039E+01    0.630034226933666E+00
    0.150820000000000E+03    0.339477065594639E+01    0.630035446215041E+00
    0.157080000000000E+03    0.497560078450624E+01    0.629793119300387E+00
    0.157100000000000E+03    0.502079249125279E+01    0.629789133521056E+00
    0.163380000000000E+03    0.357229855763080E+00    0.629302870552745E+00
    0.163400000000000E+03    0.402402000153415E+00    0.629306017524986E+00
    0.169660000000000E+03    0.197923181694603E+01    0.630012305943603E+00
    0.169680000000000E+03    0.202443231177898E+01    0.630011305895685E+00
    0.175940000000000E+03    0.360656767103853E+01    0.630039981755696E+00
    0.175960000000000E+03    0.365176901366408E+01    0.630042483457933E+00
    0.182220000000000E+03    0.523184167626198E+01    0.629662174942471E+00
    0.182240000000000E+03    0.527702826949155E+01    0.629656753466530E+00
    0.188500000000000E+03    0.567788853560842E+00    0.629393273659785E+00
    0.188520000000000E+03    0.612964700471537E+00    0.629397995006921E+00
    0.194780000000000E+03    0.219083412541215E+01    0.630045487575176E+00
    0.194800000000000E+03    0.223603283513336E+01    0.630043715981875E+00
    0.201080000000000E+03    0.386269587279583E+01    0.629993983430281E+00
    0.201100000000000E+03    0.390789552591622E+01    0.629996646789272E+00
    0.207360000000000E+03    0.548620545854641E+01    0.629465523610875E+00
    0.207380000000000E+03    0.553138406071349E+01    0.629460070420271E+00
    0.213640000000000E+03    0.821218507829769E+00    0.629447119656385E+00
    0.213660000000000E+03    0.866396507418301E+00    0.629452573096299E+00
    0.219920000000000E+03    0.244464964529755E+01    0.629990310517102E+00
    0.219940000000000E+03    0.248984943255971E+01    0.629987677653606E+00
    0.226200000000000E+03    0.407147458785710E+01    0.629980913368703E+00
    0.226220000000000E+03    0.411667375630429E+01    0.629983136449861E+00
    0.232480000000000E+03    0.569324327878314E+01    0.629292034788621E+00
    0.232500000000000E+03    0.573841485227820E+01    0.629287230649252E+00
    0.238780000000000E+03    0.107282903915689E+01    0.629529699205924E+00
    0.238800000000000E+03    0.111801033735651E+01    0.629534864636749E+00
    0.245060000000000E+03    0.269647042625013E+01    0.629922497722855E+00
    0.245080000000000E+03    0.274166727298700E+01    0.629920221734547E+00
    0.251340000000000E+03    0.432243895476472E+01    0.629904710542456E+00
    0.251360000000000E+03    0.436763515665598E+01    0.629905745303759E+00
    0.257620000000000E+03    0.594314242220912E+01    0.629191469991816E+00
    0.257640000000000E+03    0.598830994479806E+01    0.629188231303814E+00
    0.263900000000000E+03    0.127743961197757E+01    0.629689061315937E+00
    0.263920000000000E+03    0.132262240689397E+01    0.629692715324270E+00
    0.270180000000000E+03    0.290076242598172E+01    0.629830053002320E+00
    0.270200000000000E+03    0.294595560060623E+01    0.629828708184222E+00
    0.276480000000000E+03    0.457047555098472E+01    0.629764391943094E+00
    0.276500000000000E+03    0.461566622525277E+01    0.629763750482378E+00
    0.282760000000000E+03    0.618907723180348E+01    0.629063624339292E+00
    0.282780000000000E+03    0.623423957844136E+01    0.629062473128685E+00
    0.289040000000000E+03    0.152354084090177E+01    0.629669371041964E+00
    0.289060000000000E+03    0.156872808384776E+01    0.629671777371406E+00
    0.295320000000000E+03    0.314761730809585E+01    0.629826287945722E+00
    0.295340000000000E+03    0.319281034675112E+01    0.629826301142238E+00
    0.301600000000000E+03    0.477169971099602E+01    0.629691357658582E+00
    0.301620000000000E+03    0.481688743743518E+01    0.629688884582584E+00
    0.307880000000000E+03    0.106588672025850E+00    0.629071846274957E+00
    0.307900000000000E+03    0.151753018213185E+00    0.629073410364923E+00
    0.314160000000000E+03    0.172549871023398E+01    0.629780484169138E+00
    0.314180000000000E+03    0.177069044832945E+01    0.629781190399060E+00
    0.320460000000000E+03    0.339562622322637E+01    0.629861130826999E+00
    0.320480000000000E+03    0.344082064090662E+01    0.629862510166381E+00
    0.326740000000000E+03    0.501961574992856E+01    0.629592337134412E+00
    0.326760000000000E+03    0.506480109847860E+01    0.629588112065583E+00
    0.333020000000000E+03    0.354282201278011E+00    0.629169500066829E+00
    0.333040000000000E+03    0.399448952984130E+00    0.629172698366858E+00
    0.339300000000000E+03    0.197461713279506E+01    0.629873555153284E+00
    0.339320000000000E+03    0.201981216533352E+01    0.629872484583887E+00
    0.345580000000000E+03    0.360025931277858E+01    0.629908941356806E+00
    0.345600000000000E+03    0.364545533554963E+01    0.629911312346874E+00
    0.351860000000000E+03    0.522362037627761E+01    0.629509938726138E+00
    0.351880000000000E+03    0.526880061800432E+01    0.629504702577208E+00
    0.358160000000000E+03    0.602843681706531E+00    0.629258271225491E+00
    0.358180000000000E+03    0.648013678273173E+00    0.629263061997003E+00
    0.364440000000000E+03    0.222406562490642E+01    0.629886495824177E+00
    0.364460000000000E+03    0.226926134186954E+01    0.629884306687578E+00
    0.370720000000000E+03    0.385032972255590E+01    0.629942466082098E+00
    0.370740000000000E+03    0.389552807204143E+01    0.629946004365375E+00
    0.377000000000000E+03    0.547333876803395E+01    0.629421981552969E+00
    0.377020000000000E+03    0.551851563985372E+01    0.629416455429888E+00
    0.383280000000000E+03    0.807794824772145E+00    0.629411046103296E+00
    0.383300000000000E+03    0.852971373812352E+00    0.629416475558877E+00
    0.389560000000000E+03    0.243064632080996E+01    0.629946233577492E+00
    0.389580000000000E+03    0.247584410731201E+01    0.629943559318180E+00
    0.395860000000000E+03    0.410218782780476E+01    0.629951655203041E+00
    0.395880000000000E+03    0.414738592466813E+01    0.629953866878882E+00
    0.402140000000000E+03    0.572422031783447E+01    0.629304282693446E+00
    0.402160000000000E+03    0.576939238845921E+01    0.629299518157428E+00
    0.408420000000000E+03    0.105878367435128E+01    0.629544531274704E+00
    0.408440000000000E+03    0.110396490276662E+01    0.629549872909498E+00
    0.414700000000000E+03    0.268267734481412E+01    0.629942582144824E+00
    0.414720000000000E+03    0.272787498736830E+01    0.629940273022505E+00
    0.420980000000000E+03    0.430876343305420E+01    0.629920767831598E+00
    0.421000000000000E+03    0.435395946208860E+01    0.629921766989959E+00
    0.427260000000000E+03    0.592957608140034E+01    0.629213305048338E+00
    0.427280000000000E+03    0.597474458593967E+01    0.629210025806620E+00
    0.433540000000000E+03    0.126498751517454E+01    0.629613626516404E+00
    0.433560000000000E+03    0.131017870833091E+01    0.629616618540106E+00
    0.439840000000000E+03    0.293609220009728E+01    0.630035326789154E+00
    0.439860000000000E+03    0.298129357718165E+01    0.630034069372593E+00
    0.446120000000000E+03    0.456324998775153E+01    0.629973300225204E+00
    0.446140000000000E+03    0.460844890623935E+01    0.629972602632795E+00
    0.452400000000000E+03    0.618448595136670E+01    0.629271184275217E+00
    0.452420000000000E+03    0.622965669833502E+01    0.629270090536782E+00
    0.458680000000000E+03    0.152157942585995E+01    0.629885961613443E+00
    0.458700000000000E+03    0.156677502815342E+01    0.629888340244067E+00
    0.464960000000000E+03    0.314824984231041E+01    0.630035181537037E+00
    0.464980000000000E+03    0.319345107203367E+01    0.630035307671731E+00
    0.471240000000000E+03    0.477483323352044E+01    0.629885083843190E+00
    0.471260000000000E+03    0.482002869342159E+01    0.629882554546596E+00
    0.477540000000000E+03    0.157085225328274E+00    0.629270116920854E+00
    0.477560000000000E+03    0.202255892728999E+00    0.629271535716481E+00
    0.483820000000000E+03    0.177827844752255E+01    0.629959702152962E+00
    0.483840000000000E+03    0.182347735344729E+01    0.629960032247723E+00
    0.490100000000000E+03    0.340544551312041E+01    0.630041072545717E+00
    0.490120000000000E+03    0.345064707813799E+01    0.630042589382760E+00
    0.496380000000000E+03    0.503142507413918E+01    0.629770164783444E+00
    0.496400000000000E+03    0.507661611567892E+01    0.629765815875654E+00
    0.502660000000000E+03    0.367909584485915E+00    0.629328063297537E+00
    0.502680000000000E+03    0.413082745031488E+00    0.629331492061689E+00
    0.508940000000000E+03    0.199025611491811E+01    0.630027583635478E+00
    0.508960000000000E+03    0.203545728285144E+01    0.630026345987297E+00
    0.515240000000000E+03    0.366301094253686E+01    0.630058039183623E+00
    0.515260000000000E+03    0.370821317015475E+01    0.630060491943161E+00
    0.521520000000000E+03    0.528820248231614E+01    0.629642907319945E+00
    0.521540000000000E+03    0.533338831050673E+01    0.629637578874396E+00
    0.527800000000000E+03    0.624296787148978E+00    0.629428267631656E+00
    0.527820000000000E+03    0.669474080657210E+00    0.629433240067402E+00
    0.534080000000000E+03    0.224775212664281E+01    0.630052537086537E+00
    0.534100000000000E+03    0.229295412540455E+01    0.630050148234587E+00
    0.540360000000000E+03    0.387547520110616E+01    0.630067035293024E+00
    0.540380000000000E+03    0.392067801581766E+01    0.630069748641642E+00
    0.546640000000000E+03    0.549976654881402E+01    0.629514620269634E+00
    0.546660000000000E+03    0.554494696812958E+01    0.629509162181721E+00
    0.552940000000000E+03    0.880863916665476E+00    0.629553580675119E+00
    0.552960000000000E+03    0.926046353581341E+00    0.629559075931951E+00
    0.559220000000000E+03    0.250537701971348E+01    0.630055030176267E+00
    0.559240000000000E+03    0.255057893124035E+01    0.630052385318541E+00
    0.565500000000000E+03    0.413304615172933E+01    0.630058666354197E+00
    0.565520000000000E+03    0.417824864067620E+01    0.630060711890808E+00
    0.571780000000000E+03    0.575680259374212E+01    0.629344320546367E+00
    0.571800000000000E+03    0.580198181238438E+01    0.629340207486004E+00
    0.578060000000000E+03    0.109406175757567E+01    0.629765769515420E+00
    0.578080000000000E+03    0.113925249039494E+01    0.629770813590885E+00
    0.584340000000000E+03    0.272057584073082E+01    0.630138446663242E+00
    0.584360000000000E+03    0.276578119716601E+01    0.630136315689661E+00
    0.590620000000000E+03    0.434915770307907E+01    0.630110219227096E+00
    0.590640000000000E+03    0.439436211928660E+01    0.630110957775132E+00
    0.596920000000000E+03    0.601753068178482E+01    0.629396753418278E+00
    0.596940000000000E+03    0.606270672157598E+01    0.629394108942226E+00
    0.603200000000000E+03    0.135550965197808E+01    0.629912451848477E+00
    0.603220000000000E+03    0.140070647056018E+01    0.629916146862770E+00
    0.609480000000000E+03    0.298303791347712E+01    0.630141557894217E+00
    0.609500000000000E+03    0.302824348703007E+01    0.630140600557738E+00
    0.615760000000000E+03    0.461142727179526E+01    0.630062494960463E+00
    0.615780000000000E+03    0.465662981580931E+01    0.630061342652693E+00
    0.622040000000000E+03    0.623371316416251E+01    0.629369380030654E+00
    0.622060000000000E+03    0.627888773354380E+01    0.629368890508223E+00
    0.628320000000000E+03    0.157229177432532E+01    0.630019687636960E+00
    0.628340000000000E+03    0.161749265871981E+01    0.630021618202103E+00
    0.634620000000000E+03    0.324565486255869E+01    0.630139258476138E+00
    0.634640000000000E+03    0.329086037213801E+01    0.630139798446832E+00
    0.640900000000000E+03    0.487344105789657E+01    0.629961548908811E+00
    0.640920000000000E+03    0.491863957557598E+01    0.629958370930157E+00
    0.647180000000000E+03    0.211652808569625E+00    0.629389106734163E+00
    0.647200000000000E+03    0.256828194283571E+00    0.629391042563562E+00
    0.653460000000000E+03    0.183457755413428E+01    0.630095201560175E+00
    0.653480000000000E+03    0.187978145653028E+01    0.630095172512428E+00
    0.659740000000000E+03    0.346316794239124E+01    0.630149999346897E+00
    0.659760000000000E+03    0.350837379948757E+01    0.630151767683729E+00
    0.666020000000000E+03    0.509044877010274E+01    0.629847413310606E+00
    0.666040000000000E+03    0.513564321410831E+01    0.629842826558349E+00
    0.672320000000000E+03    0.473389873194719E+00    0.629462935400669E+00
    0.672340000000000E+03    0.518568362554561E+00    0.629466943934509E+00
    0.678600000000000E+03    0.209735057299895E+01    0.630144527907151E+00
    0.678620000000000E+03    0.214255633653738E+01    0.630142781053111E+00
    0.684880000000000E+03    0.372633429821417E+01    0.630168702548618E+00
    0.684900000000000E+03    0.377154195728963E+01    0.630171213960060E+00
    0.691160000000000E+03    0.535303664749881E+01    0.629724426806451E+00
    0.691180000000000E+03    0.539822617953973E+01    0.629719030038296E+00
    0.697440000000000E+03    0.690792964861885E+00    0.629597766483705E+00
    0.697460000000000E+03    0.735976978265171E+00    0.629602961639549E+00
    0.703720000000000E+03    0.231629982477193E+01    0.630191932045786E+00
    0.703740000000000E+03    0.236150778579986E+01    0.630189440719997E+00
    0.710000000000000E+03    0.394607532389568E+01    0.630227510232026E+00
    0.710020000000000E+03    0.399128445314068E+01    0.630230066779835E+00
    0.716300000000000E+03    0.561731915747373E+01    0.629636609927735E+00
    0.716320000000000E+03    0.566250457294564E+01    0.629631371271341E+00
    0.722580000000000E+03    0.955436301560667E+00    0.629772863870872E+00
    0.722600000000000E+03    0.100062737958069E+01    0.629778270743948E+00
    0.728860000000000E+03    0.258248526997636E+01    0.630230173998030E+00
    0.728880000000000E+03    0.262769432435698E+01    0.630227633273363E+00
    0.735140000000000E+03    0.421234617009077E+01    0.630225266300018E+00
    0.735160000000000E+03    0.425755547692688E+01    0.630226878637151E+00
    0.741420000000000E+03    0.583744026863019E+01    0.629536555645643E+00
    0.741440000000000E+03    0.588262165436095E+01    0.629532575211958E+00
    0.747700000000000E+03    0.117583496933457E+01    0.629909608314748E+00
    0.747720000000000E+03    0.122103061188182E+01    0.629914369834506E+00
    0.754000000000000E+03    0.284906115126296E+01    0.630228045186163E+00
    0.754020000000000E+03    0.289427032953427E+01    0.630226398099688E+00
    0.760280000000000E+03    0.447872360722727E+01    0.630186805916892E+00
    0.760300000000000E+03    0.452393104023190E+01    0.630186769898830E+00
    0.766560000000000E+03    0.610260445464019E+01    0.629464669094415E+00
    0.766580000000000E+03    0.614778292268124E+01    0.629462785814545E+00
    0.772840000000000E+03    0.144176869642320E+01    0.630043520140626E+00
    0.772860000000000E+03    0.148697051942577E+01    0.630046558047410E+00
    0.779120000000000E+03    0.307052832079262E+01    0.630215534661205E+00
    0.779140000000000E+03    0.311573676063858E+01    0.630215128711773E+00
    0.785400000000000E+03    0.469961147980894E+01    0.630106388923905E+00
    0.785420000000000E+03    0.474481580907332E+01    0.630104420743557E+00
    0.791700000000000E+03    0.846929594015364E-01    0.629457030731355E+00
    0.791720000000000E+03    0.129871399744843E+00    0.629457692685606E+00
    0.797980000000000E+03    0.170805148541626E+01    0.630140021358712E+00
    0.798000000000000E+03    0.175325711589176E+01    0.630140926911466E+00
    0.804260000000000E+03    0.333740726696215E+01    0.630223747765672E+00
    0.804280000000000E+03    0.338261619662239E+01    0.630224982700044E+00
    0.810540000000000E+03    0.496597742096651E+01    0.629996286127815E+00
    0.810560000000000E+03    0.501117721004107E+01    0.629992444907681E+00
    0.816820000000000E+03    0.304919106317811E+00    0.629495308421609E+00
    0.816840000000000E+03    0.350098976256277E+00    0.629498184002955E+00
    0.823100000000000E+03    0.192935300416275E+01    0.630207443382814E+00
    0.823120000000000E+03    0.197456146092759E+01    0.630206560158225E+00
    0.829400000000000E+03    0.360434735770400E+01    0.630234909833656E+00
    0.829420000000000E+03    0.364955643738881E+01    0.630237386268091E+00
    0.835680000000000E+03    0.523212124632460E+01    0.629862348444683E+00
    0.835700000000000E+03    0.527731564258261E+01    0.629856945213413E+00
    0.841960000000000E+03    0.570556783081202E+00    0.629586078931329E+00
    0.841980000000000E+03    0.615740313741526E+00    0.629590723892724E+00
    0.848240000000000E+03    0.219628430702733E+01    0.630246764192320E+00
    0.848260000000000E+03    0.224149461345064E+01    0.630244649964668E+00
    0.854520000000000E+03    0.382647515390863E+01    0.630256656682498E+00
    0.854540000000000E+03    0.387168539554909E+01    0.630259332726855E+00
    0.860800000000000E+03    0.545350190666659E+01    0.629748647744773E+00
    0.860820000000000E+03    0.549869199487171E+01    0.629743199661714E+00
    0.867080000000000E+03    0.792058936817057E+00    0.629724930687473E+00
    0.867100000000000E+03    0.837248034079721E+00    0.629730352722952E+00
    0.873380000000000E+03    0.246420336412984E+01    0.630272229775892E+00
    0.873400000000000E+03    0.250941409597226E+01    0.630269606738850E+00
    0.879660000000000E+03    0.409457425322762E+01    0.630271296431927E+00
    0.879680000000000E+03    0.413978513713755E+01    0.630273504002946E+00
    0.885940000000000E+03    0.572064030004935E+01    0.629631512680819E+00
    0.885960000000000E+03    0.576582564739215E+01    0.629626809621494E+00
    0.892220000000000E+03    0.105949074454702E+01    0.629876225795629E+00
    0.892240000000000E+03    0.110468586070601E+01    0.629881374936296E+00
    0.898500000000000E+03    0.268746677889658E+01    0.630270075592524E+00
    0.898520000000000E+03    0.273267763572198E+01    0.630267833553259E+00
    0.904780000000000E+03    0.431782038691131E+01    0.630251953039037E+00
    0.904800000000000E+03    0.436303042666782E+01    0.630252906437536E+00
    0.911080000000000E+03    0.598799941853349E+01    0.629536189531279E+00
    0.911100000000000E+03    0.603318091119581E+01    0.629533224223794E+00
    0.917360000000000E+03    0.132733883619494E+01    0.630022163914230E+00
    0.917380000000000E+03    0.137253959780583E+01    0.630026010630907E+00
    0.923640000000000E+03    0.295617240042066E+01    0.630257596561940E+00
    0.923660000000000E+03    0.300138268595128E+01    0.630256496187290E+00
    0.929920000000000E+03    0.458604489490062E+01    0.630185742847141E+00
    0.929940000000000E+03    0.463125249393215E+01    0.630184759459344E+00
    0.936200000000000E+03    0.621031382497040E+01    0.629469398988647E+00
    0.936220000000000E+03    0.625549601484317E+01    0.629469330035871E+00
    0.942480000000000E+03    0.155107092469871E+01    0.630180978602591E+00
    0.942500000000000E+03    0.159627830839827E+01    0.630183084809943E+00
    0.948780000000000E+03    0.322653640565386E+01    0.630315405631771E+00
    0.948800000000000E+03    0.327174885364911E+01    0.630315862447262E+00
    0.955060000000000E+03    0.485655315704116E+01    0.630144815765678E+00
    0.955080000000000E+03    0.490175900284066E+01    0.630141795673582E+00
    0.961340000000000E+03    0.197303756030578E+00    0.629567992906542E+00
    0.961360000000000E+03    0.242487786347738E+00    0.629570320128607E+00
    0.967620000000000E+03    0.182259849202228E+01    0.630285791934327E+00
    0.967640000000000E+03    0.186781032530689E+01    0.630285870487918E+00
    0.973900000000000E+03    0.345368124553306E+01    0.630342653595154E+00
    0.973920000000000E+03    0.349889491039767E+01    0.630344419828753E+00
    0.980180000000000E+03    0.508331355081782E+01    0.630048425019396E+00
    0.980200000000000E+03    0.512851571132342E+01    0.630043779384388E+00
    0.986480000000000E+03    0.468601448513255E+00    0.629654217091236E+00
    0.986500000000000E+03    0.513787685462830E+00    0.629658166044110E+00
    0.992760000000000E+03    0.209503102160033E+01    0.630339040826066E+00
    0.992780000000000E+03    0.214024467792387E+01    0.630337394569639E+00
    0.999040000000000E+03    0.372645111468501E+01    0.630361393999869E+00
    0.999060000000000E+03    0.377166544678721E+01    0.630363980743320E+00
    0.100532000000000E+04    0.535507502689416E+01    0.629901379461164E+00
    0.100534000000000E+04    0.540027097343363E+01    0.629895888379300E+00
    0.101160000000000E+04    0.694803808073175E+00    0.629763422994954E+00
    0.101162000000000E+04    0.739994437548830E+00    0.629768614045311E+00
    0.101788000000000E+04    0.232235680599661E+01    0.630357011370140E+00
    0.101790000000000E+04    0.236757099510714E+01    0.630354471777377E+00
    0.102416000000000E+04    0.395385378444143E+01    0.630360386330284E+00
    0.102418000000000E+04    0.399906887055204E+01    0.630362931382760E+00
    0.103046000000000E+04    0.562678622291423E+01    0.629764200427691E+00
    0.103048000000000E+04    0.567197665199137E+01    0.629759028838617E+00
    0.103674000000000E+04    0.966506453487909E+00    0.629904837648572E+00
    0.103676000000000E+04    0.101170279305325E+01    0.629910231547643E+00
    0.104302000000000E+04    0.259517447210328E+01    0.630355505265630E+00
    0.104304000000000E+04    0.264038855302169E+01    0.630352984134705E+00
    0.104930000000000E+04    0.422661167026354E+01    0.630347939617428E+00
    0.104932000000000E+04    0.427182612675779E+01    0.630349470033896E+00
    0.105558000000000E+04    0.585327061698399E+01    0.629658534803072E+00
    0.105560000000000E+04    0.589845729115723E+01    0.629654564180067E+00
    0.106186000000000E+04    0.119335127007207E+01    0.630041313889619E+00
    0.106188000000000E+04    0.123855299986826E+01    0.630045880785527E+00
    0.106816000000000E+04    0.286818191239763E+01    0.630347626116095E+00
    0.106818000000000E+04    0.291339554403021E+01    0.630345976176200E+00
    0.107444000000000E+04    0.449925508574734E+01    0.630290724454512E+00
    0.107446000000000E+04    0.454446662322061E+01    0.630290480165774E+00
    0.108072000000000E+04    0.612446478491302E+01    0.629582533266139E+00
    0.108074000000000E+04    0.616964806826218E+01    0.629580878701562E+00
    0.108700000000000E+04    0.146518867901386E+01    0.630162432879127E+00
    0.108702000000000E+04    0.151039514623335E+01    0.630165204533293E+00
    0.109328000000000E+04    0.309536627916987E+01    0.630328661208988E+00
    0.109330000000000E+04    0.314057931749903E+01    0.630328388487474E+00
    0.109956000000000E+04    0.472591080065922E+01    0.630214104286375E+00
    0.109958000000000E+04    0.477111944343551E+01    0.630211967007168E+00
    0.110586000000000E+04    0.112220515424269E+00    0.629569961605436E+00
    0.110588000000000E+04    0.157403252561380E+00    0.629570833318925E+00
    0.111214000000000E+04    0.173707390020854E+01    0.630263986410310E+00
    0.111216000000000E+04    0.178228457317709E+01    0.630264789980973E+00
    0.111842000000000E+04    0.336792534563892E+01    0.630338602435688E+00
    0.111844000000000E+04    0.341313869203032E+01    0.630339855569325E+00
    0.112470000000000E+04    0.499776058970883E+01    0.630095637921663E+00
    0.112472000000000E+04    0.504296438718484E+01    0.630091596124553E+00
    0.113098000000000E+04    0.338069797540811E+00    0.629608280373714E+00
    0.113100000000000E+04    0.383254180307631E+00    0.629611411763123E+00
    0.113726000000000E+04    0.196391994156784E+01    0.630317667595416E+00
    0.113728000000000E+04    0.200913265515010E+01    0.630316647886645E+00
    0.114354000000000E+04    0.359509977436801E+01    0.630345538077508E+00
    0.114356000000000E+04    0.364031358070406E+01    0.630347835425115E+00
    0.114984000000000E+04    0.526929723988496E+01    0.629947675554313E+00
    0.114986000000000E+04    0.531449504429747E+01    0.629942415421506E+00
    0.115612000000000E+04    0.608510575735181E+00    0.629775561659282E+00
    0.115614000000000E+04    0.653696345090793E+00    0.629780219902364E+00
    0.116240000000000E+04    0.223425430630368E+01    0.630242857521250E+00
    0.116242000000000E+04    0.227946397634696E+01    0.630240591312575E+00
    0.116868000000000E+04    0.386430044564258E+01    0.630247975214073E+00
    0.116870000000000E+04    0.390951004927047E+01    0.630250642246162E+00
    0.117496000000000E+04    0.549097990077507E+01    0.629713154290540E+00
    0.117498000000000E+04    0.553616850337767E+01    0.629707717907722E+00
    0.118124000000000E+04    0.829242235209222E+00    0.629726412309727E+00
    0.118126000000000E+04    0.874431252674640E+00    0.629731898015993E+00
    0.118754000000000E+04    0.250129946402558E+01    0.630248830911193E+00
    0.118756000000000E+04    0.254650979846292E+01    0.630246234438690E+00
    0.119382000000000E+04    0.413143418825530E+01    0.630244536561107E+00
    0.119384000000000E+04    0.417664393794803E+01    0.630246592414470E+00
    0.120010000000000E+04    0.575700320508486E+01    0.629591639841423E+00
    0.120012000000000E+04    0.580218685619866E+01    0.629587110529053E+00
    0.120638000000000E+04    0.109554988159607E+01    0.629870101557206E+00
    0.120640000000000E+04    0.114074470267633E+01    0.629875114676070E+00
    0.121266000000000E+04    0.272333000385061E+01    0.630244569436904E+00
    0.121268000000000E+04    0.276853980845090E+01    0.630242452407897E+00
    0.121894000000000E+04    0.435332122064938E+01    0.630217663320054E+00
    0.121896000000000E+04    0.439852987140239E+01    0.630218387060518E+00
    0.122524000000000E+04    0.602296358170179E+01    0.629498429512941E+00
    0.122526000000000E+04    0.606814347495174E+01    0.629495734474333E+00
    0.123152000000000E+04    0.136198535433005E+01    0.630004922556223E+00
    0.123154000000000E+04    0.140718579647319E+01    0.630008565460034E+00
    0.123780000000000E+04    0.299072351763243E+01    0.630232812541588E+00
    0.123782000000000E+04    0.303593279973802E+01    0.630231876436029E+00
    0.124408000000000E+04    0.462021549097335E+01    0.630149877816118E+00
    0.124410000000000E+04    0.466542164602379E+01    0.630148612652884E+00
    0.125036000000000E+04    0.624371442586244E+01    0.629469195790945E+00
    0.125038000000000E+04    0.570746114590293E-02    0.629468797414668E+00
    0.125664000000000E+04    0.158433063143457E+01    0.630164635630775E+00
    0.125666000000000E+04    0.162953745790810E+01    0.630166462511347E+00
    0.126294000000000E+04    0.325953408806618E+01    0.630284908328533E+00
    0.126296000000000E+04    0.330474545760899E+01    0.630285512043221E+00
    0.126922000000000E+04    0.488914190842661E+01    0.630105388491876E+00
    0.126924000000000E+04    0.493434606058645E+01    0.630102153577398E+00
    0.127550000000000E+04    0.229178512804083E+00    0.629540882669577E+00
    0.127552000000000E+04    0.274360232353501E+00    0.629543195503025E+00
    0.128178000000000E+04    0.185429465188054E+01    0.630213686437907E+00
    0.128180000000000E+04    0.189950653946289E+01    0.630213413877433E+00
    0.128806000000000E+04    0.348556029571455E+01    0.630353370623772E+00
    0.128808000000000E+04    0.353077443729171E+01    0.630355240901164E+00
    0.129434000000000E+04    0.511516599718470E+01    0.630039996416645E+00
    0.129436000000000E+04    0.516036758439259E+01    0.630035257515259E+00
    0.130062000000000E+04    0.455284070277685E+00    0.629666731870106E+00
    0.130064000000000E+04    0.500470621740988E+00    0.629670841549180E+00
    0.130692000000000E+04    0.212720473173704E+01    0.630348368825495E+00
    0.130694000000000E+04    0.217241951849928E+01    0.630346637518611E+00
    0.131320000000000E+04    0.375890280693420E+01    0.630372678020202E+00
    0.131322000000000E+04    0.380411777425707E+01    0.630375358573248E+00
    0.131948000000000E+04    0.538752275293655E+01    0.629900729418660E+00
    0.131950000000000E+04    0.543271478881115E+01    0.629895873432754E+00
    0.132576000000000E+04    0.726264488488141E+00    0.629702136352517E+00
    0.132578000000000E+04    0.771452444668739E+00    0.629707420529316E+00
    0.133204000000000E+04    0.235291727837466E+01    0.630274306869879E+00
    0.133206000000000E+04    0.239812845700635E+01    0.630271709509178E+00
    0.133832000000000E+04    0.398329033595155E+01    0.630267920509030E+00
    0.133834000000000E+04    0.402850088958257E+01    0.630270378020578E+00
    0.134462000000000E+04    0.565478655312563E+01    0.629662690111322E+00
    0.134464000000000E+04    0.569997296816837E+01    0.629657614568188E+00
    0.135090000000000E+04    0.993355865807644E+00    0.629818414034235E+00
    0.135092000000000E+04    0.103854862649041E+01    0.629823745621309E+00
