    0.000000000000000E+00    0.190000000000000E+01    0.670000000000000E+00
    0.200000000000000E-01    0.194679998825798E+01    0.669999390342575E+00
    0.630000000000000E+01    0.407598637471512E+01    0.670021631178683E+00
    0.632000000000000E+01    0.412278693896124E+01    0.670023897669177E+00
    0.125800000000000E+02    0.620140857468058E+01    0.669405007806758E+00
    0.126000000000000E+02    0.624818478098620E+01    0.669404102453060E+00
    0.188600000000000E+02    0.204315046612830E+01    0.670016615901929E+00
    0.188800000000000E+02    0.208995143415267E+01    0.670015138896456E+00
    0.251400000000000E+02    0.417236025176464E+01    0.670018720946953E+00
    0.251600000000000E+02    0.421916046979739E+01    0.670020512226851E+00
    0.314200000000000E+02    0.140798886288565E-01    0.669393066713413E+00
    0.314400000000000E+02    0.608555261319736E-01    0.669393212908396E+00
    0.377000000000000E+02    0.213920588923779E+01    0.670019310329690E+00
    0.377200000000000E+02    0.218600694191177E+01    0.670017359757398E+00
    0.440000000000000E+02    0.431558647784647E+01    0.670026492731260E+00
    0.440200000000000E+02    0.436238800714257E+01    0.670027550361068E+00
    0.502800000000000E+02    0.157402734996069E+00    0.669420603458488E+00
    0.503000000000000E+02    0.204179554320319E+00    0.669422011932824E+00
    0.565600000000000E+02    0.228308949448041E+01    0.670039686052797E+00
    0.565800000000000E+02    0.232989111162684E+01    0.670037264918666E+00
    0.628400000000000E+02    0.441262543808810E+01    0.670026384722125E+00
    0.628600000000000E+02    0.445942657508994E+01    0.670026763260026E+00
    0.691200000000000E+02    0.254121643793468E+00    0.669437966968429E+00
    0.691400000000000E+02    0.300899028260403E+00    0.669440402768300E+00
    0.754000000000000E+02    0.238024258120058E+01    0.670042199203625E+00
    0.754200000000000E+02    0.242704434879550E+01    0.670039598832271E+00
    0.817000000000000E+02    0.455673743938223E+01    0.670013683971330E+00
    0.817200000000000E+02    0.460353840408786E+01    0.670013042458643E+00
    0.879800000000000E+02    0.398195429054368E+00    0.669486950004073E+00
    0.880000000000000E+02    0.444974920113907E+00    0.669490476652647E+00
    0.942600000000000E+02    0.252491305591749E+01    0.670043822485954E+00
    0.942800000000000E+02    0.257171492896705E+01    0.670041197514431E+00
    0.100540000000000E+03    0.465454803592053E+01    0.669991126092024E+00
    0.100560000000000E+03    0.470134855063060E+01    0.669989552745023E+00
    0.106820000000000E+03    0.496081163711551E+00    0.669552824164849E+00
    0.106840000000000E+03    0.542863373103330E+00    0.669557133495370E+00
    0.113100000000000E+03    0.262361236903598E+01    0.670074882799529E+00
    0.113120000000000E+03    0.267041573369136E+01    0.670072512867554E+00
    0.119400000000000E+03    0.480078238294698E+01    0.670023832749002E+00
    0.119420000000000E+03    0.484758354102780E+01    0.670021240399669E+00
    0.125680000000000E+03    0.642622196150569E+00    0.669644302301817E+00
    0.125700000000000E+03    0.689407985401658E+00    0.669649256415679E+00
    0.131960000000000E+03    0.277100041888315E+01    0.670105631773731E+00
    0.131980000000000E+03    0.281780469675783E+01    0.670103633772663E+00
    0.138240000000000E+03    0.490126081244387E+01    0.669989878381568E+00
    0.138260000000000E+03    0.494806079207945E+01    0.669986493211425E+00
    0.144520000000000E+03    0.743148121781530E+00    0.669703011429566E+00
    0.144540000000000E+03    0.789936528070086E+00    0.669708372204505E+00
    0.150800000000000E+03    0.287204735148214E+01    0.670112001537691E+00
    0.150820000000000E+03    0.291885158059512E+01    0.670110530918367E+00
    0.157080000000000E+03    0.500208396681364E+01    0.669950195675197E+00
    0.157100000000000E+03    0.504888195557152E+01    0.669946019037933E+00
    0.163380000000000E+03    0.890566006126278E+00    0.669762888236088E+00
    0.163400000000000E+03    0.937356591242576E+00    0.669768369130895E+00
    0.169660000000000E+03    0.301969164939760E+01    0.670116269294067E+00
    0.169680000000000E+03    0.306649471316018E+01    0.670115708000009E+00
    0.175940000000000E+03    0.514921419398792E+01    0.669870882680636E+00
    0.175960000000000E+03    0.519600894368210E+01    0.669865972418768E+00
    0.182220000000000E+03    0.990479257187303E+00    0.669795891917220E+00
    0.182240000000000E+03    0.103727104638864E+01    0.669801219634525E+00
    0.188500000000000E+03    0.311972983468053E+01    0.670086851371489E+00
    0.188520000000000E+03    0.316653333882118E+01    0.670086777423734E+00
    0.194780000000000E+03    0.524911775017830E+01    0.669814900612391E+00
    0.194800000000000E+03    0.529591034710467E+01    0.669809597154106E+00
    0.201080000000000E+03    0.113716708714304E+01    0.669852953427410E+00
    0.201100000000000E+03    0.118396117425937E+01    0.669857862815913E+00
    0.207360000000000E+03    0.326664412738387E+01    0.670081895670669E+00
    0.207380000000000E+03    0.331344735859307E+01    0.670082668882845E+00
    0.213640000000000E+03    0.539587941559722E+01    0.669761292078596E+00
    0.213660000000000E+03    0.544267090894652E+01    0.669755898787668E+00
    0.219920000000000E+03    0.123760544921686E+01    0.669929747509322E+00
    0.219940000000000E+03    0.128440299354816E+01    0.669934100265533E+00
    0.226200000000000E+03    0.336772797744572E+01    0.670119515168448E+00
    0.226220000000000E+03    0.341453272174556E+01    0.670120870906502E+00
    0.232480000000000E+03    0.549692679786335E+01    0.669735118981919E+00
    0.232500000000000E+03    0.554371657232753E+01    0.669729519101053E+00
    0.238780000000000E+03    0.138548312696605E+01    0.669984352670614E+00
    0.238800000000000E+03    0.143228265136599E+01    0.669987895847622E+00
    0.245060000000000E+03    0.351578916073129E+01    0.670123942198043E+00
    0.245080000000000E+03    0.356259405858577E+01    0.670125891387906E+00
    0.251340000000000E+03    0.564457921398082E+01    0.669678533604598E+00
    0.251360000000000E+03    0.569136643308650E+01    0.669673454646355E+00
    0.257620000000000E+03    0.148647960872700E+01    0.670024780357295E+00
    0.257640000000000E+03    0.153328074157025E+01    0.670027479352607E+00
    0.263900000000000E+03    0.361696916636220E+01    0.670134715079153E+00
    0.263920000000000E+03    0.366377448335675E+01    0.670137117879999E+00
    0.270180000000000E+03    0.574538165008130E+01    0.669628059339849E+00
    0.270200000000000E+03    0.579216680495756E+01    0.669623536841519E+00
    0.276480000000000E+03    0.163433028070688E+01    0.670066796335843E+00
    0.276500000000000E+03    0.168113295081525E+01    0.670068330732082E+00
    0.282760000000000E+03    0.376492677435101E+01    0.670141745791991E+00
    0.282780000000000E+03    0.381173245376522E+01    0.670144369978910E+00
    0.289040000000000E+03    0.589298793282842E+01    0.669587931629114E+00
    0.289060000000000E+03    0.593977125705680E+01    0.669584253722193E+00
    0.295320000000000E+03    0.173538162286695E+01    0.670097032370123E+00
    0.295340000000000E+03    0.178218559392542E+01    0.670097773907950E+00
    0.301600000000000E+03    0.386610587480595E+01    0.670144371534629E+00
    0.301620000000000E+03    0.391291152071574E+01    0.670147030687710E+00
    0.307880000000000E+03    0.599378941579789E+01    0.669560534308983E+00
    0.307900000000000E+03    0.604057173824913E+01    0.669557762363254E+00
    0.314160000000000E+03    0.183646585769918E+01    0.670117251352518E+00
    0.314180000000000E+03    0.188327065694341E+01    0.670117039055482E+00
    0.320460000000000E+03    0.401409409125051E+01    0.670154644275790E+00
    0.320480000000000E+03    0.406090020748593E+01    0.670157113489180E+00
    0.326740000000000E+03    0.614134164826669E+01    0.669534066265800E+00
    0.326760000000000E+03    0.618812304635105E+01    0.669532572904711E+00
    0.333020000000000E+03    0.198440685327228E+01    0.670134307193165E+00
    0.333040000000000E+03    0.203121220959474E+01    0.670133212053666E+00
    0.339300000000000E+03    0.411523956380563E+01    0.670151688009346E+00
    0.339320000000000E+03    0.416204577655094E+01    0.670153776615906E+00
    0.345580000000000E+03    0.624214333776536E+01    0.669526208972146E+00
    0.345600000000000E+03    0.573881372315554E-02    0.669525798236862E+00
    0.351860000000000E+03    0.208553884006483E+01    0.670147250795330E+00
    0.351880000000000E+03    0.213234485501550E+01    0.670145541738488E+00
    0.358160000000000E+03    0.426320068601092E+01    0.670145057090092E+00
    0.358180000000000E+03    0.431000647758901E+01    0.670146502973644E+00
    0.364440000000000E+03    0.106538221284609E+00    0.669530711193519E+00
    0.364460000000000E+03    0.153319359531793E+00    0.669531655948566E+00
    0.370720000000000E+03    0.223349592782438E+01    0.670145405024056E+00
    0.370740000000000E+03    0.228030181787483E+01    0.670143129446058E+00
    0.377000000000000E+03    0.436436441573971E+01    0.670138003142011E+00
    0.377020000000000E+03    0.441116985780070E+01    0.670138707469765E+00
    0.383280000000000E+03    0.207319936794761E+00    0.669541376674729E+00
    0.383300000000000E+03    0.254101627363411E+00    0.669543542732932E+00
    0.389560000000000E+03    0.233469466954386E+01    0.670147452950874E+00
    0.389580000000000E+03    0.238150049518197E+01    0.670144902585055E+00
    0.395860000000000E+03    0.451228720652375E+01    0.670118045340540E+00
    0.395880000000000E+03    0.455909203063868E+01    0.670117802868696E+00
    0.402140000000000E+03    0.354928266775914E+00    0.669566027347639E+00
    0.402160000000000E+03    0.401710855754573E+00    0.669569172702898E+00
    0.408420000000000E+03    0.248269421217856E+01    0.670144391976286E+00
    0.408440000000000E+03    0.252950010573977E+01    0.670141763918160E+00
    0.414700000000000E+03    0.461339890071793E+01    0.670090204767689E+00
    0.414720000000000E+03    0.466020257688160E+01    0.670089039105309E+00
    0.420980000000000E+03    0.455771089599239E+00    0.669602652460528E+00
    0.421000000000000E+03    0.502555158042469E+00    0.669606713366422E+00
    0.427260000000000E+03    0.258388815878561E+01    0.670134634438151E+00
    0.427280000000000E+03    0.263069360484246E+01    0.670132127929358E+00
    0.433540000000000E+03    0.471451754685256E+01    0.670061333950040E+00
    0.433560000000000E+03    0.476131993019635E+01    0.670059145535431E+00
    0.439840000000000E+03    0.603394151992006E+00    0.669646246773520E+00
    0.439860000000000E+03    0.650180051276720E+00    0.669651012606275E+00
    0.446120000000000E+03    0.273193172466472E+01    0.670128344499708E+00
    0.446140000000000E+03    0.277873669519386E+01    0.670126201501811E+00
    0.452400000000000E+03    0.486238552086729E+01    0.670019188885247E+00
    0.452420000000000E+03    0.490918630967644E+01    0.670016085506003E+00
    0.458680000000000E+03    0.704283692871968E+00    0.669690671929651E+00
    0.458700000000000E+03    0.751071226524573E+00    0.669695892958765E+00
    0.464960000000000E+03    0.283316771629870E+01    0.670125596779401E+00
    0.464980000000000E+03    0.287997266619709E+01    0.670123889874708E+00
    0.471240000000000E+03    0.496343562104812E+01    0.669970934923922E+00
    0.471260000000000E+03    0.501023449860554E+01    0.669966961743992E+00
    0.477540000000000E+03    0.851999675548086E+00    0.669752245712490E+00
    0.477560000000000E+03    0.898789757570967E+00    0.669757686787685E+00
    0.483820000000000E+03    0.298119436203751E+01    0.670116000276385E+00
    0.483840000000000E+03    0.302799904780977E+01    0.670115058882031E+00
    0.490100000000000E+03    0.511128630072517E+01    0.669918137006236E+00
    0.490120000000000E+03    0.515808294536305E+01    0.669913374790936E+00
    0.496380000000000E+03    0.952928162176249E+00    0.669804518618912E+00
    0.496400000000000E+03    0.999720540359249E+00    0.669809920157384E+00
    0.502660000000000E+03    0.308245678408048E+01    0.670115471608221E+00
    0.502680000000000E+03    0.312926131332370E+01    0.670115139286577E+00
    0.508940000000000E+03    0.521228695830769E+01    0.669867594186811E+00
    0.508960000000000E+03    0.525908172430422E+01    0.669862452594264E+00
    0.515240000000000E+03    0.110070087499093E+01    0.669861694475566E+00
    0.515260000000000E+03    0.114749537741477E+01    0.669866759472148E+00
    0.521520000000000E+03    0.323052293798742E+01    0.670118577480116E+00
    0.521540000000000E+03    0.327732758234038E+01    0.670119096475615E+00
    0.527800000000000E+03    0.536005634219691E+01    0.669803208659508E+00
    0.527820000000000E+03    0.540684848301703E+01    0.669797744442215E+00
    0.534080000000000E+03    0.120173449902882E+01    0.669919301539105E+00
    0.534100000000000E+03    0.124853126746189E+01    0.669923860198662E+00
    0.540360000000000E+03    0.333176357606658E+01    0.670119237410510E+00
    0.540380000000000E+03    0.337856836482160E+01    0.670120512064315E+00
    0.546640000000000E+03    0.546103780980934E+01    0.669750987790523E+00
    0.546660000000000E+03    0.550782773137553E+01    0.669745529474113E+00
    0.552940000000000E+03    0.134956779978052E+01    0.669971617817841E+00
    0.552960000000000E+03    0.139636684723814E+01    0.669975409487108E+00
    0.559220000000000E+03    0.347984430987322E+01    0.670124561093368E+00
    0.559240000000000E+03    0.352664921669316E+01    0.670126349624752E+00
    0.565500000000000E+03    0.560876568411231E+01    0.669696627569008E+00
    0.565520000000000E+03    0.565555362685086E+01    0.669691426224776E+00
    0.571780000000000E+03    0.145064708638756E+01    0.670014293371028E+00
    0.571800000000000E+03    0.149744780467813E+01    0.670017272617468E+00
    0.578060000000000E+03    0.358111998743357E+01    0.670134754681367E+00
    0.578080000000000E+03    0.362792530472370E+01    0.670137040625288E+00
    0.584340000000000E+03    0.570967257836583E+01    0.669644797729351E+00
    0.584360000000000E+03    0.575645838919104E+01    0.669640078280556E+00
    0.590620000000000E+03    0.155178379135123E+01    0.670057062089083E+00
    0.590640000000000E+03    0.159858607982756E+01    0.670059051919750E+00
    0.596920000000000E+03    0.372917481366085E+01    0.670142178937050E+00
    0.596940000000000E+03    0.377598050485062E+01    0.670144752059679E+00
    0.603200000000000E+03    0.585738037277315E+01    0.669601645162331E+00
    0.603220000000000E+03    0.590416424069394E+01    0.669597702939744E+00
    0.609480000000000E+03    0.169972267435924E+01    0.670090838107156E+00
    0.609500000000000E+03    0.174652640804425E+01    0.670091871371788E+00
    0.615760000000000E+03    0.383044898192270E+01    0.670145222245029E+00
    0.615780000000000E+03    0.387725465088283E+01    0.670147890488229E+00
    0.622040000000000E+03    0.595827845402459E+01    0.669571644207396E+00
    0.622060000000000E+03    0.600506122486263E+01    0.669568562078361E+00
    0.628320000000000E+03    0.180089334897161E+01    0.670113367095905E+00
    0.628340000000000E+03    0.184769800196204E+01    0.670113428369926E+00
    0.634620000000000E+03    0.397853332488876E+01    0.670156261469949E+00
    0.634640000000000E+03    0.402533950886868E+01    0.670158812543333E+00
    0.640900000000000E+03    0.610592847848125E+01    0.669541681452657E+00
    0.640920000000000E+03    0.615271017801001E+01    0.669539830740056E+00
    0.647180000000000E+03    0.194892256185494E+01    0.670132880694847E+00
    0.647200000000000E+03    0.199572787223565E+01    0.670131966352522E+00
    0.653460000000000E+03    0.407977611949468E+01    0.670154679185477E+00
    0.653480000000000E+03    0.412658243983310E+01    0.670156907424309E+00
    0.659740000000000E+03    0.620682588018053E+01    0.669530602803421E+00
    0.659760000000000E+03    0.625360700312490E+01    0.669529830442403E+00
    0.666020000000000E+03    0.205014251750140E+01    0.670147411859074E+00
    0.666040000000000E+03    0.209694853797123E+01    0.670145894910094E+00
    0.672320000000000E+03    0.422783577750852E+01    0.670149761909050E+00
    0.672340000000000E+03    0.427464173008434E+01    0.670151404965749E+00
    0.678600000000000E+03    0.713140447546721E-01    0.669531368876710E+00
    0.678620000000000E+03    0.118095203439452E+00    0.669531948382306E+00
    0.684880000000000E+03    0.219818928381665E+01    0.670147367574466E+00
    0.684900000000000E+03    0.224499525560032E+01    0.670145216918499E+00
    0.691160000000000E+03    0.432909789939276E+01    0.670144531753768E+00
    0.691180000000000E+03    0.437590360382819E+01    0.670145480715462E+00
    0.697440000000000E+03    0.172187864742455E+00    0.669538561146914E+00
    0.697460000000000E+03    0.218969440367800E+00    0.669540381687277E+00
    0.703720000000000E+03    0.229947831291020E+01    0.670150576317413E+00
    0.703740000000000E+03    0.234628428327414E+01    0.670148096640413E+00
    0.710000000000000E+03    0.443031508923059E+01    0.670126710251418E+00
    0.710020000000000E+03    0.447712027414900E+01    0.670126862932662E+00
    0.716300000000000E+03    0.319886985484118E+00    0.669560270974949E+00
    0.716320000000000E+03    0.366669345634591E+00    0.669563115304555E+00
    0.722580000000000E+03    0.244756825654122E+01    0.670148390138502E+00
    0.722600000000000E+03    0.249437432317836E+01    0.670145760606304E+00
    0.728860000000000E+03    0.457833248225597E+01    0.670101093819879E+00
    0.728880000000000E+03    0.462513659387560E+01    0.670100227974243E+00
    0.735140000000000E+03    0.420818661876865E+00    0.669594150533566E+00
    0.735160000000000E+03    0.467602384957900E+00    0.669597964743411E+00
    0.741420000000000E+03    0.254885417820765E+01    0.670139092745025E+00
    0.741440000000000E+03    0.259565980336038E+01    0.670136526812341E+00
    0.747700000000000E+03    0.467955196260277E+01    0.670074448033226E+00
    0.747720000000000E+03    0.472635486911145E+01    0.670072561204595E+00
    0.754000000000000E+03    0.568529339856241E+00    0.669635438409400E+00
    0.754020000000000E+03    0.615314803850652E+00    0.669640021517214E+00
    0.760280000000000E+03    0.269699032611470E+01    0.670132809076843E+00
    0.760300000000000E+03    0.274379547424815E+01    0.670130547315773E+00
    0.766560000000000E+03    0.482752180043849E+01    0.670034253080568E+00
    0.766580000000000E+03    0.487432319480149E+01    0.670031419202763E+00
    0.772840000000000E+03    0.669506449887649E+00    0.669678189337507E+00
    0.772860000000000E+03    0.716293484588959E+00    0.669683295688094E+00
    0.779120000000000E+03    0.279831845892068E+01    0.670129897925095E+00
    0.779140000000000E+03    0.284512359099904E+01    0.670128034242535E+00
    0.785400000000000E+03    0.492867401022909E+01    0.669987737889942E+00
    0.785420000000000E+03    0.497547356385644E+01    0.669984001461265E+00
    0.791700000000000E+03    0.817307530828430E+00    0.669738600099162E+00
    0.791720000000000E+03    0.864097065633132E+00    0.669744010654266E+00
    0.797980000000000E+03    0.294643837768513E+01    0.670119519652824E+00
    0.798000000000000E+03    0.299324320655978E+01    0.670118375113139E+00
    0.804260000000000E+03    0.507662765734949E+01    0.669936478999224E+00
    0.804280000000000E+03    0.512342504200956E+01    0.669931872141446E+00
    0.810540000000000E+03    0.918321358913317E+00    0.669790392846044E+00
    0.810560000000000E+03    0.965113160827514E+00    0.669795833204592E+00
    0.816820000000000E+03    0.304779436506851E+01    0.670118455318538E+00
    0.816840000000000E+03    0.309459900595493E+01    0.670117913385564E+00
    0.823100000000000E+03    0.517773004974151E+01    0.669886429389110E+00
    0.823120000000000E+03    0.522452556177313E+01    0.669881415051152E+00
    0.829400000000000E+03    0.106617934109249E+01    0.669847762020718E+00
    0.829420000000000E+03    0.111297326219574E+01    0.669852940703362E+00
    0.835680000000000E+03    0.319595416607103E+01    0.670120572854319E+00
    0.835700000000000E+03    0.324275888850048E+01    0.670120874214368E+00
    0.841960000000000E+03    0.532560274973139E+01    0.669822392509435E+00
    0.841980000000000E+03    0.537239565900609E+01    0.669816974810643E+00
    0.848240000000000E+03    0.116729771844939E+01    0.669906044536400E+00
    0.848260000000000E+03    0.121409395635214E+01    0.669910779035711E+00
    0.854520000000000E+03    0.329728883914186E+01    0.670120366873322E+00
    0.854540000000000E+03    0.334409367463991E+01    0.670121439363744E+00
    0.860800000000000E+03    0.542668603290349E+01    0.669769746605568E+00
    0.860820000000000E+03    0.547347672011756E+01    0.669764269763534E+00
    0.867080000000000E+03    0.126841700422870E+01    0.669955549111138E+00
    0.867100000000000E+03    0.131521542180803E+01    0.669959676038647E+00
    0.873380000000000E+03    0.344546433110349E+01    0.670125332593541E+00
    0.873400000000000E+03    0.349226927351924E+01    0.670126956999869E+00
    0.879660000000000E+03    0.557451515563889E+01    0.669714362574723E+00
    0.879680000000000E+03    0.562130381599491E+01    0.669709060060501E+00
    0.885940000000000E+03    0.141638044717320E+01    0.670003869604960E+00
    0.885960000000000E+03    0.146318074720648E+01    0.670007117977411E+00
    0.892220000000000E+03    0.354683454487167E+01    0.670135125175690E+00
    0.892240000000000E+03    0.359363987482539E+01    0.670137292355234E+00
    0.898500000000000E+03    0.567552293248036E+01    0.669660986881225E+00
    0.898520000000000E+03    0.572230938932989E+01    0.669656099121663E+00
    0.904780000000000E+03    0.151760300784554E+01    0.670048642686386E+00
    0.904800000000000E+03    0.156440495809193E+01    0.670050923306084E+00
    0.911080000000000E+03    0.369498464824710E+01    0.670142579357589E+00
    0.911100000000000E+03    0.374179035698171E+01    0.670145087017517E+00
    0.917360000000000E+03    0.582333097763512E+01    0.669615589094593E+00
    0.917380000000000E+03    0.587011540062940E+01    0.669611410987054E+00
    0.923640000000000E+03    0.166562787144449E+01    0.670084488837428E+00
    0.923660000000000E+03    0.171243135529539E+01    0.670085803123626E+00
    0.929920000000000E+03    0.379635515428845E+01    0.670145964944010E+00
    0.929940000000000E+03    0.384316085640967E+01    0.670148623715058E+00
    0.936200000000000E+03    0.592432678741807E+01    0.669583140535497E+00
    0.936220000000000E+03    0.597111002561451E+01    0.669579779697901E+00
    0.942480000000000E+03    0.176688586695673E+01    0.670109202355895E+00
    0.942500000000000E+03    0.181369035777016E+01    0.670109533055317E+00
    0.948780000000000E+03    0.394453538778680E+01    0.670157740579608E+00
    0.948800000000000E+03    0.399134163157623E+01    0.670160352931505E+00
    0.955060000000000E+03    0.607207420525174E+01    0.669549912234180E+00
    0.955080000000000E+03    0.611885623348462E+01    0.669547729582117E+00
    0.961340000000000E+03    0.191500293553509E+01    0.670131072020304E+00
    0.961360000000000E+03    0.196180817952609E+01    0.670130369149980E+00
    0.967620000000000E+03    0.404587495520445E+01    0.670157245420084E+00
    0.967640000000000E+03    0.409268136814626E+01    0.670159589958591E+00
    0.973900000000000E+03    0.617306723839602E+01    0.669535857537427E+00
    0.973920000000000E+03    0.621984856082145E+01    0.669534742286668E+00
    0.980180000000000E+03    0.201631106352897E+01    0.670147177429497E+00
    0.980200000000000E+03    0.206311706881161E+01    0.670145858527253E+00
    0.986480000000000E+03    0.419403302824458E+01    0.670153898456273E+00
    0.986500000000000E+03    0.424083912525384E+01    0.670155717400938E+00
    0.992760000000000E+03    0.376493329422374E-01    0.669533046801871E+00
    0.992780000000000E+03    0.844305546988835E-01    0.669533272600055E+00
    0.999040000000000E+03    0.216444768387328E+01    0.670148943277701E+00
    0.999060000000000E+03    0.221125372141887E+01    0.670146927925493E+00
    0.100532000000000E+04    0.429539321780203E+01    0.670150372756804E+00
    0.100534000000000E+04    0.434219915657832E+01    0.670151543736181E+00
    0.101160000000000E+04    0.138615639232739E+00    0.669536917569083E+00
    0.101162000000000E+04    0.185397148335142E+00    0.669538397823450E+00
    0.101788000000000E+04    0.226582692575812E+01    0.670153360712918E+00
    0.101790000000000E+04    0.231263302437173E+01    0.670150966520600E+00
    0.102416000000000E+04    0.439670922858249E+01    0.670134399986514E+00
    0.102418000000000E+04    0.444351473008510E+01    0.670134804831983E+00
    0.103046000000000E+04    0.286405984208159E+00    0.669555700571775E+00
    0.103048000000000E+04    0.333188162969691E+00    0.669558245190691E+00
    0.103674000000000E+04    0.241400723032893E+01    0.670152134463413E+00
    0.103676000000000E+04    0.246081345493803E+01    0.670149521417735E+00
    0.104302000000000E+04    0.454482706117597E+01    0.670110999960123E+00
    0.104304000000000E+04    0.459163156772456E+01    0.670110417492819E+00
    0.104930000000000E+04    0.387427142093202E+00    0.669586834413253E+00
    0.104932000000000E+04    0.434210567701939E+00    0.669590396796610E+00
    0.105558000000000E+04    0.251538513558444E+01    0.670143366611285E+00
    0.105560000000000E+04    0.256219093251730E+01    0.670140760386964E+00
    0.106186000000000E+04    0.464614696422632E+01    0.670086501905678E+00
    0.106188000000000E+04    0.469295035145524E+01    0.670084904644908E+00
    0.106816000000000E+04    0.535226002621130E+00    0.669625782849779E+00
    0.106818000000000E+04    0.582011084531587E+00    0.669630173387030E+00
    0.107444000000000E+04    0.266361376767372E+01    0.670137209668232E+00
    0.107446000000000E+04    0.271041909230598E+01    0.670134848536058E+00
    0.108072000000000E+04    0.479421818304354E+01    0.670048246743326E+00
    0.108074000000000E+04    0.484102014133578E+01    0.670045677118319E+00
    0.108700000000000E+04    0.636291191543478E+00    0.669666786204559E+00
    0.108702000000000E+04    0.683077772493561E+00    0.669671762408618E+00
    0.109328000000000E+04    0.276503395357304E+01    0.670134201296174E+00
    0.109330000000000E+04    0.281183926925451E+01    0.670132204218217E+00
    0.109956000000000E+04    0.489547204540349E+01    0.670003481237298E+00
    0.109958000000000E+04    0.494227223242888E+01    0.669999983136939E+00
    0.110586000000000E+04    0.784177972936050E+00    0.669725900338454E+00
    0.110588000000000E+04    0.830966998214990E+00    0.669731261284782E+00
    0.111214000000000E+04    0.291324710899016E+01    0.670123170403278E+00
    0.111216000000000E+04    0.296005208591851E+01    0.670121839867956E+00
    0.111842000000000E+04    0.504352820754093E+01    0.669953858552268E+00
    0.111844000000000E+04    0.509032629172270E+01    0.669949424084456E+00
    0.112470000000000E+04    0.885277665253852E+00    0.669777076325188E+00
    0.112472000000000E+04    0.932068921993960E+00    0.669782533278606E+00
    0.113098000000000E+04    0.301469657847019E+01    0.670121615569333E+00
    0.113100000000000E+04    0.306150133778965E+01    0.670120876460570E+00
    0.113726000000000E+04    0.514473203803891E+01    0.669904369309315E+00
    0.113728000000000E+04    0.519152826063055E+01    0.669899494117890E+00
    0.114354000000000E+04    0.986428232162325E+00    0.669829137447965E+00
    0.114356000000000E+04    0.103322137818350E+01    0.669834456732330E+00
    0.114984000000000E+04    0.316294993902420E+01    0.670122811173489E+00
    0.114986000000000E+04    0.320975474980014E+01    0.670122902009076E+00
    0.115612000000000E+04    0.529270767359276E+01    0.669840845179970E+00
    0.115614000000000E+04    0.533950132231439E+01    0.669835491334600E+00
