    0.000000000000000E+00    0.190000000000000E+01    0.680000000000000E+00
    0.200000000000000E-01    0.194719998825495E+01    0.679999388979664E+00
    0.630000000000000E+01    0.420189037685463E+01    0.680016556280169E+00
    0.632000000000000E+01    0.424909075171251E+01    0.680018268855331E+00
    0.125800000000000E+02    0.169059623395288E+00    0.679422033602761E+00
    0.126000000000000E+02    0.216236176669053E+00    0.679423570764989E+00
    0.188600000000000E+02    0.242027284616795E+01    0.679996217418540E+00
    0.188800000000000E+02    0.246747266643865E+01    0.679993580963110E+00
    0.251400000000000E+02    0.467469029125533E+01    0.679938879622968E+00
    0.251600000000000E+02    0.472188780111075E+01    0.679937174833817E+00
    0.314200000000000E+02    0.640627231926047E+00    0.679566730609830E+00
    0.314400000000000E+02    0.687807178233001E+00    0.679571543048343E+00
    0.377000000000000E+02    0.289263238545855E+01    0.679925580254872E+00
    0.377200000000000E+02    0.293982933673527E+01    0.679924210481519E+00
    0.440000000000000E+02    0.519312510147552E+01    0.679709618054818E+00
    0.440200000000000E+02    0.524031441597191E+01    0.679704702670569E+00
    0.502800000000000E+02    0.115851662791036E+01    0.679723296744167E+00
    0.503000000000000E+02    0.120570554778425E+01    0.679728111482082E+00
    0.565600000000000E+02    0.341157042583967E+01    0.679959773148282E+00
    0.565800000000000E+02    0.345876604403978E+01    0.679961424997948E+00
    0.628400000000000E+02    0.566308411471320E+01    0.679452087055794E+00
    0.628600000000000E+02    0.571026213953800E+01    0.679447121331196E+00
    0.691200000000000E+02    0.162811753789376E+01    0.679840207374448E+00
    0.691400000000000E+02    0.167531140643555E+01    0.679841683283543E+00
    0.754000000000000E+02    0.388169942072230E+01    0.679945139104840E+00
    0.754200000000000E+02    0.392889737904744E+01    0.679948184176246E+00
    0.817000000000000E+02    0.617961102687573E+01    0.679368978075200E+00
    0.817200000000000E+02    0.622678557323451E+01    0.679367799442139E+00
    0.879800000000000E+02    0.214626375668215E+01    0.679947313486681E+00
    0.880000000000000E+02    0.219346134516522E+01    0.679945362501857E+00
    0.942600000000000E+02    0.440009090312896E+01    0.679937937094229E+00
    0.942800000000000E+02    0.444728855662734E+01    0.679938443630967E+00
    0.100540000000000E+03    0.366238973946082E+00    0.679401514643166E+00
    0.100560000000000E+03    0.413414961811270E+00    0.679404841258720E+00
    0.106820000000000E+03    0.261750169417857E+01    0.679937952993379E+00
    0.106840000000000E+03    0.266469926164280E+01    0.679935530710080E+00
    0.113100000000000E+03    0.487109773566510E+01    0.679826318849194E+00
    0.113120000000000E+03    0.491829084812309E+01    0.679822987319016E+00
    0.119400000000000E+03    0.883404644211964E+00    0.679590787142109E+00
    0.119420000000000E+03    0.930586618465668E+00    0.679596101591542E+00
    0.125680000000000E+03    0.313560741542744E+01    0.679890962600910E+00
    0.125700000000000E+03    0.318280299980245E+01    0.679890863688615E+00
    0.131960000000000E+03    0.538808359167496E+01    0.679590984382121E+00
    0.131980000000000E+03    0.543526712541205E+01    0.679585512943346E+00
    0.138240000000000E+03    0.135308232707592E+01    0.679775653217425E+00
    0.138260000000000E+03    0.140027406010915E+01    0.679779161160742E+00
    0.144520000000000E+03    0.360652134879808E+01    0.679928488910136E+00
    0.144540000000000E+03    0.365371855061346E+01    0.679930870211274E+00
    0.150800000000000E+03    0.585788668026146E+01    0.679430444242880E+00
    0.150820000000000E+03    0.590506119363346E+01    0.679427028074786E+00
    0.157080000000000E+03    0.182320072815133E+01    0.679887554483748E+00
    0.157100000000000E+03    0.187039588533332E+01    0.679886895543815E+00
    0.163380000000000E+03    0.412360028034021E+01    0.679904050796291E+00
    0.163400000000000E+03    0.417079610837061E+01    0.679906221618017E+00
    0.169660000000000E+03    0.898901860426804E-01    0.679309141616984E+00
    0.169680000000000E+03    0.137062428273737E+00    0.679309961429047E+00
    0.175940000000000E+03    0.233962328950594E+01    0.679892440853080E+00
    0.175960000000000E+03    0.238681879839021E+01    0.679889857677079E+00
    0.182220000000000E+03    0.459273636725061E+01    0.679851552933599E+00
    0.182240000000000E+03    0.463993037474813E+01    0.679850502813479E+00
    0.188500000000000E+03    0.557735592417714E+00    0.679409339053185E+00
    0.188520000000000E+03    0.604911886808168E+00    0.679414303752559E+00
    0.194780000000000E+03    0.280895189433750E+01    0.679866826471121E+00
    0.194800000000000E+03    0.285614653061975E+01    0.679865051364055E+00
    0.201080000000000E+03    0.510874785421328E+01    0.679693104113660E+00
    0.201100000000000E+03    0.515593551641609E+01    0.679688493653862E+00
    0.207360000000000E+03    0.107326150511881E+01    0.679621076417157E+00
    0.207380000000000E+03    0.112044660251382E+01    0.679626191552969E+00
    0.213640000000000E+03    0.332567633341807E+01    0.679868110253853E+00
    0.213660000000000E+03    0.337287104284013E+01    0.679869167386111E+00
    0.219920000000000E+03    0.557730576546021E+01    0.679480899725441E+00
    0.219940000000000E+03    0.562448499296443E+01    0.679475627667037E+00
    0.226200000000000E+03    0.154222157163713E+01    0.679816941604616E+00
    0.226220000000000E+03    0.158941452953263E+01    0.679819172880781E+00
    0.232480000000000E+03    0.379538350596920E+01    0.679896804357436E+00
    0.232500000000000E+03    0.384257919371851E+01    0.679899465461499E+00
    0.238780000000000E+03    0.609294231976435E+01    0.679332758593042E+00
    0.238800000000000E+03    0.614011548678491E+01    0.679330642934536E+00
    0.245060000000000E+03    0.205880776366041E+01    0.679896891853971E+00
    0.245080000000000E+03    0.210600362312368E+01    0.679895439506238E+00
    0.251340000000000E+03    0.431211052277501E+01    0.679901237666595E+00
    0.251360000000000E+03    0.435930665134026E+01    0.679902330676570E+00
    0.257620000000000E+03    0.278212928173161E+00    0.679348451950237E+00
    0.257640000000000E+03    0.325388615598513E+00    0.679352177015595E+00
    0.263900000000000E+03    0.252909235067034E+01    0.679927275738326E+00
    0.263920000000000E+03    0.257628957558438E+01    0.679924699124570E+00
    0.270180000000000E+03    0.478263411203648E+01    0.679838537886487E+00
    0.270200000000000E+03    0.482982756537183E+01    0.679835828266152E+00
    0.276480000000000E+03    0.794941043824338E+00    0.679531184153556E+00
    0.276500000000000E+03    0.842121395087247E+00    0.679536634386329E+00
    0.282760000000000E+03    0.304714545815989E+01    0.679908394022919E+00
    0.282780000000000E+03    0.309434185456450E+01    0.679907846910326E+00
    0.289040000000000E+03    0.529999871766938E+01    0.679644339114960E+00
    0.289060000000000E+03    0.534718431495344E+01    0.679638971298357E+00
    0.295320000000000E+03    0.126502186016694E+01    0.679752794156592E+00
    0.295340000000000E+03    0.131221222898228E+01    0.679756993027671E+00
    0.301600000000000E+03    0.351835323459591E+01    0.679921980804501E+00
    0.301620000000000E+03    0.356555012876015E+01    0.679923991929081E+00
    0.307880000000000E+03    0.576999592123423E+01    0.679451843717605E+00
    0.307900000000000E+03    0.581717395757983E+01    0.679447446488165E+00
    0.314160000000000E+03    0.173582206581762E+01    0.679914441404202E+00
    0.314180000000000E+03    0.178301884681787E+01    0.679915055626586E+00
    0.320460000000000E+03    0.403689622215757E+01    0.679956410080310E+00
    0.320480000000000E+03    0.408409458210576E+01    0.679958824266859E+00
    0.326740000000000E+03    0.405718582658210E-02    0.679358532703780E+00
    0.326760000000000E+03    0.512314325585521E-01    0.679358418792945E+00
    0.333020000000000E+03    0.225426404863981E+01    0.679957795719949E+00
    0.333040000000000E+03    0.230146242402043E+01    0.679955473851740E+00
    0.339300000000000E+03    0.450845557437685E+01    0.679928811308180E+00
    0.339320000000000E+03    0.455565410693885E+01    0.679928153551569E+00
    0.345580000000000E+03    0.474850036245357E+00    0.679474398483662E+00
    0.345600000000000E+03    0.522029087395595E+00    0.679478574325256E+00
    0.351860000000000E+03    0.272696646792326E+01    0.679965087375129E+00
    0.351880000000000E+03    0.277416512634909E+01    0.679962994038127E+00
    0.358160000000000E+03    0.502807515405652E+01    0.679812084134543E+00
    0.358180000000000E+03    0.507526755355559E+01    0.679807839198860E+00
    0.364440000000000E+03    0.993721014130301E+00    0.679676963605673E+00
    0.364460000000000E+03    0.104090829533368E+01    0.679682306496692E+00
    0.370720000000000E+03    0.324705414325479E+01    0.679952526011806E+00
    0.370740000000000E+03    0.329425219149732E+01    0.679953122334682E+00
    0.377000000000000E+03    0.549997933109398E+01    0.679595429186463E+00
    0.377020000000000E+03    0.554716310559206E+01    0.679589951462786E+00
    0.383280000000000E+03    0.146588307652530E+01    0.679863423883054E+00
    0.383300000000000E+03    0.151307940801951E+01    0.679866015843816E+00
    0.389560000000000E+03    0.372037423109361E+01    0.680003021744085E+00
    0.389580000000000E+03    0.376757443591680E+01    0.680005663274550E+00
    0.395860000000000E+03    0.601950591624291E+01    0.679449961877893E+00
    0.395880000000000E+03    0.606668398811735E+01    0.679447277009208E+00
    0.402140000000000E+03    0.198655739074297E+01    0.680001795715319E+00
    0.402160000000000E+03    0.203375752966758E+01    0.680000695426461E+00
    0.408420000000000E+03    0.424130146895595E+01    0.680018016463109E+00
    0.408440000000000E+03    0.428850220381719E+01    0.680019528703768E+00
    0.414700000000000E+03    0.208696999078825E+00    0.679437417831632E+00
    0.414720000000000E+03    0.255874386468122E+00    0.679439402702476E+00
    0.420980000000000E+03    0.245996637149949E+01    0.679976556612947E+00
    0.421000000000000E+03    0.250716538283120E+01    0.679973915889402E+00
    0.427260000000000E+03    0.471407651831316E+01    0.679901189604032E+00
    0.427280000000000E+03    0.476127244050190E+01    0.679899005287075E+00
    0.433540000000000E+03    0.679932199185941E+00    0.679544951000267E+00
    0.433560000000000E+03    0.727114140005369E+00    0.679550131995466E+00
    0.439840000000000E+03    0.297990487295692E+01    0.679951104992753E+00
    0.439860000000000E+03    0.302710444488139E+01    0.679950201756541E+00
    0.446120000000000E+03    0.523345856514493E+01    0.679718070223145E+00
    0.446140000000000E+03    0.528064731502764E+01    0.679712678085466E+00
    0.452400000000000E+03    0.119893451864186E+01    0.679763185282122E+00
    0.452420000000000E+03    0.124612501763636E+01    0.679767832324034E+00
    0.458680000000000E+03    0.345260520938291E+01    0.679953846410265E+00
    0.458700000000000E+03    0.349980329067603E+01    0.679955628078115E+00
    0.464960000000000E+03    0.570475370765530E+01    0.679517663622351E+00
    0.464980000000000E+03    0.575193053557018E+01    0.679513716074635E+00
    0.471240000000000E+03    0.166993329860611E+01    0.679859400006843E+00
    0.471260000000000E+03    0.171712771477996E+01    0.679860545811492E+00
    0.477540000000000E+03    0.397046831123203E+01    0.679914873347040E+00
    0.477560000000000E+03    0.401766498346865E+01    0.679917433059421E+00
    0.483820000000000E+03    0.622096624886126E+01    0.679300926089054E+00
    0.483840000000000E+03    0.626814272269007E+01    0.679300939262966E+00
    0.490100000000000E+03    0.218813269766019E+01    0.679974491306242E+00
    0.490120000000000E+03    0.223533173215219E+01    0.679972372126324E+00
    0.496380000000000E+03    0.444220706471242E+01    0.679950605202024E+00
    0.496400000000000E+03    0.448940419896439E+01    0.679950568130153E+00
    0.502660000000000E+03    0.408364644953053E+00    0.679431086924218E+00
    0.502680000000000E+03    0.455541902940922E+00    0.679434896736114E+00
    0.508940000000000E+03    0.265999346503986E+01    0.679949585244473E+00
    0.508960000000000E+03    0.270719141719678E+01    0.679947264466239E+00
    0.515240000000000E+03    0.496087312105965E+01    0.679811393986436E+00
    0.515260000000000E+03    0.500806556594625E+01    0.679807597969597E+00
    0.521520000000000E+03    0.925763752293733E+00    0.679582362257699E+00
    0.521540000000000E+03    0.972947103038223E+00    0.679587790606954E+00
    0.527800000000000E+03    0.317814715481336E+01    0.679889505238869E+00
    0.527820000000000E+03    0.322534264703677E+01    0.679889698399405E+00
    0.534080000000000E+03    0.542981502600151E+01    0.679517918746657E+00
    0.534100000000000E+03    0.547699420464278E+01    0.679510558886566E+00
    0.540360000000000E+03    0.139387601502312E+01    0.679715187849519E+00
    0.540380000000000E+03    0.144106487925524E+01    0.679718484859107E+00
    0.546640000000000E+03    0.364642748553683E+01    0.679857535638515E+00
    0.546660000000000E+03    0.369362177603216E+01    0.679859978159821E+00
    0.552940000000000E+03    0.594407637345512E+01    0.679330497584261E+00
    0.552960000000000E+03    0.599124952403872E+01    0.679327125759353E+00
    0.559220000000000E+03    0.190917073385253E+01    0.679856397621708E+00
    0.559240000000000E+03    0.195636505960192E+01    0.679855891429618E+00
    0.565500000000000E+03    0.416238069732435E+01    0.679889933389682E+00
    0.565520000000000E+03    0.420957692988532E+01    0.679891740540005E+00
    0.571780000000000E+03    0.128613478209218E+00    0.679312819728430E+00
    0.571800000000000E+03    0.175786797143473E+00    0.679314582406177E+00
    0.578060000000000E+03    0.237886205893506E+01    0.679923625554714E+00
    0.578080000000000E+03    0.242605904895458E+01    0.679921031074526E+00
    0.584340000000000E+03    0.463228262856069E+01    0.679858531274988E+00
    0.584360000000000E+03    0.467947712165596E+01    0.679857080678029E+00
    0.590620000000000E+03    0.596620585597293E+00    0.679380268253861E+00
    0.590640000000000E+03    0.643795680459561E+00    0.679385149389550E+00
    0.596920000000000E+03    0.289445616162675E+01    0.679815142790911E+00
    0.596940000000000E+03    0.294164898565441E+01    0.679813795234623E+00
    0.603200000000000E+03    0.514637707444922E+01    0.679615279573741E+00
    0.603220000000000E+03    0.519356165714385E+01    0.679610385910551E+00
    0.609480000000000E+03    0.111021222043905E+01    0.679589137393731E+00
    0.609500000000000E+03    0.115739586802079E+01    0.679594122913923E+00
    0.615760000000000E+03    0.336199406187825E+01    0.679815509717892E+00
    0.615780000000000E+03    0.340918654263874E+01    0.679816808389826E+00
    0.622040000000000E+03    0.561255765193960E+01    0.679381549388476E+00
    0.622060000000000E+03    0.565973279959439E+01    0.679376405266389E+00
    0.628320000000000E+03    0.157640097102035E+01    0.679742325953984E+00
    0.628340000000000E+03    0.162359068817341E+01    0.679744142371378E+00
    0.634620000000000E+03    0.387568215814781E+01    0.679816658656116E+00
    0.634640000000000E+03    0.392287504220758E+01    0.679819374172699E+00
    0.640900000000000E+03    0.612482436664413E+01    0.679234463132692E+00
    0.640920000000000E+03    0.617199358412108E+01    0.679232743377860E+00
    0.647180000000000E+03    0.208970028898580E+01    0.679818628345093E+00
    0.647200000000000E+03    0.213689317272497E+01    0.679816989695915E+00
    0.653460000000000E+03    0.434204257129932E+01    0.679812164117243E+00
    0.653480000000000E+03    0.438923524074744E+01    0.679813080705980E+00
    0.659740000000000E+03    0.306739073535937E+00    0.679269126857522E+00
    0.659760000000000E+03    0.353909748047045E+00    0.679272146473984E+00
    0.666020000000000E+03    0.255627000044274E+01    0.679807939224587E+00
    0.666040000000000E+03    0.260346242890523E+01    0.679805389747290E+00
    0.672320000000000E+03    0.485548012831168E+01    0.679711502275647E+00
    0.672340000000000E+03    0.490266831807116E+01    0.679708203490460E+00
    0.678600000000000E+03    0.819036528176639E+00    0.679421590329483E+00
    0.678620000000000E+03    0.866212890367706E+00    0.679426996848669E+00
    0.684880000000000E+03    0.306971822088462E+01    0.679777535012215E+00
    0.684900000000000E+03    0.311690904085071E+01    0.679777178272432E+00
    0.691160000000000E+03    0.532074692824358E+01    0.679493540317689E+00
    0.691180000000000E+03    0.536792646973731E+01    0.679488116716343E+00
    0.697440000000000E+03    0.128404309277130E+01    0.679622978123724E+00
    0.697460000000000E+03    0.133122818619154E+01    0.679627067370280E+00
    0.703720000000000E+03    0.353554994654974E+01    0.679775924607147E+00
    0.703740000000000E+03    0.358274084470281E+01    0.679778007673826E+00
    0.710000000000000E+03    0.578525006601421E+01    0.679294819522429E+00
    0.710020000000000E+03    0.583242179906983E+01    0.679290556893309E+00
    0.716300000000000E+03    0.179638406681738E+01    0.679765314279591E+00
    0.716320000000000E+03    0.184357476480841E+01    0.679765476988415E+00
    0.722580000000000E+03    0.404820432837028E+01    0.679796081037348E+00
    0.722600000000000E+03    0.409539527873949E+01    0.679798441934449E+00
    0.728860000000000E+03    0.132888084199294E-01    0.679202539768339E+00
    0.728880000000000E+03    0.604568796177318E-01    0.679202601690967E+00
    0.735140000000000E+03    0.226219255902629E+01    0.679846833935066E+00
    0.735160000000000E+03    0.230938645107040E+01    0.679844468814111E+00
    0.741420000000000E+03    0.451474554904530E+01    0.679812067914574E+00
    0.741440000000000E+03    0.456193816862378E+01    0.679811620543973E+00
    0.747700000000000E+03    0.479285409927570E+00    0.679330935154402E+00
    0.747720000000000E+03    0.526458644012109E+00    0.679335160879904E+00
    0.754000000000000E+03    0.277674497004523E+01    0.679817010407739E+00
    0.754020000000000E+03    0.282393762051561E+01    0.679815011080591E+00
    0.760280000000000E+03    0.502888566521824E+01    0.679654445557220E+00
    0.760300000000000E+03    0.507607293972433E+01    0.679650239577664E+00
    0.766560000000000E+03    0.993071342108124E+00    0.679556052840010E+00
    0.766580000000000E+03    0.104025415017122E+01    0.679561351330734E+00
    0.772840000000000E+03    0.324494219134976E+01    0.679834620491053E+00
    0.772860000000000E+03    0.329213554508760E+01    0.679835230195014E+00
    0.779120000000000E+03    0.549645360119462E+01    0.679489069113083E+00
    0.779140000000000E+03    0.554363323707162E+01    0.679483660395589E+00
    0.785400000000000E+03    0.146122552178895E+01    0.679791282191632E+00
    0.785420000000000E+03    0.150841724995666E+01    0.679794093295057E+00
    0.791700000000000E+03    0.376149722933292E+01    0.679900049581260E+00
    0.791720000000000E+03    0.380869328662698E+01    0.679902681659920E+00
    0.797980000000000E+03    0.601203299022791E+01    0.679357856718961E+00
    0.798000000000000E+03    0.605920529331183E+01    0.679355470343885E+00
    0.804260000000000E+03    0.197731502174724E+01    0.679862893097225E+00
    0.804280000000000E+03    0.202450941079087E+01    0.679861531903823E+00
    0.810540000000000E+03    0.423021815889069E+01    0.679880206660394E+00
    0.810560000000000E+03    0.427741339539125E+01    0.679881763528381E+00
    0.816820000000000E+03    0.196016152218363E+00    0.679303505660476E+00
    0.816840000000000E+03    0.243188175010573E+00    0.679305377207505E+00
    0.823100000000000E+03    0.244599546247514E+01    0.679873706578013E+00
    0.823120000000000E+03    0.249319037188593E+01    0.679871057203411E+00
    0.829400000000000E+03    0.474595885056647E+01    0.679800916320261E+00
    0.829420000000000E+03    0.479315086460633E+01    0.679798806487589E+00
    0.835680000000000E+03    0.710583955504944E+00    0.679439403369550E+00
    0.835700000000000E+03    0.757761543302649E+00    0.679444607269056E+00
    0.841960000000000E+03    0.296164920724095E+01    0.679855817932892E+00
    0.841980000000000E+03    0.300884116451516E+01    0.679855016793819E+00
    0.848240000000000E+03    0.521323121922273E+01    0.679575635716992E+00
    0.848260000000000E+03    0.526041407146886E+01    0.679570151556198E+00
    0.854520000000000E+03    0.117680570711104E+01    0.679603016030842E+00
    0.854540000000000E+03    0.122398967272534E+01    0.679607688762719E+00
    0.860800000000000E+03    0.342851559566520E+01    0.679804191563273E+00
    0.860820000000000E+03    0.347570767193861E+01    0.679805884797452E+00
    0.867080000000000E+03    0.567895902807754E+01    0.679359064253412E+00
    0.867100000000000E+03    0.572613339929626E+01    0.679354218883616E+00
    0.873380000000000E+03    0.169026745233487E+01    0.679772756292685E+00
    0.873400000000000E+03    0.173745840117454E+01    0.679773932123953E+00
    0.879660000000000E+03    0.394255321568107E+01    0.679825962766547E+00
    0.879680000000000E+03    0.398974622102060E+01    0.679828552996095E+00
    0.885940000000000E+03    0.619139029542021E+01    0.679233717138258E+00
    0.885960000000000E+03    0.623855921657878E+01    0.679232732223712E+00
    0.892220000000000E+03    0.215640557990355E+01    0.679820213335027E+00
    0.892240000000000E+03    0.220359841242089E+01    0.679818178388507E+00
    0.898500000000000E+03    0.440872485693262E+01    0.679809670994769E+00
    0.898520000000000E+03    0.445591729221496E+01    0.679810035896235E+00
    0.904780000000000E+03    0.373194315837281E+00    0.679274383656126E+00
    0.904800000000000E+03    0.420364945416623E+00    0.679277893279341E+00
    0.911080000000000E+03    0.267011727206682E+01    0.679808298147197E+00
    0.911100000000000E+03    0.271730983585257E+01    0.679806003379411E+00
    0.917360000000000E+03    0.492211940167999E+01    0.679684310418156E+00
    0.917380000000000E+03    0.496930680803371E+01    0.679680749222066E+00
    0.923640000000000E+03    0.885807226996349E+00    0.679469291675139E+00
    0.923660000000000E+03    0.932985974133771E+00    0.679474740429319E+00
    0.929920000000000E+03    0.313681676620945E+01    0.679787559887392E+00
    0.929940000000000E+03    0.318400829366192E+01    0.679787620213521E+00
    0.936200000000000E+03    0.538797310345672E+01    0.679481264430512E+00
    0.936220000000000E+03    0.543515227109356E+01    0.679475791141255E+00
    0.942480000000000E+03    0.135157697322120E+01    0.679676736082876E+00
    0.942500000000000E+03    0.139876415285016E+01    0.679680337046780E+00
    0.948780000000000E+03    0.365077252021365E+01    0.679811234558202E+00
    0.948800000000000E+03    0.369796495175569E+01    0.679813651137865E+00
    0.955060000000000E+03    0.590062184394537E+01    0.679290281580615E+00
    0.955080000000000E+03    0.594779342009178E+01    0.679286624906550E+00
    0.961340000000000E+03    0.186511190316060E+01    0.679807478546850E+00
    0.961360000000000E+03    0.191230450045532E+01    0.679807269953802E+00
    0.967620000000000E+03    0.411772059195982E+01    0.679840857624545E+00
    0.967640000000000E+03    0.416491451083084E+01    0.679842951634820E+00
    0.973900000000000E+03    0.831853996978680E-01    0.679243519232206E+00
    0.973920000000000E+03    0.130355011329812E+00    0.679244344803863E+00
    0.980180000000000E+03    0.233212175370272E+01    0.679834840137899E+00
    0.980200000000000E+03    0.237931511993929E+01    0.679832297172289E+00
    0.986480000000000E+03    0.463169504064172E+01    0.679782606975797E+00
    0.986500000000000E+03    0.467888627060802E+01    0.679781359076937E+00
    0.992760000000000E+03    0.595759552012623E+00    0.679346988871756E+00
    0.992780000000000E+03    0.642932549051693E+00    0.679351687655293E+00
    0.999040000000000E+03    0.284602227338337E+01    0.679801550822210E+00
    0.999060000000000E+03    0.289321445686255E+01    0.679799956656649E+00
    0.100532000000000E+04    0.509786029742145E+01    0.679618446406928E+00
    0.100534000000000E+04    0.514504502328509E+01    0.679613743158836E+00
    0.101160000000000E+04    0.106144773451069E+01    0.679550260813737E+00
    0.101162000000000E+04    0.110862983875359E+01    0.679555408073206E+00
    0.101788000000000E+04    0.331290876740150E+01    0.679798191246702E+00
    0.101790000000000E+04    0.336010077604169E+01    0.679799439968811E+00
    0.102416000000000E+04    0.556381770922417E+01    0.679415699633545E+00
    0.102418000000000E+04    0.561099468116345E+01    0.679410387397910E+00
    0.103046000000000E+04    0.157498746584133E+01    0.679748394013652E+00
    0.103048000000000E+04    0.162217758770521E+01    0.679750439476576E+00
    0.103674000000000E+04    0.382734847615666E+01    0.679838803168457E+00
    0.103676000000000E+04    0.387454239155477E+01    0.679841516169793E+00
    0.104302000000000E+04    0.607696667613118E+01    0.679267279154859E+00
    0.104304000000000E+04    0.612413721306393E+01    0.679265174880010E+00
    0.104930000000000E+04    0.204204867119915E+01    0.679839102353443E+00
    0.104932000000000E+04    0.208924236836265E+01    0.679837682965301E+00
    0.105558000000000E+04    0.429460755749551E+01    0.679834597882076E+00
    0.105560000000000E+04    0.434180091750341E+01    0.679835711212073E+00
    0.106186000000000E+04    0.259585680773398E+00    0.679270373159554E+00
    0.106188000000000E+04    0.306756381025480E+00    0.679273005836680E+00
    0.106816000000000E+04    0.255664020340464E+01    0.679808810006481E+00
    0.106818000000000E+04    0.260383512190083E+01    0.679806455957320E+00
    0.107444000000000E+04    0.480948186203113E+01    0.679780623241723E+00
    0.107446000000000E+04    0.485667307221456E+01    0.679777977294850E+00
    0.108072000000000E+04    0.774008225778744E+00    0.679476823601048E+00
    0.108074000000000E+04    0.821187271160397E+00    0.679482195593850E+00
    0.108700000000000E+04    0.302545875626947E+01    0.679842702350414E+00
    0.108702000000000E+04    0.307265250168984E+01    0.679842052437483E+00
    0.109328000000000E+04    0.527755403075935E+01    0.679590159890592E+00
    0.109330000000000E+04    0.532473788931702E+01    0.679584512371920E+00
    0.109956000000000E+04    0.124171963471372E+01    0.679682949759956E+00
    0.109958000000000E+04    0.128890700317834E+01    0.679687276882651E+00
    0.110586000000000E+04    0.354138144639865E+01    0.679858594811213E+00
    0.110588000000000E+04    0.358857581615075E+01    0.679860760378440E+00
    0.111214000000000E+04    0.579222326161198E+01    0.679374440834666E+00
    0.111216000000000E+04    0.583939769781364E+01    0.679370094230921E+00
    0.111842000000000E+04    0.175681259833982E+01    0.679825346944595E+00
    0.111844000000000E+04    0.180400568021832E+01    0.679825958865776E+00
    0.112470000000000E+04    0.400959705501009E+01    0.679875418443971E+00
    0.112472000000000E+04    0.405679210962217E+01    0.679877868730998E+00
    0.113098000000000E+04    0.625904697541955E+01    0.679278770712795E+00
    0.113100000000000E+04    0.230326301957575E-01    0.679278501903406E+00
    0.113726000000000E+04    0.222504685187050E+01    0.679879582999389E+00
    0.113728000000000E+04    0.227224208214238E+01    0.679877311454150E+00
    0.114354000000000E+04    0.447872756877359E+01    0.679918588491492E+00
    0.114356000000000E+04    0.452592432033816E+01    0.679918382280561E+00
    0.114984000000000E+04    0.491803283533045E+00    0.679434902933747E+00
    0.114986000000000E+04    0.538980742503099E+00    0.679439042226805E+00
    0.115612000000000E+04    0.274336856077070E+01    0.679925967489922E+00
    0.115614000000000E+04    0.279056544154173E+01    0.679923856473208E+00
    0.116240000000000E+04    0.499678339112916E+01    0.679786298386529E+00
    0.116242000000000E+04    0.504397489401890E+01    0.679782041322444E+00
    0.116868000000000E+04    0.961816638810888E+00    0.679623580225162E+00
    0.116870000000000E+04    0.100900008902181E+01    0.679628966571444E+00
    0.117496000000000E+04    0.321447409180837E+01    0.679910940381220E+00
    0.117498000000000E+04    0.326167058577175E+01    0.679911524033293E+00
    0.118124000000000E+04    0.546714851120123E+01    0.679558219672293E+00
    0.118126000000000E+04    0.551433221081106E+01    0.679552887895569E+00
    0.118754000000000E+04    0.148001961613863E+01    0.679853912858077E+00
    0.118756000000000E+04    0.152721427667393E+01    0.679856719317682E+00
    0.119382000000000E+04    0.373401145682101E+01    0.679966332956229E+00
    0.119384000000000E+04    0.378121009592405E+01    0.679968925896865E+00
    0.120010000000000E+04    0.598547445706481E+01    0.679417608645838E+00
    0.120012000000000E+04    0.603265115504792E+01    0.679414686264897E+00
    0.120638000000000E+04    0.195209318945626E+01    0.679966900682614E+00
    0.120640000000000E+04    0.199929238825325E+01    0.679966062058600E+00
    0.121266000000000E+04    0.420666831957396E+01    0.679995803228371E+00
    0.121268000000000E+04    0.425386859652372E+01    0.679997392539171E+00
    0.121894000000000E+04    0.173950160667118E+00    0.679416020621537E+00
    0.121896000000000E+04    0.221126784114404E+00    0.679417799210651E+00
    0.122524000000000E+04    0.247246441952893E+01    0.679985840842172E+00
    0.122526000000000E+04    0.251966393863449E+01    0.679983177012225E+00
    0.123152000000000E+04    0.472688075706947E+01    0.679925033393218E+00
    0.123154000000000E+04    0.477407835850363E+01    0.679922994774283E+00
    0.123780000000000E+04    0.693363017955562E+00    0.679582611656004E+00
    0.123782000000000E+04    0.740546410773277E+00    0.679587769600500E+00
    0.124408000000000E+04    0.294646538683992E+01    0.679989788380108E+00
    0.124410000000000E+04    0.299366489316390E+01    0.679988656608050E+00
    0.125036000000000E+04    0.520042656486157E+01    0.679770751108276E+00
    0.125038000000000E+04    0.524761730332330E+01    0.679765666588059E+00
