    0.000000000000000E+00    0.190000000000000E+01    0.690000000000000E+00
    0.200000000000000E-01    0.194759998825392E+01    0.689999387618487E+00
    0.630000000000000E+01    0.432780018989646E+01    0.690008014265185E+00
    0.632000000000000E+01    0.437540024100202E+01    0.690008974561296E+00
    0.125800000000000E+02    0.420308585720047E+00    0.689495531841694E+00
    0.126000000000000E+02    0.467887762911289E+00    0.689499220518101E+00
    0.188600000000000E+02    0.279798954261830E+01    0.689957857308616E+00
    0.188800000000000E+02    0.284558784854876E+01    0.689955984899259E+00
    0.251400000000000E+02    0.517747150009993E+01    0.689729404121628E+00
    0.251600000000000E+02    0.522506318351219E+01    0.689724562589282E+00
    0.314200000000000E+02    0.126971054801656E+01    0.689861535418740E+00
    0.314400000000000E+02    0.131730525561676E+01    0.689865658496072E+00
    0.377000000000000E+02    0.364985118929775E+01    0.690017044970849E+00
    0.377200000000000E+02    0.369745190785990E+01    0.690019499600137E+00
    0.440000000000000E+02    0.607540446489730E+01    0.689493150226257E+00
    0.440200000000000E+02    0.612298407131553E+01    0.689490969164237E+00
    0.502800000000000E+02    0.216993273116428E+01    0.690125201314662E+00
    0.503000000000000E+02    0.221753771468101E+01    0.690123195812515E+00
    0.565600000000000E+02    0.455155337456404E+01    0.690094743467684E+00
    0.565800000000000E+02    0.459915718333374E+01    0.690094102040497E+00
    0.628400000000000E+02    0.645318704141459E+00    0.689689124439856E+00
    0.628600000000000E+02    0.692906024985973E+00    0.689694117451457E+00
    0.691200000000000E+02    0.302522743582426E+01    0.690081967938732E+00
    0.691400000000000E+02    0.307283041234916E+01    0.690081249608084E+00
    0.754000000000000E+02    0.540569945944711E+01    0.689776073484050E+00
    0.754200000000000E+02    0.545329022304469E+01    0.689770602142837E+00
    0.817000000000000E+02    0.154639895377423E+01    0.690017922296062E+00
    0.817200000000000E+02    0.159399930532894E+01    0.690020215877773E+00
    0.879800000000000E+02    0.392764952816205E+01    0.690112073815321E+00
    0.880000000000000E+02    0.397525412423252E+01    0.690114686604636E+00
    0.942600000000000E+02    0.229034055105046E-01    0.689551101961370E+00
    0.942800000000000E+02    0.704859373507816E-01    0.689551310357763E+00
    0.100540000000000E+03    0.240119275111437E+01    0.690110043858043E+00
    0.100560000000000E+03    0.244879648584296E+01    0.690107499358124E+00
    0.106820000000000E+03    0.478219273452754E+01    0.690021345947427E+00
    0.106840000000000E+03    0.482979190540675E+01    0.690018031558343E+00
    0.113100000000000E+03    0.875005131533385E+00    0.689737640683884E+00
    0.113120000000000E+03    0.922594339217198E+00    0.689743114757383E+00
    0.119400000000000E+03    0.330257038299214E+01    0.690043346917715E+00
    0.119420000000000E+03    0.335017211945615E+01    0.690044211823900E+00
    0.125680000000000E+03    0.568205679459123E+01    0.689641687915066E+00
    0.125700000000000E+03    0.572964236189864E+01    0.689636725967304E+00
    0.131960000000000E+03    0.177512840735238E+01    0.690033289716253E+00
    0.131980000000000E+03    0.182272966177936E+01    0.690033648341758E+00
    0.138240000000000E+03    0.415599441086778E+01    0.690072570386136E+00
    0.138260000000000E+03    0.420359746895110E+01    0.690074504424975E+00
    0.144520000000000E+03    0.249896156520435E+00    0.689518486427775E+00
    0.144540000000000E+03    0.297476769305547E+00    0.689520890243992E+00
    0.150800000000000E+03    0.262803683474590E+01    0.690040595111171E+00
    0.150820000000000E+03    0.267563835562510E+01    0.690038165168820E+00
    0.157080000000000E+03    0.500847420359048E+01    0.689889298721128E+00
    0.157100000000000E+03    0.505607019193445E+01    0.689885128667389E+00
    0.163380000000000E+03    0.114883725841617E+01    0.689837210352015E+00
    0.163400000000000E+03    0.119643184362360E+01    0.689841882986966E+00
    0.169660000000000E+03    0.352947486615875E+01    0.690069087763964E+00
    0.169680000000000E+03    0.357707810094524E+01    0.690071877083680E+00
    0.175940000000000E+03    0.590871715991750E+01    0.689590971663504E+00
    0.175960000000000E+03    0.595630072909336E+01    0.689587440167361E+00
    0.182220000000000E+03    0.200271025706985E+01    0.690099697382361E+00
    0.182240000000000E+03    0.205031434810780E+01    0.690098494269134E+00
    0.188500000000000E+03    0.438403854026564E+01    0.690084505840630E+00
    0.188520000000000E+03    0.443164177409494E+01    0.690084968657046E+00
    0.194780000000000E+03    0.477437322031733E+00    0.689588773391798E+00
    0.194800000000000E+03    0.525020721754402E+00    0.689592975604442E+00
    0.201080000000000E+03    0.290403418288668E+01    0.690042974971987E+00
    0.201100000000000E+03    0.295163579712386E+01    0.690041553293256E+00
    0.207360000000000E+03    0.528424247190185E+01    0.689799955391275E+00
    0.207380000000000E+03    0.533183455641222E+01    0.689794665858145E+00
    0.213640000000000E+03    0.137697660261654E+01    0.689931390079466E+00
    0.213660000000000E+03    0.142457413857250E+01    0.689934867649834E+00
    0.219920000000000E+03    0.375767714430947E+01    0.690069311449960E+00
    0.219940000000000E+03    0.380527982183503E+01    0.690071952765556E+00
    0.226200000000000E+03    0.613588149478392E+01    0.689517612631797E+00
    0.226220000000000E+03    0.618346222378943E+01    0.689516204903963E+00
    0.232480000000000E+03    0.223012308905186E+01    0.690076047448090E+00
    0.232500000000000E+03    0.227772615621620E+01    0.690073600135305E+00
    0.238780000000000E+03    0.465864094375968E+01    0.690022562938363E+00
    0.238800000000000E+03    0.470624199362283E+01    0.690021174319219E+00
    0.245060000000000E+03    0.751704634849489E+00    0.689680689904253E+00
    0.245080000000000E+03    0.799293331941158E+00    0.689685765335687E+00
    0.251340000000000E+03    0.313178185479342E+01    0.690067498536187E+00
    0.251360000000000E+03    0.317938454085686E+01    0.690067401913903E+00
    0.257620000000000E+03    0.551197878031905E+01    0.689734871366666E+00
    0.257640000000000E+03    0.555956832536742E+01    0.689729402119513E+00
    0.263900000000000E+03    0.160526170848277E+01    0.690037312244593E+00
    0.263920000000000E+03    0.165286352877501E+01    0.690039097512730E+00
    0.270180000000000E+03    0.398650203022657E+01    0.690112573718164E+00
    0.270200000000000E+03    0.403410658731218E+01    0.690115047002462E+00
    0.276480000000000E+03    0.128989482757220E+00    0.689548224021736E+00
    0.276500000000000E+03    0.176571423088035E+00    0.689549269132844E+00
    0.282760000000000E+03    0.250749982133482E+01    0.690108090635363E+00
    0.282780000000000E+03    0.255510419853647E+01    0.690105489035429E+00
    0.289040000000000E+03    0.488879075202397E+01    0.690002353543550E+00
    0.289060000000000E+03    0.493639087564065E+01    0.689998968449574E+00
    0.295320000000000E+03    0.981869080501497E+00    0.689823112026505E+00
    0.295340000000000E+03    0.102946019559306E+01    0.689828305248594E+00
    0.301600000000000E+03    0.336207724901294E+01    0.690054252998797E+00
    0.301620000000000E+03    0.340967929351552E+01    0.690055565360314E+00
    0.307880000000000E+03    0.574148183857574E+01    0.689624479565484E+00
    0.307900000000000E+03    0.578906672535777E+01    0.689619917902005E+00
    0.314160000000000E+03    0.183497424837810E+01    0.690070934813820E+00
    0.314180000000000E+03    0.188257723909987E+01    0.690070593696224E+00
    0.320460000000000E+03    0.426355780451263E+01    0.690080556798661E+00
    0.320480000000000E+03    0.431115994471509E+01    0.690081876502004E+00
    0.326740000000000E+03    0.356939353093708E+00    0.689517370805533E+00
    0.326760000000000E+03    0.404519871247089E+00    0.689520581294206E+00
    0.333020000000000E+03    0.273511106242483E+01    0.690013755938256E+00
    0.333040000000000E+03    0.278271164248258E+01    0.690011644676916E+00
    0.339300000000000E+03    0.511517143841320E+01    0.689835955509464E+00
    0.339320000000000E+03    0.516276502725714E+01    0.689831073702628E+00
    0.345580000000000E+03    0.120706981884246E+01    0.689861602573765E+00
    0.345600000000000E+03    0.125466071576625E+01    0.689865722023853E+00
    0.351860000000000E+03    0.358636958696695E+01    0.689963256190861E+00
    0.351880000000000E+03    0.363396804254023E+01    0.689965541905982E+00
    0.358160000000000E+03    0.601151704527103E+01    0.689457162397329E+00
    0.358180000000000E+03    0.605909564110016E+01    0.689454485407576E+00
    0.364440000000000E+03    0.210435016097540E+01    0.689987431782329E+00
    0.364460000000000E+03    0.215194966283980E+01    0.689985736428199E+00
    0.370720000000000E+03    0.448425905364240E+01    0.689970874050835E+00
    0.370740000000000E+03    0.453185798309005E+01    0.689970748140368E+00
    0.377000000000000E+03    0.577103985672011E+00    0.689563961607222E+00
    0.377020000000000E+03    0.624688867892928E+00    0.689570625685353E+00
    0.383280000000000E+03    0.295609643375803E+01    0.690019230621729E+00
    0.383300000000000E+03    0.300369694510175E+01    0.690018194381555E+00
    0.389560000000000E+03    0.533584509660329E+01    0.689741561375517E+00
    0.389580000000000E+03    0.538343444585826E+01    0.689736090361390E+00
    0.395860000000000E+03    0.147580616876098E+01    0.689935306317189E+00
    0.395880000000000E+03    0.152340374568541E+01    0.689938199980050E+00
    0.402140000000000E+03    0.385622667178006E+01    0.690035801861530E+00
    0.402160000000000E+03    0.390382805222021E+01    0.690038472453823E+00
    0.408420000000000E+03    0.623362634494219E+01    0.689479057203195E+00
    0.408440000000000E+03    0.628120448446577E+01    0.689478515309574E+00
    0.414700000000000E+03    0.232726181432554E+01    0.690020701226870E+00
    0.414720000000000E+03    0.237486244244690E+01    0.690018179027128E+00
    0.420980000000000E+03    0.470746376242471E+01    0.689953669714229E+00
    0.421000000000000E+03    0.475506194023490E+01    0.689951719823006E+00
    0.427260000000000E+03    0.799690326007749E+00    0.689646073094159E+00
    0.427280000000000E+03    0.847276088306216E+00    0.689651482445266E+00
    0.433540000000000E+03    0.317861335865541E+01    0.689974039611755E+00
    0.433560000000000E+03    0.322621225930334E+01    0.689974339205537E+00
    0.439840000000000E+03    0.560510218834133E+01    0.689610145621079E+00
    0.439860000000000E+03    0.565268712789225E+01    0.689604784281563E+00
    0.446120000000000E+03    0.169735249317887E+01    0.689963129560446E+00
    0.446140000000000E+03    0.174495119348808E+01    0.689964118808801E+00
    0.452400000000000E+03    0.407760698951347E+01    0.690021297109593E+00
    0.452420000000000E+03    0.412520958030336E+01    0.690023189477398E+00
    0.458680000000000E+03    0.171515324467236E+00    0.689491747670243E+00
    0.458700000000000E+03    0.219095009244029E+00    0.689493394763548E+00
    0.464960000000000E+03    0.254939904161984E+01    0.690037795379024E+00
    0.464980000000000E+03    0.259700047386605E+01    0.690035210651128E+00
    0.471240000000000E+03    0.492986436650426E+01    0.689904791778825E+00
    0.471260000000000E+03    0.497746146329132E+01    0.689901038170915E+00
    0.477540000000000E+03    0.107012625827451E+01    0.689803098909274E+00
    0.477560000000000E+03    0.111771864957677E+01    0.689808270206504E+00
    0.483820000000000E+03    0.345037778485334E+01    0.690046459885432E+00
    0.483840000000000E+03    0.349797962474258E+01    0.690048201819325E+00
    0.490100000000000E+03    0.582940330186966E+01    0.689583590200440E+00
    0.490120000000000E+03    0.587698580870551E+01    0.689579538184981E+00
    0.496380000000000E+03    0.192268876966591E+01    0.690058538826303E+00
    0.496400000000000E+03    0.197029119447234E+01    0.690057779075837E+00
    0.502660000000000E+03    0.430371890948322E+01    0.690074617719597E+00
    0.502680000000000E+03    0.435132200487419E+01    0.690075702797092E+00
    0.508940000000000E+03    0.397387436532426E+00    0.689566192766415E+00
    0.508960000000000E+03    0.444970118739320E+00    0.689570190763458E+00
    0.515240000000000E+03    0.282388957225430E+01    0.690045221613227E+00
    0.515260000000000E+03    0.287149130990178E+01    0.690043420915382E+00
    0.521520000000000E+03    0.520420593245603E+01    0.689842617727133E+00
    0.521540000000000E+03    0.525179955639692E+01    0.689837565523568E+00
    0.527800000000000E+03    0.129700001822312E+01    0.689905822185666E+00
    0.527820000000000E+03    0.134459630196943E+01    0.689909878607680E+00
    0.534080000000000E+03    0.367751745576106E+01    0.690054131283383E+00
    0.534100000000000E+03    0.372511924374089E+01    0.690056696011425E+00
    0.540360000000000E+03    0.605589507785771E+01    0.689520963620996E+00
    0.540380000000000E+03    0.610347579698396E+01    0.689518754860352E+00
    0.546640000000000E+03    0.214925284107312E+01    0.690033976701542E+00
    0.546660000000000E+03    0.219685256716389E+01    0.690030409124836E+00
    0.552940000000000E+03    0.457705134482057E+01    0.689981905761801E+00
    0.552960000000000E+03    0.462465068111874E+01    0.689981147296308E+00
    0.559220000000000E+03    0.669520764127128E+00    0.689588091643807E+00
    0.559240000000000E+03    0.717104964585133E+00    0.689593205691673E+00
    0.565500000000000E+03    0.304833308623529E+01    0.689977884775941E+00
    0.565520000000000E+03    0.309593203356894E+01    0.689977339043536E+00
    0.571780000000000E+03    0.542733611525296E+01    0.689664842924906E+00
    0.571800000000000E+03    0.547492256096211E+01    0.689659363480284E+00
    0.578060000000000E+03    0.151921125036620E+01    0.689911956310688E+00
    0.578080000000000E+03    0.156680786510879E+01    0.689914359067251E+00
    0.584340000000000E+03    0.389971153129295E+01    0.690051118929263E+00
    0.584360000000000E+03    0.394731442125794E+01    0.690055147065423E+00
    0.590620000000000E+03    0.627739269785047E+01    0.689501953397910E+00
    0.590640000000000E+03    0.417870335954831E-01    0.689502039829009E+00
    0.596920000000000E+03    0.241924796766762E+01    0.690042384640410E+00
    0.596940000000000E+03    0.246684960146604E+01    0.690039766751072E+00
    0.603200000000000E+03    0.479969898924878E+01    0.689954815587846E+00
    0.603220000000000E+03    0.484729726107707E+01    0.689952255652662E+00
    0.609480000000000E+03    0.892152166203687E+00    0.689712147111234E+00
    0.609500000000000E+03    0.939741024213845E+00    0.689717636915390E+00
    0.615760000000000E+03    0.327174171210254E+01    0.690006631965407E+00
    0.615780000000000E+03    0.331934181751012E+01    0.690007418834642E+00
    0.622040000000000E+03    0.565071978279661E+01    0.689612020008065E+00
    0.622060000000000E+03    0.569830416700370E+01    0.689607022068533E+00
    0.628320000000000E+03    0.174341094598913E+01    0.690000279619205E+00
    0.628340000000000E+03    0.179101112148987E+01    0.690000719341774E+00
    0.634620000000000E+03    0.417155650564837E+01    0.690051770813592E+00
    0.634640000000000E+03    0.421915868500923E+01    0.690053713620139E+00
    0.640900000000000E+03    0.265129965440337E+00    0.689490202943490E+00
    0.640920000000000E+03    0.312709354693880E+00    0.689492611320183E+00
    0.647180000000000E+03    0.264311736091986E+01    0.690025415001103E+00
    0.647200000000000E+03    0.269071865139699E+01    0.690023071236329E+00
    0.653460000000000E+03    0.502334945866710E+01    0.689871583215877E+00
    0.653480000000000E+03    0.507094433461543E+01    0.689867293362765E+00
    0.659740000000000E+03    0.111564710167090E+01    0.689810961691103E+00
    0.659760000000000E+03    0.116323948218201E+01    0.689815896452732E+00
    0.666020000000000E+03    0.349556524785726E+01    0.690013217559762E+00
    0.666040000000000E+03    0.354316580378463E+01    0.690015159933627E+00
    0.672320000000000E+03    0.592159767752423E+01    0.689535638985335E+00
    0.672340000000000E+03    0.596917913406787E+01    0.689532149248942E+00
    0.678600000000000E+03    0.201505800612131E+01    0.690042446537258E+00
    0.678620000000000E+03    0.206266028821142E+01    0.690041291740803E+00
    0.684880000000000E+03    0.439606763571828E+01    0.690058557171198E+00
    0.684900000000000E+03    0.444367024576832E+01    0.690059074555270E+00
    0.691160000000000E+03    0.489490995791584E+00    0.689579054978280E+00
    0.691180000000000E+03    0.537074182557717E+00    0.689583258571625E+00
    0.697440000000000E+03    0.286840873443020E+01    0.690034331975852E+00
    0.697460000000000E+03    0.291601008160296E+01    0.690032806488716E+00
    0.703720000000000E+03    0.524863937334021E+01    0.689799965906536E+00
    0.703740000000000E+03    0.529623203682650E+01    0.689794769400489E+00
    0.710000000000000E+03    0.134148106255725E+01    0.689936472234350E+00
    0.710020000000000E+03    0.138907857619051E+01    0.689940115179204E+00
    0.716300000000000E+03    0.376980654587305E+01    0.690072966549206E+00
    0.716320000000000E+03    0.381740950563972E+01    0.690075600561382E+00
    0.722580000000000E+03    0.614814543925650E+01    0.689519817048979E+00
    0.722600000000000E+03    0.619572615858260E+01    0.689518357324745E+00
    0.728860000000000E+03    0.224217967357231E+01    0.690074012765515E+00
    0.728880000000000E+03    0.228978247192413E+01    0.690071706851433E+00
    0.735140000000000E+03    0.462306362145773E+01    0.690028687892053E+00
    0.735160000000000E+03    0.467066486892736E+01    0.690027384670231E+00
    0.741420000000000E+03    0.716336888383694E+00    0.689685801738880E+00
    0.741440000000000E+03    0.763924477424325E+00    0.689691064815491E+00
    0.747700000000000E+03    0.309618384169221E+01    0.690051352736372E+00
    0.747720000000000E+03    0.314378583087750E+01    0.690051156644590E+00
    0.754000000000000E+03    0.552363662896892E+01    0.689715849962312E+00
    0.754020000000000E+03    0.557122497221735E+01    0.689710392155128E+00
    0.760280000000000E+03    0.161673848180681E+01    0.690022420694662E+00
    0.760300000000000E+03    0.166433961820690E+01    0.690024139288000E+00
    0.766560000000000E+03    0.399789988329803E+01    0.690093060361009E+00
    0.766580000000000E+03    0.404550362105260E+01    0.690095537271901E+00
    0.772840000000000E+03    0.925236495820627E-01    0.689532693277005E+00
    0.772860000000000E+03    0.140104650478179E+00    0.689533507170634E+00
    0.779120000000000E+03    0.247086202099399E+01    0.690085487325787E+00
    0.779140000000000E+03    0.251846536635298E+01    0.690082851690941E+00
    0.785400000000000E+03    0.485176581294877E+01    0.689983052192467E+00
    0.785420000000000E+03    0.489936508727646E+01    0.689979918396663E+00
    0.791700000000000E+03    0.992401773178017E+00    0.689797979999164E+00
    0.791720000000000E+03    0.103999361981346E+01    0.689803322501231E+00
    0.797980000000000E+03    0.337263217179861E+01    0.690054163361394E+00
    0.798000000000000E+03    0.342023414721939E+01    0.690055427741432E+00
    0.804260000000000E+03    0.575205145680820E+01    0.689624709587967E+00
    0.804280000000000E+03    0.579963643251722E+01    0.689620085773974E+00
    0.810540000000000E+03    0.184544508219778E+01    0.690060572650055E+00
    0.810560000000000E+03    0.189304763650352E+01    0.690060461440314E+00
    0.816820000000000E+03    0.422652354420984E+01    0.690086545540166E+00
    0.816840000000000E+03    0.427412720716825E+01    0.690088093136909E+00
    0.823100000000000E+03    0.320452168261227E+00    0.689551133150759E+00
    0.823120000000000E+03    0.368034110811550E+00    0.689554186628277E+00
    0.829400000000000E+03    0.274669013385915E+01    0.690055647857890E+00
    0.829420000000000E+03    0.279429235735347E+01    0.690053551074186E+00
    0.835680000000000E+03    0.512725684589850E+01    0.689871477752463E+00
    0.835700000000000E+03    0.517485170558098E+01    0.689866581809416E+00
    0.841960000000000E+03    0.121986599424895E+01    0.689874905459240E+00
    0.841980000000000E+03    0.126746107930580E+01    0.689879416729798E+00
    0.848240000000000E+03    0.360033073083446E+01    0.690051877035604E+00
    0.848260000000000E+03    0.364793272759971E+01    0.690054165634583E+00
    0.854520000000000E+03    0.597897681819632E+01    0.689546160358402E+00
    0.854540000000000E+03    0.602655860628170E+01    0.689543247069744E+00
    0.860800000000000E+03    0.207275943664490E+01    0.690071593411698E+00
    0.860820000000000E+03    0.212036228770785E+01    0.690069959482642E+00
    0.867080000000000E+03    0.445371944578892E+01    0.690052593495228E+00
    0.867100000000000E+03    0.450132170075176E+01    0.690052537557689E+00
    0.873380000000000E+03    0.594716803036590E+00    0.689624747184136E+00
    0.873400000000000E+03    0.642301922089246E+00    0.689629470269061E+00
    0.879660000000000E+03    0.297412585430629E+01    0.690048509028791E+00
    0.879680000000000E+03    0.302172769874142E+01    0.690047488799841E+00
    0.885940000000000E+03    0.535433903246803E+01    0.689782337353173E+00
    0.885960000000000E+03    0.540193035710899E+01    0.689776901790634E+00
    0.892220000000000E+03    0.144723780256800E+01    0.689965930739009E+00
    0.892240000000000E+03    0.149483674840440E+01    0.689968920373152E+00
    0.898500000000000E+03    0.382751405052159E+01    0.690043591467388E+00
    0.898520000000000E+03    0.387511562152895E+01    0.690046239101262E+00
    0.904780000000000E+03    0.620513322331317E+01    0.689485061333888E+00
    0.904800000000000E+03    0.625271259749525E+01    0.689484337977285E+00
    0.911080000000000E+03    0.234686500773842E+01    0.690042329300551E+00
    0.911100000000000E+03    0.239446682212656E+01    0.690039690270134E+00
    0.917360000000000E+03    0.472723080926880E+01    0.689967836881044E+00
    0.917380000000000E+03    0.477482876337535E+01    0.689965489656903E+00
    0.923640000000000E+03    0.819562794997182E+00    0.689666499700284E+00
    0.923660000000000E+03    0.867149280099511E+00    0.689672076444514E+00
    0.929920000000000E+03    0.319893879931078E+01    0.690001031490677E+00
    0.929940000000000E+03    0.324653877741230E+01    0.690001354983631E+00
    0.936200000000000E+03    0.557814874656106E+01    0.689631935095481E+00
    0.936220000000000E+03    0.562573392208060E+01    0.689626677282763E+00
    0.942480000000000E+03    0.167043004194966E+01    0.689981849626148E+00
    0.942500000000000E+03    0.171802742105092E+01    0.689982150101078E+00
    0.948780000000000E+03    0.410056567869879E+01    0.689952362578952E+00
    0.948800000000000E+03    0.414817436024077E+01    0.689962428048804E+00
    0.955060000000000E+03    0.198510824900950E+00    0.689842782138805E+00
    0.955080000000000E+03    0.246104441057923E+00    0.689844562433460E+00
    0.961340000000000E+03    0.258083510877805E+01    0.690380920053739E+00
    0.961360000000000E+03    0.262845051344220E+01    0.690378230407424E+00
    0.967620000000000E+03    0.496544286159588E+01    0.690246338854473E+00
    0.967640000000000E+03    0.501305275074810E+01    0.690242482502258E+00
    0.973900000000000E+03    0.106215997569916E+01    0.690138726597873E+00
    0.973920000000000E+03    0.110976587905270E+01    0.690143838893353E+00
    0.980180000000000E+03    0.344694621698136E+01    0.690370978327113E+00
    0.980200000000000E+03    0.349456401984753E+01    0.690374338259878E+00
    0.986480000000000E+03    0.587833240482723E+01    0.689957162806407E+00
    0.986500000000000E+03    0.592593062275637E+01    0.689953302298148E+00
    0.992760000000000E+03    0.197666452103704E+01    0.690448672942161E+00
    0.992780000000000E+03    0.202428272007546E+01    0.690447448734336E+00
    0.999040000000000E+03    0.436226884914777E+01    0.690437521192624E+00
    0.999060000000000E+03    0.440988554275191E+01    0.690438181638135E+00
    0.100532000000000E+04    0.460130301408753E+00    0.689929159065731E+00
    0.100534000000000E+04    0.507727330588295E+00    0.689933152659693E+00
    0.101160000000000E+04    0.284345707100829E+01    0.690396646438440E+00
    0.101162000000000E+04    0.289107283537442E+01    0.690394961750910E+00
    0.101788000000000E+04    0.522814515407208E+01    0.690157460837305E+00
    0.101790000000000E+04    0.527575193786652E+01    0.690152202341320E+00
    0.102416000000000E+04    0.132536962193399E+01    0.690285115295599E+00
    0.102418000000000E+04    0.137298120738933E+01    0.690288885950001E+00
    0.103046000000000E+04    0.375814574394872E+01    0.690421722353948E+00
    0.103048000000000E+04    0.380576217081034E+01    0.690424409571146E+00
    0.103674000000000E+04    0.614095846067084E+01    0.689886693081088E+00
    0.103676000000000E+04    0.618855400215944E+01    0.689885226069729E+00
    0.104302000000000E+04    0.223975165144520E+01    0.690434875567597E+00
    0.104304000000000E+04    0.228736927871660E+01    0.690432570152522E+00
    0.104930000000000E+04    0.462531827481462E+01    0.690396520801918E+00
    0.104932000000000E+04    0.467293402717314E+01    0.690395148398276E+00
    0.105558000000000E+04    0.722965485803797E+00    0.690042376469518E+00
    0.105560000000000E+04    0.770567273752931E+00    0.690047658311933E+00
    0.106186000000000E+04    0.310721341548651E+01    0.690402634152113E+00
    0.106188000000000E+04    0.315482943600318E+01    0.690402487488482E+00
    0.106816000000000E+04    0.553916566317230E+01    0.690060798488468E+00
    0.106818000000000E+04    0.558676800708236E+01    0.690055361657383E+00
    0.107444000000000E+04    0.163681658201040E+01    0.690367759054848E+00
    0.107446000000000E+04    0.168443272785225E+01    0.690369203722465E+00
    0.108072000000000E+04    0.402267215627580E+01    0.690467608631719E+00
    0.108074000000000E+04    0.407029098324438E+01    0.690470062981677E+00
    0.108700000000000E+04    0.121899901712368E+00    0.689901321913274E+00
    0.108702000000000E+04    0.169495967206785E+00    0.689902607644428E+00
    0.109328000000000E+04    0.250485649672464E+01    0.690453109561779E+00
    0.109330000000000E+04    0.255247443334838E+01    0.690450474407316E+00
    0.109956000000000E+04    0.489047288404754E+01    0.690339431234734E+00
    0.109958000000000E+04    0.493808657529962E+01    0.690336033772989E+00
    0.110586000000000E+04    0.103609527706021E+01    0.690202988590695E+00
    0.110588000000000E+04    0.108370389089396E+01    0.690208170446076E+00
    0.111214000000000E+04    0.342154811209230E+01    0.690461112423086E+00
    0.111216000000000E+04    0.346916651854963E+01    0.690462668050706E+00
    0.111842000000000E+04    0.580580912352798E+01    0.690023968368698E+00
    0.111844000000000E+04    0.585340694277829E+01    0.690020276700438E+00
    0.112470000000000E+04    0.190381908629979E+01    0.690432731806707E+00
    0.112472000000000E+04    0.195143647469695E+01    0.690432212347639E+00
    0.113098000000000E+04    0.428951112566710E+01    0.690447103031688E+00
    0.113100000000000E+04    0.433712937127439E+01    0.690448269266590E+00
    0.113726000000000E+04    0.387943612041454E+00    0.689933319017487E+00
    0.113728000000000E+04    0.435540904927166E+00    0.689936929029081E+00
    0.114354000000000E+04    0.277128520102951E+01    0.690423352777786E+00
    0.114356000000000E+04    0.281890044508327E+01    0.690421649703279E+00
    0.114984000000000E+04    0.520351403574750E+01    0.690184812523163E+00
    0.114986000000000E+04    0.525112141863019E+01    0.690179774307084E+00
    0.115612000000000E+04    0.130048969132122E+01    0.690251433217943E+00
    0.115614000000000E+04    0.134809988486813E+01    0.690255475173427E+00
    0.116240000000000E+04    0.368542667986776E+01    0.690406869216409E+00
    0.116242000000000E+04    0.373304301477674E+01    0.690409456079653E+00
    0.116868000000000E+04    0.606811621996985E+01    0.689876802601750E+00
    0.116870000000000E+04    0.611571007442217E+01    0.689874852525240E+00
    0.117496000000000E+04    0.216619657279489E+01    0.690404344053659E+00
    0.117498000000000E+04    0.221381269993617E+01    0.690402219901541E+00
    0.118124000000000E+04    0.455147677759078E+01    0.690339893326100E+00
    0.118126000000000E+04    0.459909376824453E+01    0.690338630710478E+00
    0.118754000000000E+04    0.697074088870067E+00    0.690032998003485E+00
    0.118756000000000E+04    0.744675587864549E+00    0.690038164463161E+00
    0.119382000000000E+04    0.308130308887212E+01    0.690414125094663E+00
    0.119384000000000E+04    0.312891940210693E+01    0.690413720397960E+00
    0.120010000000000E+04    0.546582772798456E+01    0.690102165146546E+00
    0.120012000000000E+04    0.551343176011915E+01    0.690096673375952E+00
    0.120638000000000E+04    0.156353534466780E+01    0.690380223530377E+00
    0.120640000000000E+04    0.161115068008667E+01    0.690382315227339E+00
    0.121266000000000E+04    0.394920246697711E+01    0.690457258615104E+00
    0.121268000000000E+04    0.399682081268065E+01    0.690459816034501E+00
