    0.000000000000000E+00    0.190000000000000E+01    0.720000000000000E+00
    0.200000000000000E-01    0.194879998826576E+01    0.719999383546406E+00
    0.630000000000000E+01    0.470555391276424E+01    0.719954986881617E+00
    0.632000000000000E+01    0.475435191278351E+01    0.719952967494923E+00
    0.125800000000000E+02    0.117479020467386E+01    0.719790795589304E+00
    0.126000000000000E+02    0.122358166254859E+01    0.719795450964138E+00
    0.188600000000000E+02    0.393084699405915E+01    0.719972250232642E+00
    0.188800000000000E+02    0.397964620702273E+01    0.719974860275648E+00
    0.251400000000000E+02    0.401104679438149E+00    0.719521634745330E+00
    0.251600000000000E+02    0.449885529917935E+00    0.719525322470500E+00
    0.314200000000000E+02    0.315592058445996E+01    0.719922605147185E+00
    0.314400000000000E+02    0.320471738480894E+01    0.719922719146127E+00
    0.377000000000000E+02    0.591077970970798E+01    0.719511171144812E+00
    0.377200000000000E+02    0.595956055646963E+01    0.719507607741612E+00
    0.440000000000000E+02    0.242962050638469E+01    0.719952207360410E+00
    0.440200000000000E+02    0.247841833371702E+01    0.719949555641995E+00
    0.502800000000000E+02    0.518550312050594E+01    0.719767174299056E+00
    0.503000000000000E+02    0.523429407025577E+01    0.719762161056227E+00
    0.565600000000000E+02    0.165451718243119E+01    0.719909189644012E+00
    0.565800000000000E+02    0.170331356421073E+01    0.719910548634382E+00
    0.628400000000000E+02    0.441061896154287E+01    0.719949247233980E+00
    0.628600000000000E+02    0.445941710652966E+01    0.719949617505388E+00
    0.691200000000000E+02    0.879844802494148E+00    0.719659667498181E+00
    0.691400000000000E+02    0.928631224039918E+00    0.719665118085601E+00
    0.754000000000000E+02    0.363514934718083E+01    0.719927811383226E+00
    0.754200000000000E+02    0.368394588645887E+01    0.719930181847950E+00
    0.817000000000000E+02    0.154137287223989E+00    0.719449975824134E+00
    0.817200000000000E+02    0.202914982607524E+00    0.719451276818632E+00
    0.879800000000000E+02    0.290804999542044E+01    0.719905041754684E+00
    0.880000000000000E+02    0.295684623423747E+01    0.719903688277773E+00
    0.942600000000000E+02    0.566314432224462E+01    0.719569884184125E+00
    0.942800000000000E+02    0.571192736836898E+01    0.719564757044298E+00
    0.100540000000000E+03    0.213248259237261E+01    0.719949812115695E+00
    0.100560000000000E+03    0.218128055951109E+01    0.719947862078283E+00
    0.106820000000000E+03    0.488860128946732E+01    0.719823895946381E+00
    0.106840000000000E+03    0.493739661970420E+01    0.719820206416645E+00
    0.113100000000000E+03    0.135800599708062E+01    0.719882681813449E+00
    0.113120000000000E+03    0.140680143706413E+01    0.719886245772453E+00
    0.119400000000000E+03    0.416333053529070E+01    0.719997058697528E+00
    0.119420000000000E+03    0.421213028820176E+01    0.719998989683631E+00
    0.125680000000000E+03    0.632983240853150E+00    0.719571415689706E+00
    0.125700000000000E+03    0.681766136563851E+00    0.719576327998798E+00
    0.131960000000000E+03    0.338815817082872E+01    0.719916440757687E+00
    0.131980000000000E+03    0.343695481210244E+01    0.719917846327715E+00
    0.138240000000000E+03    0.614233369245392E+01    0.719459701256658E+00
    0.138260000000000E+03    0.619111205270258E+01    0.719458236636389E+00
    0.144520000000000E+03    0.261276482194347E+01    0.719938204554864E+00
    0.144540000000000E+03    0.266156303962066E+01    0.719935788299204E+00
    0.150800000000000E+03    0.536854176975078E+01    0.719688973334126E+00
    0.150820000000000E+03    0.541732973222975E+01    0.719683507375163E+00
    0.157080000000000E+03    0.183777442877090E+01    0.719943548889244E+00
    0.157100000000000E+03    0.188657217815609E+01    0.719943379014412E+00
    0.163380000000000E+03    0.464258111480467E+01    0.719915391823321E+00
    0.163400000000000E+03    0.469137741866450E+01    0.719914000449556E+00
    0.169660000000000E+03    0.111153964739674E+01    0.719744832629393E+00
    0.169680000000000E+03    0.116032990469751E+01    0.719749791375703E+00
    0.175940000000000E+03    0.386765832320214E+01    0.719980085417423E+00
    0.175960000000000E+03    0.391645757863432E+01    0.719982754618090E+00
    0.182220000000000E+03    0.338203277732873E+00    0.719530556955987E+00
    0.182240000000000E+03    0.386984449546389E+00    0.719533835951534E+00
    0.188500000000000E+03    0.309311350114200E+01    0.719955411259285E+00
    0.188520000000000E+03    0.314191015551216E+01    0.719955360155184E+00
    0.194780000000000E+03    0.584793933895520E+01    0.719524912261033E+00
    0.194800000000000E+03    0.589672016750313E+01    0.719521048617699E+00
    0.201080000000000E+03    0.236667778271317E+01    0.719958158525239E+00
    0.201100000000000E+03    0.241547604406549E+01    0.719955595827245E+00
    0.207360000000000E+03    0.512268085769415E+01    0.719792465887955E+00
    0.207380000000000E+03    0.517147279802117E+01    0.719787737471678E+00
    0.213640000000000E+03    0.159168370370458E+01    0.719909249360262E+00
    0.213660000000000E+03    0.164048018646713E+01    0.719911140624433E+00
    0.219920000000000E+03    0.434800687530128E+01    0.719970650436242E+00
    0.219940000000000E+03    0.439680583314407E+01    0.719971475233888E+00
    0.226200000000000E+03    0.817502049020163E+00    0.719658861932905E+00
    0.226220000000000E+03    0.866288494679225E+00    0.719664302800905E+00
    0.232480000000000E+03    0.357370443238301E+01    0.719959402145872E+00
    0.232500000000000E+03    0.362250625877243E+01    0.719963766158578E+00
    0.238780000000000E+03    0.942152580187212E-01    0.719547586743632E+00
    0.238800000000000E+03    0.142996890615450E+00    0.719548440439525E+00
    0.245060000000000E+03    0.284921308581170E+01    0.719999124021072E+00
    0.245080000000000E+03    0.289801274205377E+01    0.719997468005045E+00
    0.251340000000000E+03    0.560542323703282E+01    0.719676237320838E+00
    0.251360000000000E+03    0.565421025739442E+01    0.719670986579422E+00
    0.257620000000000E+03    0.207571941602316E+01    0.720025085373138E+00
    0.257640000000000E+03    0.212452042040854E+01    0.720023490069116E+00
    0.263900000000000E+03    0.483260478167699E+01    0.719938765014904E+00
    0.263920000000000E+03    0.488140234536309E+01    0.719935813573786E+00
    0.270180000000000E+03    0.130221327104391E+01    0.719893578542850E+00
    0.270200000000000E+03    0.135100762860918E+01    0.719897227481967E+00
    0.276480000000000E+03    0.410741807696456E+01    0.719997720727226E+00
    0.276500000000000E+03    0.415621747307785E+01    0.719999870207168E+00
    0.282760000000000E+03    0.577457471131311E+00    0.719586582005400E+00
    0.282780000000000E+03    0.626240901224605E+00    0.719591348887458E+00
    0.289040000000000E+03    0.333298776626623E+01    0.719954781632427E+00
    0.289060000000000E+03    0.338178592895258E+01    0.719955875790951E+00
    0.295320000000000E+03    0.608778753482522E+01    0.719506801883590E+00
    0.295340000000000E+03    0.613656764676114E+01    0.719504814433784E+00
    0.301600000000000E+03    0.255855220424860E+01    0.719980288876653E+00
    0.301620000000000E+03    0.260735159196679E+01    0.719977660063928E+00
    0.307880000000000E+03    0.531464904056838E+01    0.719736210805267E+00
    0.307900000000000E+03    0.536343824806147E+01    0.719730809471352E+00
    0.314160000000000E+03    0.178410444346548E+01    0.719970137558000E+00
    0.314180000000000E+03    0.183290338118661E+01    0.719970353936460E+00
    0.320460000000000E+03    0.458986576224709E+01    0.720000557005327E+00
    0.320480000000000E+03    0.463866581612740E+01    0.719999674466620E+00
    0.326740000000000E+03    0.105981591360990E+01    0.719798269036180E+00
    0.326760000000000E+03    0.110860805662230E+01    0.719803453347864E+00
    0.333020000000000E+03    0.381641866389532E+01    0.720008537620266E+00
    0.333040000000000E+03    0.386521894312352E+01    0.720011208226899E+00
    0.339300000000000E+03    0.287253955246683E+00    0.719538763514932E+00
    0.339320000000000E+03    0.336035202409334E+00    0.719541438154477E+00
    0.345580000000000E+03    0.304240253649903E+01    0.719973194688331E+00
    0.345600000000000E+03    0.309120148954855E+01    0.719972683646369E+00
    0.351860000000000E+03    0.579804342858574E+01    0.719587211350205E+00
    0.351880000000000E+03    0.584682665761636E+01    0.719583009685997E+00
    0.358160000000000E+03    0.231733137890387E+01    0.720015493609875E+00
    0.358180000000000E+03    0.236613210241330E+01    0.720013042566787E+00
    0.364440000000000E+03    0.507427233609201E+01    0.719878679519305E+00
    0.364460000000000E+03    0.512306754697420E+01    0.719874234352671E+00
    0.370720000000000E+03    0.154420021460191E+01    0.719963911786882E+00
    0.370740000000000E+03    0.159299902535463E+01    0.719966136980512E+00
    0.377000000000000E+03    0.430143743515055E+01    0.720021797547149E+00
    0.377020000000000E+03    0.435024162352772E+01    0.720022260031163E+00
    0.383280000000000E+03    0.772478020704625E+00    0.719751369751430E+00
    0.383300000000000E+03    0.821268301088026E+00    0.719756769449718E+00
    0.389560000000000E+03    0.352943257625213E+01    0.720052272593167E+00
    0.389580000000000E+03    0.357823454851007E+01    0.720054340096770E+00
    0.395860000000000E+03    0.504660520676907E-01    0.719585671840543E+00
    0.395880000000000E+03    0.992492856265699E-01    0.719585902849445E+00
    0.402140000000000E+03    0.280602334088474E+01    0.720045409053322E+00
    0.402160000000000E+03    0.285482497971964E+01    0.720043579069972E+00
    0.408420000000000E+03    0.556279690274698E+01    0.719733648886032E+00
    0.408440000000000E+03    0.561158616588443E+01    0.719728302837142E+00
    0.414700000000000E+03    0.203371748179859E+01    0.720080095593826E+00
    0.414720000000000E+03    0.208252110411979E+01    0.720078700677436E+00
    0.420980000000000E+03    0.479133682631232E+01    0.720005190775502E+00
    0.421000000000000E+03    0.484013710122917E+01    0.720002502311193E+00
    0.427260000000000E+03    0.126188799761690E+01    0.719936818852919E+00
    0.427280000000000E+03    0.131068569975855E+01    0.719941007982730E+00
    0.433540000000000E+03    0.401943182018749E+01    0.720086170240554E+00
    0.433560000000000E+03    0.406823477637590E+01    0.720088837065300E+00
    0.439840000000000E+03    0.539688697157317E+00    0.719675188002655E+00
    0.439860000000000E+03    0.588475874569212E+00    0.719679677727912E+00
    0.446120000000000E+03    0.329631813898709E+01    0.720048322535128E+00
    0.446140000000000E+03    0.334511989078192E+01    0.720049178965411E+00
    0.452400000000000E+03    0.605244426024547E+01    0.719617623210290E+00
    0.452420000000000E+03    0.610122908045946E+01    0.719615410613762E+00
    0.458680000000000E+03    0.252468467373092E+01    0.720101885877410E+00
    0.458700000000000E+03    0.257348869567909E+01    0.720099280401302E+00
    0.464960000000000E+03    0.528249942848583E+01    0.719874861432913E+00
    0.464980000000000E+03    0.533129508831030E+01    0.719869543313579E+00
    0.471240000000000E+03    0.175389512549350E+01    0.720116665563220E+00
    0.471260000000000E+03    0.180269995775666E+01    0.720117144878615E+00
    0.477540000000000E+03    0.456119173627553E+01    0.720120395315139E+00
    0.477560000000000E+03    0.460999659635036E+01    0.720119750104668E+00
    0.483820000000000E+03    0.103257082970754E+01    0.719894540525325E+00
    0.483840000000000E+03    0.108136656608281E+01    0.719899771701973E+00
    0.490100000000000E+03    0.379024621432313E+01    0.720107779219344E+00
    0.490120000000000E+03    0.383905026881439E+01    0.720110412125527E+00
    0.496380000000000E+03    0.262475250594434E+00    0.719640909679952E+00
    0.496400000000000E+03    0.311260876776714E+00    0.719643375728765E+00
    0.502660000000000E+03    0.301914875699777E+01    0.720081251645826E+00
    0.502680000000000E+03    0.306795190148023E+01    0.720080521510141E+00
    0.508940000000000E+03    0.577616681295694E+01    0.719698377901221E+00
    0.508960000000000E+03    0.582495444917072E+01    0.719694073425255E+00
    0.515240000000000E+03    0.229666373744908E+01    0.720116137129981E+00
    0.515260000000000E+03    0.234546836465847E+01    0.720113727980542E+00
    0.521520000000000E+03    0.505469230624635E+01    0.719968150657154E+00
    0.521540000000000E+03    0.510349111978257E+01    0.719963702148746E+00
    0.527800000000000E+03    0.152543062367408E+01    0.720039372051367E+00
    0.527820000000000E+03    0.157423068566595E+01    0.720041249080848E+00
    0.534080000000000E+03    0.428319153148959E+01    0.720092262885169E+00
    0.534100000000000E+03    0.433199499522266E+01    0.720093446020287E+00
    0.540360000000000E+03    0.753730304261808E+00    0.719716338801906E+00
    0.540380000000000E+03    0.802518853454558E+00    0.719721669257955E+00
    0.546640000000000E+03    0.351024786013886E+01    0.720023906515802E+00
    0.546660000000000E+03    0.355904874101338E+01    0.720025892998908E+00
    0.552940000000000E+03    0.311269539788555E-01    0.719553337294482E+00
    0.552960000000000E+03    0.799090067730504E-01    0.719553393275908E+00
    0.559220000000000E+03    0.278617435021761E+01    0.720016766009861E+00
    0.559240000000000E+03    0.283497459575528E+01    0.720014840528390E+00
    0.565500000000000E+03    0.554264114470311E+01    0.719715187342443E+00
    0.565520000000000E+03    0.559142978066893E+01    0.719709830278700E+00
    0.571780000000000E+03    0.201360912659629E+01    0.720091968193379E+00
    0.571800000000000E+03    0.206241280228346E+01    0.720090722020692E+00
    0.578060000000000E+03    0.477146384971229E+01    0.720027643960410E+00
    0.578080000000000E+03    0.482026490690760E+01    0.720025182246499E+00
    0.584340000000000E+03    0.124220467879809E+01    0.719944072935901E+00
    0.584360000000000E+03    0.129100322619684E+01    0.719948208285679E+00
    0.590620000000000E+03    0.400009428596013E+01    0.720110600769608E+00
    0.590640000000000E+03    0.404889885872376E+01    0.720113080542282E+00
    0.596920000000000E+03    0.520787416843177E+00    0.719706772063652E+00
    0.596940000000000E+03    0.569575788175825E+00    0.719711176636080E+00
    0.603200000000000E+03    0.327792954146707E+01    0.720090128030925E+00
    0.603220000000000E+03    0.332673315565467E+01    0.720090890353819E+00
    0.609480000000000E+03    0.603464890686337E+01    0.719662253745481E+00
    0.609500000000000E+03    0.608343534778965E+01    0.719659769100504E+00
    0.615760000000000E+03    0.250711250576410E+01    0.720120906106498E+00
    0.615780000000000E+03    0.255591730733045E+01    0.720118262115328E+00
    0.622040000000000E+03    0.526491990638920E+01    0.719890661980970E+00
    0.622060000000000E+03    0.531371547560047E+01    0.719885378076742E+00
    0.628320000000000E+03    0.173604529753015E+01    0.720098182607742E+00
    0.628340000000000E+03    0.178484933019558E+01    0.720098788962821E+00
    0.634620000000000E+03    0.454322814298484E+01    0.720106173057198E+00
    0.634640000000000E+03    0.459203238627106E+01    0.720105672205918E+00
    0.640900000000000E+03    0.101438028490566E+01    0.719876972238974E+00
    0.640920000000000E+03    0.106317497366422E+01    0.719882424857819E+00
    0.647180000000000E+03    0.377214949037125E+01    0.720106110222096E+00
    0.647200000000000E+03    0.382095368980572E+01    0.720108746910429E+00
    0.653460000000000E+03    0.244271561666665E+00    0.719631238915932E+00
    0.653480000000000E+03    0.293056495547035E+00    0.719633540196704E+00
    0.659740000000000E+03    0.300046997115942E+01    0.720065197116912E+00
    0.659760000000000E+03    0.304927256020255E+01    0.720064398756470E+00
    0.666020000000000E+03    0.575740628610720E+01    0.719696069370284E+00
    0.666040000000000E+03    0.580619454375869E+01    0.719691460861000E+00
    0.672320000000000E+03    0.227782045881168E+01    0.720112175727387E+00
    0.672340000000000E+03    0.232662500384481E+01    0.720109817269314E+00
    0.678600000000000E+03    0.503598749340767E+01    0.719948582214206E+00
    0.678620000000000E+03    0.508478764574647E+01    0.719944228024713E+00
    0.684880000000000E+03    0.150743811039433E+01    0.720076931667021E+00
    0.684900000000000E+03    0.155624131754689E+01    0.720079530161048E+00
    0.691160000000000E+03    0.426607231266166E+01    0.720161327812219E+00
    0.691180000000000E+03    0.431487877570089E+01    0.720162662317736E+00
    0.697440000000000E+03    0.738014106399987E+00    0.719812192857818E+00
    0.697460000000000E+03    0.786806539024155E+00    0.719817497699327E+00
    0.703720000000000E+03    0.349562591763288E+01    0.720121229685212E+00
    0.703740000000000E+03    0.354443006322208E+01    0.720123174766871E+00
    0.710000000000000E+03    0.625169941241847E+01    0.719627287185931E+00
    0.710020000000000E+03    0.172987321786877E-01    0.719627090995140E+00
    0.716300000000000E+03    0.277281031197776E+01    0.720040099994925E+00
    0.716320000000000E+03    0.282161186846270E+01    0.720038094336948E+00
    0.722580000000000E+03    0.552961005100428E+01    0.719738988605670E+00
    0.722600000000000E+03    0.557839949491176E+01    0.719733586436465E+00
    0.728860000000000E+03    0.200037263362719E+01    0.720068421153437E+00
    0.728880000000000E+03    0.204917566740801E+01    0.720067242874387E+00
    0.735140000000000E+03    0.475793831225496E+01    0.720007881030470E+00
    0.735160000000000E+03    0.480673867836572E+01    0.720005521405065E+00
    0.741420000000000E+03    0.122908224382400E+01    0.720000144061795E+00
    0.741440000000000E+03    0.127788235186745E+01    0.720004545142059E+00
    0.747700000000000E+03    0.398758532859824E+01    0.720162799994172E+00
    0.747720000000000E+03    0.403639197990219E+01    0.720165247519126E+00
    0.754000000000000E+03    0.508852720769028E+00    0.719735642520167E+00
    0.754020000000000E+03    0.557642197796440E+00    0.719739893924202E+00
    0.760280000000000E+03    0.326625376570678E+01    0.720120414338497E+00
    0.760300000000000E+03    0.331505850190638E+01    0.720121144277516E+00
    0.766560000000000E+03    0.602351255853478E+01    0.719691724957807E+00
    0.766580000000000E+03    0.607230159571304E+01    0.719689436069914E+00
    0.772840000000000E+03    0.249656021706687E+01    0.720170161358299E+00
    0.772860000000000E+03    0.254536714995902E+01    0.720167553404845E+00
    0.779120000000000E+03    0.525520523890827E+01    0.719956395675073E+00
    0.779140000000000E+03    0.530400359694909E+01    0.719950851110169E+00
    0.785400000000000E+03    0.172686371801910E+01    0.720150185076334E+00
    0.785420000000000E+03    0.177566798690941E+01    0.720149902000384E+00
    0.791700000000000E+03    0.453426986957902E+01    0.720136726139026E+00
    0.791720000000000E+03    0.458307526763110E+01    0.720136291560961E+00
    0.797980000000000E+03    0.100576517634818E+01    0.719901712436766E+00
    0.798000000000000E+03    0.105456107884152E+01    0.719907279685609E+00
    0.804260000000000E+03    0.376387556539862E+01    0.720136533606071E+00
    0.804280000000000E+03    0.381268095810151E+01    0.720139161887066E+00
    0.810540000000000E+03    0.236637299640961E+00    0.719675030201808E+00
    0.810560000000000E+03    0.285425352794391E+00    0.719677225058265E+00
    0.816820000000000E+03    0.299431285446713E+01    0.720166184175158E+00
    0.816840000000000E+03    0.304311972109781E+01    0.720165426670981E+00
    0.823100000000000E+03    0.575257985861367E+01    0.719805469248789E+00
    0.823120000000000E+03    0.580137193033033E+01    0.719800988037451E+00
    0.829400000000000E+03    0.227436994809432E+01    0.720219138927264E+00
    0.829420000000000E+03    0.232317883084875E+01    0.720216799936475E+00
    0.835680000000000E+03    0.503366823502733E+01    0.720071298047305E+00
    0.835700000000000E+03    0.508247106913223E+01    0.720067094465150E+00
    0.841960000000000E+03    0.150573354324160E+01    0.720138186626472E+00
    0.841980000000000E+03    0.155453918857120E+01    0.720140804073649E+00
    0.848240000000000E+03    0.426516166172132E+01    0.720225383080985E+00
    0.848260000000000E+03    0.431397087270943E+01    0.720226743671599E+00
    0.854520000000000E+03    0.737888739852224E+00    0.719873645462254E+00
    0.854540000000000E+03    0.786683264961539E+00    0.719879073073450E+00
    0.860800000000000E+03    0.349656504955328E+01    0.720196602034707E+00
    0.860820000000000E+03    0.354537286778259E+01    0.720198537966826E+00
    0.867080000000000E+03    0.625397094550499E+01    0.719728696987117E+00
    0.867100000000000E+03    0.195744974689660E-01    0.719728478113567E+00
    0.873380000000000E+03    0.277687247726408E+01    0.720201896545035E+00
    0.873400000000000E+03    0.282568072867889E+01    0.720199980191663E+00
    0.879660000000000E+03    0.553586509744537E+01    0.719907845494636E+00
    0.879680000000000E+03    0.558466191912703E+01    0.719902420718070E+00
    0.885940000000000E+03    0.200871567662307E+01    0.720231177188423E+00
    0.885960000000000E+03    0.205752490219993E+01    0.720229972300832E+00
    0.892220000000000E+03    0.476820105643901E+01    0.720165341282618E+00
    0.892240000000000E+03    0.481700773081957E+01    0.720162857256752E+00
    0.898500000000000E+03    0.124069854729760E+01    0.720080693620987E+00
    0.898520000000000E+03    0.128950224463779E+01    0.720084995333574E+00
    0.904780000000000E+03    0.400018593075993E+01    0.720235182600752E+00
    0.904800000000000E+03    0.404899518194634E+01    0.720237589420310E+00
    0.911080000000000E+03    0.522227002535146E+00    0.719815768440665E+00
    0.911100000000000E+03    0.571019752004304E+00    0.719820224273574E+00
    0.917360000000000E+03    0.328058539479252E+01    0.720189422834606E+00
    0.917380000000000E+03    0.332939267330721E+01    0.720190205204760E+00
    0.923640000000000E+03    0.603837974682210E+01    0.719751454583796E+00
    0.923660000000000E+03    0.608716977059385E+01    0.719749005213815E+00
    0.929920000000000E+03    0.251224754323675E+01    0.720190113737335E+00
    0.929940000000000E+03    0.256105851789516E+01    0.720187817942303E+00
    0.936200000000000E+03    0.527202479292146E+01    0.720037113738778E+00
    0.936220000000000E+03    0.532082644666480E+01    0.720031787218243E+00
    0.942480000000000E+03    0.174500863497633E+01    0.720241068797125E+00
    0.942500000000000E+03    0.179381804706327E+01    0.720241579931988E+00
    0.948780000000000E+03    0.455321506879091E+01    0.720205217884172E+00
    0.948800000000000E+03    0.460202294541932E+01    0.720204548202997E+00
    0.955060000000000E+03    0.102552832349556E+01    0.719971454154897E+00
    0.955080000000000E+03    0.107432736732380E+01    0.719976730174894E+00
    0.961340000000000E+03    0.378443859514209E+01    0.720198912631802E+00
    0.961360000000000E+03    0.383324646851088E+01    0.720201554780716E+00
    0.967620000000000E+03    0.257044943967685E+00    0.719651302701840E+00
    0.967640000000000E+03    0.305831023575593E+00    0.719653718944601E+00
    0.973900000000000E+03    0.301362810265618E+01    0.720086738461986E+00
    0.973920000000000E+03    0.306243141375126E+01    0.720086030575471E+00
    0.980180000000000E+03    0.577066930995488E+01    0.719713048912471E+00
    0.980200000000000E+03    0.581945776674502E+01    0.719708672784066E+00
    0.986480000000000E+03    0.229138750045695E+01    0.720122631658867E+00
    0.986500000000000E+03    0.234019243810553E+01    0.720120050987185E+00
    0.992760000000000E+03    0.504918016468855E+01    0.719974037697902E+00
    0.992780000000000E+03    0.509797740433805E+01    0.719968327379295E+00
    0.999040000000000E+03    0.151960026523238E+01    0.719998441825817E+00
    0.999060000000000E+03    0.156840047937112E+01    0.720000851306440E+00
    0.100532000000000E+04    0.427732262140808E+01    0.720075835067945E+00
    0.100534000000000E+04    0.432612799497565E+01    0.720076513037999E+00
    0.101160000000000E+04    0.748786381730952E+00    0.719778852844459E+00
    0.101162000000000E+04    0.797577613144767E+00    0.719784201866043E+00
    0.101788000000000E+04    0.350619161388704E+01    0.720095085596042E+00
    0.101790000000000E+04    0.355499551918319E+01    0.720097355810557E+00
    0.102416000000000E+04    0.626249693319960E+01    0.719646587546712E+00
    0.102418000000000E+04    0.280974082766079E-01    0.719646569315850E+00
    0.103046000000000E+04    0.278436195459108E+01    0.720110194708670E+00
    0.103048000000000E+04    0.283316641574129E+01    0.720108240684721E+00
    0.103674000000000E+04    0.554242323081235E+01    0.719768760066972E+00
    0.103676000000000E+04    0.559121809677117E+01    0.719763759143446E+00
    0.104302000000000E+04    0.201504226070256E+01    0.720210259922247E+00
    0.104304000000000E+04    0.206385075232811E+01    0.720209002872301E+00
    0.104930000000000E+04    0.477427213364672E+01    0.720134452328654E+00
    0.104932000000000E+04    0.482307731701940E+01    0.720131823227356E+00
    0.105558000000000E+04    0.124626595040536E+01    0.720048621208525E+00
    0.105560000000000E+04    0.129506798891998E+01    0.720052917059194E+00
    0.106186000000000E+04    0.400519401524389E+01    0.720205431632609E+00
    0.106188000000000E+04    0.405400130989619E+01    0.720207762960242E+00
    0.106816000000000E+04    0.526620199999343E+00    0.719767625988173E+00
    0.106818000000000E+04    0.575410785054828E+00    0.719772094384944E+00
    0.107444000000000E+04    0.328412269518685E+01    0.720180662623567E+00
    0.107446000000000E+04    0.333292622131103E+01    0.720181811254404E+00
    0.108072000000000E+04    0.604057156426097E+01    0.719639614248836E+00
    0.108074000000000E+04    0.608935710269088E+01    0.719637174123338E+00
    0.108700000000000E+04    0.251276724809213E+01    0.720100832167848E+00
    0.108702000000000E+04    0.256157111759330E+01    0.720098225323275E+00
    0.109328000000000E+04    0.527041269795700E+01    0.719884224800927E+00
    0.109330000000000E+04    0.531920801485103E+01    0.719878910034752E+00
    0.109956000000000E+04    0.174158850965887E+01    0.720095326352367E+00
    0.109958000000000E+04    0.179039272076716E+01    0.720095951006795E+00
    0.110586000000000E+04    0.454863622766425E+01    0.720095845875325E+00
    0.110588000000000E+04    0.459743991028017E+01    0.720095213600011E+00
    0.111214000000000E+04    0.101955364633932E+01    0.719860187280189E+00
    0.111216000000000E+04    0.106834767568489E+01    0.719865460660223E+00
    0.111842000000000E+04    0.377717544023835E+01    0.720086857151275E+00
    0.111844000000000E+04    0.382598286425900E+01    0.720088793164654E+00
    0.112470000000000E+04    0.250306677804019E+00    0.719697670643801E+00
    0.112472000000000E+04    0.299094632146989E+00    0.719700299902784E+00
    0.113098000000000E+04    0.300751882393160E+01    0.720139312814028E+00
    0.113100000000000E+04    0.305632421951168E+01    0.720138545381425E+00
    0.113726000000000E+04    0.576520859224638E+01    0.719770383448392E+00
    0.113728000000000E+04    0.581399934664341E+01    0.719765963769432E+00
    0.114354000000000E+04    0.223786206513205E+01    0.720191077321868E+00
    0.114356000000000E+04    0.228667010954950E+01    0.720188682345938E+00
    0.114984000000000E+04    0.504552572448119E+01    0.720043305567418E+00
    0.114986000000000E+04    0.509432743804973E+01    0.720038911363333E+00
    0.115612000000000E+04    0.151745021529769E+01    0.720112451366821E+00
    0.115614000000000E+04    0.156625562715544E+01    0.720114837488811E+00
    0.116240000000000E+04    0.427674260403455E+01    0.720209303349417E+00
    0.116242000000000E+04    0.432555099406227E+01    0.720210602054647E+00
    0.116868000000000E+04    0.749102878604390E+00    0.719876423562786E+00
    0.116870000000000E+04    0.797896003908136E+00    0.719881581840723E+00
    0.117496000000000E+04    0.350708557462121E+01    0.720143803501516E+00
    0.117498000000000E+04    0.355589114572103E+01    0.720145809646895E+00
    0.118124000000000E+04    0.626379934889701E+01    0.719676447009717E+00
    0.118126000000000E+04    0.294008769574248E-01    0.719676320849723E+00
    0.118754000000000E+04    0.278605860966854E+01    0.720148039994677E+00
    0.118756000000000E+04    0.283486454325066E+01    0.720146105474425E+00
    0.119382000000000E+04    0.554513093938249E+01    0.719914040903871E+00
    0.119384000000000E+04    0.559392768069620E+01    0.719908627808558E+00
    0.120010000000000E+04    0.201828751431367E+01    0.720259456711983E+00
    0.120012000000000E+04    0.206709790320883E+01    0.720258009312324E+00
