    0.000000000000000E+00    0.190000000000000E+01    0.740000000000000E+00
    0.200000000000000E-01    0.194959998828791E+01    0.739999380842316E+00
    0.630000000000000E+01    0.495740057761683E+01    0.739897145030210E+00
    0.632000000000000E+01    0.500699634183286E+01    0.739893134101936E+00
    0.125800000000000E+02    0.167844190692151E+01    0.739955863077940E+00
    0.126000000000000E+02    0.172804031521216E+01    0.739957119348676E+00
    0.188600000000000E+02    0.468617104670516E+01    0.739952533136515E+00
    0.188800000000000E+02    0.473576944012391E+01    0.739950770034645E+00
    0.251400000000000E+02    0.140754111908420E+01    0.739907275834891E+00
    0.251600000000000E+02    0.145713853473163E+01    0.739910230990658E+00
    0.314200000000000E+02    0.441563414575330E+01    0.740019539100236E+00
    0.314400000000000E+02    0.446523500992122E+01    0.740019840424984E+00
    0.377000000000000E+02    0.113723310138715E+01    0.739852909793629E+00
    0.377200000000000E+02    0.118682735269859E+01    0.739857724258909E+00
    0.440000000000000E+02    0.419488259013708E+01    0.740032016796788E+00
    0.440200000000000E+02    0.424448389546620E+01    0.740033818628610E+00
    0.502800000000000E+02    0.916667080216001E+00    0.739763094944293E+00
    0.503000000000000E+02    0.966257194323745E+00    0.739768658606114E+00
    0.565600000000000E+02    0.392439603191897E+01    0.740020183353383E+00
    0.565800000000000E+02    0.397399678346176E+01    0.740022813820081E+00
    0.628400000000000E+02    0.646428524297448E+00    0.739666117057680E+00
    0.628600000000000E+02    0.696014829953214E+00    0.739671168124200E+00
    0.691200000000000E+02    0.365372052116240E+01    0.739996820160130E+00
    0.691400000000000E+02    0.370332036564685E+01    0.739999399956754E+00
    0.754000000000000E+02    0.376062505399062E+00    0.739593944145177E+00
    0.754200000000000E+02    0.425645702222795E+00    0.739597435741728E+00
    0.817000000000000E+02    0.343213664973658E+01    0.739960096887560E+00
    0.817200000000000E+02    0.348173413528514E+01    0.739961832964105E+00
    0.879800000000000E+02    0.154361332753751E+00    0.739514367825980E+00
    0.880000000000000E+02    0.203941318160702E+00    0.739515701994262E+00
    0.942600000000000E+02    0.316014141725861E+01    0.739923378374084E+00
    0.942800000000000E+02    0.320973824178685E+01    0.739923505015542E+00
    0.100540000000000E+03    0.616596413105967E+01    0.739505700810355E+00
    0.100560000000000E+03    0.621554421414064E+01    0.739504479332678E+00
    0.106820000000000E+03    0.288815333243167E+01    0.739924669060665E+00
    0.106840000000000E+03    0.293775022053342E+01    0.739923230392791E+00
    0.113100000000000E+03    0.589432868058441E+01    0.739541248766604E+00
    0.113120000000000E+03    0.594391001457348E+01    0.739537726189922E+00
    0.119400000000000E+03    0.266556850937951E+01    0.739928954576151E+00
    0.119420000000000E+03    0.271516560857771E+01    0.739926566430457E+00
    0.125680000000000E+03    0.567195702409663E+01    0.739596828916489E+00
    0.125700000000000E+03    0.572154053104998E+01    0.739591850936020E+00
    0.131960000000000E+03    0.239305872855647E+01    0.739940160921999E+00
    0.131980000000000E+03    0.244265643783200E+01    0.739937577254597E+00
    0.138240000000000E+03    0.539990656080181E+01    0.739687487478634E+00
    0.138260000000000E+03    0.544949390125987E+01    0.739681991687678E+00
    0.144520000000000E+03    0.212074972992519E+01    0.739954462077747E+00
    0.144540000000000E+03    0.217034806978904E+01    0.739952611859445E+00
    0.150800000000000E+03    0.512804444633878E+01    0.739808283225778E+00
    0.150820000000000E+03    0.517763677869732E+01    0.739803478933491E+00
    0.157080000000000E+03    0.184899418220436E+01    0.739961590335730E+00
    0.157100000000000E+03    0.189859295176785E+01    0.739961190470928E+00
    0.163380000000000E+03    0.490616862188233E+01    0.739894511143988E+00
    0.163400000000000E+03    0.495576457957202E+01    0.739891154603453E+00
    0.169660000000000E+03    0.162719442830144E+01    0.739938244380363E+00
    0.169680000000000E+03    0.167679197058249E+01    0.739939769034067E+00
    0.175940000000000E+03    0.463446542406524E+01    0.739974010988184E+00
    0.175960000000000E+03    0.468406100335574E+01    0.739971965294493E+00
    0.182220000000000E+03    0.135469865263991E+01    0.739817246995648E+00
    0.182240000000000E+03    0.140429141810097E+01    0.739820879262928E+00
    0.188500000000000E+03    0.436144709302175E+01    0.739924510330926E+00
    0.188520000000000E+03    0.441104396679731E+01    0.739925250539152E+00
    0.194780000000000E+03    0.108187086490176E+01    0.739730934933347E+00
    0.194800000000000E+03    0.113146010783737E+01    0.739735976982922E+00
    0.201080000000000E+03    0.413798513056349E+01    0.739921547015244E+00
    0.201100000000000E+03    0.418758159645824E+01    0.739923652865235E+00
    0.207360000000000E+03    0.858543994161892E+00    0.739639909069278E+00
    0.207380000000000E+03    0.908129792733121E+00    0.739645430686384E+00
    0.213640000000000E+03    0.386478824213839E+01    0.739901027997394E+00
    0.213660000000000E+03    0.391438407193550E+01    0.739903669564775E+00
    0.219920000000000E+03    0.585487363956531E+00    0.739541068283732E+00
    0.219940000000000E+03    0.635068925149994E+00    0.739545901883941E+00
    0.226200000000000E+03    0.359121207519865E+01    0.739871634077988E+00
    0.226220000000000E+03    0.364080652329437E+01    0.739873922281602E+00
    0.232480000000000E+03    0.312302167530788E+00    0.739470132755062E+00
    0.232500000000000E+03    0.361880989534143E+00    0.739473286800360E+00
    0.238780000000000E+03    0.336718195095591E+01    0.739854159463410E+00
    0.238800000000000E+03    0.341677584989861E+01    0.739855393015990E+00
    0.245060000000000E+03    0.885099599851173E-01    0.739430354507467E+00
    0.245080000000000E+03    0.138087188548184E+00    0.739431120257813E+00
    0.251340000000000E+03    0.309329153186593E+01    0.739839505793499E+00
    0.251360000000000E+03    0.314288496098413E+01    0.739839247738474E+00
    0.257620000000000E+03    0.609809034009754E+01    0.739426966577441E+00
    0.257640000000000E+03    0.614766688968200E+01    0.739425160955295E+00
    0.263900000000000E+03    0.281891272584119E+01    0.739835799766880E+00
    0.263920000000000E+03    0.286850615571700E+01    0.739834051180456E+00
    0.270180000000000E+03    0.582419903191760E+01    0.739473879551836E+00
    0.270200000000000E+03    0.587377828497688E+01    0.739469723176189E+00
    0.276480000000000E+03    0.259427518344478E+01    0.739858607195724E+00
    0.276500000000000E+03    0.264386957748945E+01    0.739856093870166E+00
    0.282760000000000E+03    0.560005111566375E+01    0.739559693626215E+00
    0.282780000000000E+03    0.564963390170237E+01    0.739554392083904E+00
    0.289040000000000E+03    0.232028333561993E+01    0.739877613587336E+00
    0.289060000000000E+03    0.236987842766223E+01    0.739875069459248E+00
    0.295320000000000E+03    0.532644610417128E+01    0.739636700764401E+00
    0.295340000000000E+03    0.537603325513294E+01    0.739631423705026E+00
    0.301600000000000E+03    0.204682523170186E+01    0.739914845049718E+00
    0.301620000000000E+03    0.209642179155639E+01    0.739913340792377E+00
    0.307880000000000E+03    0.505351484720097E+01    0.739764356693518E+00
    0.307900000000000E+03    0.510310642849845E+01    0.739759925358387E+00
    0.314160000000000E+03    0.177392912420760E+01    0.739914840598440E+00
    0.314180000000000E+03    0.182352587388561E+01    0.739915181385727E+00
    0.320460000000000E+03    0.483046643728596E+01    0.739865945427459E+00
    0.320480000000000E+03    0.488006122566946E+01    0.739863109078729E+00
    0.326740000000000E+03    0.155089097720054E+01    0.739876893222411E+00
    0.326760000000000E+03    0.160048608920886E+01    0.739879080212922E+00
    0.333020000000000E+03    0.455783352498815E+01    0.739923959204349E+00
    0.333040000000000E+03    0.460743046140453E+01    0.739923264647619E+00
    0.339300000000000E+03    0.127838806853981E+01    0.739816137143970E+00
    0.339320000000000E+03    0.132798103080643E+01    0.739820254824673E+00
    0.345580000000000E+03    0.428544869306393E+01    0.739947320419149E+00
    0.345600000000000E+03    0.433504642906428E+01    0.739948443139023E+00
    0.351860000000000E+03    0.100612764199957E+01    0.739728462163280E+00
    0.351880000000000E+03    0.105571701505369E+01    0.739733760323159E+00
    0.358160000000000E+03    0.406255398418409E+01    0.739945648903694E+00
    0.358180000000000E+03    0.411215159096469E+01    0.739947952823062E+00
    0.364440000000000E+03    0.783418850579892E+00    0.739632135011202E+00
    0.364460000000000E+03    0.833004221222836E+00    0.739637508112475E+00
    0.370720000000000E+03    0.378996628535299E+01    0.739924383440448E+00
    0.370740000000000E+03    0.383956329188413E+01    0.739927041426034E+00
    0.377000000000000E+03    0.511193138873637E+00    0.739548673651604E+00
    0.377020000000000E+03    0.560774957221611E+00    0.739553320800089E+00
    0.383280000000000E+03    0.351749809232183E+01    0.739926083270119E+00
    0.383300000000000E+03    0.356709543161071E+01    0.739928541199467E+00
    0.389560000000000E+03    0.239449096655107E+00    0.739516415517469E+00
    0.389580000000000E+03    0.289029569753552E+00    0.739518905987565E+00
    0.395860000000000E+03    0.329488220561836E+01    0.739907749269407E+00
    0.395880000000000E+03    0.334447835592914E+01    0.739908560222650E+00
    0.402140000000000E+03    0.171552927255334E-01    0.739490336013531E+00
    0.402160000000000E+03    0.667347870956974E-01    0.739490350356710E+00
    0.408420000000000E+03    0.302252262416425E+01    0.739903707059662E+00
    0.408440000000000E+03    0.307211857714674E+01    0.739902969250517E+00
    0.414700000000000E+03    0.602838860165116E+01    0.739510658186487E+00
    0.414720000000000E+03    0.607796877477199E+01    0.739508066827536E+00
    0.420980000000000E+03    0.275011697421041E+01    0.739909966183796E+00
    0.421000000000000E+03    0.279971305294816E+01    0.739907980171072E+00
    0.427260000000000E+03    0.575622324591313E+01    0.739558797614306E+00
    0.427280000000000E+03    0.580580552454580E+01    0.739554339513908E+00
    0.433540000000000E+03    0.247742284099513E+01    0.739920310508691E+00
    0.433560000000000E+03    0.252701946410207E+01    0.739917697402374E+00
    0.439840000000000E+03    0.553336432913216E+01    0.739629645538354E+00
    0.439860000000000E+03    0.558294941907866E+01    0.739624245655483E+00
    0.446120000000000E+03    0.225411641243181E+01    0.739924113515251E+00
    0.446140000000000E+03    0.230371334485153E+01    0.739921793060640E+00
    0.452400000000000E+03    0.526062340461590E+01    0.739714528031379E+00
    0.452420000000000E+03    0.531021190818933E+01    0.739709258068149E+00
    0.458680000000000E+03    0.198102281527963E+01    0.739921983408467E+00
    0.458700000000000E+03    0.203061986073317E+01    0.739920615989212E+00
    0.464960000000000E+03    0.498756578034750E+01    0.739784228309733E+00
    0.464980000000000E+03    0.503715665089044E+01    0.739779660972706E+00
    0.471240000000000E+03    0.170749192229687E+01    0.739876492773289E+00
    0.471260000000000E+03    0.175708682081313E+01    0.739876984534346E+00
    0.477540000000000E+03    0.476312679102102E+01    0.739862473402134E+00
    0.477560000000000E+03    0.481271666003295E+01    0.739859095095328E+00
    0.483820000000000E+03    0.148201154816138E+01    0.739741778267938E+00
    0.483840000000000E+03    0.153160162975587E+01    0.739744399086282E+00
    0.490100000000000E+03    0.448768296868047E+01    0.739820958717827E+00
    0.490120000000000E+03    0.453727613676188E+01    0.739820771745227E+00
    0.496380000000000E+03    0.120689129835864E+01    0.739677255240888E+00
    0.496400000000000E+03    0.125647841751857E+01    0.739681773209439E+00
    0.502660000000000E+03    0.421219183850508E+01    0.739854441517727E+00
    0.502680000000000E+03    0.426178319967039E+01    0.739855752907434E+00
    0.508940000000000E+03    0.930901396935269E+00    0.739531318088251E+00
    0.508960000000000E+03    0.980482703092321E+00    0.739536725688064E+00
    0.515240000000000E+03    0.398519995161746E+01    0.739787951267152E+00
    0.515260000000000E+03    0.403479136900205E+01    0.739790518027350E+00
    0.521520000000000E+03    0.704236327432000E+00    0.739446394459002E+00
    0.521540000000000E+03    0.753814307076482E+00    0.739451581936817E+00
    0.527800000000000E+03    0.370860094063687E+01    0.739758637876600E+00
    0.527820000000000E+03    0.375819115457148E+01    0.739761179370904E+00
    0.534080000000000E+03    0.427896820676779E+00    0.739364317225652E+00
    0.534100000000000E+03    0.477471397833369E+00    0.739368111043466E+00
    0.540360000000000E+03    0.343182899323983E+01    0.739736331032514E+00
    0.540380000000000E+03    0.348141837073331E+01    0.739737977827191E+00
    0.546640000000000E+03    0.151523001365376E+00    0.739318238586864E+00
    0.546660000000000E+03    0.201095746000192E+00    0.739319851397207E+00
    0.552940000000000E+03    0.320460094329110E+01    0.739725553347268E+00
    0.552960000000000E+03    0.325418988262095E+01    0.739725880957743E+00
    0.559220000000000E+03    0.620779688872790E+01    0.739316221310567E+00
    0.559240000000000E+03    0.625736820945372E+01    0.739315506280335E+00
    0.565500000000000E+03    0.292723123466340E+01    0.739707164278319E+00
    0.565520000000000E+03    0.297681932251044E+01    0.739705903451786E+00
    0.571780000000000E+03    0.593070357451938E+01    0.739321094108351E+00
    0.571800000000000E+03    0.598027623882035E+01    0.739317779338683E+00
    0.578060000000000E+03    0.264964005092543E+01    0.739719321321923E+00
    0.578080000000000E+03    0.269922880590775E+01    0.739716955978052E+00
    0.584340000000000E+03    0.565354269151089E+01    0.739389598938608E+00
    0.584360000000000E+03    0.570311852852797E+01    0.739384317514781E+00
    0.590620000000000E+03    0.237199844690417E+01    0.739726889155651E+00
    0.590640000000000E+03    0.242158721918690E+01    0.739724257467439E+00
    0.596920000000000E+03    0.542561596610835E+01    0.739470994453565E+00
    0.596940000000000E+03    0.547519501263946E+01    0.739465447465658E+00
    0.603200000000000E+03    0.214370377314526E+01    0.739724841238601E+00
    0.603220000000000E+03    0.219329209038096E+01    0.739722909818046E+00
    0.609480000000000E+03    0.514744297397328E+01    0.739516474522836E+00
    0.609500000000000E+03    0.519702358103586E+01    0.739511630906366E+00
    0.615760000000000E+03    0.186473787426280E+01    0.739681841095537E+00
    0.615780000000000E+03    0.191432525543746E+01    0.739681514065830E+00
    0.622040000000000E+03    0.486876073695998E+01    0.739610119431299E+00
    0.622060000000000E+03    0.491834539820366E+01    0.739606904426282E+00
    0.628320000000000E+03    0.158616329207098E+01    0.739647445831007E+00
    0.628340000000000E+03    0.163574917350797E+01    0.739649126871922E+00
    0.634620000000000E+03    0.463959469983752E+01    0.739659803602645E+00
    0.634640000000000E+03    0.468918094324567E+01    0.739658494348236E+00
    0.640900000000000E+03    0.135691640585492E+01    0.739577982420996E+00
    0.640920000000000E+03    0.140650031139671E+01    0.739581563875699E+00
    0.647180000000000E+03    0.436096325255107E+01    0.739700913505299E+00
    0.647200000000000E+03    0.441055132470865E+01    0.739701684643832E+00
    0.653460000000000E+03    0.107845979651415E+01    0.739496647757553E+00
    0.653480000000000E+03    0.112803897992444E+01    0.739501658454830E+00
    0.659740000000000E+03    0.408179874770849E+01    0.739664688848164E+00
    0.659760000000000E+03    0.413138534804943E+01    0.739666878162146E+00
    0.666020000000000E+03    0.799168318547117E+00    0.739362981187747E+00
    0.666040000000000E+03    0.848742869570060E+00    0.739368403779414E+00
    0.672320000000000E+03    0.385156444889071E+01    0.739652862969955E+00
    0.672340000000000E+03    0.390114951782539E+01    0.739655445566003E+00
    0.678600000000000E+03    0.568909954824449E+00    0.739258864723271E+00
    0.678620000000000E+03    0.618480026384077E+00    0.739263510868069E+00
    0.684880000000000E+03    0.357132139745931E+01    0.739609245772839E+00
    0.684900000000000E+03    0.362090575022648E+01    0.739611523761084E+00
    0.691160000000000E+03    0.289073074664202E+00    0.739193770026737E+00
    0.691180000000000E+03    0.338640447793750E+00    0.739196443552468E+00
    0.697440000000000E+03    0.329079454139446E+01    0.739583299595731E+00
    0.697460000000000E+03    0.334037771588032E+01    0.739584184889746E+00
    0.703720000000000E+03    0.898589972007358E-02    0.739171030270315E+00
    0.703740000000000E+03    0.585527704377000E-01    0.739171203761195E+00
    0.710000000000000E+03    0.301043345031690E+01    0.739588010363603E+00
    0.710020000000000E+03    0.306001684644548E+01    0.739587301429484E+00
    0.716300000000000E+03    0.606188508123569E+01    0.739193701210000E+00
    0.716320000000000E+03    0.611145292444894E+01    0.739191471005323E+00
    0.722580000000000E+03    0.277999755422843E+01    0.739603452752523E+00
    0.722600000000000E+03    0.282958302990801E+01    0.739601694959813E+00
    0.728860000000000E+03    0.578285482779847E+01    0.739291303978246E+00
    0.728880000000000E+03    0.583242681529327E+01    0.739286996561965E+00
    0.735140000000000E+03    0.250088085628113E+01    0.739664346806770E+00
    0.735160000000000E+03    0.255046736879422E+01    0.739661721698987E+00
    0.741420000000000E+03    0.550405311482768E+01    0.739379797678276E+00
    0.741440000000000E+03    0.555362821437757E+01    0.739374390329660E+00
    0.747700000000000E+03    0.222164621794127E+01    0.739674594484224E+00
    0.747720000000000E+03    0.227123317362316E+01    0.739672302113123E+00
    0.754000000000000E+03    0.527460384979304E+01    0.739462438412129E+00
    0.754020000000000E+03    0.532418227835342E+01    0.739457149320587E+00
    0.760280000000000E+03    0.199186008300990E+01    0.739674546845613E+00
    0.760300000000000E+03    0.204144745714257E+01    0.739673330637463E+00
    0.766560000000000E+03    0.499535838331963E+01    0.739541029143558E+00
    0.766580000000000E+03    0.504494007028802E+01    0.739537021309091E+00
    0.772840000000000E+03    0.171225902520587E+01    0.739635274073977E+00
    0.772860000000000E+03    0.176184461143202E+01    0.739636159231128E+00
    0.779120000000000E+03    0.471575337992704E+01    0.739602613179670E+00
    0.779140000000000E+03    0.476533737634986E+01    0.739600478468405E+00
    0.785400000000000E+03    0.143251978264152E+01    0.739572049034345E+00
    0.785420000000000E+03    0.148210270790696E+01    0.739575066771702E+00
    0.791700000000000E+03    0.448544426884860E+01    0.739635261476452E+00
    0.791720000000000E+03    0.453502929781166E+01    0.739635057378252E+00
    0.797980000000000E+03    0.120218877492266E+01    0.739482889734692E+00
    0.798000000000000E+03    0.125176833840806E+01    0.739487499263321E+00
    0.804260000000000E+03    0.420536122043313E+01    0.739642386717358E+00
    0.804280000000000E+03    0.425494682703174E+01    0.739644070919966E+00
    0.810540000000000E+03    0.922150549548860E+00    0.739373627552715E+00
    0.810560000000000E+03    0.971725108578084E+00    0.739379082057362E+00
    0.816820000000000E+03    0.392492258395964E+01    0.739629222124186E+00
    0.816840000000000E+03    0.397450771551462E+01    0.739631856974043E+00
    0.823100000000000E+03    0.642023245335395E+00    0.739275436495449E+00
    0.823120000000000E+03    0.691593685826319E+00    0.739280513739325E+00
    0.829400000000000E+03    0.369399484928908E+01    0.739608957147319E+00
    0.829420000000000E+03    0.374357941025846E+01    0.739611553590125E+00
    0.835680000000000E+03    0.411537584459438E+00    0.739205954871139E+00
    0.835700000000000E+03    0.461105597406458E+00    0.739209554413496E+00
    0.841960000000000E+03    0.341353413067554E+01    0.739595464489845E+00
    0.841980000000000E+03    0.346311799027535E+01    0.739597077032292E+00
    0.848240000000000E+03    0.131762160217022E+00    0.739185654893317E+00
    0.848260000000000E+03    0.181329723456201E+00    0.739186994272747E+00
    0.854520000000000E+03    0.313356835604736E+01    0.739597815383893E+00
    0.854540000000000E+03    0.318315213557025E+01    0.739597822620072E+00
    0.860800000000000E+03    0.613505284182384E+01    0.739153270023773E+00
    0.860820000000000E+03    0.618461890103572E+01    0.739151841703877E+00
    0.867080000000000E+03    0.285271288036438E+01    0.739562806996469E+00
    0.867100000000000E+03    0.290229533561842E+01    0.739561252187215E+00
    0.873380000000000E+03    0.590382677207890E+01    0.739181276448752E+00
    0.873400000000000E+03    0.595339324787665E+01    0.739177785921962E+00
    0.879660000000000E+03    0.262064658367262E+01    0.739559310675630E+00
    0.879680000000000E+03    0.267022826829043E+01    0.739556964176688E+00
    0.885940000000000E+03    0.562224107034035E+01    0.739221667348767E+00
    0.885960000000000E+03    0.567180982409354E+01    0.739216522099805E+00
    0.892220000000000E+03    0.233838433215624E+01    0.739547795517263E+00
    0.892240000000000E+03    0.238796609483188E+01    0.739545266824380E+00
    0.898500000000000E+03    0.534013723184898E+01    0.739310199076602E+00
    0.898520000000000E+03    0.538970958087612E+01    0.739304761934847E+00
    0.904780000000000E+03    0.205599308514093E+01    0.739557034365523E+00
    0.904800000000000E+03    0.210557585016022E+01    0.739555389903037E+00
    0.911080000000000E+03    0.510756179105147E+01    0.739392634481864E+00
    0.911100000000000E+03    0.515713747683048E+01    0.739388026610693E+00
    0.917360000000000E+03    0.182304102584612E+01    0.739529951165531E+00
    0.917380000000000E+03    0.187262239964184E+01    0.739530060534573E+00
    0.923640000000000E+03    0.482508430241751E+01    0.739464924521553E+00
    0.923660000000000E+03    0.487466279039745E+01    0.739461959055289E+00
    0.929920000000000E+03    0.154016741596570E+01    0.739457318176302E+00
    0.929940000000000E+03    0.158974576020546E+01    0.739459585283728E+00
    0.936200000000000E+03    0.454179573813281E+01    0.739491808957195E+00
    0.936220000000000E+03    0.459137483781251E+01    0.739490918640092E+00
    0.942480000000000E+03    0.125665527643923E+01    0.739363662630552E+00
    0.942500000000000E+03    0.130622990795791E+01    0.739367876527650E+00
    0.948780000000000E+03    0.430767963556718E+01    0.739504001518497E+00
    0.948800000000000E+03    0.435725972396403E+01    0.739505182776588E+00
    0.955060000000000E+03    0.102262362346391E+01    0.739276863837512E+00
    0.955080000000000E+03    0.107219346056127E+01    0.739282005290875E+00
    0.961340000000000E+03    0.402347433925388E+01    0.739477323490123E+00
    0.961360000000000E+03    0.407305307549950E+01    0.739479701396114E+00
    0.967620000000000E+03    0.738454510154952E+00    0.739148656402960E+00
    0.967640000000000E+03    0.788020545091968E+00    0.739153962120487E+00
    0.973900000000000E+03    0.373953263405565E+01    0.739470909178178E+00
    0.973920000000000E+03    0.378911425586557E+01    0.739476425556715E+00
    0.980180000000000E+03    0.456030177488628E+00    0.739152981971690E+00
    0.980200000000000E+03    0.505596349655661E+00    0.739157124531880E+00
    0.986480000000000E+03    0.350689898588462E+01    0.739523204298900E+00
    0.986500000000000E+03    0.355647994666242E+01    0.739525103819034E+00
    0.992760000000000E+03    0.223897776764261E+00    0.739112465919527E+00
    0.992780000000000E+03    0.273462137970455E+00    0.739114450693347E+00
    0.999040000000000E+03    0.322480163692171E+01    0.739516332285765E+00
    0.999060000000000E+03    0.327438218693442E+01    0.739516785381331E+00
    0.100532000000000E+04    0.622545799443742E+01    0.739106721908065E+00
    0.100534000000000E+04    0.627502228272579E+01    0.739106146588797E+00
    0.101160000000000E+04    0.294285784036765E+01    0.739531455674895E+00
    0.101162000000000E+04    0.299243907386108E+01    0.739530310662733E+00
    0.101788000000000E+04    0.594410534541612E+01    0.739145158947622E+00
    0.101790000000000E+04    0.599367120163106E+01    0.739142023602263E+00
    0.102416000000000E+04    0.266112772823317E+01    0.739555841583554E+00
    0.102418000000000E+04    0.271071030486428E+01    0.739553502125394E+00
    0.103046000000000E+04    0.571246114450469E+01    0.739214387205290E+00
    0.103048000000000E+04    0.576202976309423E+01    0.739209544569617E+00
    0.103674000000000E+04    0.242914635485977E+01    0.739581111699783E+00
    0.103676000000000E+04    0.247873003058976E+01    0.739578531013767E+00
    0.104302000000000E+04    0.543146684632620E+01    0.739323868996920E+00
    0.104304000000000E+04    0.548103961901870E+01    0.739318376052349E+00
    0.104930000000000E+04    0.214785657458833E+01    0.739602242557942E+00
    0.104932000000000E+04    0.219744073215088E+01    0.739600253720142E+00
    0.105558000000000E+04    0.515056704601511E+01    0.739434568121003E+00
    0.105560000000000E+04    0.520014467674309E+01    0.739429666653939E+00
    0.106186000000000E+04    0.186689425706481E+01    0.739597971522557E+00
    0.106188000000000E+04    0.191647828673376E+01    0.739597470967971E+00
    0.106816000000000E+04    0.491944338515259E+01    0.739506947568888E+00
    0.106818000000000E+04    0.496902501415298E+01    0.739503339463172E+00
    0.107444000000000E+04    0.163605765529155E+01    0.739593029540723E+00
    0.107446000000000E+04    0.168564158835306E+01    0.739594613216840E+00
    0.108072000000000E+04    0.463936374573404E+01    0.739606710262874E+00
    0.108074000000000E+04    0.468894861322724E+01    0.739605326518830E+00
    0.108700000000000E+04    0.135622498133216E+01    0.739536072709061E+00
    0.108702000000000E+04    0.140580696479083E+01    0.739539672724325E+00
    0.109328000000000E+04    0.435961315528175E+01    0.739645873939813E+00
    0.109330000000000E+04    0.440919892297825E+01    0.739646577520685E+00
    0.109956000000000E+04    0.107639657103846E+01    0.739443863463397E+00
    0.109958000000000E+04    0.112597411150273E+01    0.739448992288258E+00
    0.110586000000000E+04    0.412906928956409E+01    0.739649170016961E+00
    0.110588000000000E+04    0.417865527187951E+01    0.739651303315352E+00
    0.111214000000000E+04    0.846071940698039E+00    0.739345418503189E+00
    0.111216000000000E+04    0.895645457976116E+00    0.739350823200412E+00
    0.111842000000000E+04    0.384868411635125E+01    0.739621388232549E+00
    0.111844000000000E+04    0.389826914011837E+01    0.739624090662200E+00
    0.112470000000000E+04    0.565971369165254E+00    0.739249819608785E+00
    0.112472000000000E+04    0.615541269485675E+00    0.739254464884435E+00
    0.113098000000000E+04    0.356783590775740E+01    0.739559097162313E+00
    0.113100000000000E+04    0.361741808174020E+01    0.739561327984102E+00
    0.113726000000000E+04    0.284937786893806E+00    0.739139313244182E+00
    0.113728000000000E+04    0.334503195777870E+00    0.739142194187861E+00
