    0.000000000000000E+00    0.190000000000000E+01    0.750000000000000E+00
    0.200000000000000E-02    0.190499999988880E+01    0.749999943853184E+00
    0.628400000000000E+01    0.504330534186295E+01    0.749870148808941E+00
    0.628600000000000E+01    0.504830481138548E+01    0.749869712714102E+00
    0.125680000000000E+02    0.190024798655648E+01    0.749997718444723E+00
    0.125700000000000E+02    0.190524797885848E+01    0.749997657213870E+00
    0.188500000000000E+02    0.503857739501296E+01    0.749874545561324E+00
    0.188520000000000E+02    0.504357691387418E+01    0.749874113162586E+00
    0.251340000000000E+02    0.189581259998263E+01    0.750004794036619E+00
    0.251360000000000E+02    0.190081262876194E+01    0.750004743870880E+00
    0.314160000000000E+02    0.503421822092857E+01    0.749883462070028E+00
    0.314180000000000E+02    0.503921777109713E+01    0.749883027302260E+00
    0.377000000000000E+02    0.189162901853521E+01    0.750022691494746E+00
    0.377020000000000E+02    0.189662911708811E+01    0.750022641607484E+00
    0.439840000000000E+02    0.503528189068049E+01    0.749899924723911E+00
    0.439860000000000E+02    0.504028149266408E+01    0.749899494231432E+00
    0.502660000000000E+02    0.188764819951454E+01    0.750022274807045E+00
    0.502680000000000E+02    0.189264829209928E+01    0.750022224238155E+00
    0.565500000000000E+02    0.503148359279925E+01    0.749865198266912E+00
    0.565520000000000E+02    0.503648333591457E+01    0.749864773514999E+00
    0.628320000000000E+02    0.188454996933359E+01    0.750067537957958E+00
    0.628340000000000E+02    0.188955025689540E+01    0.750067493955826E+00
    0.691160000000000E+02    0.502875298833735E+01    0.749937028234939E+00
    0.691180000000000E+02    0.503375274085428E+01    0.749936601777483E+00
    0.754000000000000E+02    0.188652407057103E+01    0.750056724616120E+00
    0.754020000000000E+02    0.189152430110795E+01    0.750056675714739E+00
    0.816820000000000E+02    0.502564125267176E+01    0.749938318697982E+00
    0.816840000000000E+02    0.503064103446786E+01    0.749937894577428E+00
    0.879660000000000E+02    0.188350395043963E+01    0.750057507057375E+00
    0.879680000000000E+02    0.188850417906562E+01    0.750057451332407E+00
    0.942480000000000E+02    0.502261159039310E+01    0.749942988206481E+00
    0.942500000000000E+02    0.502761138232205E+01    0.749942563878294E+00
    0.100532000000000E+03    0.188064220333840E+01    0.750067468956850E+00
    0.100534000000000E+03    0.188564247329484E+01    0.750067426381135E+00
    0.106816000000000E+03    0.502485389732715E+01    0.749948761589499E+00
    0.106818000000000E+03    0.502985370305157E+01    0.749948337764212E+00
    0.113098000000000E+03    0.187792404166163E+01    0.750069527282826E+00
    0.113100000000000E+03    0.188292432250262E+01    0.750069487914000E+00
    0.119382000000000E+03    0.502209886000827E+01    0.749955347971548E+00
    0.119384000000000E+03    0.502709868447226E+01    0.749954921727702E+00
    0.125664000000000E+03    0.187524763567683E+01    0.750077969129224E+00
    0.125666000000000E+03    0.188024798989619E+01    0.750077933195724E+00
    0.131948000000000E+03    0.501977951483059E+01    0.749966270036837E+00
    0.131950000000000E+03    0.502477940371926E+01    0.749965849269507E+00
    0.138232000000000E+03    0.187794641529467E+01    0.750079034296816E+00
    0.138234000000000E+03    0.188294674279479E+01    0.750078997372266E+00
    0.144514000000000E+03    0.501730210641608E+01    0.749961889887098E+00
    0.144516000000000E+03    0.502230197466832E+01    0.749961469905571E+00
    0.150798000000000E+03    0.187539988305844E+01    0.750071079202249E+00
    0.150800000000000E+03    0.188040017144652E+01    0.750071036602794E+00
    0.157080000000000E+03    0.501433960077850E+01    0.749924824347350E+00
    0.157082000000000E+03    0.501933928362064E+01    0.749924354719340E+00
    0.163364000000000E+03    0.187191249225907E+01    0.750044415053215E+00
    0.163366000000000E+03    0.187691267385418E+01    0.750044377510318E+00
    0.169648000000000E+03    0.501591323537264E+01    0.749929384674719E+00
    0.169650000000000E+03    0.502091299445692E+01    0.749928969467418E+00
    0.175930000000000E+03    0.186860956749013E+01    0.750036342757418E+00
    0.175932000000000E+03    0.187360971190640E+01    0.750036299044085E+00
    0.182214000000000E+03    0.501221437475988E+01    0.749906464015088E+00
    0.182216000000000E+03    0.501721391993880E+01    0.749905948004717E+00
    0.188496000000000E+03    0.186397893728110E+01    0.750015910815186E+00
    0.188498000000000E+03    0.186897861767289E+01    0.750015692870972E+00
    0.194780000000000E+03    0.500649372623695E+01    0.749806143103379E+00
    0.194782000000000E+03    0.501149299978886E+01    0.749805712805943E+00
    0.201062000000000E+03    0.185785694172978E+01    0.749939639376030E+00
    0.201064000000000E+03    0.186285672534979E+01    0.749939614705598E+00
    0.207346000000000E+03    0.500047761714211E+01    0.749823613642338E+00
    0.207348000000000E+03    0.500547691571069E+01    0.749823195030275E+00
    0.213630000000000E+03    0.185687413447465E+01    0.749939364731157E+00
    0.213632000000000E+03    0.186187393669991E+01    0.749939343423888E+00
    0.219912000000000E+03    0.499489708581905E+01    0.749860654514773E+00
    0.219914000000000E+03    0.499989653048476E+01    0.749860248236475E+00
    0.226196000000000E+03    0.185168388774889E+01    0.749976126004761E+00
    0.226198000000000E+03    0.185668379715366E+01    0.749976105271605E+00
    0.232478000000000E+03    0.499019060798412E+01    0.749893262742429E+00
    0.232480000000000E+03    0.499519020276034E+01    0.749892856649043E+00
    0.238762000000000E+03    0.184744936916059E+01    0.750005392265377E+00
    0.238764000000000E+03    0.185244939129529E+01    0.750005366570392E+00
    0.245046000000000E+03    0.499071329635683E+01    0.749888701788718E+00
    0.245048000000000E+03    0.499571278743770E+01    0.749888266363834E+00
    0.251328000000000E+03    0.184267717585499E+01    0.749989549299038E+00
    0.251330000000000E+03    0.184767713834947E+01    0.749989535405686E+00
    0.257612000000000E+03    0.498602756958803E+01    0.749881376814057E+00
    0.257614000000000E+03    0.499102716430673E+01    0.749880983070583E+00
    0.263894000000000E+03    0.183815763429368E+01    0.749991733824933E+00
    0.263896000000000E+03    0.184315760917229E+01    0.749991711124938E+00
    0.270178000000000E+03    0.498159880715252E+01    0.749879269000218E+00
    0.270180000000000E+03    0.498659845085422E+01    0.749878870345485E+00
    0.276462000000000E+03    0.183903070975759E+01    0.750017710930116E+00
    0.276464000000000E+03    0.184403079921310E+01    0.750017700628147E+00
    0.282744000000000E+03    0.497769706825875E+01    0.749917543869795E+00
    0.282746000000000E+03    0.498269674439211E+01    0.749917148167003E+00
    0.289028000000000E+03    0.183574528890620E+01    0.750084315612091E+00
    0.289030000000000E+03    0.184074562739227E+01    0.750084307411052E+00
    0.295310000000000E+03    0.497525491768783E+01    0.749986666588539E+00
    0.295312000000000E+03    0.498025486894926E+01    0.749986271926937E+00
    0.301594000000000E+03    0.183403461366288E+01    0.750127516482023E+00
    0.301596000000000E+03    0.183903514652457E+01    0.750127504397111E+00
    0.307878000000000E+03    0.497916510797711E+01    0.750031222852877E+00
    0.307880000000000E+03    0.498416525084190E+01    0.750030818341786E+00
    0.314160000000000E+03    0.183284445405582E+01    0.750119847737213E+00
    0.314162000000000E+03    0.183784493232531E+01    0.750119839308994E+00
    0.320444000000000E+03    0.497775467179952E+01    0.750017551310798E+00
    0.320446000000000E+03    0.498275475167554E+01    0.750017154909549E+00
    0.326726000000000E+03    0.183177350763310E+01    0.750151441403496E+00
    0.326728000000000E+03    0.183677411605629E+01    0.750151435036431E+00
    0.333010000000000E+03    0.497711814186675E+01    0.750051422658420E+00
    0.333012000000000E+03    0.498211835209997E+01    0.750051027741378E+00
    0.339294000000000E+03    0.183671579714837E+01    0.750191262368976E+00
    0.339296000000000E+03    0.184171658420746E+01    0.750191249874661E+00
    0.345576000000000E+03    0.497763846700445E+01    0.750093311521867E+00
    0.345578000000000E+03    0.498263885264066E+01    0.750092902517030E+00
    0.351860000000000E+03    0.183696734088380E+01    0.750193960556264E+00
    0.351862000000000E+03    0.184196792411399E+01    0.750193814814076E+00
    0.358142000000000E+03    0.497717199546696E+01    0.750031565484520E+00
    0.358144000000000E+03    0.498217213151258E+01    0.750031156948317E+00
    0.364426000000000E+03    0.183605963582602E+01    0.750138320429580E+00
    0.364428000000000E+03    0.184106017919339E+01    0.750138277153498E+00
    0.370708000000000E+03    0.497613392188180E+01    0.750032117306193E+00
    0.370710000000000E+03    0.498113405302138E+01    0.750031719941898E+00
    0.376992000000000E+03    0.183503861039958E+01    0.750140331620831E+00
    0.376994000000000E+03    0.184003919713621E+01    0.750140318306321E+00
    0.383276000000000E+03    0.498008982731324E+01    0.750020447221895E+00
    0.383278000000000E+03    0.498508992213260E+01    0.750020053651440E+00
    0.389558000000000E+03    0.183378702837092E+01    0.750127275588094E+00
    0.389560000000000E+03    0.183878754961290E+01    0.750127249721824E+00
    0.395842000000000E+03    0.497852459338196E+01    0.750009483554662E+00
    0.395844000000000E+03    0.498352448354672E+01    0.750008969014220E+00
    0.402124000000000E+03    0.183178568749622E+01    0.750089689530858E+00
    0.402126000000000E+03    0.183678606245496E+01    0.750089675365922E+00
    0.408408000000000E+03    0.497609275404488E+01    0.749971479109600E+00
    0.408410000000000E+03    0.498109250908055E+01    0.749970986017102E+00
    0.414692000000000E+03    0.183390966376601E+01    0.750054114430457E+00
    0.414694000000000E+03    0.183890989866222E+01    0.750054109184572E+00
    0.420974000000000E+03    0.497278274031942E+01    0.749937313654277E+00
    0.420976000000000E+03    0.497778248483860E+01    0.749936914558499E+00
    0.427258000000000E+03    0.183030899990626E+01    0.750034691516086E+00
    0.427260000000000E+03    0.183530914622361E+01    0.750034687006040E+00
    0.433540000000000E+03    0.496923716171159E+01    0.749931451536731E+00
    0.433542000000000E+03    0.497423694760278E+01    0.749931061768449E+00
    0.439824000000000E+03    0.182703556812680E+01    0.750046849056386E+00
    0.439826000000000E+03    0.183203577475138E+01    0.750046844175774E+00
    0.446108000000000E+03    0.497096369722362E+01    0.749936800873049E+00
    0.446110000000000E+03    0.497596344399403E+01    0.749936402165823E+00
    0.452390000000000E+03    0.182318540861615E+01    0.750005690911828E+00
    0.452392000000000E+03    0.182818543518601E+01    0.750005690160930E+00
    0.458674000000000E+03    0.496670658514859E+01    0.749905476227716E+00
    0.458676000000000E+03    0.497170621190435E+01    0.749905086609739E+00
    0.464956000000000E+03    0.181884688585751E+01    0.750006487840216E+00
    0.464958000000000E+03    0.182384692336291E+01    0.750006491510915E+00
    0.471240000000000E+03    0.496237582703134E+01    0.749898150009136E+00
    0.471242000000000E+03    0.496737542295182E+01    0.749897749501320E+00
    0.477524000000000E+03    0.181940111545600E+01    0.749992651332511E+00
    0.477526000000000E+03    0.182440108670380E+01    0.749992655675793E+00
    0.483806000000000E+03    0.495773138912296E+01    0.749888038079944E+00
    0.483808000000000E+03    0.496273093283617E+01    0.749887642552952E+00
    0.490090000000000E+03    0.181422090449314E+01    0.749942925432454E+00
    0.490092000000000E+03    0.181922067914775E+01    0.749942932636710E+00
    0.496372000000000E+03    0.495198274547079E+01    0.749848346983589E+00
    0.496374000000000E+03    0.495698215965012E+01    0.749847961813633E+00
    0.502656000000000E+03    0.180864072764257E+01    0.749960460922525E+00
    0.502658000000000E+03    0.181364057468681E+01    0.749960472922459E+00
    0.508940000000000E+03    0.495149940893771E+01    0.749865669974288E+00
    0.508942000000000E+03    0.495649887734362E+01    0.749865294233066E+00
    0.515222000000000E+03    0.180315435432954E+01    0.749962730145748E+00
    0.515224000000000E+03    0.180815422186492E+01    0.749962741342167E+00
    0.521506000000000E+03    0.494638694145101E+01    0.749889381402005E+00
    0.521508000000000E+03    0.495138650132071E+01    0.749889007095387E+00
    0.527788000000000E+03    0.179837787991551E+01    0.749983254627102E+00
    0.527790000000000E+03    0.180337783494269E+01    0.749983274930312E+00
    0.534072000000000E+03    0.494168352496695E+01    0.749896655581591E+00
    0.534074000000000E+03    0.494668312636577E+01    0.749896280060775E+00
    0.540354000000000E+03    0.179390097836585E+01    0.750002365486486E+00
    0.540356000000000E+03    0.179890099180693E+01    0.750002387060473E+00
    0.546638000000000E+03    0.493745131455512E+01    0.749917014350696E+00
    0.546640000000000E+03    0.494245098851843E+01    0.749916645830516E+00
    0.552922000000000E+03    0.179465818558424E+01    0.749993274968656E+00
    0.552924000000000E+03    0.179965815779292E+01    0.749993289071293E+00
    0.559204000000000E+03    0.493295822944924E+01    0.749901457618615E+00
    0.559206000000000E+03    0.493795783934024E+01    0.749901088298576E+00
    0.565488000000000E+03    0.179005349259774E+01    0.749992669999399E+00
    0.565490000000000E+03    0.179505349354281E+01    0.749992698358090E+00
    0.571770000000000E+03    0.492843461538996E+01    0.749901209932171E+00
    0.571772000000000E+03    0.493343423118677E+01    0.749900832399769E+00
    0.578054000000000E+03    0.178555431665382E+01    0.749992338987516E+00
    0.578056000000000E+03    0.179055433428198E+01    0.749992365899345E+00
    0.584338000000000E+03    0.492925759047421E+01    0.749918030842834E+00
    0.584340000000000E+03    0.493425733185381E+01    0.749917664214151E+00
    0.590620000000000E+03    0.178172831162010E+01    0.750016175277047E+00
    0.590622000000000E+03    0.178672839689648E+01    0.750016183963945E+00
    0.596904000000000E+03    0.492555318623067E+01    0.749947670825524E+00
    0.596906000000000E+03    0.493055299085950E+01    0.749947302416452E+00
    0.603186000000000E+03    0.177786506039865E+01    0.750015602678773E+00
    0.603188000000000E+03    0.178286497829845E+01    0.750015552078003E+00
    0.609470000000000E+03    0.492137741983925E+01    0.749920832729903E+00
    0.609472000000000E+03    0.492637710303052E+01    0.749920474967748E+00
    0.615754000000000E+03    0.177857621462067E+01    0.749996598368247E+00
    0.615756000000000E+03    0.178357620951397E+01    0.749996623196121E+00
    0.622036000000000E+03    0.491707316868269E+01    0.749923868678747E+00
    0.622038000000000E+03    0.492207288063446E+01    0.749923514370695E+00
    0.628320000000000E+03    0.177430217631945E+01    0.749994557037980E+00
    0.628322000000000E+03    0.177930215180072E+01    0.749994580288219E+00
    0.634602000000000E+03    0.491263600389266E+01    0.749906651483145E+00
    0.634604000000000E+03    0.491763563057452E+01    0.749906299101742E+00
    0.640886000000000E+03    0.176956239302740E+01    0.749974475330003E+00
    0.640888000000000E+03    0.177456229715540E+01    0.749974518078088E+00
    0.647170000000000E+03    0.491275247715953E+01    0.749896744421200E+00
    0.647172000000000E+03    0.491775207317505E+01    0.749896393339621E+00
    0.653452000000000E+03    0.176457087361837E+01    0.749963146606150E+00
    0.653454000000000E+03    0.176957072081677E+01    0.749963177395572E+00
    0.659736000000000E+03    0.490759893826066E+01    0.749887663216721E+00
    0.659738000000000E+03    0.491259849651897E+01    0.749887310507677E+00
    0.666018000000000E+03    0.175959919772276E+01    0.749923271169253E+00
    0.666020000000000E+03    0.176459923721154E+01    0.749923277323050E+00
    0.672302000000000E+03    0.490345383691852E+01    0.749951935503739E+00
    0.672304000000000E+03    0.490845364953384E+01    0.749951590219075E+00
    0.678586000000000E+03    0.176106026280604E+01    0.750030460391173E+00
    0.678588000000000E+03    0.176606040381103E+01    0.750030510988755E+00
    0.684868000000000E+03    0.489998369578439E+01    0.749954405870824E+00
    0.684870000000000E+03    0.490498352507552E+01    0.749954057317572E+00
    0.691152000000000E+03    0.175755566299563E+01    0.750034109956533E+00
    0.691154000000000E+03    0.176255582111662E+01    0.750034157438270E+00
    0.697434000000000E+03    0.489667091791944E+01    0.749967906148019E+00
    0.697436000000000E+03    0.490167080628862E+01    0.749967565445058E+00
    0.703718000000000E+03    0.175435261066718E+01    0.750032782170460E+00
    0.703720000000000E+03    0.175935275723077E+01    0.750032839143273E+00
    0.710000000000000E+03    0.489333329218766E+01    0.749964215959760E+00
    0.710002000000000E+03    0.489833316678073E+01    0.749963877384884E+00
    0.716284000000000E+03    0.175095798950247E+01    0.750025239739101E+00
    0.716286000000000E+03    0.175595809201332E+01    0.750025295954429E+00
    0.722568000000000E+03    0.489481040771989E+01    0.749955507659323E+00
    0.722570000000000E+03    0.489981024193048E+01    0.749955164691574E+00
    0.728850000000000E+03    0.174754008796731E+01    0.750034922178121E+00
    0.728852000000000E+03    0.175254024813421E+01    0.750034981200351E+00
    0.735134000000000E+03    0.489159427050754E+01    0.749962275687395E+00
    0.735136000000000E+03    0.489659413127606E+01    0.749961939441337E+00
    0.741416000000000E+03    0.174405471609884E+01    0.750022776494363E+00
    0.741418000000000E+03    0.174905482299187E+01    0.750022840384171E+00
    0.747700000000000E+03    0.488792249747121E+01    0.749955912122679E+00
    0.747702000000000E+03    0.489292233602418E+01    0.749955577785385E+00
    0.753984000000000E+03    0.174554905785226E+01    0.750022949879782E+00
    0.753986000000000E+03    0.175054915077135E+01    0.750023004199733E+00
    0.760266000000000E+03    0.488427715792727E+01    0.749955094803768E+00
    0.760268000000000E+03    0.488927697392364E+01    0.749954762103849E+00
    0.766550000000000E+03    0.174180415677961E+01    0.750027673525982E+00
    0.766552000000000E+03    0.174680428253328E+01    0.750027731026727E+00
    0.772832000000000E+03    0.488089794483153E+01    0.749967443361507E+00
    0.772834000000000E+03    0.488589785178306E+01    0.749967113138687E+00
    0.779116000000000E+03    0.173871087604107E+01    0.750039301532649E+00
    0.779118000000000E+03    0.174371103793260E+01    0.750039357197738E+00
    0.785400000000000E+03    0.488272945251515E+01    0.749972736179897E+00
    0.785402000000000E+03    0.488772934484632E+01    0.749972405648707E+00
    0.791682000000000E+03    0.173549547316929E+01    0.750036831116184E+00
    0.791684000000000E+03    0.174049562672371E+01    0.750036886915405E+00
    0.797966000000000E+03    0.487944236994963E+01    0.749964387795424E+00
    0.797968000000000E+03    0.488444223467195E+01    0.749964059365076E+00
    0.804248000000000E+03    0.173212940054600E+01    0.750030653254073E+00
    0.804250000000000E+03    0.173712956678332E+01    0.750030725012218E+00
    0.810532000000000E+03    0.487624515808261E+01    0.749970591162451E+00
    0.810534000000000E+03    0.488124504679354E+01    0.749970254854450E+00
    0.816816000000000E+03    0.173383900210092E+01    0.750029109972169E+00
    0.816818000000000E+03    0.173883912363794E+01    0.750029178035988E+00
    0.823098000000000E+03    0.487286791004180E+01    0.749970124896355E+00
    0.823100000000000E+03    0.487786781294881E+01    0.749969802985288E+00
    0.829382000000000E+03    0.173050460227205E+01    0.750027023760059E+00
    0.829384000000000E+03    0.173550472866827E+01    0.750027098912657E+00
    0.835664000000000E+03    0.486925280311880E+01    0.749961800323080E+00
    0.835666000000000E+03    0.487425267304707E+01    0.749961482028449E+00
    0.841948000000000E+03    0.172676262981213E+01    0.750026428070150E+00
    0.841950000000000E+03    0.173176275380547E+01    0.750026496082541E+00
    0.848232000000000E+03    0.487092844047675E+01    0.749958216794906E+00
    0.848234000000000E+03    0.487592843612674E+01    0.749957861890806E+00
    0.854514000000000E+03    0.172417585349967E+01    0.750032642998190E+00
    0.854516000000000E+03    0.172917627383504E+01    0.750032701876007E+00
    0.860798000000000E+03    0.486927403239042E+01    0.750050109830337E+00
    0.860800000000000E+03    0.487427424447333E+01    0.750049790509334E+00
    0.867080000000000E+03    0.172293589591663E+01    0.750104128039194E+00
    0.867082000000000E+03    0.172793631149943E+01    0.750104200220965E+00
    0.873364000000000E+03    0.486767256322946E+01    0.750031151595734E+00
    0.873366000000000E+03    0.487267270018219E+01    0.750030835405729E+00
    0.879646000000000E+03    0.172110417958993E+01    0.750093779167990E+00
    0.879648000000000E+03    0.172610456995153E+01    0.750093858509525E+00
    0.885930000000000E+03    0.486597894231227E+01    0.750029758616878E+00
    0.885932000000000E+03    0.487097907044017E+01    0.750029436162818E+00
    0.892214000000000E+03    0.172419451552605E+01    0.750083522907905E+00
    0.892216000000000E+03    0.172919472938065E+01    0.750083515061974E+00
    0.898496000000000E+03    0.486348020448486E+01    0.749989866474549E+00
    0.898498000000000E+03    0.486848007168146E+01    0.749989551785685E+00
    0.904780000000000E+03    0.172052511387164E+01    0.749986792319905E+00
    0.904782000000000E+03    0.172552505586964E+01    0.749986848822723E+00
    0.911062000000000E+03    0.485897259410285E+01    0.749926766742417E+00
    0.911064000000000E+03    0.486397231555293E+01    0.749926452725860E+00
    0.917346000000000E+03    0.171646018459523E+01    0.749999385375316E+00
    0.917348000000000E+03    0.172146026809696E+01    0.749999437450345E+00
    0.923630000000000E+03    0.486045317016760E+01    0.749963364066506E+00
    0.923632000000000E+03    0.486545310412203E+01    0.749963043965068E+00
    0.929912000000000E+03    0.171343778491564E+01    0.750062087539522E+00
    0.929914000000000E+03    0.171843804709033E+01    0.750062170075585E+00
    0.936196000000000E+03    0.485811447056403E+01    0.750019113443886E+00
    0.936198000000000E+03    0.486311457507281E+01    0.750018799240361E+00
    0.942478000000000E+03    0.171146185070211E+01    0.750079851566112E+00
    0.942480000000000E+03    0.171646218697651E+01    0.750079940083869E+00
    0.948762000000000E+03    0.485613034302287E+01    0.750027923709088E+00
    0.948764000000000E+03    0.486113047906338E+01    0.750027609151089E+00
    0.955046000000000E+03    0.171458138828120E+01    0.750087841795103E+00
    0.955048000000000E+03    0.171958174072643E+01    0.750087920741957E+00
    0.961328000000000E+03    0.485433375708953E+01    0.750034265847984E+00
    0.961330000000000E+03    0.485933390694254E+01    0.750033954121411E+00
    0.967612000000000E+03    0.171282431886266E+01    0.750089679010391E+00
    0.967614000000000E+03    0.171782469084701E+01    0.750089769094543E+00
    0.973894000000000E+03    0.485261747735103E+01    0.750038794674173E+00
    0.973896000000000E+03    0.485761765564712E+01    0.750038480049563E+00
    0.980178000000000E+03    0.171123212280008E+01    0.750101154202874E+00
    0.980180000000000E+03    0.171623254802353E+01    0.750101243382629E+00
    0.986462000000000E+03    0.485613734914432E+01    0.750038915282842E+00
    0.986464000000000E+03    0.486113751376161E+01    0.750038607370056E+00
    0.992744000000000E+03    0.170960999916997E+01    0.750096073293283E+00
    0.992746000000000E+03    0.171461039699898E+01    0.750096161471701E+00
    0.999028000000000E+03    0.485453612227911E+01    0.750038189785883E+00
    0.999030000000000E+03    0.485953627560730E+01    0.750037873628261E+00
    0.100531000000000E+04    0.170784170268553E+01    0.750091992056297E+00
    0.100531200000000E+04    0.171284202382139E+01    0.750092072287876E+00
    0.101159400000000E+04    0.485259675180851E+01    0.750041675296178E+00
    0.101159600000000E+04    0.485759692492093E+01    0.750041363153004E+00
    0.101787800000000E+04    0.171117125510045E+01    0.750101402821980E+00
    0.101788000000000E+04    0.171617167776549E+01    0.750101492746792E+00
    0.102416000000000E+04    0.485109318187870E+01    0.750046857684664E+00
    0.102416200000000E+04    0.485609338141421E+01    0.750046540875796E+00
    0.103044400000000E+04    0.170975683866209E+01    0.750108550360489E+00
    0.103044600000000E+04    0.171475729101940E+01    0.750108640843204E+00
    0.103672600000000E+04    0.484978528440070E+01    0.750052379667893E+00
    0.103672800000000E+04    0.485478551532606E+01    0.750052075078154E+00
    0.104301000000000E+04    0.170840594820447E+01    0.750110472269687E+00
    0.104301200000000E+04    0.171340640250719E+01    0.750110563073061E+00
    0.104929200000000E+04    0.484843023417579E+01    0.750047496600211E+00
    0.104929400000000E+04    0.485343042023169E+01    0.750047172237759E+00
    0.105557600000000E+04    0.170685645837375E+01    0.750092756089656E+00
    0.105557800000000E+04    0.171185683306521E+01    0.750092848193147E+00
    0.106186000000000E+04    0.485181710841880E+01    0.750012175985337E+00
    0.106186200000000E+04    0.485681740450491E+01    0.750011841357610E+00
    0.106814200000000E+04    0.170581748093036E+01    0.750132417015792E+00
    0.106814400000000E+04    0.171081801083028E+01    0.750132508307575E+00
    0.107442600000000E+04    0.485112017006941E+01    0.750073150766195E+00
    0.107442800000000E+04    0.485612045552489E+01    0.750072825973379E+00
    0.108070800000000E+04    0.170469200210391E+01    0.750096639205031E+00
    0.108071000000000E+04    0.170969238062435E+01    0.750096710649545E+00
    0.108699200000000E+04    0.484951967900906E+01    0.750046096717501E+00
    0.108699400000000E+04    0.485451987125862E+01    0.750045785247599E+00
    0.109327600000000E+04    0.170815935864812E+01    0.750104771410818E+00
    0.109327800000000E+04    0.171315979662540E+01    0.750104863658737E+00
    0.109955800000000E+04    0.484811999143676E+01    0.750048181450466E+00
    0.109956000000000E+04    0.485312019899629E+01    0.750047874153735E+00
    0.110584200000000E+04    0.170673346851572E+01    0.750105699534940E+00
    0.110584400000000E+04    0.171173391934053E+01    0.750105790942407E+00
    0.111212400000000E+04    0.484711026176001E+01    0.750083827930748E+00
    0.111212600000000E+04    0.485211059777430E+01    0.750083522725408E+00
    0.111840800000000E+04    0.170617293737041E+01    0.750140135575841E+00
    0.111841000000000E+04    0.171117350896475E+01    0.750140227672547E+00
    0.112469200000000E+04    0.485160280069022E+01    0.750079165262838E+00
    0.112469400000000E+04    0.485660311617903E+01    0.750078844836831E+00
    0.113097400000000E+04    0.170548920589226E+01    0.750130762288485E+00
    0.113097600000000E+04    0.171048973321695E+01    0.750130851597785E+00
