    0.000000000000000E+00    0.190000000000000E+01    0.780000000000000E+00
    0.200000000000000E-01    0.195119998837576E+01    0.779999375463706E+00
    0.630000000000000E+01    0.546110371724232E+01    0.779759234251010E+00
    0.632000000000000E+01    0.551229438413675E+01    0.779753379221925E+00
    0.125800000000000E+02    0.268572089955590E+01    0.779956094114154E+00
    0.126000000000000E+02    0.273691878332297E+01    0.779953832767972E+00
    0.188600000000000E+02    0.619457766837902E+01    0.779584299510023E+00
    0.188800000000000E+02    0.624576109489136E+01    0.779583463839127E+00
    0.251400000000000E+02    0.342021071295156E+01    0.779956963970121E+00
    0.251600000000000E+02    0.347140891177158E+01    0.779958529999959E+00
    0.314200000000000E+02    0.645174020005101E+00    0.779692796553570E+00
    0.314400000000000E+02    0.696361523552184E+00    0.779697827934066E+00
    0.377000000000000E+02    0.415430970393560E+01    0.779955043847458E+00
    0.377200000000000E+02    0.420550793907913E+01    0.779956903865786E+00
    0.440000000000000E+02    0.142933250961218E+01    0.779871656299099E+00
    0.440200000000000E+02    0.148052781522183E+01    0.779874742145090E+00
    0.502800000000000E+02    0.493887245304958E+01    0.779874514647753E+00
    0.503000000000000E+02    0.499006753570683E+01    0.779870883962338E+00
    0.565600000000000E+02    0.216270032412754E+01    0.779951160313397E+00
    0.565800000000000E+02    0.221389808468879E+01    0.779949133987769E+00
    0.628400000000000E+02    0.567168412416478E+01    0.779641769351821E+00
    0.628600000000000E+02    0.572286984775593E+01    0.779636860821383E+00
    0.691200000000000E+02    0.289625996626290E+01    0.779923662541664E+00
    0.691400000000000E+02    0.294745687416065E+01    0.779922294937935E+00
    0.754000000000000E+02    0.121530313367543E+00    0.779577576297920E+00
    0.754200000000000E+02    0.172713449539003E+00    0.779578872286026E+00
    0.817000000000000E+02    0.368201854301998E+01    0.779999985542420E+00
    0.817200000000000E+02    0.373321858855601E+01    0.780002531291245E+00
    0.879800000000000E+02    0.907096927377296E+00    0.779791300064851E+00
    0.880000000000000E+02    0.958288611453241E+00    0.779796737257147E+00
    0.942600000000000E+02    0.441703611816177E+01    0.780009654071315E+00
    0.942800000000000E+02    0.446823604612609E+01    0.780009886753678E+00
    0.100540000000000E+03    0.164150427737826E+01    0.779979307016750E+00
    0.100560000000000E+03    0.169270363673394E+01    0.779980749894150E+00
    0.106820000000000E+03    0.515170420809841E+01    0.779862242895447E+00
    0.106840000000000E+03    0.520289866269263E+01    0.779857347554086E+00
    0.113100000000000E+03    0.237631265591767E+01    0.780003438664545E+00
    0.113120000000000E+03    0.242751275870069E+01    0.780000795895645E+00
    0.119400000000000E+03    0.593720418545973E+01    0.779641604034788E+00
    0.119420000000000E+03    0.598839096741830E+01    0.779638407073401E+00
    0.125680000000000E+03    0.316301999551973E+01    0.779994115150850E+00
    0.125700000000000E+03    0.321421979193201E+01    0.779994214808631E+00
    0.131960000000000E+03    0.389075683188310E+00    0.779687436074625E+00
    0.131980000000000E+03    0.440263237385977E+00    0.779690907768881E+00
    0.138240000000000E+03    0.389922421209451E+01    0.780058437723744E+00
    0.138260000000000E+03    0.395042666384188E+01    0.780061141708512E+00
    0.144520000000000E+03    0.112484851725532E+01    0.779936064153746E+00
    0.144540000000000E+03    0.117604641461469E+01    0.779940876596927E+00
    0.150800000000000E+03    0.463620131884841E+01    0.780075800691997E+00
    0.150820000000000E+03    0.468740536238892E+01    0.780073968664044E+00
    0.157080000000000E+03    0.186222652024992E+01    0.780131676940198E+00
    0.157100000000000E+03    0.191343202853096E+01    0.780131294262306E+00
    0.163380000000000E+03    0.542516813883361E+01    0.779916054775676E+00
    0.163400000000000E+03    0.547636520420406E+01    0.779910524413748E+00
    0.169660000000000E+03    0.265166364816372E+01    0.780109717958416E+00
    0.169680000000000E+03    0.270286757108829E+01    0.780107368425621E+00
    0.175940000000000E+03    0.616242950123387E+01    0.779735404695891E+00
    0.175960000000000E+03    0.621361892449738E+01    0.779734175425151E+00
    0.182220000000000E+03    0.338982207851996E+01    0.780099345468279E+00
    0.182240000000000E+03    0.344102605803226E+01    0.780100788939910E+00
    0.188500000000000E+03    0.616601227050126E+00    0.779828970188134E+00
    0.188520000000000E+03    0.667793952993975E+00    0.779834230065973E+00
    0.194780000000000E+03    0.412818892831149E+01    0.780158929713018E+00
    0.194800000000000E+03    0.417939570201844E+01    0.780160878135574E+00
    0.201080000000000E+03    0.140586140079131E+01    0.780074641168950E+00
    0.201100000000000E+03    0.145706436569549E+01    0.780077925425672E+00
    0.207360000000000E+03    0.491778742462691E+01    0.780078623945516E+00
    0.207380000000000E+03    0.496899058115014E+01    0.780075076266743E+00
    0.213640000000000E+03    0.214431660544517E+01    0.780138902647373E+00
    0.213660000000000E+03    0.219552389114006E+01    0.780136998739100E+00
    0.219920000000000E+03    0.565645272994732E+01    0.779893735544987E+00
    0.219940000000000E+03    0.570764859996575E+01    0.779888761482062E+00
    0.226200000000000E+03    0.288404818927518E+01    0.780153364456970E+00
    0.226220000000000E+03    0.293525417378760E+01    0.780151876666072E+00
    0.232480000000000E+03    0.112045159449735E+00    0.779789078824901E+00
    0.232500000000000E+03    0.163236213918594E+00    0.779790312236947E+00
    0.238780000000000E+03    0.367440375821786E+01    0.780141644596776E+00
    0.238800000000000E+03    0.372560916334044E+01    0.780144103550377E+00
    0.245060000000000E+03    0.901051415087068E+00    0.779922870694919E+00
    0.245080000000000E+03    0.952247933467788E+00    0.779928275832055E+00
    0.251340000000000E+03    0.441279733654721E+01    0.780152596826306E+00
    0.251360000000000E+03    0.446400365805914E+01    0.780152966973484E+00
    0.257620000000000E+03    0.163916235951433E+01    0.780121283885301E+00
    0.257640000000000E+03    0.169036724014757E+01    0.780122751833544E+00
    0.263900000000000E+03    0.515107798201234E+01    0.780011227633460E+00
    0.263920000000000E+03    0.520227845253601E+01    0.780006263899864E+00
    0.270180000000000E+03    0.237773575804965E+01    0.780155680087846E+00
    0.270200000000000E+03    0.242894253767008E+01    0.780153107843582E+00
    0.276480000000000E+03    0.594043671197198E+01    0.779798848453715E+00
    0.276500000000000E+03    0.599162780448057E+01    0.779795614033777E+00
    0.282760000000000E+03    0.316760429570922E+01    0.780106282127093E+00
    0.282780000000000E+03    0.321880846248314E+01    0.780106373639324E+00
    0.289040000000000E+03    0.394910074507720E+00    0.779793715050752E+00
    0.289060000000000E+03    0.446101847263321E+00    0.779797235403678E+00
    0.295320000000000E+03    0.390635244120756E+01    0.780152236229936E+00
    0.295340000000000E+03    0.395755831502538E+01    0.780154848745762E+00
    0.301600000000000E+03    0.113223199374033E+01    0.779933746361586E+00
    0.301620000000000E+03    0.118342942172944E+01    0.779938606721331E+00
    0.307880000000000E+03    0.464332638880751E+01    0.780058108355151E+00
    0.307900000000000E+03    0.469452856063651E+01    0.780056463894902E+00
    0.314160000000000E+03    0.186858018456621E+01    0.780066985916723E+00
    0.314180000000000E+03    0.191978289360134E+01    0.780066585066837E+00
    0.320460000000000E+03    0.543071691746059E+01    0.779844276973551E+00
    0.320480000000000E+03    0.548191096165590E+01    0.779838800460561E+00
    0.326740000000000E+03    0.265645825889499E+01    0.780041291657846E+00
    0.326760000000000E+03    0.270765983795923E+01    0.780038888411149E+00
    0.333020000000000E+03    0.616630782529148E+01    0.779664574471487E+00
    0.333040000000000E+03    0.621749345671662E+01    0.779663547014277E+00
    0.339300000000000E+03    0.339234776802459E+01    0.779990740606224E+00
    0.339320000000000E+03    0.344354738155812E+01    0.779992174999948E+00
    0.345580000000000E+03    0.617855167140647E+00    0.779721674321571E+00
    0.345600000000000E+03    0.669046917914329E+00    0.779726087310142E+00
    0.351860000000000E+03    0.412870525947346E+01    0.780095853603086E+00
    0.351880000000000E+03    0.417990915010273E+01    0.780097830627512E+00
    0.358160000000000E+03    0.140602067716520E+01    0.780055841202532E+00
    0.358180000000000E+03    0.145722322250185E+01    0.780059119491023E+00
    0.364440000000000E+03    0.491815433555837E+01    0.779997531820097E+00
    0.364460000000000E+03    0.496935931674943E+01    0.779993506820072E+00
    0.370720000000000E+03    0.214547054293951E+01    0.780237775332942E+00
    0.370740000000000E+03    0.219667999822889E+01    0.780235837862508E+00
    0.377000000000000E+03    0.565812751905855E+01    0.779938856792143E+00
    0.377020000000000E+03    0.570932510741568E+01    0.779933874445292E+00
    0.383280000000000E+03    0.288631694118953E+01    0.780209712918991E+00
    0.383300000000000E+03    0.293752596651620E+01    0.780208476090596E+00
    0.389560000000000E+03    0.115142537270458E+00    0.779851282449561E+00
    0.389580000000000E+03    0.166336441724525E+00    0.779852496086771E+00
    0.395860000000000E+03    0.367854575860713E+01    0.780229273398988E+00
    0.395880000000000E+03    0.372975497482855E+01    0.780231887457582E+00
    0.402140000000000E+03    0.906412656430348E+00    0.780017945421353E+00
    0.402160000000000E+03    0.957612924810974E+00    0.780023333207101E+00
    0.408420000000000E+03    0.441919080644107E+01    0.780235106262094E+00
    0.408440000000000E+03    0.447040008817112E+01    0.780235460786092E+00
    0.414700000000000E+03    0.164658912663367E+01    0.780210170795846E+00
    0.414720000000000E+03    0.169779778275415E+01    0.780211604814752E+00
    0.420980000000000E+03    0.515963507592551E+01    0.780088267441353E+00
    0.421000000000000E+03    0.521083852866582E+01    0.780083338810729E+00
    0.427260000000000E+03    0.238712372679561E+01    0.780227334951781E+00
    0.427280000000000E+03    0.243833289442819E+01    0.780224727660780E+00
    0.433540000000000E+03    0.589972206437255E+01    0.779866767213665E+00
    0.433560000000000E+03    0.595091805702896E+01    0.779863530018777E+00
    0.439840000000000E+03    0.317965931571280E+01    0.780228135210337E+00
    0.439860000000000E+03    0.323086831603518E+01    0.780228263497138E+00
    0.446120000000000E+03    0.408408733938813E+00    0.779907566113528E+00
    0.446140000000000E+03    0.459604819409606E+00    0.779911178000930E+00
    0.452400000000000E+03    0.392127993127633E+01    0.780276383522090E+00
    0.452420000000000E+03    0.397249108303458E+01    0.780279003084851E+00
    0.458680000000000E+03    0.114955690555348E+01    0.780144604488301E+00
    0.458700000000000E+03    0.120076300798269E+01    0.780149401118317E+00
    0.464960000000000E+03    0.466324320125068E+01    0.780258526083675E+00
    0.464980000000000E+03    0.471445347174176E+01    0.780256828641730E+00
    0.471240000000000E+03    0.189123702883853E+01    0.780288310494134E+00
    0.471260000000000E+03    0.194244874880542E+01    0.780287764412536E+00
    0.477540000000000E+03    0.545594110144998E+01    0.780043113302121E+00
    0.477560000000000E+03    0.550714272541427E+01    0.780037613157982E+00
    0.483820000000000E+03    0.268411435684584E+01    0.780243570948548E+00
    0.483840000000000E+03    0.273532403393006E+01    0.780241266818343E+00
    0.490100000000000E+03    0.619680028420316E+01    0.779863282555253E+00
    0.490120000000000E+03    0.624799690292002E+01    0.779862942383715E+00
    0.496380000000000E+03    0.342623762333437E+01    0.780260478468951E+00
    0.496400000000000E+03    0.347744788475075E+01    0.780262138746684E+00
    0.502660000000000E+03    0.655153824398212E+00    0.780012786306139E+00
    0.502680000000000E+03    0.706354513312590E+00    0.780017862325381E+00
    0.508940000000000E+03    0.416883298374478E+01    0.780316841088911E+00
    0.508960000000000E+03    0.422004560367714E+01    0.780318624756968E+00
    0.515240000000000E+03    0.144829423899728E+01    0.780235730187606E+00
    0.515260000000000E+03    0.149950372767898E+01    0.780238812462816E+00
    0.521520000000000E+03    0.496226624372002E+01    0.780224145866866E+00
    0.521540000000000E+03    0.501347536269873E+01    0.780220385722134E+00
    0.527800000000000E+03    0.219061655452310E+01    0.780307978543005E+00
    0.527820000000000E+03    0.224182848937903E+01    0.780305799329211E+00
    0.534080000000000E+03    0.570409391080875E+01    0.779994206905635E+00
    0.534100000000000E+03    0.575529382785521E+01    0.779989463335691E+00
    0.540360000000000E+03    0.293307025063518E+01    0.780265907364652E+00
    0.540380000000000E+03    0.298428078287566E+01    0.780264726059727E+00
    0.546640000000000E+03    0.162561592543398E+00    0.779921042420717E+00
    0.546660000000000E+03    0.213758526901756E+00    0.779922901374568E+00
    0.552940000000000E+03    0.372716428621925E+01    0.780320860021187E+00
    0.552960000000000E+03    0.377837712146425E+01    0.780323452702172E+00
    0.559220000000000E+03    0.956338776215262E+00    0.780138476505110E+00
    0.559240000000000E+03    0.100754446103929E+01    0.780143895733109E+00
    0.565500000000000E+03    0.447038663219246E+01    0.780384889711284E+00
    0.565520000000000E+03    0.452159808759370E+01    0.780384322155128E+00
    0.571780000000000E+03    0.169592716308944E+01    0.781124054933289E+00
    0.571800000000000E+03    0.174713870880350E+01    0.781122747047618E+00
    0.578060000000000E+03    0.520611304896897E+01    0.779562525507593E+00
    0.578080000000000E+03    0.525729548595632E+01    0.779557423878233E+00
    0.584340000000000E+03    0.242726385655487E+01    0.779720168099857E+00
    0.584360000000000E+03    0.247845272469272E+01    0.779717537356987E+00
    0.590620000000000E+03    0.593343905440611E+01    0.779364427723384E+00
    0.590640000000000E+03    0.598461456768405E+01    0.779361444281254E+00
    0.596920000000000E+03    0.320548414583345E+01    0.780106104406394E+00
    0.596940000000000E+03    0.325666573696662E+01    0.780109534530020E+00
    0.603200000000000E+03    0.422704759372891E+00    0.779251878450501E+00
    0.603220000000000E+03    0.473857472929694E+00    0.779256029562316E+00
    0.609480000000000E+03    0.392013073662361E+01    0.778965488041647E+00
    0.609500000000000E+03    0.397128945003169E+01    0.778968138643784E+00
    0.615760000000000E+03    0.113157375071478E+01    0.778838358319726E+00
    0.615780000000000E+03    0.118272420306766E+01    0.778842881706871E+00
    0.622040000000000E+03    0.462808604863494E+01    0.778906246991953E+00
    0.622060000000000E+03    0.467924250698275E+01    0.778904967272879E+00
    0.628320000000000E+03    0.183902184769931E+01    0.778929813434448E+00
    0.628340000000000E+03    0.189017925536018E+01    0.778929624968972E+00
    0.634620000000000E+03    0.538681940716583E+01    0.778723689947519E+00
    0.634640000000000E+03    0.543796827329493E+01    0.778718223543049E+00
    0.640900000000000E+03    0.259786175091222E+01    0.778894305041078E+00
    0.640920000000000E+03    0.264901711370067E+01    0.778891845688270E+00
    0.647180000000000E+03    0.609325843477427E+01    0.778508482843833E+00
    0.647200000000000E+03    0.614439781138958E+01    0.778506843127431E+00
    0.653460000000000E+03    0.330466909284178E+01    0.778835082484887E+00
    0.653480000000000E+03    0.335582237270569E+01    0.778836034314934E+00
    0.659740000000000E+03    0.515750062994584E+00    0.778542853820971E+00
    0.659760000000000E+03    0.566892384344783E+00    0.778547350792424E+00
    0.666020000000000E+03    0.401136956732398E+01    0.778881435185374E+00
    0.666040000000000E+03    0.406252478390229E+01    0.778883867725193E+00
    0.672320000000000E+03    0.127283987946021E+01    0.778758790854798E+00
    0.672340000000000E+03    0.132398940592770E+01    0.778762828110896E+00
    0.678600000000000E+03    0.476859306514484E+01    0.778819822245152E+00
    0.678620000000000E+03    0.481974585464923E+01    0.778817482034635E+00
    0.684880000000000E+03    0.197865477675555E+01    0.778859173125291E+00
    0.684900000000000E+03    0.202980912739235E+01    0.778858133688026E+00
    0.691160000000000E+03    0.547416607206378E+01    0.778612738829844E+00
    0.691180000000000E+03    0.552531095077416E+01    0.778607144505469E+00
    0.697440000000000E+03    0.268453262078447E+01    0.778824403565071E+00
    0.697460000000000E+03    0.273568409384779E+01    0.778822630829044E+00
    0.703720000000000E+03    0.617878075738622E+01    0.778413919053704E+00
    0.703740000000000E+03    0.622991709049302E+01    0.778412944412977E+00
    0.710000000000000E+03    0.338933177570061E+01    0.778770979979733E+00
    0.710020000000000E+03    0.344048236661115E+01    0.778772441791628E+00
    0.716300000000000E+03    0.650264819109452E+00    0.778485162440763E+00
    0.716320000000000E+03    0.701404061057701E+00    0.778490125540607E+00
    0.722580000000000E+03    0.414471057391302E+01    0.778798401140797E+00
    0.722600000000000E+03    0.419586265260045E+01    0.778800428317113E+00
    0.728860000000000E+03    0.135392792820630E+01    0.778691129000680E+00
    0.728880000000000E+03    0.140507539517034E+01    0.778694639143389E+00
    0.735140000000000E+03    0.484865025969748E+01    0.778717078588442E+00
    0.735160000000000E+03    0.489979902276104E+01    0.778713995432965E+00
    0.741420000000000E+03    0.205780219150574E+01    0.778783717153109E+00
    0.741440000000000E+03    0.210895352507350E+01    0.778782159204153E+00
    0.747700000000000E+03    0.555217740067201E+01    0.778504531070819E+00
    0.747720000000000E+03    0.560331748619205E+01    0.778499219687350E+00
    0.754000000000000E+03    0.281296623162029E+01    0.778746330735257E+00
    0.754020000000000E+03    0.286411625954338E+01    0.778744454677378E+00
    0.760280000000000E+03    0.234147822909563E-01    0.778373759834515E+00
    0.760300000000000E+03    0.745497259251806E-01    0.778373895770425E+00
    0.766560000000000E+03    0.351720767246070E+01    0.778764872708751E+00
    0.766580000000000E+03    0.356835831837316E+01    0.778766893152412E+00
    0.772840000000000E+03    0.727060544163578E+00    0.778521679055311E+00
    0.772860000000000E+03    0.778201560548041E+00    0.778526957301985E+00
    0.779120000000000E+03    0.422195981195932E+01    0.778811976300622E+00
    0.779140000000000E+03    0.427311263589058E+01    0.778813493034638E+00
    0.785400000000000E+03    0.143154093502790E+01    0.778742022616212E+00
    0.785420000000000E+03    0.148269084408525E+01    0.778745036538314E+00
    0.791700000000000E+03    0.497783298720924E+01    0.778714147705921E+00
    0.791720000000000E+03    0.502898147212522E+01    0.778710110895562E+00
    0.797980000000000E+03    0.218711708882893E+01    0.778796889719644E+00
    0.798000000000000E+03    0.223826892657075E+01    0.778794808308621E+00
    0.804260000000000E+03    0.568162774746270E+01    0.778482463000918E+00
    0.804280000000000E+03    0.573276665533513E+01    0.778477559982088E+00
    0.810540000000000E+03    0.289141164254988E+01    0.778751677806846E+00
    0.810560000000000E+03    0.294256180704679E+01    0.778750353234544E+00
    0.816820000000000E+03    0.102244625906678E+00    0.778419630836192E+00
    0.816840000000000E+03    0.153381416157572E+00    0.778420649475736E+00
    0.823100000000000E+03    0.359653690803179E+01    0.778801324622746E+00
    0.823120000000000E+03    0.364768868513056E+01    0.778803638506401E+00
    0.829400000000000E+03    0.857640341417209E+00    0.778574180420014E+00
    0.829420000000000E+03    0.908782993816203E+00    0.778579735258529E+00
    0.835680000000000E+03    0.435275628609861E+01    0.778830429728526E+00
    0.835700000000000E+03    0.440390981019073E+01    0.778831281235188E+00
    0.841960000000000E+03    0.156240806415644E+01    0.778777231265609E+00
    0.841980000000000E+03    0.161355920227152E+01    0.778779370070728E+00
    0.848240000000000E+03    0.505766905159589E+01    0.778710379163039E+00
    0.848260000000000E+03    0.510881758381493E+01    0.778705787508300E+00
    0.854520000000000E+03    0.226722819163160E+01    0.778807177138319E+00
    0.854540000000000E+03    0.231838042061327E+01    0.778804778158358E+00
    0.860800000000000E+03    0.576182451529849E+01    0.778469476376862E+00
    0.860820000000000E+03    0.581296320065940E+01    0.778465043038778E+00
    0.867080000000000E+03    0.297199093671907E+01    0.778764854712084E+00
    0.867100000000000E+03    0.302314176661002E+01    0.778764038581538E+00
    0.873380000000000E+03    0.233677130437172E+00    0.778413178645330E+00
    0.873400000000000E+03    0.284813468893844E+00    0.778415277071344E+00
    0.879660000000000E+03    0.372781501541249E+01    0.778786683744248E+00
    0.879680000000000E+03    0.377896648249725E+01    0.778789264002532E+00
    0.885940000000000E+03    0.937880285725896E+00    0.778618549467380E+00
    0.885960000000000E+03    0.989025175513689E+00    0.778623979260561E+00
    0.892220000000000E+03    0.443323602666032E+01    0.778838046049760E+00
    0.892240000000000E+03    0.448438950412628E+01    0.778838245430152E+00
    0.898500000000000E+03    0.164293859764257E+01    0.778807143544227E+00
    0.898520000000000E+03    0.169409095750643E+01    0.778808524689918E+00
    0.904780000000000E+03    0.513839498245397E+01    0.778694788219039E+00
    0.904800000000000E+03    0.518954306029991E+01    0.778689881853349E+00
    0.911080000000000E+03    0.239944179545728E+01    0.778824597637684E+00
    0.911100000000000E+03    0.245059409306396E+01    0.778821978517677E+00
    0.917360000000000E+03    0.589415902094606E+01    0.778472414567835E+00
    0.917380000000000E+03    0.594529795439075E+01    0.778468744740261E+00
    0.923640000000000E+03    0.310492429696205E+01    0.778790965889646E+00
    0.923660000000000E+03    0.315607711602752E+01    0.778791256629569E+00
    0.929920000000000E+03    0.316099983076128E+00    0.778488343561523E+00
    0.929940000000000E+03    0.367239482522109E+00    0.778491284184462E+00
    0.936200000000000E+03    0.381127159289144E+01    0.778855833468446E+00
    0.936220000000000E+03    0.386242571438788E+01    0.778858481964007E+00
    0.942480000000000E+03    0.102166512642088E+01    0.778686720410124E+00
    0.942500000000000E+03    0.107281279137987E+01    0.778691979241920E+00
    0.948780000000000E+03    0.456855935573321E+01    0.778851494761898E+00
    0.948800000000000E+03    0.461971314054199E+01    0.778850609914467E+00
    0.955060000000000E+03    0.177854680864129E+01    0.778847703072279E+00
    0.955080000000000E+03    0.182970080922678E+01    0.778848090122907E+00
    0.961340000000000E+03    0.527431381609722E+01    0.778685688406331E+00
    0.961360000000000E+03    0.532546156278795E+01    0.778680396550785E+00
    0.967620000000000E+03    0.248469326965369E+01    0.778846858054771E+00
    0.967640000000000E+03    0.253584722822143E+01    0.778844193990260E+00
    0.973900000000000E+03    0.597988332004934E+01    0.778494382911632E+00
    0.973920000000000E+03    0.603102359868535E+01    0.778491683417904E+00
    0.980180000000000E+03    0.319135167149625E+01    0.778843113335764E+00
    0.980200000000000E+03    0.324250596553384E+01    0.778843900281763E+00
    0.986480000000000E+03    0.454083707967584E+00    0.778558317984742E+00
    0.986500000000000E+03    0.505226191238762E+00    0.778562508948912E+00
    0.992760000000000E+03    0.395006240801695E+01    0.778920318181145E+00
    0.992780000000000E+03    0.400121931084414E+01    0.778922936180417E+00
    0.999040000000000E+03    0.116105248972690E+01    0.778776412175857E+00
    0.999060000000000E+03    0.121220274121606E+01    0.778781213377710E+00
    0.100532000000000E+04    0.465758346445136E+01    0.778898290951555E+00
    0.100534000000000E+04    0.470873990105201E+01    0.778896668298259E+00
    0.101160000000000E+04    0.186872509508476E+01    0.778930092525548E+00
    0.101162000000000E+04    0.191988313681077E+01    0.778929670764783E+00
    0.101788000000000E+04    0.536560086424197E+01    0.778743331033202E+00
    0.101790000000000E+04    0.541675133316858E+01    0.778737853998335E+00
    0.102416000000000E+04    0.257720330513484E+01    0.778930890687723E+00
    0.102418000000000E+04    0.262836012867365E+01    0.778928363002314E+00
    0.103046000000000E+04    0.612439903530549E+01    0.778562482689017E+00
    0.103048000000000E+04    0.617554162677970E+01    0.778560844623921E+00
    0.103674000000000E+04    0.333684316617246E+01    0.778909502643282E+00
    0.103676000000000E+04    0.338799941507386E+01    0.778910644970970E+00
    0.104302000000000E+04    0.548958826912440E+00    0.778636282430321E+00
    0.104304000000000E+04    0.600104412294513E+00    0.778640830063848E+00
    0.104930000000000E+04    0.404564810970032E+01    0.778973435924410E+00
    0.104932000000000E+04    0.409680710777138E+01    0.778975785488400E+00
    0.105558000000000E+04    0.125733963454195E+01    0.778864339437911E+00
    0.105560000000000E+04    0.130849444090472E+01    0.778868560047548E+00
    0.106186000000000E+04    0.475454443335275E+01    0.778925491794471E+00
    0.106188000000000E+04    0.480570137810446E+01    0.778923040351251E+00
    0.106816000000000E+04    0.201716041440159E+01    0.778974207786938E+00
    0.106818000000000E+04    0.206831954261770E+01    0.778973020042225E+00
    0.107444000000000E+04    0.551417440171781E+01    0.778710751047467E+00
    0.107446000000000E+04    0.556532297146532E+01    0.778705226813952E+00
    0.108072000000000E+04    0.272593638300441E+01    0.778926867452240E+00
    0.108074000000000E+04    0.277709309973761E+01    0.778924746172217E+00
    0.108700000000000E+04    0.622184217882750E+01    0.778554479554060E+00
    0.108702000000000E+04    0.627298438539356E+01    0.778553913231545E+00
    0.109328000000000E+04    0.343452776383219E+01    0.778923959618035E+00
    0.109330000000000E+04    0.348568472064653E+01    0.778925651348570E+00
    0.109956000000000E+04    0.646300447534941E+00    0.778686734357495E+00
    0.109958000000000E+04    0.697445411610261E+00    0.778691565110574E+00
    0.110586000000000E+04    0.419353357629097E+01    0.778927452997814E+00
    0.110588000000000E+04    0.424469040427675E+01    0.778929235615630E+00
    0.111214000000000E+04    0.140437758431290E+01    0.778846180222306E+00
    0.111216000000000E+04    0.145553164726334E+01    0.778849491873540E+00
    0.111842000000000E+04    0.490112030095725E+01    0.778865956226534E+00
    0.111844000000000E+04    0.495227496853431E+01    0.778862581515427E+00
    0.112470000000000E+04    0.211221699623138E+01    0.778939034239606E+00
    0.112472000000000E+04    0.216337461180410E+01    0.778937155453129E+00
    0.113098000000000E+04    0.560869485332842E+01    0.778653074708255E+00
    0.113100000000000E+04    0.565984156672857E+01    0.778647872093506E+00
