    0.000000000000000E+00    0.190000000000000E+01    0.800000000000000E+00
    0.200000000000000E-01    0.195199998844593E+01    0.799999372790987E+00
    0.630000000000000E+01    0.571296337104271E+01    0.799701066693030E+00
    0.632000000000000E+01    0.576495207742725E+01    0.799695950597857E+00
    0.125800000000000E+02    0.318931144607777E+01    0.799943550933582E+00
    0.126000000000000E+02    0.324130840780656E+01    0.799943991184056E+00
    0.188600000000000E+02    0.665380040563370E+00    0.799688936154160E+00
    0.188800000000000E+02    0.717367285709329E+00    0.799694005228033E+00
    0.251400000000000E+02    0.442597876358050E+01    0.799972814960402E+00
    0.251600000000000E+02    0.447797798342526E+01    0.799973045912960E+00
    0.314200000000000E+02    0.190156611722028E+01    0.799968643736158E+00
    0.314400000000000E+02    0.195356484618527E+01    0.799967954939834E+00
    0.377000000000000E+02    0.566176667673469E+01    0.799644343770160E+00
    0.377200000000000E+02    0.571375233148130E+01    0.799639430129498E+00
    0.440000000000000E+02    0.318880599188805E+01    0.799804203655191E+00
    0.440200000000000E+02    0.324079795984773E+01    0.799804495392555E+00
    0.502800000000000E+02    0.663381007836506E+00    0.799561928669649E+00
    0.503000000000000E+02    0.715363209513953E+00    0.799567434844642E+00
    0.565600000000000E+02    0.442262661317179E+01    0.799852447945196E+00
    0.565800000000000E+02    0.447462225398388E+01    0.799852271001821E+00
    0.628400000000000E+02    0.189712629004822E+01    0.799888982601778E+00
    0.628600000000000E+02    0.194912196012561E+01    0.799888471062134E+00
    0.691200000000000E+02    0.565705368712565E+01    0.799614537519031E+00
    0.691400000000000E+02    0.570903884704271E+01    0.799609625066732E+00
    0.754000000000000E+02    0.313265981856557E+01    0.799876790835624E+00
    0.754200000000000E+02    0.318465576775463E+01    0.799877328936227E+00
    0.817000000000000E+02    0.660488219878687E+00    0.799659954195585E+00
    0.817200000000000E+02    0.712474713596350E+00    0.799665021642661E+00
    0.879800000000000E+02    0.442069302172081E+01    0.799945447177513E+00
    0.880000000000000E+02    0.447269048230211E+01    0.799945840132088E+00
    0.942600000000000E+02    0.189594525053852E+01    0.799945774742059E+00
    0.942800000000000E+02    0.194794337651939E+01    0.799945333242603E+00
    0.100540000000000E+03    0.565627200289902E+01    0.799659274178961E+00
    0.100560000000000E+03    0.570825808391953E+01    0.799654317377420E+00
    0.106820000000000E+03    0.313189852114328E+01    0.799888293118884E+00
    0.106840000000000E+03    0.318389402754542E+01    0.799888277893134E+00
    0.113100000000000E+03    0.607628108206484E+00    0.799636564746536E+00
    0.113120000000000E+03    0.659613611355951E+00    0.799641495208703E+00
    0.119400000000000E+03    0.441958866873961E+01    0.799929856042923E+00
    0.119420000000000E+03    0.447158562538169E+01    0.799930311565551E+00
    0.125680000000000E+03    0.189463527743663E+01    0.799929467092658E+00
    0.125700000000000E+03    0.194663276566826E+01    0.799929063275560E+00
    0.131960000000000E+03    0.565468123987870E+01    0.799641880121218E+00
    0.131980000000000E+03    0.570666656852876E+01    0.799636821376734E+00
    0.138240000000000E+03    0.313019701434905E+01    0.799880048863680E+00
    0.138260000000000E+03    0.318219208838036E+01    0.799880033796193E+00
    0.144520000000000E+03    0.606327616439160E+00    0.799672359397068E+00
    0.144540000000000E+03    0.658314586564472E+00    0.799677232875405E+00
    0.150800000000000E+03    0.436688084048961E+01    0.799978531018259E+00
    0.150820000000000E+03    0.441887982541732E+01    0.799979135658851E+00
    0.157080000000000E+03    0.184231735958718E+01    0.799966432666631E+00
    0.157100000000000E+03    0.189431601973723E+01    0.799966215243898E+00
    0.163380000000000E+03    0.565489487497064E+01    0.799680992390798E+00
    0.163400000000000E+03    0.570688200124050E+01    0.799675905660931E+00
    0.169660000000000E+03    0.313069269330992E+01    0.799897902363641E+00
    0.169680000000000E+03    0.318268828689924E+01    0.799897871661328E+00
    0.175940000000000E+03    0.606436103897238E+00    0.799643964193086E+00
    0.175960000000000E+03    0.658421958611314E+00    0.799648810052635E+00
    0.182220000000000E+03    0.436665370139372E+01    0.799939183708589E+00
    0.182240000000000E+03    0.441865123696698E+01    0.799939856936981E+00
    0.188500000000000E+03    0.184157566113748E+01    0.799927351259995E+00
    0.188520000000000E+03    0.189357178441685E+01    0.799926107373751E+00
    0.194780000000000E+03    0.560122195472451E+01    0.799629533286893E+00
    0.194800000000000E+03    0.565320486551371E+01    0.799624900724257E+00
    0.201080000000000E+03    0.312782527222112E+01    0.799806283021498E+00
    0.201100000000000E+03    0.317981745686825E+01    0.799806139947604E+00
    0.207360000000000E+03    0.602481554840210E+00    0.799560489340016E+00
    0.207380000000000E+03    0.654464033231761E+00    0.799565279771894E+00
    0.213640000000000E+03    0.436193191664586E+01    0.799885783060597E+00
    0.213660000000000E+03    0.441392761273664E+01    0.799886456823728E+00
    0.219920000000000E+03    0.183644548311418E+01    0.799882199444651E+00
    0.219940000000000E+03    0.188844085713060E+01    0.799882011396001E+00
    0.226200000000000E+03    0.559593637061766E+01    0.799614328696646E+00
    0.226220000000000E+03    0.564792086895477E+01    0.799609134293381E+00
    0.232480000000000E+03    0.307110305962885E+01    0.799832068890777E+00
    0.232500000000000E+03    0.312309894309749E+01    0.799832320033708E+00
    0.238780000000000E+03    0.598561566011199E+00    0.799607603204695E+00
    0.238800000000000E+03    0.650545959583951E+00    0.799612416590368E+00
    0.245060000000000E+03    0.435816146531897E+01    0.799932588311050E+00
    0.245080000000000E+03    0.441015663405119E+01    0.799933115431459E+00
    0.251340000000000E+03    0.183236563318133E+01    0.799851905639564E+00
    0.251360000000000E+03    0.188435933247263E+01    0.799851935643141E+00
    0.257620000000000E+03    0.559111726284686E+01    0.799561630678577E+00
    0.257640000000000E+03    0.564309943326680E+01    0.799556406124323E+00
    0.263900000000000E+03    0.306531967574153E+01    0.799781742488052E+00
    0.263920000000000E+03    0.311731098765893E+01    0.799781409634842E+00
    0.270180000000000E+03    0.539895574513821E+00    0.799528096737571E+00
    0.270200000000000E+03    0.591876796622728E+00    0.799532692064825E+00
    0.276480000000000E+03    0.435067830292360E+01    0.799845186033993E+00
    0.276500000000000E+03    0.440267109014167E+01    0.799845916740708E+00
    0.282760000000000E+03    0.182439638718904E+01    0.799824375924488E+00
    0.282780000000000E+03    0.187638943040690E+01    0.799824426075302E+00
    0.289040000000000E+03    0.558337376125178E+01    0.799573932756393E+00
    0.289060000000000E+03    0.563535717518516E+01    0.799568604509155E+00
    0.295320000000000E+03    0.305762479898760E+01    0.799788194164919E+00
    0.295340000000000E+03    0.310961562123759E+01    0.799787724226718E+00
    0.301600000000000E+03    0.531897035866905E+00    0.799522911126473E+00
    0.301620000000000E+03    0.583876968895311E+00    0.799527305141585E+00
    0.307880000000000E+03    0.429025139594307E+01    0.799817601082298E+00
    0.307900000000000E+03    0.434224346707811E+01    0.799818686494785E+00
    0.314160000000000E+03    0.176341731626951E+01    0.799768681739842E+00
    0.314180000000000E+03    0.181540789877306E+01    0.799768839005918E+00
    0.320460000000000E+03    0.557347974370055E+01    0.799511564282620E+00
    0.320480000000000E+03    0.562545950962806E+01    0.799506357927560E+00
    0.326740000000000E+03    0.304674050924507E+01    0.799709766254599E+00
    0.326760000000000E+03    0.309872873668758E+01    0.799709165919239E+00
    0.333020000000000E+03    0.520300591362798E+00    0.799441748256939E+00
    0.333040000000000E+03    0.572278444795757E+00    0.799446178700695E+00
    0.339300000000000E+03    0.427815461233865E+01    0.799770679524800E+00
    0.339320000000000E+03    0.433014549169218E+01    0.799771958635487E+00
    0.345580000000000E+03    0.175124721099121E+01    0.799755312616667E+00
    0.345600000000000E+03    0.180323820426884E+01    0.799755769259142E+00
    0.351860000000000E+03    0.550972582874454E+01    0.799551321206118E+00
    0.351880000000000E+03    0.556170782901756E+01    0.799545933573989E+00
    0.358160000000000E+03    0.303542255176171E+01    0.799741837653104E+00
    0.358180000000000E+03    0.308741193954245E+01    0.799741153472259E+00
    0.364440000000000E+03    0.509356449153756E+00    0.799469084566803E+00
    0.364460000000000E+03    0.561335289390399E+00    0.799473406220583E+00
    0.370720000000000E+03    0.426773502603976E+01    0.799809156266408E+00
    0.370740000000000E+03    0.431972755091954E+01    0.799810548814594E+00
    0.377000000000000E+03    0.174121997529267E+01    0.799793081590676E+00
    0.377020000000000E+03    0.179321161394432E+01    0.799793553694477E+00
    0.383280000000000E+03    0.549967996014971E+01    0.799555479991509E+00
    0.383300000000000E+03    0.555166137242327E+01    0.799550212278887E+00
    0.389560000000000E+03    0.297321312929535E+01    0.799735504086696E+00
    0.389580000000000E+03    0.302520226436820E+01    0.799734628135776E+00
    0.395860000000000E+03    0.499005147649086E+00    0.799451569571676E+00
    0.395880000000000E+03    0.550983329609835E+00    0.799455813165212E+00
    0.402140000000000E+03    0.425698557506166E+01    0.799780677260015E+00
    0.402160000000000E+03    0.430897645789628E+01    0.799782050417581E+00
    0.408420000000000E+03    0.172993061153193E+01    0.799753038613219E+00
    0.408440000000000E+03    0.178192081223870E+01    0.799753785402191E+00
    0.414700000000000E+03    0.548816935046898E+01    0.799537404619271E+00
    0.414720000000000E+03    0.554015127962907E+01    0.799531910525215E+00
    0.420980000000000E+03    0.296156901807399E+01    0.799724822623771E+00
    0.421000000000000E+03    0.301355752146628E+01    0.799723822561497E+00
    0.427260000000000E+03    0.435254958367750E+00    0.799434871299647E+00
    0.427280000000000E+03    0.487232086219137E+00    0.799438926856163E+00
    0.433540000000000E+03    0.419327759009161E+01    0.799788469429471E+00
    0.433560000000000E+03    0.424526952927476E+01    0.799790082405340E+00
    0.439840000000000E+03    0.171855179123759E+01    0.799767350653554E+00
    0.439860000000000E+03    0.177054253060123E+01    0.799768169242478E+00
    0.446120000000000E+03    0.547684056699609E+01    0.799550943883140E+00
    0.446140000000000E+03    0.552882250903599E+01    0.799545478445804E+00
    0.452400000000000E+03    0.295037559180059E+01    0.799728592289021E+00
    0.452420000000000E+03    0.300236452170907E+01    0.799727555263557E+00
    0.458680000000000E+03    0.424026795981035E+00    0.799418296064946E+00
    0.458700000000000E+03    0.476003333870267E+00    0.799422100979972E+00
    0.464960000000000E+03    0.418161616286238E+01    0.799757846630759E+00
    0.464980000000000E+03    0.423360652492897E+01    0.799759607152937E+00
    0.471240000000000E+03    0.165473461230067E+01    0.799767187105035E+00
    0.471260000000000E+03    0.170672536186407E+01    0.799768432646308E+00
    0.477540000000000E+03    0.546518217356493E+01    0.799564832667425E+00
    0.477560000000000E+03    0.551716489817568E+01    0.799559281125560E+00
    0.483820000000000E+03    0.293871403332719E+01    0.799735697513900E+00
    0.483840000000000E+03    0.299070271095070E+01    0.799734719905735E+00
    0.490100000000000E+03    0.412415753525011E+00    0.799420159724280E+00
    0.490120000000000E+03    0.464392355305563E+00    0.799423814582423E+00
    0.496380000000000E+03    0.417014367320576E+01    0.799767008263271E+00
    0.496400000000000E+03    0.422213421198126E+01    0.799768823997003E+00
    0.502660000000000E+03    0.164287985540500E+01    0.799720434918496E+00
    0.502680000000000E+03    0.169486844669655E+01    0.799721530123889E+00
    0.508940000000000E+03    0.540070842705245E+01    0.799528555126632E+00
    0.508960000000000E+03    0.545268953631444E+01    0.799523084764261E+00
    0.515240000000000E+03    0.292609473227367E+01    0.799731559096425E+00
    0.515260000000000E+03    0.297808396172172E+01    0.799730247972808E+00
    0.521520000000000E+03    0.399984930980963E+00    0.799429050119401E+00
    0.521540000000000E+03    0.451961960027575E+00    0.799432703914916E+00
    0.527800000000000E+03    0.415767368752677E+01    0.799784525629045E+00
    0.527820000000000E+03    0.420966377322725E+01    0.799786341526609E+00
    0.534080000000000E+03    0.163023286001862E+01    0.799694025724784E+00
    0.534100000000000E+03    0.168222060167909E+01    0.799695417302079E+00
    0.540360000000000E+03    0.538769513235729E+01    0.799504274221077E+00
    0.540380000000000E+03    0.543967497802100E+01    0.799498824668719E+00
    0.546640000000000E+03    0.286014320541494E+01    0.799664854757626E+00
    0.546660000000000E+03    0.291212926774733E+01    0.799663384057484E+00
    0.552940000000000E+03    0.385013513714739E+00    0.799350953309813E+00
    0.552960000000000E+03    0.436987219365847E+00    0.799354283092331E+00
    0.559220000000000E+03    0.414184187272167E+01    0.799706083185375E+00
    0.559240000000000E+03    0.419382988661573E+01    0.799708258909104E+00
    0.565500000000000E+03    0.161412382046069E+01    0.799677888889147E+00
    0.565520000000000E+03    0.166611120920038E+01    0.799679605606327E+00
    0.571780000000000E+03    0.537166455758302E+01    0.799507699897344E+00
    0.571800000000000E+03    0.542364479543608E+01    0.799502225427153E+00
    0.578060000000000E+03    0.284412700509483E+01    0.799664025043692E+00
    0.578080000000000E+03    0.289611353513533E+01    0.799662395936048E+00
    0.584340000000000E+03    0.317114942570015E+00    0.799350268122324E+00
    0.584360000000000E+03    0.369088130893260E+00    0.799353361631040E+00
    0.590620000000000E+03    0.407370582438193E+01    0.799680985033931E+00
    0.590640000000000E+03    0.412569257544965E+01    0.799683117714479E+00
    0.596920000000000E+03    0.159723218903741E+01    0.799611746024676E+00
    0.596940000000000E+03    0.164921672091168E+01    0.799613650452352E+00
    0.603200000000000E+03    0.535392962292599E+01    0.799448529000911E+00
    0.603220000000000E+03    0.540590764776493E+01    0.799443073679118E+00
    0.609480000000000E+03    0.282592824725498E+01    0.799586180425878E+00
    0.609500000000000E+03    0.287791508690702E+01    0.799584905470389E+00
    0.615760000000000E+03    0.298908584445826E+00    0.799330903563338E+00
    0.615780000000000E+03    0.350881829268019E+00    0.799333840623286E+00
    0.622040000000000E+03    0.405557915743680E+01    0.799688709984841E+00
    0.622060000000000E+03    0.410756588815070E+01    0.799690908277965E+00
    0.628320000000000E+03    0.152741883643148E+01    0.799638211917921E+00
    0.628340000000000E+03    0.157940449374973E+01    0.799640511874789E+00
    0.634620000000000E+03    0.533660988982228E+01    0.799499657872054E+00
    0.634640000000000E+03    0.538859024639942E+01    0.799494286181197E+00
    0.640900000000000E+03    0.280893125176431E+01    0.799645611241805E+00
    0.640920000000000E+03    0.286091697916709E+01    0.799643751379452E+00
    0.647180000000000E+03    0.281659893295227E+00    0.799320080094689E+00
    0.647200000000000E+03    0.333631838382644E+00    0.799322761031389E+00
    0.653460000000000E+03    0.403785775226311E+01    0.799643414459520E+00
    0.653480000000000E+03    0.408984342733811E+01    0.799645751518471E+00
    0.659740000000000E+03    0.150863695016733E+01    0.799533484660030E+00
    0.659760000000000E+03    0.156061824027847E+01    0.799535950238076E+00
    0.666020000000000E+03    0.526433884056905E+01    0.799396483294132E+00
    0.666040000000000E+03    0.531631456082641E+01    0.799391109334559E+00
    0.672320000000000E+03    0.278712508637227E+01    0.799534191144058E+00
    0.672340000000000E+03    0.283910702734102E+01    0.799532383731750E+00
    0.678600000000000E+03    0.258823858367350E+00    0.799215663965090E+00
    0.678620000000000E+03    0.310792502172262E+00    0.799218036045674E+00
    0.684880000000000E+03    0.401394198054163E+01    0.799613920665559E+00
    0.684900000000000E+03    0.406592334794141E+01    0.799616028184734E+00
    0.691160000000000E+03    0.148396805858533E+01    0.799473914227499E+00
    0.691180000000000E+03    0.153594740262929E+01    0.799476705967406E+00
    0.697440000000000E+03    0.523922223180034E+01    0.799373694518601E+00
    0.697460000000000E+03    0.529119744348827E+01    0.799368393785844E+00
    0.703720000000000E+03    0.270940758709912E+01    0.799492552189726E+00
    0.703740000000000E+03    0.276138615293166E+01    0.799490771937688E+00
    0.710000000000000E+03    0.180027516606970E+00    0.799123141475165E+00
    0.710020000000000E+03    0.231992305217091E+00    0.799124994033328E+00
    0.716300000000000E+03    0.398611030225402E+01    0.799495728757030E+00
    0.716320000000000E+03    0.403809001138848E+01    0.799498367737267E+00
    0.722580000000000E+03    0.145590721205986E+01    0.799445303084616E+00
    0.722600000000000E+03    0.150788560288606E+01    0.799448176565403E+00
    0.728860000000000E+03    0.521109187565662E+01    0.799366469572957E+00
    0.728880000000000E+03    0.526306679532217E+01    0.799361372543940E+00
    0.735140000000000E+03    0.268112220753437E+01    0.799483066481704E+00
    0.735160000000000E+03    0.273310071716105E+01    0.799480995070889E+00
    0.741420000000000E+03    0.151777314986930E+00    0.799123253227946E+00
    0.741440000000000E+03    0.203742192308482E+00    0.799124789284665E+00
    0.747700000000000E+03    0.390588643885349E+01    0.799498265246594E+00
    0.747720000000000E+03    0.395786541289567E+01    0.799500783247972E+00
    0.754000000000000E+03    0.142733887899772E+01    0.799410882893179E+00
    0.754020000000000E+03    0.147931585155948E+01    0.799414072848436E+00
    0.760280000000000E+03    0.518209665313270E+01    0.799339882315620E+00
    0.760300000000000E+03    0.523407032517252E+01    0.799334639443199E+00
    0.766560000000000E+03    0.265145384274820E+01    0.799428291604444E+00
    0.766580000000000E+03    0.270343066612531E+01    0.799425985811554E+00
    0.772840000000000E+03    0.121465194842358E+00    0.799069315601908E+00
    0.772860000000000E+03    0.173427507824726E+00    0.799070509528372E+00
    0.779120000000000E+03    0.387483798191283E+01    0.799433497672582E+00
    0.779140000000000E+03    0.392681539900946E+01    0.799436139697364E+00
    0.785400000000000E+03    0.134392438820032E+01    0.799363244095789E+00
    0.785420000000000E+03    0.139589897715405E+01    0.799366865564347E+00
    0.791700000000000E+03    0.514984794909378E+01    0.799299248098856E+00
    0.791720000000000E+03    0.520181844706394E+01    0.799293186928282E+00
    0.797980000000000E+03    0.261850638439319E+01    0.799384802179972E+00
    0.798000000000000E+03    0.267048163447726E+01    0.799382316212665E+00
    0.804260000000000E+03    0.882149463363930E-01    0.799038446160317E+00
    0.804280000000000E+03    0.140176556866209E+00    0.799039325059088E+00
    0.810540000000000E+03    0.384134545794495E+01    0.799407581846455E+00
    0.810560000000000E+03    0.389332162626533E+01    0.799410288818553E+00
    0.816820000000000E+03    0.131017851161050E+01    0.799339113720453E+00
    0.816840000000000E+03    0.136215273219432E+01    0.799342840320375E+00
    0.823100000000000E+03    0.506446813389903E+01    0.799330696852609E+00
    0.823120000000000E+03    0.511644170559339E+01    0.799326208526867E+00
    0.829400000000000E+03    0.258564078377685E+01    0.799425482689750E+00
    0.829420000000000E+03    0.263761813550855E+01    0.799423000078826E+00
    0.835680000000000E+03    0.559778083834317E-01    0.799074856994152E+00
    0.835700000000000E+03    0.107940769672041E+00    0.799075267789938E+00
    0.841960000000000E+03    0.380931112535654E+01    0.799471449243108E+00
    0.841980000000000E+03    0.386128739268679E+01    0.799473906655296E+00
    0.848240000000000E+03    0.127919295825086E+01    0.799446647014614E+00
    0.848260000000000E+03    0.133117270257890E+01    0.799457450263750E+00
    0.854520000000000E+03    0.503560108606371E+01    0.799519136003229E+00
    0.854540000000000E+03    0.508758192328469E+01    0.799514812694280E+00
    0.860800000000000E+03    0.250680892651599E+01    0.799591696443795E+00
    0.860820000000000E+03    0.255879210707917E+01    0.799589187481903E+00
    0.867080000000000E+03    0.626203492728337E+01    0.799213303083685E+00
    0.867100000000000E+03    0.308177230131150E-01    0.799213197029603E+00
    0.873380000000000E+03    0.378599867394269E+01    0.799578885774056E+00
    0.873400000000000E+03    0.383798175067295E+01    0.799581585864309E+00
    0.879660000000000E+03    0.125686681966317E+01    0.799479753261792E+00
    0.879680000000000E+03    0.130884584101977E+01    0.799484072316789E+00
    0.885940000000000E+03    0.501312976119107E+01    0.799448633106931E+00
    0.885960000000000E+03    0.506511119803508E+01    0.799444276132596E+00
    0.892220000000000E+03    0.248479491163516E+01    0.799641904996171E+00
    0.892240000000000E+03    0.253678043625723E+01    0.799639273378114E+00
    0.898500000000000E+03    0.624073507423964E+01    0.799267890557026E+00
    0.898520000000000E+03    0.952012053812723E-02    0.799267494903240E+00
    0.904780000000000E+03    0.371340683457584E+01    0.799631420189370E+00
    0.904800000000000E+03    0.376539228282536E+01    0.799634035972907E+00
    0.911080000000000E+03    0.123711618417974E+01    0.799535828747039E+00
    0.911100000000000E+03    0.128909765618437E+01    0.799540277121834E+00
    0.917360000000000E+03    0.499400563174595E+01    0.799572402410167E+00
    0.917380000000000E+03    0.504598871080952E+01    0.799568370280720E+00
    0.923640000000000E+03    0.246589275474253E+01    0.799653531389178E+00
    0.923660000000000E+03    0.251787932280877E+01    0.799650797891267E+00
    0.929920000000000E+03    0.622204655531050E+01    0.799280476525503E+00
    0.929940000000000E+03    0.627401757321832E+01    0.799279832727381E+00
    0.936200000000000E+03    0.369482760752362E+01    0.799639142736186E+00
    0.936220000000000E+03    0.374681381711753E+01    0.799641782599457E+00
    0.942480000000000E+03    0.116677482482783E+01    0.799533473984469E+00
    0.942500000000000E+03    0.121875617308297E+01    0.799538161877265E+00
    0.948780000000000E+03    0.497557981720365E+01    0.799564472969080E+00
    0.948800000000000E+03    0.502756226886004E+01    0.799560522606569E+00
    0.955060000000000E+03    0.244691820880234E+01    0.799613335288390E+00
    0.955080000000000E+03    0.249890247592566E+01    0.799610730594564E+00
    0.961340000000000E+03    0.620241549635739E+01    0.799224381929819E+00
    0.961360000000000E+03    0.625438390995805E+01    0.799223733437542E+00
    0.967620000000000E+03    0.367423831803262E+01    0.799564012432778E+00
    0.967640000000000E+03    0.372622049330039E+01    0.799566466870558E+00
    0.973900000000000E+03    0.114502845383186E+01    0.799447539630250E+00
    0.973920000000000E+03    0.119700640358496E+01    0.799452380402580E+00
    0.980180000000000E+03    0.490109002291683E+01    0.799519048995760E+00
    0.980200000000000E+03    0.495307097750128E+01    0.799515578509305E+00
    0.986480000000000E+03    0.242393714196442E+01    0.799578221932705E+00
    0.986500000000000E+03    0.247591985891495E+01    0.799575576069875E+00
    0.992760000000000E+03    0.617922557841757E+01    0.799211934694297E+00
    0.992780000000000E+03    0.623119374383259E+01    0.799210669452664E+00
    0.999040000000000E+03    0.365100730887571E+01    0.799555453852918E+00
    0.999060000000000E+03    0.370298933166396E+01    0.799557878213621E+00
    0.100532000000000E+04    0.112174816808511E+01    0.799431354380001E+00
    0.100534000000000E+04    0.117372528438273E+01    0.799436377098345E+00
    0.101160000000000E+04    0.487770108735776E+01    0.799518675280353E+00
    0.101162000000000E+04    0.492968198107064E+01    0.799515414811987E+00
    0.101788000000000E+04    0.234844597371512E+01    0.799571933504273E+00
    0.101790000000000E+04    0.240042891733492E+01    0.799569292186335E+00
    0.102416000000000E+04    0.610381837277919E+01    0.799218571972758E+00
    0.102418000000000E+04    0.615578752566171E+01    0.799217140121666E+00
    0.103046000000000E+04    0.362782387703783E+01    0.799578346666787E+00
    0.103048000000000E+04    0.367980704640013E+01    0.799580700005757E+00
    0.103674000000000E+04    0.109921568327582E+01    0.799463215715126E+00
    0.103676000000000E+04    0.115119455723971E+01    0.799468259242277E+00
    0.104302000000000E+04    0.485559692982133E+01    0.799556551322515E+00
    0.104304000000000E+04    0.490757928790117E+01    0.799553519777220E+00
    0.104930000000000E+04    0.232670053001311E+01    0.799607703118353E+00
    0.104932000000000E+04    0.237868509298505E+01    0.799604857130011E+00
    0.105558000000000E+04    0.608223173458555E+01    0.799234992339188E+00
    0.105560000000000E+04    0.613420016243481E+01    0.799233287120643E+00
    0.106186000000000E+04    0.355383362276916E+01    0.799541245638614E+00
    0.106188000000000E+04    0.360581527184058E+01    0.799543420012140E+00
    0.106816000000000E+04    0.107669014434441E+01    0.799416663880356E+00
    0.106818000000000E+04    0.112866742099550E+01    0.799421786866919E+00
    0.107444000000000E+04    0.483261552885597E+01    0.799522905478235E+00
    0.107446000000000E+04    0.488459634249648E+01    0.799519936326835E+00
    0.108072000000000E+04    0.230312723138059E+01    0.799567968073455E+00
    0.108074000000000E+04    0.235510985903329E+01    0.799565452066460E+00
    0.108700000000000E+04    0.605841213717940E+01    0.799208274887767E+00
    0.108702000000000E+04    0.611038112861388E+01    0.799206310987653E+00
    0.109328000000000E+04    0.353007589380331E+01    0.799553271205668E+00
    0.109330000000000E+04    0.358205806932801E+01    0.799555422294421E+00
    0.109956000000000E+04    0.100129601807384E+01    0.799418426905075E+00
    0.109958000000000E+04    0.105327319826574E+01    0.799423641641910E+00
    0.110586000000000E+04    0.480952888634329E+01    0.799560992723259E+00
    0.110588000000000E+04    0.486151134608917E+01    0.799558370115167E+00
