    0.000000000000000E+00    0.190000000000000E+01    0.840000000000000E+00
    0.200000000000000E-01    0.195359998864991E+01    0.839999367482918E+00
    0.630000000000000E+01    0.621675276629862E+01    0.839655599310652E+00
    0.632000000000000E+01    0.627034068004255E+01    0.839655239426028E+00
    0.125800000000000E+02    0.419667695034371E+01    0.840020253684774E+00
    0.126000000000000E+02    0.425027803293660E+01    0.840022005251527E+00
    0.188600000000000E+02    0.217568675799484E+01    0.840008436926257E+00
    0.188800000000000E+02    0.222928686318996E+01    0.840006290331320E+00
    0.251400000000000E+02    0.155168572055857E+00    0.839647438113946E+00
    0.251600000000000E+02    0.208754249187621E+00    0.839648970765449E+00
    0.314200000000000E+02    0.441796929792126E+01    0.839985592960615E+00
    0.314400000000000E+02    0.447156884258021E+01    0.839985819199701E+00
    0.377000000000000E+02    0.239685720038088E+01    0.839997221063605E+00
    0.377200000000000E+02    0.245045733783670E+01    0.839994609001273E+00
    0.440000000000000E+02    0.430172608267142E+00    0.839711067205691E+00
    0.440200000000000E+02    0.483761109197630E+00    0.839714817362600E+00
    0.502800000000000E+02    0.469358981052278E+01    0.840001832272699E+00
    0.503000000000000E+02    0.474718990338772E+01    0.840000086527779E+00
    0.565600000000000E+02    0.267277448042466E+01    0.839996148383763E+00
    0.565800000000000E+02    0.272637457735419E+01    0.839993887645086E+00
    0.628400000000000E+02    0.652680771319126E+00    0.839807881983046E+00
    0.628600000000000E+02    0.706272953898747E+00    0.839813618238268E+00
    0.691200000000000E+02    0.491704880106545E+01    0.840017352435992E+00
    0.691400000000000E+02    0.497064946562907E+01    0.840013765723328E+00
    0.754000000000000E+02    0.289698471207225E+01    0.840039868239349E+00
    0.754200000000000E+02    0.295058598827438E+01    0.840038425894955E+00
    0.817000000000000E+02    0.930710796517303E+00    0.839892252021116E+00
    0.817200000000000E+02    0.984306218362605E+00    0.839897644120636E+00
    0.879800000000000E+02    0.519508474124697E+01    0.839950326265913E+00
    0.880000000000000E+02    0.524868282504147E+01    0.839945277752338E+00
    0.942600000000000E+02    0.317527051052724E+01    0.840047906791518E+00
    0.942800000000000E+02    0.322887268502441E+01    0.840048417598162E+00
    0.100540000000000E+03    0.115566595784480E+01    0.839992111887907E+00
    0.100560000000000E+03    0.120926574584377E+01    0.839996895703787E+00
    0.106820000000000E+03    0.542041351480765E+01    0.839915366616199E+00
    0.106840000000000E+03    0.547401001376249E+01    0.839909874435154E+00
    0.113100000000000E+03    0.340092124364691E+01    0.840063003789547E+00
    0.113120000000000E+03    0.345452377204515E+01    0.840064544495495E+00
    0.119400000000000E+03    0.143461533771028E+01    0.840050873815391E+00
    0.119420000000000E+03    0.148821535383598E+01    0.840053653346096E+00
    0.125680000000000E+03    0.569893143599637E+01    0.839803842191182E+00
    0.125700000000000E+03    0.575252338949423E+01    0.839798991352502E+00
    0.131960000000000E+03    0.367891287720056E+01    0.840032081702959E+00
    0.131980000000000E+03    0.373251383806053E+01    0.840034579167811E+00
    0.138240000000000E+03    0.165856382534349E+01    0.840043732377493E+00
    0.138260000000000E+03    0.171216599136579E+01    0.840045030570661E+00
    0.144520000000000E+03    0.592277533163571E+01    0.839758051629273E+00
    0.144540000000000E+03    0.597636613750933E+01    0.839754728919806E+00
    0.150800000000000E+03    0.390311669843663E+01    0.840057322364756E+00
    0.150820000000000E+03    0.395671886694498E+01    0.840059934281170E+00
    0.157080000000000E+03    0.188260002949175E+01    0.840049815662963E+00
    0.157100000000000E+03    0.193620211072499E+01    0.840049322277459E+00
    0.163380000000000E+03    0.619983928694688E+01    0.839707901733800E+00
    0.163400000000000E+03    0.625342733201700E+01    0.839706833999351E+00
    0.169660000000000E+03    0.418016158808894E+01    0.840051198641440E+00
    0.169680000000000E+03    0.423376346282487E+01    0.840052991174291E+00
    0.175940000000000E+03    0.215922653147084E+01    0.840008374348624E+00
    0.175960000000000E+03    0.221282685149669E+01    0.840006371736297E+00
    0.182220000000000E+03    0.138918424297685E+00    0.839666990834355E+00
    0.182240000000000E+03    0.192505127907509E+00    0.839668387389884E+00
    0.188500000000000E+03    0.440215329218256E+01    0.840006842553105E+00
    0.188520000000000E+03    0.445575371991902E+01    0.840007225111502E+00
    0.194780000000000E+03    0.238103546596381E+01    0.839984655676436E+00
    0.194800000000000E+03    0.243463478079082E+01    0.839982003603875E+00
    0.201080000000000E+03    0.413897247412024E+00    0.839677444168053E+00
    0.201100000000000E+03    0.467484131461333E+00    0.839681035064851E+00
    0.207360000000000E+03    0.467700035251175E+01    0.839971151516342E+00
    0.207380000000000E+03    0.473059935228196E+01    0.839969522221245E+00
    0.213640000000000E+03    0.265570008171107E+01    0.839962566616630E+00
    0.213660000000000E+03    0.270929729308489E+01    0.839960384066829E+00
    0.219920000000000E+03    0.634569018085813E+00    0.839715590813143E+00
    0.219940000000000E+03    0.688157691822539E+00    0.839720596207395E+00
    0.226200000000000E+03    0.489762036354023E+01    0.839912334936770E+00
    0.226220000000000E+03    0.495121688589290E+01    0.839908719690731E+00
    0.232480000000000E+03    0.287623181289052E+01    0.839937188262717E+00
    0.232500000000000E+03    0.292982969995364E+01    0.839935908541103E+00
    0.238780000000000E+03    0.908749072727005E+00    0.839791360419545E+00
    0.238800000000000E+03    0.962340687712185E+00    0.839796789460762E+00
    0.245060000000000E+03    0.517173082664726E+01    0.839837757505928E+00
    0.245080000000000E+03    0.522532411576185E+01    0.839832065144880E+00
    0.251340000000000E+03    0.315001931440202E+01    0.839897995225696E+00
    0.251360000000000E+03    0.320361519955577E+01    0.839898044019563E+00
    0.257620000000000E+03    0.112845314584740E+01    0.839828077184763E+00
    0.257640000000000E+03    0.118204657217632E+01    0.839832978504155E+00
    0.263900000000000E+03    0.539132388595976E+01    0.839760952977953E+00
    0.263920000000000E+03    0.544491404944517E+01    0.839755436923983E+00
    0.270180000000000E+03    0.336950980237100E+01    0.839884198056822E+00
    0.270200000000000E+03    0.342310496089226E+01    0.839885547847444E+00
    0.276480000000000E+03    0.140095290184433E+01    0.839857453325816E+00
    0.276500000000000E+03    0.145454685621519E+01    0.839860734421581E+00
    0.282760000000000E+03    0.566315573543250E+01    0.839655307737329E+00
    0.282780000000000E+03    0.571674157258451E+01    0.839650294559948E+00
    0.289040000000000E+03    0.364122444418308E+01    0.839878243441513E+00
    0.289060000000000E+03    0.369482017755240E+01    0.839880736560279E+00
    0.295320000000000E+03    0.161907509183220E+01    0.839882481519748E+00
    0.295340000000000E+03    0.167267077881274E+01    0.839884136162356E+00
    0.301600000000000E+03    0.588127058283055E+01    0.839598258934732E+00
    0.301620000000000E+03    0.593485467132155E+01    0.839594456837114E+00
    0.307880000000000E+03    0.385937271206944E+01    0.839891707774899E+00
    0.307900000000000E+03    0.391296763943933E+01    0.839894313142005E+00
    0.314160000000000E+03    0.183664839952337E+01    0.839875374101652E+00
    0.314180000000000E+03    0.189024351564422E+01    0.839875211310211E+00
    0.320460000000000E+03    0.615171301974522E+01    0.839537252513765E+00
    0.320480000000000E+03    0.620529453848997E+01    0.839535813646797E+00
    0.326740000000000E+03    0.412999747204060E+01    0.839912417871302E+00
    0.326760000000000E+03    0.418359403836416E+01    0.839914513053595E+00
    0.333020000000000E+03    0.210778968442582E+01    0.839919207525052E+00
    0.333040000000000E+03    0.216138684529881E+01    0.839917455063148E+00
    0.339300000000000E+03    0.864202267866858E-01    0.839569787497603E+00
    0.339320000000000E+03    0.140002856349042E+00    0.839570612990597E+00
    0.345580000000000E+03    0.434840002811882E+01    0.839913715664344E+00
    0.345600000000000E+03    0.440199793844909E+01    0.839914245072910E+00
    0.351860000000000E+03    0.232650509572363E+01    0.839931252236607E+00
    0.351880000000000E+03    0.238010256593373E+01    0.839928734546605E+00
    0.358160000000000E+03    0.359005907646520E+00    0.839629112511962E+00
    0.358180000000000E+03    0.412591019937850E+00    0.839632277126403E+00
    0.364440000000000E+03    0.462168122125138E+01    0.839936905574502E+00
    0.364460000000000E+03    0.467527896780405E+01    0.839935705576487E+00
    0.370720000000000E+03    0.260002544468887E+01    0.839925866786395E+00
    0.370740000000000E+03    0.265362307118858E+01    0.839923356851405E+00
    0.377000000000000E+03    0.578751755343660E+00    0.839675473174405E+00
    0.377020000000000E+03    0.632338739959664E+00    0.839680269207722E+00
    0.383280000000000E+03    0.484131684604563E+01    0.839886769553866E+00
    0.383300000000000E+03    0.489491220483546E+01    0.839883658677950E+00
    0.389560000000000E+03    0.281935122825553E+01    0.839894257223729E+00
    0.389580000000000E+03    0.287294711031905E+01    0.839892629502178E+00
    0.395860000000000E+03    0.851291631315917E+00    0.839726853782524E+00
    0.395880000000000E+03    0.904880504308039E+00    0.839732309940734E+00
    0.402140000000000E+03    0.511387879497829E+01    0.839835783348869E+00
    0.402160000000000E+03    0.516747221434093E+01    0.839830983230414E+00
    0.408420000000000E+03    0.309221108376937E+01    0.839896164157804E+00
    0.408440000000000E+03    0.314580761463912E+01    0.839896245356479E+00
    0.414700000000000E+03    0.107083428662008E+01    0.839826653652129E+00
    0.414720000000000E+03    0.112442759724468E+01    0.839831785356946E+00
    0.420980000000000E+03    0.533385894516459E+01    0.839791276896840E+00
    0.421000000000000E+03    0.538745042517462E+01    0.839785860990936E+00
    0.427260000000000E+03    0.331233281138361E+01    0.839910442772617E+00
    0.427280000000000E+03    0.336592917173220E+01    0.839911576115050E+00
    0.433540000000000E+03    0.129087332274230E+01    0.839885580772553E+00
    0.433560000000000E+03    0.134446930032732E+01    0.839889472329930E+00
    0.439840000000000E+03    0.560763111287588E+01    0.839734573514144E+00
    0.439860000000000E+03    0.566122099013660E+01    0.839729314675274E+00
    0.446120000000000E+03    0.358646817598128E+01    0.839934876891008E+00
    0.446140000000000E+03    0.364006534071314E+01    0.839937133237385E+00
    0.452400000000000E+03    0.156477556906839E+01    0.839926494905795E+00
    0.452420000000000E+03    0.161837272027401E+01    0.839928599437710E+00
    0.458680000000000E+03    0.582762461296875E+01    0.839666770283188E+00
    0.458700000000000E+03    0.588121198751560E+01    0.839662827247598E+00
    0.464960000000000E+03    0.380672976753885E+01    0.839959685223989E+00
    0.464980000000000E+03    0.386032822524794E+01    0.839962343313393E+00
    0.471240000000000E+03    0.178535325067332E+01    0.839974272262628E+00
    0.471260000000000E+03    0.183895226007257E+01    0.839974386495234E+00
    0.477540000000000E+03    0.610174377097428E+01    0.839643781576542E+00
    0.477560000000000E+03    0.615532948780901E+01    0.839641853487305E+00
    0.483820000000000E+03    0.408121098738297E+01    0.839983837937437E+00
    0.483840000000000E+03    0.413481078698169E+01    0.839985980922437E+00
    0.490100000000000E+03    0.205996058877349E+01    0.839988854494373E+00
    0.490120000000000E+03    0.211356050140648E+01    0.839987261860488E+00
    0.496380000000000E+03    0.397371639539870E-01    0.839656776796976E+00
    0.496400000000000E+03    0.933233843679773E-01    0.839657124979134E+00
    0.502660000000000E+03    0.430265580691594E+01    0.840002403378700E+00
    0.502680000000000E+03    0.435625521641259E+01    0.840003372581992E+00
    0.508940000000000E+03    0.228132454564957E+01    0.839989867935020E+00
    0.508960000000000E+03    0.233492385930731E+01    0.839987367646209E+00
    0.515240000000000E+03    0.314375106284615E+00    0.839675463653714E+00
    0.515260000000000E+03    0.367962176952915E+00    0.839678537387482E+00
    0.521520000000000E+03    0.457771242267859E+01    0.840004544958423E+00
    0.521540000000000E+03    0.463131276392619E+01    0.840003714347025E+00
    0.527800000000000E+03    0.255666665208332E+01    0.839997367647708E+00
    0.527820000000000E+03    0.261026424993997E+01    0.839995311943196E+00
    0.534080000000000E+03    0.535689367694658E+00    0.839699102173501E+00
    0.534100000000000E+03    0.589277150200132E+00    0.839703581607040E+00
    0.540360000000000E+03    0.479848197879642E+01    0.839918664137919E+00
    0.540380000000000E+03    0.485207850160418E+01    0.839915676107419E+00
    0.546640000000000E+03    0.277670581483835E+01    0.839915751790821E+00
    0.546660000000000E+03    0.283030217369469E+01    0.839913857874104E+00
    0.552940000000000E+03    0.808863203965302E+00    0.839741845130624E+00
    0.552960000000000E+03    0.862452983745925E+00    0.839747265375062E+00
    0.559220000000000E+03    0.507193145920132E+01    0.839874305733398E+00
    0.559240000000000E+03    0.512552664818963E+01    0.839869887705812E+00
    0.565500000000000E+03    0.305048074614979E+01    0.839925839246043E+00
    0.565520000000000E+03    0.310407673809368E+01    0.839925514111039E+00
    0.571780000000000E+03    0.102891030853061E+01    0.839801920642060E+00
    0.571800000000000E+03    0.108250220004038E+01    0.839807106038963E+00
    0.578060000000000E+03    0.529176422875412E+01    0.839797052932553E+00
    0.578080000000000E+03    0.534535624118780E+01    0.839791528252270E+00
    0.584340000000000E+03    0.327007207283350E+01    0.839892161431343E+00
    0.584360000000000E+03    0.332366747523974E+01    0.839893006022118E+00
    0.590620000000000E+03    0.124816404323838E+01    0.839846260777644E+00
    0.590640000000000E+03    0.130175790063163E+01    0.839850490123736E+00
    0.596920000000000E+03    0.556425228332364E+01    0.839691367558978E+00
    0.596940000000000E+03    0.561783971604950E+01    0.839686047416467E+00
    0.603200000000000E+03    0.354227244441859E+01    0.839874182574265E+00
    0.603220000000000E+03    0.359586717483353E+01    0.839876250714263E+00
    0.609480000000000E+03    0.152007808535905E+01    0.839875345117865E+00
    0.609500000000000E+03    0.157367355943688E+01    0.839877733820028E+00
    0.615760000000000E+03    0.578250280601742E+01    0.839636419917076E+00
    0.615780000000000E+03    0.583608870096486E+01    0.839632032009633E+00
    0.622040000000000E+03    0.376081136017820E+01    0.839896853949820E+00
    0.622060000000000E+03    0.381440698114056E+01    0.839899471456080E+00
    0.628320000000000E+03    0.173844663477212E+01    0.839899519590218E+00
    0.628340000000000E+03    0.179204267612681E+01    0.839900076482175E+00
    0.634620000000000E+03    0.605411596523527E+01    0.839582771250630E+00
    0.634640000000000E+03    0.610769950673239E+01    0.839580408541118E+00
    0.640900000000000E+03    0.403249074126188E+01    0.839905926650481E+00
    0.640920000000000E+03    0.408608643775051E+01    0.839908363866210E+00
    0.647180000000000E+03    0.201020744713946E+01    0.839915321333923E+00
    0.647200000000000E+03    0.206380440193379E+01    0.839914105304068E+00
    0.653460000000000E+03    0.627206300363810E+01    0.839564047979268E+00
    0.653480000000000E+03    0.424600922472109E-01    0.839563941357105E+00
    0.659740000000000E+03    0.425083684823130E+01    0.839933468886854E+00
    0.659760000000000E+03    0.430443449405220E+01    0.839934776380780E+00
    0.666020000000000E+03    0.222885553116225E+01    0.839930899373191E+00
    0.666040000000000E+03    0.228245265236319E+01    0.839928535660031E+00
    0.672320000000000E+03    0.261240150815183E+00    0.839611197572862E+00
    0.672340000000000E+03    0.314824765027424E+00    0.839613898052470E+00
    0.678600000000000E+03    0.452378193404388E+01    0.839946992264631E+00
    0.678620000000000E+03    0.457737980482420E+01    0.839946587904434E+00
    0.684880000000000E+03    0.250206923026758E+01    0.839928305187814E+00
    0.684900000000000E+03    0.255566709414597E+01    0.839925759164820E+00
    0.691160000000000E+03    0.481132364744781E+00    0.839680065649060E+00
    0.691180000000000E+03    0.534719889924190E+00    0.839684252203849E+00
    0.697440000000000E+03    0.474423506607968E+01    0.839947302667455E+00
    0.697460000000000E+03    0.479783301713064E+01    0.839945041327880E+00
    0.703720000000000E+03    0.272273763216322E+01    0.839932301170273E+00
    0.703740000000000E+03    0.277633406264226E+01    0.839930500270094E+00
    0.710000000000000E+03    0.701260781834662E+00    0.839706477544255E+00
    0.710020000000000E+03    0.754848802743254E+00    0.839711709920255E+00
    0.716300000000000E+03    0.501730363964225E+01    0.839852605024899E+00
    0.716320000000000E+03    0.507089711436265E+01    0.839847567369567E+00
    0.722580000000000E+03    0.299498730092273E+01    0.839864208537701E+00
    0.722600000000000E+03    0.304858022364238E+01    0.839863959925890E+00
    0.728860000000000E+03    0.972408044117401E+00    0.839695773229078E+00
    0.728880000000000E+03    0.102599571876931E+01    0.839701098029169E+00
    0.735140000000000E+03    0.523415565893561E+01    0.839725628110919E+00
    0.735160000000000E+03    0.528774481913797E+01    0.839720441035390E+00
    0.741420000000000E+03    0.321172856794328E+01    0.839824874342540E+00
    0.741440000000000E+03    0.326532215958287E+01    0.839825895314631E+00
    0.747700000000000E+03    0.118932819158886E+01    0.839784073454639E+00
    0.747720000000000E+03    0.124291962252778E+01    0.839788633861358E+00
    0.754000000000000E+03    0.550491813439794E+01    0.839676199617190E+00
    0.754020000000000E+03    0.555850507804053E+01    0.839670729615038E+00
    0.760280000000000E+03    0.348270385651176E+01    0.839850625768111E+00
    0.760300000000000E+03    0.353629787251930E+01    0.839852478035084E+00
    0.766560000000000E+03    0.146019144137335E+01    0.839836110446483E+00
    0.766580000000000E+03    0.151378462881848E+01    0.839838765663521E+00
    0.772840000000000E+03    0.572199482318365E+01    0.839608276973503E+00
    0.772860000000000E+03    0.577557906807533E+01    0.839603579318976E+00
    0.779120000000000E+03    0.369990511321339E+01    0.839873713639329E+00
    0.779140000000000E+03    0.375350017165465E+01    0.839876530778431E+00
    0.785400000000000E+03    0.167763933748438E+01    0.839893987810444E+00
    0.785420000000000E+03    0.173123547637897E+01    0.839895050363509E+00
    0.791700000000000E+03    0.599336459550977E+01    0.839592423464635E+00
    0.791720000000000E+03    0.604694766700186E+01    0.839589640404150E+00
    0.797980000000000E+03    0.397144667444036E+01    0.839881271705129E+00
    0.798000000000000E+03    0.402504163405456E+01    0.839883797353639E+00
    0.804260000000000E+03    0.194867224046038E+01    0.839877925676104E+00
    0.804280000000000E+03    0.200226735035176E+01    0.839877087797829E+00
    0.810540000000000E+03    0.621012272068037E+01    0.839527039233304E+00
    0.810560000000000E+03    0.626370349637455E+01    0.839526410252789E+00
    0.816820000000000E+03    0.418792374245686E+01    0.839853035231934E+00
    0.816840000000000E+03    0.424151743817174E+01    0.839854749999059E+00
    0.823100000000000E+03    0.216455131073690E+01    0.839820060992539E+00
    0.823120000000000E+03    0.221814388609891E+01    0.839817962331385E+00
    0.829400000000000E+03    0.195219937429101E+00    0.839448452498038E+00
    0.829420000000000E+03    0.248797827173803E+00    0.839450189451252E+00
    0.835680000000000E+03    0.445532246396624E+01    0.839770652141389E+00
    0.835700000000000E+03    0.450891281716395E+01    0.839770654698215E+00
    0.841960000000000E+03    0.243101195540203E+01    0.839741808407575E+00
    0.841980000000000E+03    0.248460158037369E+01    0.839739179233460E+00
    0.848240000000000E+03    0.407339557438718E+00    0.839441876311625E+00
    0.848260000000000E+03    0.460917015094310E+00    0.839445590025081E+00
    0.854520000000000E+03    0.466718690806829E+01    0.839714545735836E+00
    0.854540000000000E+03    0.472077506259438E+01    0.839712773184411E+00
    0.860800000000000E+03    0.264232257620824E+01    0.839672370689802E+00
    0.860820000000000E+03    0.269590875551285E+01    0.839670160228457E+00
    0.867080000000000E+03    0.618320977191615E+00    0.839296331853549E+00
    0.867100000000000E+03    0.671910960367313E+00    0.839295658415403E+00
    0.873380000000000E+03    0.493460203434142E+01    0.840007927803769E+00
    0.873400000000000E+03    0.498820200896262E+01    0.840003815196287E+00
    0.879660000000000E+03    0.291430093134522E+01    0.840027380042135E+00
    0.879680000000000E+03    0.296790202788952E+01    0.840026066809096E+00
    0.885940000000000E+03    0.894438705503035E+00    0.839889715735661E+00
    0.885960000000000E+03    0.948034733158693E+00    0.839895153245209E+00
    0.892220000000000E+03    0.515897205693727E+01    0.839959175436700E+00
    0.892240000000000E+03    0.521257041190074E+01    0.839954020442249E+00
    0.898500000000000E+03    0.313881441901094E+01    0.840020561157978E+00
    0.898520000000000E+03    0.319241502692648E+01    0.840020591121784E+00
    0.904780000000000E+03    0.111868987538764E+01    0.839946828773608E+00
    0.904800000000000E+03    0.117228875536057E+01    0.839951420343734E+00
    0.911080000000000E+03    0.543687054050633E+01    0.839897547290050E+00
    0.911100000000000E+03    0.549046547997978E+01    0.839892098082666E+00
    0.917360000000000E+03    0.341682594618442E+01    0.840059890328274E+00
    0.917380000000000E+03    0.347042661209480E+01    0.840061522701455E+00
    0.923640000000000E+03    0.139640612704579E+01    0.839993220586828E+00
    0.923660000000000E+03    0.145000592517863E+01    0.839996589023993E+00
    0.929920000000000E+03    0.566042833959000E+01    0.839796609940278E+00
    0.929940000000000E+03    0.571402012603130E+01    0.839791628021545E+00
    0.936200000000000E+03    0.364040666356277E+01    0.840026201468303E+00
    0.936220000000000E+03    0.369400774387350E+01    0.840028660092969E+00
    0.942480000000000E+03    0.161990618832033E+01    0.840034489405883E+00
    0.942500000000000E+03    0.167350762785873E+01    0.840036027673240E+00
    0.948780000000000E+03    0.593752624601302E+01    0.839745903561401E+00
    0.948800000000000E+03    0.599111648397911E+01    0.839742446081309E+00
    0.955060000000000E+03    0.391762669408581E+01    0.840043285037103E+00
    0.955080000000000E+03    0.397122797326847E+01    0.840045900792793E+00
    0.961340000000000E+03    0.189712447449028E+01    0.840054225788615E+00
    0.961360000000000E+03    0.195072693883867E+01    0.840053727152858E+00
    0.967620000000000E+03    0.616106069325588E+01    0.839725524266488E+00
    0.967640000000000E+03    0.621464997112253E+01    0.839724374831922E+00
    0.973900000000000E+03    0.414153026958729E+01    0.840065552935261E+00
    0.973920000000000E+03    0.419513273945495E+01    0.840067475131808E+00
    0.980180000000000E+03    0.212086824738572E+01    0.840036348069646E+00
    0.980200000000000E+03    0.217446972041625E+01    0.840034458359757E+00
    0.986480000000000E+03    0.154478660967470E+00    0.839690403542003E+00
    0.986500000000000E+03    0.208066239454638E+00    0.839691764401032E+00
    0.992760000000000E+03    0.441800574785930E+01    0.840039749548790E+00
    0.992780000000000E+03    0.447160737394461E+01    0.840040160276350E+00
    0.999040000000000E+03    0.239721476550085E+01    0.840015298103312E+00
    0.999060000000000E+03    0.245081498388754E+01    0.840012764618317E+00
    0.100532000000000E+04    0.376815100039948E+00    0.839698135661290E+00
    0.100534000000000E+04    0.430403016803211E+00    0.839701568614840E+00
    0.101160000000000E+04    0.464014560629266E+01    0.839988561699448E+00
    0.101162000000000E+04    0.469374534168992E+01    0.839987194212404E+00
    0.101788000000000E+04    0.261900864939480E+01    0.839978702614724E+00
    0.101790000000000E+04    0.267260799901987E+01    0.839976316328005E+00
    0.102416000000000E+04    0.598510462472404E+00    0.839744475525217E+00
    0.102418000000000E+04    0.652100772882477E+00    0.839749404604344E+00
    0.103046000000000E+04    0.491569324045031E+01    0.839953186344658E+00
    0.103048000000000E+04    0.496929144790784E+01    0.839949716079160E+00
    0.103674000000000E+04    0.289459487553040E+01    0.839953371424235E+00
    0.103676000000000E+04    0.294819259330689E+01    0.839952022358543E+00
    0.104302000000000E+04    0.873572088622495E+00    0.839796802347177E+00
    0.104304000000000E+04    0.927164069397804E+00    0.839802265056164E+00
    0.104930000000000E+04    0.513701574625293E+01    0.839880738074459E+00
    0.104932000000000E+04    0.519061088171520E+01    0.839875902488124E+00
    0.105558000000000E+04    0.311542680346929E+01    0.839867104356845E+00
    0.105560000000000E+04    0.316902116969504E+01    0.839866976500601E+00
