    0.000000000000000E+00    0.190000000000000E+01    0.850000000000000E+00
    0.200000000000000E-02    0.190539999989015E+01    0.849999943715505E+00
    0.628400000000000E+01    0.161259794500310E-01    0.849659013115787E+00
    0.628600000000000E+01    0.215245539659747E-01    0.849659055069695E+00
    0.125680000000000E+02    0.441517073615274E+01    0.849963636217679E+00
    0.125700000000000E+02    0.442057057583337E+01    0.849963666035392E+00
    0.188500000000000E+02    0.252446492309011E+01    0.849927602964975E+00
    0.188520000000000E+02    0.252986460678186E+01    0.849927340894082E+00
    0.251340000000000E+02    0.639547591828645E+00    0.849704370255535E+00
    0.251360000000000E+02    0.644946423308980E+00    0.849704871140800E+00
    0.314160000000000E+02    0.503343659943776E+01    0.849867620816168E+00
    0.314180000000000E+02    0.503883608914020E+01    0.849867186214266E+00
    0.377000000000000E+02    0.314819762061433E+01    0.849894745567328E+00
    0.377020000000000E+02    0.315359716735165E+01    0.849894754236594E+00
    0.439840000000000E+02    0.126284165027567E+01    0.849855399657141E+00
    0.439860000000000E+02    0.126824109059244E+01    0.849855817239284E+00
    0.502660000000000E+02    0.565654405714747E+01    0.849689975522717E+00
    0.502680000000000E+02    0.566194280192369E+01    0.849689476309373E+00
    0.565500000000000E+02    0.377156979056667E+01    0.849933460303702E+00
    0.565520000000000E+02    0.377696952400038E+01    0.849933728521386E+00
    0.628320000000000E+02    0.188105014891920E+01    0.849963740848372E+00
    0.628340000000000E+02    0.188645002786950E+01    0.849963700268550E+00
    0.691160000000000E+02    0.628000346563977E+01    0.849622868015954E+00
    0.691180000000000E+02    0.221648042889910E-02    0.849622868198919E+00
    0.754000000000000E+02    0.439590446684394E+01    0.849982540679009E+00
    0.754020000000000E+02    0.440130443441743E+01    0.849982578662253E+00
    0.816820000000000E+02    0.250569762116294E+01    0.849965483424752E+00
    0.816840000000000E+02    0.251109747145341E+01    0.849965220343987E+00
    0.879660000000000E+02    0.621125062781488E+00    0.849733959690270E+00
    0.879680000000000E+02    0.626523964152597E+00    0.849734452553128E+00
    0.942480000000000E+02    0.501519261894686E+01    0.849898166595379E+00
    0.942500000000000E+02    0.502059221120220E+01    0.849897740166874E+00
    0.100532000000000E+03    0.313010060807545E+01    0.849909376243484E+00
    0.100534000000000E+03    0.313550020712955E+01    0.849909361265779E+00
    0.106816000000000E+03    0.124516183229463E+01    0.849873281613675E+00
    0.106818000000000E+03    0.125056132247033E+01    0.849873714406797E+00
    0.113098000000000E+03    0.563896556411055E+01    0.849699838456919E+00
    0.113100000000000E+03    0.564436433467608E+01    0.849699340262909E+00
    0.119382000000000E+03    0.375391110732699E+01    0.849921666487075E+00
    0.119384000000000E+03    0.375931078200182E+01    0.849921938922501E+00
    0.125664000000000E+03    0.186338861438037E+01    0.849971820775122E+00
    0.125666000000000E+03    0.186878853745492E+01    0.849971768368452E+00
    0.131948000000000E+03    0.626268285598587E+01    0.849651472716020E+00
    0.131950000000000E+03    0.626808154776228E+01    0.849651475882785E+00
    0.138232000000000E+03    0.437887145526503E+01    0.849994058948419E+00
    0.138234000000000E+03    0.438427147562743E+01    0.849994111605284E+00
    0.144514000000000E+03    0.248896731709181E+01    0.849993822998963E+00
    0.144516000000000E+03    0.249436730742116E+01    0.849993561466261E+00
    0.150798000000000E+03    0.604876696381723E+00    0.849758295531576E+00
    0.150800000000000E+03    0.610275726728332E+00    0.849758783926022E+00
    0.157080000000000E+03    0.499953512417920E+01    0.849939464476041E+00
    0.157082000000000E+03    0.500493488616974E+01    0.849939055115979E+00
    0.163364000000000E+03    0.311527788665677E+01    0.849973700929852E+00
    0.163366000000000E+03    0.312067782227700E+01    0.849973718372486E+00
    0.169648000000000E+03    0.123125894174507E+01    0.849947102663198E+00
    0.169650000000000E+03    0.123665877201176E+01    0.849947539302864E+00
    0.175930000000000E+03    0.562621834855611E+01    0.849791685033724E+00
    0.175932000000000E+03    0.563161751309622E+01    0.849791172820444E+00
    0.182214000000000E+03    0.374219964399481E+01    0.849995102880829E+00
    0.182216000000000E+03    0.374759960023374E+01    0.849995362321842E+00
    0.188496000000000E+03    0.185203124859441E+01    0.850015924767749E+00
    0.188498000000000E+03    0.185743110266924E+01    0.850015745260521E+00
    0.194780000000000E+03    0.625096682864364E+01    0.849625274433693E+00
    0.194782000000000E+03    0.625636530748920E+01    0.849625254482746E+00
    0.201062000000000E+03    0.436109867587265E+01    0.849949988528512E+00
    0.201064000000000E+03    0.436649843944929E+01    0.849950045414000E+00
    0.207346000000000E+03    0.247566665411284E+01    0.849924631756848E+00
    0.207348000000000E+03    0.248106636144155E+01    0.849924367354002E+00
    0.213630000000000E+03    0.590853759891957E+00    0.849695658198968E+00
    0.213632000000000E+03    0.596252548033931E+00    0.849696140264642E+00
    0.219912000000000E+03    0.498480272979214E+01    0.849885173191943E+00
    0.219914000000000E+03    0.499020229016469E+01    0.849884761642157E+00
    0.226196000000000E+03    0.310008156900255E+01    0.849904245662123E+00
    0.226198000000000E+03    0.310548155685228E+01    0.849904305450878E+00
    0.232478000000000E+03    0.121035433420309E+01    0.849917998543869E+00
    0.232480000000000E+03    0.121575403203883E+01    0.849918447876631E+00
    0.238762000000000E+03    0.561032151687073E+01    0.849769564401963E+00
    0.238764000000000E+03    0.561572056068940E+01    0.849769049820241E+00
    0.245046000000000E+03    0.372610623383366E+01    0.849986128435570E+00
    0.245048000000000E+03    0.373150616011617E+01    0.849986390334414E+00
    0.251328000000000E+03    0.183598786980212E+01    0.849990960591684E+00
    0.251330000000000E+03    0.184138784155436E+01    0.849990952448710E+00
    0.257612000000000E+03    0.623529506180557E+01    0.849654577208557E+00
    0.257614000000000E+03    0.624069365077708E+01    0.849654527857898E+00
    0.263894000000000E+03    0.434590139201509E+01    0.849985489433653E+00
    0.263896000000000E+03    0.435130131200197E+01    0.849985563651915E+00
    0.270178000000000E+03    0.246075053330060E+01    0.849939583269101E+00
    0.270180000000000E+03    0.246615027258895E+01    0.849939320776156E+00
    0.276462000000000E+03    0.575653139881751E+00    0.849676076418149E+00
    0.276464000000000E+03    0.581051777643779E+00    0.849676563522151E+00
    0.282744000000000E+03    0.496879530522324E+01    0.849830555164355E+00
    0.282746000000000E+03    0.497419450822588E+01    0.849830081374554E+00
    0.289028000000000E+03    0.308281264591233E+01    0.849840171949141E+00
    0.289030000000000E+03    0.308821200066757E+01    0.849840136068290E+00
    0.295310000000000E+03    0.119156850259992E+01    0.849794867051175E+00
    0.295312000000000E+03    0.119696774258966E+01    0.849795314919809E+00
    0.301594000000000E+03    0.559028608776146E+01    0.849667955678097E+00
    0.301596000000000E+03    0.559568485081934E+01    0.849667444057444E+00
    0.307878000000000E+03    0.370516902816655E+01    0.849918480355635E+00
    0.307880000000000E+03    0.371056868097560E+01    0.849918796254994E+00
    0.314160000000000E+03    0.181409812982361E+01    0.850015387786930E+00
    0.314162000000000E+03    0.181949653348227E+01    0.850015799617808E+00
    0.320444000000000E+03    0.620977099803406E+01    0.849229829106267E+00
    0.320446000000000E+03    0.621516791383851E+01    0.849229753030740E+00
    0.326726000000000E+03    0.431507425992152E+01    0.849580624766444E+00
    0.326728000000000E+03    0.432047259776641E+01    0.849580726376610E+00
    0.333010000000000E+03    0.242521548523348E+01    0.849573171147107E+00
    0.333012000000000E+03    0.243061381645066E+01    0.849572911423547E+00
    0.339294000000000E+03    0.535932536471137E+00    0.849320225561945E+00
    0.339296000000000E+03    0.541329807048101E+00    0.849320676682468E+00
    0.345576000000000E+03    0.492507289481409E+01    0.849528311540546E+00
    0.345578000000000E+03    0.493047102752507E+01    0.849527938943011E+00
    0.351860000000000E+03    0.303551015439882E+01    0.849557207007651E+00
    0.351862000000000E+03    0.304090841184961E+01    0.849557165794581E+00
    0.358142000000000E+03    0.114066690397635E+01    0.849492612348881E+00
    0.358144000000000E+03    0.114606486558762E+01    0.849493096866695E+00
    0.364426000000000E+03    0.553554766630907E+01    0.849392547581085E+00
    0.364428000000000E+03    0.554094525151265E+01    0.849392010532136E+00
    0.370708000000000E+03    0.364113985893812E+01    0.849605465756568E+00
    0.370710000000000E+03    0.364653830432746E+01    0.849605815578095E+00
    0.376992000000000E+03    0.175216955176506E+01    0.849653687875836E+00
    0.376994000000000E+03    0.175756820539277E+01    0.849653737320609E+00
    0.383276000000000E+03    0.614767750396140E+01    0.849340729715578E+00
    0.383278000000000E+03    0.615307493784235E+01    0.849340622668459E+00
    0.389558000000000E+03    0.425494548210986E+01    0.849766725879486E+00
    0.389560000000000E+03    0.426034455355807E+01    0.849766915899531E+00
    0.395842000000000E+03    0.236731466591982E+01    0.849750824329331E+00
    0.395844000000000E+03    0.237271366960113E+01    0.849750563038879E+00
    0.402124000000000E+03    0.474658223366987E+00    0.849470698975918E+00
    0.402126000000000E+03    0.480056084802072E+00    0.849471122831635E+00
    0.408408000000000E+03    0.487145546979445E+01    0.849699709453801E+00
    0.408410000000000E+03    0.487685439675806E+01    0.849699355296345E+00
    0.414692000000000E+03    0.298424274746367E+01    0.849746204008006E+00
    0.414694000000000E+03    0.298964176778941E+01    0.849746131994707E+00
    0.420974000000000E+03    0.109180403698088E+01    0.849668458910024E+00
    0.420976000000000E+03    0.109720269759305E+01    0.849668959713312E+00
    0.427258000000000E+03    0.548883092008919E+01    0.849567248847445E+00
    0.427260000000000E+03    0.549422919167387E+01    0.849566706587768E+00
    0.433540000000000E+03    0.359638346079191E+01    0.849744926907157E+00
    0.433542000000000E+03    0.360178247660861E+01    0.849745155895852E+00
    0.439824000000000E+03    0.170919653494525E+01    0.849744686024207E+00
    0.439826000000000E+03    0.171459575330482E+01    0.849744722301004E+00
    0.446108000000000E+03    0.610653679401025E+01    0.849504374455021E+00
    0.446110000000000E+03    0.611193481193595E+01    0.849504200450830E+00
    0.452390000000000E+03    0.421558389393408E+01    0.849947074723887E+00
    0.452392000000000E+03    0.422098323202908E+01    0.849947177946387E+00
    0.458674000000000E+03    0.232876855765630E+01    0.849824205448765E+00
    0.458676000000000E+03    0.233416774179341E+01    0.849823973603439E+00
    0.464956000000000E+03    0.436792569423005E+00    0.849518606253984E+00
    0.464958000000000E+03    0.442190617768119E+00    0.849518995586637E+00
    0.471240000000000E+03    0.483413458419432E+01    0.849758901753105E+00
    0.471242000000000E+03    0.483953370950348E+01    0.849758593551975E+00
    0.477524000000000E+03    0.294736481275982E+01    0.849771907965998E+00
    0.477526000000000E+03    0.295276393230051E+01    0.849771800095239E+00
    0.483806000000000E+03    0.105555064016858E+01    0.849714490871759E+00
    0.483808000000000E+03    0.106094952918852E+01    0.849714998355595E+00
    0.490090000000000E+03    0.545370292893585E+01    0.849657601585111E+00
    0.490092000000000E+03    0.545910163828762E+01    0.849657064187313E+00
    0.496372000000000E+03    0.356246612916084E+01    0.849852102715276E+00
    0.496374000000000E+03    0.356786553396660E+01    0.849852319042115E+00
    0.502656000000000E+03    0.167642469827388E+01    0.849871662045591E+00
    0.502658000000000E+03    0.168182420154312E+01    0.849871781740185E+00
    0.508940000000000E+03    0.607451966752410E+01    0.849557036467314E+00
    0.508942000000000E+03    0.607991788285517E+01    0.849556830285759E+00
    0.515222000000000E+03    0.418358283254770E+01    0.849878321438826E+00
    0.515224000000000E+03    0.418898229873321E+01    0.849878488629018E+00
    0.521506000000000E+03    0.229722642906881E+01    0.849862461286422E+00
    0.521508000000000E+03    0.230262589098629E+01    0.849862210350147E+00
    0.527788000000000E+03    0.405942758535275E+00    0.849560222910222E+00
    0.527790000000000E+03    0.411340955325386E+00    0.849560596407596E+00
    0.534072000000000E+03    0.480361909069438E+01    0.849801994501133E+00
    0.534074000000000E+03    0.480901829921254E+01    0.849801723218217E+00
    0.540354000000000E+03    0.291162775174689E+01    0.849788557027540E+00
    0.540356000000000E+03    0.291702689460726E+01    0.849788425764482E+00
    0.546638000000000E+03    0.102494739460371E+01    0.849679623319697E+00
    0.546640000000000E+03    0.103034606981601E+01    0.849680141330666E+00
    0.552922000000000E+03    0.542251459256113E+01    0.849631696363897E+00
    0.552924000000000E+03    0.542791314165265E+01    0.849631148916241E+00
    0.559204000000000E+03    0.353055143129905E+01    0.849780706068148E+00
    0.559206000000000E+03    0.353595056280392E+01    0.849780919931256E+00
    0.565488000000000E+03    0.164361876149746E+01    0.849794964164435E+00
    0.565490000000000E+03    0.164901793650847E+01    0.849795087903181E+00
    0.571770000000000E+03    0.603525598981696E+01    0.849475508778810E+00
    0.571772000000000E+03    0.604065386508228E+01    0.849475273055310E+00
    0.578054000000000E+03    0.414867177651217E+01    0.849797950859512E+00
    0.578056000000000E+03    0.415407094847092E+01    0.849798140343719E+00
    0.584338000000000E+03    0.226116950796359E+01    0.849765248632053E+00
    0.584340000000000E+03    0.226656856539194E+01    0.849765011404528E+00
    0.590620000000000E+03    0.368542961122785E+00    0.849409251921515E+00
    0.590622000000000E+03    0.373941282076657E+00    0.849409444711260E+00
    0.596904000000000E+03    0.476644883722133E+01    0.849861096525101E+00
    0.596906000000000E+03    0.477184821409401E+01    0.849860817999051E+00
    0.603186000000000E+03    0.287507840864555E+01    0.849843511155700E+00
    0.603188000000000E+03    0.288047777447127E+01    0.849843363749618E+00
    0.609470000000000E+03    0.989035165260930E+00    0.849716481157625E+00
    0.609472000000000E+03    0.994434031742912E+00    0.849717015511703E+00
    0.615754000000000E+03    0.538725724532014E+01    0.849682279216061E+00
    0.615756000000000E+03    0.539265600441968E+01    0.849681732282586E+00
    0.622036000000000E+03    0.349588196718332E+01    0.849832671515011E+00
    0.622038000000000E+03    0.350128129658879E+01    0.849832864699158E+00
    0.628320000000000E+03    0.160938129833949E+01    0.849867394563195E+00
    0.628322000000000E+03    0.161478046272805E+01    0.849867460605495E+00
    0.634602000000000E+03    0.600129809749455E+01    0.849495889275454E+00
    0.634604000000000E+03    0.600669611858893E+01    0.849495636577155E+00
    0.640886000000000E+03    0.411510555163363E+01    0.849825399511838E+00
    0.640888000000000E+03    0.412050485227883E+01    0.849825607449493E+00
    0.647170000000000E+03    0.222812968490211E+01    0.849815470199710E+00
    0.647172000000000E+03    0.223352892394928E+01    0.849815243928945E+00
    0.653452000000000E+03    0.336220126784610E+00    0.849505905335845E+00
    0.653454000000000E+03    0.341618099460902E+00    0.849506216838489E+00
    0.659736000000000E+03    0.473316895530115E+01    0.849755154260268E+00
    0.659738000000000E+03    0.473856795569895E+01    0.849754911248262E+00
    0.666018000000000E+03    0.284029173256999E+01    0.849736330678272E+00
    0.666020000000000E+03    0.284569067860093E+01    0.849736164463344E+00
    0.672302000000000E+03    0.953122106973069E+00    0.849614541666058E+00
    0.672304000000000E+03    0.958520563204502E+00    0.849615082508770E+00
    0.678586000000000E+03    0.535012377498219E+01    0.849607483668017E+00
    0.678588000000000E+03    0.535552220465979E+01    0.849606940164735E+00
    0.684868000000000E+03    0.345746191364060E+01    0.849731478714532E+00
    0.684870000000000E+03    0.346286081457311E+01    0.849731661987085E+00
    0.691152000000000E+03    0.156975635561594E+01    0.849724323447125E+00
    0.691154000000000E+03    0.157515523286474E+01    0.849724498087388E+00
    0.697434000000000E+03    0.596072612472904E+01    0.849434709624795E+00
    0.697436000000000E+03    0.596612384189643E+01    0.849434407621805E+00
    0.703718000000000E+03    0.407347566143812E+01    0.849753943742063E+00
    0.703720000000000E+03    0.407887468031095E+01    0.849754170221765E+00
    0.710000000000000E+03    0.218050927613058E+01    0.849776055265819E+00
    0.710002000000000E+03    0.218590840307911E+01    0.849775843147990E+00
    0.716284000000000E+03    0.293815981238595E+00    0.849467529995187E+00
    0.716286000000000E+03    0.299213848969430E+00    0.849467812253337E+00
    0.722568000000000E+03    0.469064333220331E+01    0.849758003119944E+00
    0.722570000000000E+03    0.469604236594614E+01    0.849757822916882E+00
    0.728850000000000E+03    0.279791427090868E+01    0.849742585835619E+00
    0.728852000000000E+03    0.280331328154693E+01    0.849742394544279E+00
    0.735134000000000E+03    0.910746410875163E+00    0.849612113733387E+00
    0.735136000000000E+03    0.916144863692352E+00    0.849612663473314E+00
    0.741416000000000E+03    0.530273524085123E+01    0.849645665474994E+00
    0.741418000000000E+03    0.530813387430976E+01    0.849645113034742E+00
    0.747700000000000E+03    0.341611537859558E+01    0.849792837151505E+00
    0.747702000000000E+03    0.342151455329213E+01    0.849793000827149E+00
    0.753984000000000E+03    0.152966917345429E+01    0.849828962097323E+00
    0.753986000000000E+03    0.153506850050940E+01    0.849829193208659E+00
    0.760266000000000E+03    0.592226440677632E+01    0.849556691371176E+00
    0.760268000000000E+03    0.592766261487259E+01    0.849556361137548E+00
    0.766550000000000E+03    0.403640563346835E+01    0.849860679396347E+00
    0.766552000000000E+03    0.404180509013395E+01    0.849860917171881E+00
    0.772832000000000E+03    0.214457446962024E+01    0.849852640367061E+00
    0.772834000000000E+03    0.214997387999802E+01    0.849852441285916E+00
    0.779116000000000E+03    0.258561443064536E+00    0.849519488142064E+00
    0.779118000000000E+03    0.263959500399324E+00    0.849519734822419E+00
    0.785400000000000E+03    0.465612540802749E+01    0.849825352746169E+00
    0.785402000000000E+03    0.466152470885072E+01    0.849825200183651E+00
    0.791682000000000E+03    0.276397538742549E+01    0.849786972910962E+00
    0.791684000000000E+03    0.276937448298486E+01    0.849786793443331E+00
    0.797966000000000E+03    0.877162800014048E+00    0.849623526983942E+00
    0.797968000000000E+03    0.882561251865809E+00    0.849624071604338E+00
    0.804248000000000E+03    0.526922304548862E+01    0.849661929854290E+00
    0.804250000000000E+03    0.527462172565856E+01    0.849661403647484E+00
    0.810532000000000E+03    0.338261799488555E+01    0.849786070014720E+00
    0.810534000000000E+03    0.338801717416163E+01    0.849786264363634E+00
    0.816816000000000E+03    0.149600526723088E+01    0.849800213581793E+00
    0.816818000000000E+03    0.150140446858541E+01    0.849800471733891E+00
    0.823098000000000E+03    0.588830496693481E+01    0.849542163488339E+00
    0.823100000000000E+03    0.589370316815121E+01    0.849541809754407E+00
    0.829382000000000E+03    0.400252262344247E+01    0.849877466222812E+00
    0.829384000000000E+03    0.400792212627675E+01    0.849877742109656E+00
    0.835664000000000E+03    0.211109866301831E+01    0.849892473790413E+00
    0.835666000000000E+03    0.211649827166957E+01    0.849892295209192E+00
    0.841948000000000E+03    0.225922649526638E+00    0.849576677297086E+00
    0.841950000000000E+03    0.231320948364100E+00    0.849576900254084E+00
    0.848232000000000E+03    0.462411893034960E+01    0.849879393401093E+00
    0.848234000000000E+03    0.462951842973280E+01    0.849879256835626E+00
    0.854514000000000E+03    0.273272988172630E+01    0.849860104183906E+00
    0.854516000000000E+03    0.273812933683712E+01    0.849859895375778E+00
    0.860798000000000E+03    0.847217874726084E+00    0.849718457256700E+00
    0.860800000000000E+03    0.852616773879618E+00    0.849719002402957E+00
    0.867080000000000E+03    0.524059248395361E+01    0.849772902109212E+00
    0.867082000000000E+03    0.524599150399308E+01    0.849772370284920E+00
    0.873364000000000E+03    0.335486227748106E+01    0.849874051431512E+00
    0.873366000000000E+03    0.336026170851392E+01    0.849874170631719E+00
    0.879646000000000E+03    0.146353586998475E+01    0.849867166006221E+00
    0.879648000000000E+03    0.146893523675590E+01    0.849867405340166E+00
    0.885930000000000E+03    0.586165986316610E+01    0.849577088412255E+00
    0.885932000000000E+03    0.586705808605848E+01    0.849576726174115E+00
    0.892214000000000E+03    0.397571028442462E+01    0.849854209084530E+00
    0.892216000000000E+03    0.398110965361639E+01    0.849854462620038E+00
    0.898496000000000E+03    0.208392947489983E+01    0.849867111821513E+00
    0.898498000000000E+03    0.208932898133344E+01    0.849866946315702E+00
    0.904780000000000E+03    0.198257249309790E+00    0.849539985259248E+00
    0.904782000000000E+03    0.203655341602371E+00    0.849540187514918E+00
    0.911062000000000E+03    0.459052459270242E+01    0.849839255346510E+00
    0.911064000000000E+03    0.459592397408323E+01    0.849839150932173E+00
    0.917346000000000E+03    0.270409566484886E+01    0.849814828252179E+00
    0.917348000000000E+03    0.270949494739352E+01    0.849814596636459E+00
    0.923630000000000E+03    0.817731481456121E+00    0.849643215848027E+00
    0.923632000000000E+03    0.823130001535446E+00    0.849643755487307E+00
    0.929912000000000E+03    0.520996994161260E+01    0.849694326796794E+00
    0.929914000000000E+03    0.521536871907256E+01    0.849693811133855E+00
    0.936196000000000E+03    0.332335413747978E+01    0.849780668770074E+00
    0.936198000000000E+03    0.332875325980967E+01    0.849780774945212E+00
    0.942478000000000E+03    0.143119763070854E+01    0.849784889312917E+00
    0.942480000000000E+03    0.143659679863094E+01    0.849785182867650E+00
    0.948762000000000E+03    0.582904697398453E+01    0.849559910956263E+00
    0.948764000000000E+03    0.583444526564381E+01    0.849559510694326E+00
    0.955046000000000E+03    0.394334162904443E+01    0.849874746297252E+00
    0.955048000000000E+03    0.394874117083509E+01    0.849874994459595E+00
    0.961328000000000E+03    0.205205972506155E+01    0.849913363449695E+00
    0.961330000000000E+03    0.205745939044709E+01    0.849913212456766E+00
    0.967612000000000E+03    0.167298755440243E+00    0.849607546217396E+00
    0.967614000000000E+03    0.172697183495075E+00    0.849607710259135E+00
    0.973894000000000E+03    0.456058614063386E+01    0.849934053669621E+00
    0.973896000000000E+03    0.456598589581881E+01    0.849933965182564E+00
    0.980178000000000E+03    0.267539279337961E+01    0.849926451885561E+00
    0.980180000000000E+03    0.268079253124324E+01    0.849926228288549E+00
    0.986462000000000E+03    0.790687325528324E+00    0.849757411058655E+00
    0.986464000000000E+03    0.796086382082649E+00    0.849757951327182E+00
    0.992744000000000E+03    0.518484111323005E+01    0.849843131640432E+00
    0.992746000000000E+03    0.519024052714440E+01    0.849842633403253E+00
    0.999028000000000E+03    0.330016345251443E+01    0.849935744647664E+00
    0.999030000000000E+03    0.330556319646166E+01    0.849935838849675E+00
    0.100531000000000E+04    0.140998155667876E+01    0.849928877503602E+00
    0.100531200000000E+04    0.141538126109117E+01    0.849929187576991E+00
    0.101159400000000E+04    0.580930076305913E+01    0.849686234450568E+00
    0.101159600000000E+04    0.581469947029063E+01    0.849685824486728E+00
    0.101787800000000E+04    0.392469338445562E+01    0.849962338213281E+00
    0.101788000000000E+04    0.393009322973012E+01    0.849962605313598E+00
    0.102416000000000E+04    0.203448037866110E+01    0.849999062129090E+00
    0.102416200000000E+04    0.203988040183140E+01    0.849998916157662E+00
    0.103044400000000E+04    0.150671816495105E+00    0.849673486454685E+00
    0.103044600000000E+04    0.156070508971879E+00    0.849673634459291E+00
    0.103672600000000E+04    0.454472844341217E+01    0.849997637343327E+00
    0.103672800000000E+04    0.455012830711439E+01    0.849997571412876E+00
    0.104301000000000E+04    0.265992754603622E+01    0.849958462565424E+00
    0.104301200000000E+04    0.266532735381998E+01    0.849958234427457E+00
