    0.000000000000000E+00    0.190000000000000E+01    0.880000000000000E+00
    0.200000000000000E-01    0.195519998895529E+01    0.879999362229200E+00
    0.630000000000000E+01    0.437357736144488E+00    0.879732546334060E+00
    0.632000000000000E+01    0.492547241075165E+00    0.879736583267716E+00
    0.125800000000000E+02    0.520327276650606E+01    0.879901208004608E+00
    0.126000000000000E+02    0.525846908435915E+01    0.879896136123217E+00
    0.188600000000000E+02    0.368513435150847E+01    0.879985176479757E+00
    0.188800000000000E+02    0.374033337348568E+01    0.879987696441374E+00
    0.251400000000000E+02    0.216666349698959E+01    0.879995269150364E+00
    0.251600000000000E+02    0.222186322182709E+01    0.879993162985146E+00
    0.314200000000000E+02    0.648601745211835E+00    0.879776341576581E+00
    0.314400000000000E+02    0.703792875127178E+00    0.879781410191554E+00
    0.377000000000000E+02    0.541442466474555E+01    0.879831153125088E+00
    0.377200000000000E+02    0.546961722967539E+01    0.879825692981744E+00
    0.440000000000000E+02    0.395139621924217E+01    0.879999036461030E+00
    0.440200000000000E+02    0.400659612531109E+01    0.880001873906116E+00
    0.502800000000000E+02    0.243324791147518E+01    0.880006983870743E+00
    0.503000000000000E+02    0.248844845040060E+01    0.880004394355787E+00
    0.565600000000000E+02    0.915594519946723E+00    0.879884936452687E+00
    0.565800000000000E+02    0.970790023808291E+00    0.879890376394728E+00
    0.628400000000000E+02    0.568195455347174E+01    0.879817697470310E+00
    0.628600000000000E+02    0.573714718168836E+01    0.879812809336748E+00
    0.691200000000000E+02    0.416471393152602E+01    0.880081334967649E+00
    0.691400000000000E+02    0.421991730259725E+01    0.880083184431806E+00
    0.754000000000000E+02    0.264742558201300E+01    0.880054787024558E+00
    0.754200000000000E+02    0.270262844213042E+01    0.880052493216041E+00
    0.817000000000000E+02    0.118534975600454E+01    0.879994670877841E+00
    0.817200000000000E+02    0.124054832870590E+01    0.879999162891676E+00
    0.879800000000000E+02    0.595171148282967E+01    0.879767503865489E+00
    0.880000000000000E+02    0.600690180261913E+01    0.879764310491671E+00
    0.942600000000000E+02    0.443446770598490E+01    0.880057909349066E+00
    0.942800000000000E+02    0.448967037700851E+01    0.880058099663314E+00
    0.100540000000000E+03    0.291681190988038E+01    0.880008206304152E+00
    0.100560000000000E+03    0.297201191077573E+01    0.880007055384771E+00
    0.106820000000000E+03    0.139898887185802E+01    0.879992512500394E+00
    0.106840000000000E+03    0.145418845190352E+01    0.879995744666858E+00
    0.113100000000000E+03    0.616519246678206E+01    0.879733778127002E+00
    0.113120000000000E+03    0.622038270852732E+01    0.879733101964921E+00
    0.119400000000000E+03    0.470355448590072E+01    0.880056317012480E+00
    0.119420000000000E+03    0.475875705211257E+01    0.880054488090542E+00
    0.125680000000000E+03    0.318623095482292E+01    0.880026593507708E+00
    0.125700000000000E+03    0.324143188201498E+01    0.880026779127662E+00
    0.131960000000000E+03    0.166876253558883E+01    0.880054696500199E+00
    0.131980000000000E+03    0.172396453468997E+01    0.880055600988336E+00
    0.138240000000000E+03    0.151679123559120E+00    0.879749712036802E+00
    0.138260000000000E+03    0.206868791566365E+00    0.879751157295584E+00
    0.144520000000000E+03    0.491785437041159E+01    0.880002838961947E+00
    0.144540000000000E+03    0.497305450500227E+01    0.879999251319134E+00
    0.150800000000000E+03    0.340025862183808E+01    0.880021797999048E+00
    0.150820000000000E+03    0.345545960445946E+01    0.880023694332479E+00
    0.157080000000000E+03    0.188294663325883E+01    0.880100303704830E+00
    0.157100000000000E+03    0.193815078809882E+01    0.880099690154943E+00
    0.163380000000000E+03    0.421599576446113E+00    0.879832498283977E+00
    0.163400000000000E+03    0.476792864863171E+00    0.879836170301317E+00
    0.169660000000000E+03    0.518870150084308E+01    0.880002616100100E+00
    0.169680000000000E+03    0.524389968935844E+01    0.879997935541793E+00
    0.175940000000000E+03    0.367121105737806E+01    0.880039335903503E+00
    0.175960000000000E+03    0.372641268393267E+01    0.880041845991445E+00
    0.182220000000000E+03    0.215356229157334E+01    0.880052576536631E+00
    0.182240000000000E+03    0.220876418585567E+01    0.880049449857515E+00
    0.188500000000000E+03    0.635891560231130E+00    0.879794448599545E+00
    0.188520000000000E+03    0.691083126777585E+00    0.879799445582535E+00
    0.194780000000000E+03    0.540179430591081E+01    0.879845297175155E+00
    0.194800000000000E+03    0.545698796880447E+01    0.879839770977861E+00
    0.201080000000000E+03    0.393910750513487E+01    0.880024699191245E+00
    0.201100000000000E+03    0.399430862750148E+01    0.880027378127816E+00
    0.207360000000000E+03    0.242129784989538E+01    0.880032238782222E+00
    0.207380000000000E+03    0.247649961037018E+01    0.880029657298752E+00
    0.213640000000000E+03    0.903746017489993E+00    0.879877385631406E+00
    0.213660000000000E+03    0.958941096984063E+00    0.879882838191923E+00
    0.219920000000000E+03    0.566992299859226E+01    0.879798890543694E+00
    0.219940000000000E+03    0.572511451726336E+01    0.879794018291910E+00
    0.226200000000000E+03    0.415222157565267E+01    0.880031038200036E+00
    0.226220000000000E+03    0.420742397614185E+01    0.880032582922477E+00
    0.232480000000000E+03    0.263446935728655E+01    0.880013533350161E+00
    0.232500000000000E+03    0.268967020236016E+01    0.880011186724770E+00
    0.238780000000000E+03    0.117214268182647E+01    0.879953684208534E+00
    0.238800000000000E+03    0.122734121776705E+01    0.879958430056815E+00
    0.245060000000000E+03    0.593858493162031E+01    0.879769136903469E+00
    0.245080000000000E+03    0.599377545401012E+01    0.879765864995943E+00
    0.251340000000000E+03    0.442112439749508E+01    0.880039937620697E+00
    0.251360000000000E+03    0.447632559479223E+01    0.880040241012646E+00
    0.257620000000000E+03    0.290288004190086E+01    0.879963124006372E+00
    0.257640000000000E+03    0.295807814274337E+01    0.879961868462594E+00
    0.263900000000000E+03    0.138451718712417E+01    0.879947947475407E+00
    0.263920000000000E+03    0.143971530331930E+01    0.879951284559657E+00
    0.270180000000000E+03    0.615026664224877E+01    0.879700683433554E+00
    0.270200000000000E+03    0.620545528009768E+01    0.879699738371013E+00
    0.276480000000000E+03    0.468799002019989E+01    0.880003133673777E+00
    0.276500000000000E+03    0.474319038384579E+01    0.880001457213619E+00
    0.282760000000000E+03    0.316992063481939E+01    0.879965531945311E+00
    0.282780000000000E+03    0.322511913843493E+01    0.879965671923146E+00
    0.289040000000000E+03    0.165164521118174E+01    0.879993243249506E+00
    0.289060000000000E+03    0.170684450423835E+01    0.879994169713880E+00
    0.295320000000000E+03    0.133732722552963E+00    0.879683191877668E+00
    0.295340000000000E+03    0.188919549612251E+00    0.879684474329159E+00
    0.301600000000000E+03    0.489896430306237E+01    0.879927149695448E+00
    0.301620000000000E+03    0.495416118504852E+01    0.879923549106875E+00
    0.307880000000000E+03    0.338016725414957E+01    0.879923896178488E+00
    0.307900000000000E+03    0.343536396565696E+01    0.879925289046453E+00
    0.314160000000000E+03    0.186134603736321E+01    0.879969273663429E+00
    0.314180000000000E+03    0.191654508822160E+01    0.879968871969833E+00
    0.320460000000000E+03    0.398388111164763E+00    0.879693936356206E+00
    0.320480000000000E+03    0.453575924719075E+00    0.879697488563220E+00
    0.326740000000000E+03    0.516368685611872E+01    0.879858820085413E+00
    0.326760000000000E+03    0.521888092180779E+01    0.879853314111090E+00
    0.333020000000000E+03    0.364474321609543E+01    0.879919655612935E+00
    0.333040000000000E+03    0.369993971198380E+01    0.879922046296454E+00
    0.339300000000000E+03    0.212559850764160E+01    0.879945124328863E+00
    0.339320000000000E+03    0.218079640248607E+01    0.879943228366839E+00
    0.345580000000000E+03    0.607037714598505E+00    0.879726632742387E+00
    0.345600000000000E+03    0.662227027094332E+00    0.879732792533730E+00
    0.351860000000000E+03    0.537261185440684E+01    0.879809005775188E+00
    0.351880000000000E+03    0.542780515187815E+01    0.879803621018236E+00
    0.358160000000000E+03    0.390975597334534E+01    0.880009962539804E+00
    0.358180000000000E+03    0.396495692849692E+01    0.880012546577035E+00
    0.364440000000000E+03    0.239192322689348E+01    0.880029830368659E+00
    0.364460000000000E+03    0.244712482626949E+01    0.880027237512450E+00
    0.370720000000000E+03    0.874516821057796E+00    0.879882017287146E+00
    0.370740000000000E+03    0.929712303598080E+00    0.879887501369584E+00
    0.377000000000000E+03    0.564094725902692E+01    0.879822565362186E+00
    0.377020000000000E+03    0.569613982740702E+01    0.879817572682223E+00
    0.383280000000000E+03    0.412337677754272E+01    0.880045199741294E+00
    0.383300000000000E+03    0.417857869048680E+01    0.880047233033743E+00
    0.389560000000000E+03    0.260547684371249E+01    0.880002039350638E+00
    0.389580000000000E+03    0.266067670975576E+01    0.879999598675340E+00
    0.395860000000000E+03    0.114261969645554E+01    0.879906171895152E+00
    0.395880000000000E+03    0.119781552959034E+01    0.879910966783931E+00
    0.402140000000000E+03    0.590833229111172E+01    0.879724256641131E+00
    0.402160000000000E+03    0.596352108916562E+01    0.879720695398310E+00
    0.408420000000000E+03    0.439044670915632E+01    0.880009854656603E+00
    0.408440000000000E+03    0.444564721797178E+01    0.880010410131805E+00
    0.414700000000000E+03    0.287205692457815E+01    0.879947365440376E+00
    0.414720000000000E+03    0.292725453141907E+01    0.879945973906163E+00
    0.420980000000000E+03    0.135338899713497E+01    0.879911543749989E+00
    0.421000000000000E+03    0.140858521781661E+01    0.879915106364568E+00
    0.427260000000000E+03    0.611834097612541E+01    0.879638329833812E+00
    0.427280000000000E+03    0.617352609699583E+01    0.879636875758777E+00
    0.433540000000000E+03    0.459974516308102E+01    0.879928666891756E+00
    0.433560000000000E+03    0.465494240530984E+01    0.879927435851201E+00
    0.439840000000000E+03    0.313585153128520E+01    0.879889217505942E+00
    0.439860000000000E+03    0.319104693728809E+01    0.879889229977999E+00
    0.446120000000000E+03    0.161654328130112E+01    0.879902225837732E+00
    0.446140000000000E+03    0.167173914743375E+01    0.879903582787478E+00
    0.452400000000000E+03    0.976983345005920E-01    0.879602475222080E+00
    0.452420000000000E+03    0.152882362663831E+00    0.879603388437452E+00
    0.458680000000000E+03    0.486224510720194E+01    0.879877806353658E+00
    0.458700000000000E+03    0.491744046727376E+01    0.879874614631453E+00
    0.464960000000000E+03    0.334301022528325E+01    0.879880550027948E+00
    0.464980000000000E+03    0.339820531758573E+01    0.879881819434466E+00
    0.471240000000000E+03    0.182343092283190E+01    0.879898559335880E+00
    0.471260000000000E+03    0.187862677826865E+01    0.879898042766691E+00
    0.477540000000000E+03    0.359331369868642E+00    0.879602237575005E+00
    0.477560000000000E+03    0.414515496469448E+00    0.879605498475998E+00
    0.483820000000000E+03    0.512368918950870E+01    0.879796704094274E+00
    0.483840000000000E+03    0.517888098885965E+01    0.879791902809617E+00
    0.490100000000000E+03    0.360395107646355E+01    0.879856800431107E+00
    0.490120000000000E+03    0.365914534285162E+01    0.879859097858119E+00
    0.496380000000000E+03    0.208422446729514E+01    0.879887959172552E+00
    0.496400000000000E+03    0.213942024928383E+01    0.879886230085868E+00
    0.502660000000000E+03    0.564653686597012E+00    0.879628968371723E+00
    0.502680000000000E+03    0.619838479185773E+00    0.879633678145553E+00
    0.508940000000000E+03    0.532859385858637E+01    0.879706610959117E+00
    0.508960000000000E+03    0.538378144309058E+01    0.879701285491380E+00
    0.515240000000000E+03    0.386352140144504E+01    0.879828615768836E+00
    0.515260000000000E+03    0.391871419442600E+01    0.879831263029776E+00
    0.521520000000000E+03    0.234317062104583E+01    0.879835760403960E+00
    0.521540000000000E+03    0.239836476446408E+01    0.879833208010100E+00
    0.527800000000000E+03    0.823036922227629E+00    0.879655109547947E+00
    0.527820000000000E+03    0.878222878505312E+00    0.879660993039550E+00
    0.534080000000000E+03    0.558700737857612E+01    0.879633435981500E+00
    0.534100000000000E+03    0.564219350441431E+01    0.879628250942009E+00
    0.540360000000000E+03    0.406742828702340E+01    0.879892734226018E+00
    0.540380000000000E+03    0.412262427934138E+01    0.879894929433300E+00
    0.546640000000000E+03    0.254786178671748E+01    0.879882093079074E+00
    0.546660000000000E+03    0.260305750439716E+01    0.879879570667625E+00
    0.552940000000000E+03    0.108349758835971E+01    0.879804711798988E+00
    0.552960000000000E+03    0.113868767312556E+01    0.879809596709099E+00
    0.559220000000000E+03    0.584740398437202E+01    0.879595210617186E+00
    0.559240000000000E+03    0.590258569411867E+01    0.879591890449719E+00
    0.565500000000000E+03    0.432717877058735E+01    0.879826736203457E+00
    0.565520000000000E+03    0.438237185599064E+01    0.879827722357142E+00
    0.571780000000000E+03    0.280631749177110E+01    0.879764054102604E+00
    0.571800000000000E+03    0.286150774447447E+01    0.879762342070504E+00
    0.578060000000000E+03    0.128534074216009E+01    0.879728438497578E+00
    0.578080000000000E+03    0.134052835525654E+01    0.879732160394703E+00
    0.584340000000000E+03    0.604809728557416E+01    0.879474124428244E+00
    0.584360000000000E+03    0.610327586787253E+01    0.879471941180011E+00
    0.590620000000000E+03    0.452739668008940E+01    0.879769931218649E+00
    0.590640000000000E+03    0.458258797215331E+01    0.879769148319634E+00
    0.596920000000000E+03    0.306162403417079E+01    0.879738119419371E+00
    0.596940000000000E+03    0.311681411771906E+01    0.879737837908693E+00
    0.603200000000000E+03    0.154098048944297E+01    0.879792936806165E+00
    0.603220000000000E+03    0.159617232811047E+01    0.879795234702019E+00
    0.609480000000000E+03    0.210484239698872E-01    0.879508862091193E+00
    0.609500000000000E+03    0.762283822646168E-01    0.879508983282933E+00
    0.615760000000000E+03    0.478418436026664E+01    0.879794233519112E+00
    0.615780000000000E+03    0.483937544708647E+01    0.879791438880778E+00
    0.622040000000000E+03    0.326343560118494E+01    0.879768367428024E+00
    0.622060000000000E+03    0.331862588884860E+01    0.879769177258176E+00
    0.628320000000000E+03    0.174251086276968E+01    0.879794392066703E+00
    0.628340000000000E+03    0.179770257189011E+01    0.879794828680487E+00
    0.634620000000000E+03    0.277023275536521E+00    0.879470007700319E+00
    0.634640000000000E+03    0.332202001286305E+00    0.879472498487516E+00
    0.640900000000000E+03    0.503971118210961E+01    0.879693420789144E+00
    0.640920000000000E+03    0.509489901267011E+01    0.879689142924216E+00
    0.647180000000000E+03    0.351856375279317E+01    0.879733685513881E+00
    0.647200000000000E+03    0.357375297114709E+01    0.879735751761265E+00
    0.653460000000000E+03    0.199745287672044E+01    0.879780177756666E+00
    0.653480000000000E+03    0.205264486485476E+01    0.879778808267869E+00
    0.659740000000000E+03    0.477062348606296E+00    0.879551191579853E+00
    0.659760000000000E+03    0.532244480456939E+00    0.879555423147854E+00
    0.666020000000000E+03    0.524066650169789E+01    0.879704028005054E+00
    0.666040000000000E+03    0.529585484479117E+01    0.879698815591112E+00
    0.672320000000000E+03    0.377581932516046E+01    0.879838723137721E+00
    0.672340000000000E+03    0.383101290151126E+01    0.879841363292813E+00
    0.678600000000000E+03    0.225570124721185E+01    0.879857111627561E+00
    0.678620000000000E+03    0.231089593549291E+01    0.879854834063031E+00
    0.684880000000000E+03    0.736144164049165E+00    0.879683888555923E+00
    0.684900000000000E+03    0.791331601149523E+00    0.879689750890733E+00
    0.691160000000000E+03    0.550075034007887E+01    0.879720648325034E+00
    0.691180000000000E+03    0.555593907763682E+01    0.879715219105915E+00
    0.697440000000000E+03    0.398137989594488E+01    0.879908755706132E+00
    0.697460000000000E+03    0.403657631684496E+01    0.879911255887282E+00
    0.703720000000000E+03    0.246203633461050E+01    0.879902983157206E+00
    0.703740000000000E+03    0.251723305299811E+01    0.879900387076865E+00
    0.710000000000000E+03    0.943002561605908E+00    0.879778011696245E+00
    0.710020000000000E+03    0.998194070539512E+00    0.879783338331560E+00
    0.716300000000000E+03    0.576318288360335E+01    0.879686123108922E+00
    0.716320000000000E+03    0.581837022274567E+01    0.879681574344113E+00
    0.722580000000000E+03    0.424406778043522E+01    0.879908389502070E+00
    0.722600000000000E+03    0.429926389001935E+01    0.879909863277507E+00
    0.728860000000000E+03    0.272424009863857E+01    0.879854316641205E+00
    0.728880000000000E+03    0.277943375968425E+01    0.879852254427847E+00
    0.735140000000000E+03    0.120426069887412E+01    0.879770563822846E+00
    0.735160000000000E+03    0.125945161731647E+01    0.879775091229502E+00
    0.741420000000000E+03    0.596834580420636E+01    0.879575058933329E+00
    0.741440000000000E+03    0.602352888995802E+01    0.879572168659142E+00
    0.747700000000000E+03    0.444897221946940E+01    0.879854721695834E+00
    0.747720000000000E+03    0.450416870628533E+01    0.879853828281930E+00
    0.754000000000000E+03    0.298465590216301E+01    0.879872098056708E+00
    0.754020000000000E+03    0.303985080913299E+01    0.879871194930048E+00
    0.760280000000000E+03    0.146543796659125E+01    0.879873712172033E+00
    0.760300000000000E+03    0.152063393796834E+01    0.879876435244909E+00
    0.766560000000000E+03    0.623025036150511E+01    0.879625882703767E+00
    0.766580000000000E+03    0.224998152862099E-02    0.879625338690163E+00
    0.772840000000000E+03    0.471175983502280E+01    0.879924904914266E+00
    0.772860000000000E+03    0.476695703351470E+01    0.879922744157448E+00
    0.779120000000000E+03    0.319288242515086E+01    0.879901025991723E+00
    0.779140000000000E+03    0.324807899745520E+01    0.879901706067685E+00
    0.785400000000000E+03    0.167435041861154E+01    0.879965260607648E+00
    0.785420000000000E+03    0.172955038074042E+01    0.879965827602236E+00
    0.791700000000000E+03    0.211979115014401E+00    0.879723381507532E+00
    0.791720000000000E+03    0.267168090786527E+00    0.879725474421679E+00
    0.797980000000000E+03    0.497811370946783E+01    0.879975998562947E+00
    0.798000000000000E+03    0.503331311843931E+01    0.879972086276723E+00
    0.804260000000000E+03    0.346050407356461E+01    0.880015808182068E+00
    0.804280000000000E+03    0.351570472651201E+01    0.880017561651748E+00
    0.810540000000000E+03    0.194285582433986E+01    0.880064502061187E+00
    0.810560000000000E+03    0.199805867077521E+01    0.880063616806839E+00
    0.816820000000000E+03    0.425869602660896E+00    0.879799909149324E+00
    0.816840000000000E+03    0.481061659598254E+00    0.879803769023885E+00
    0.823100000000000E+03    0.519244776651249E+01    0.879957326073911E+00
    0.823120000000000E+03    0.524764595071019E+01    0.879952224757455E+00
    0.829400000000000E+03    0.373030974241328E+01    0.880058138068519E+00
    0.829420000000000E+03    0.378551211825652E+01    0.880060730491843E+00
    0.835680000000000E+03    0.221311484488115E+01    0.880093636124378E+00
    0.835700000000000E+03    0.226831889278219E+01    0.880091488343884E+00
    0.841960000000000E+03    0.696277631848261E+00    0.879873927315597E+00
    0.841980000000000E+03    0.751472536155688E+00    0.879879127834911E+00
    0.848240000000000E+03    0.546306112809771E+01    0.879897659892934E+00
    0.848260000000000E+03    0.551825675295049E+01    0.879892207361646E+00
    0.854520000000000E+03    0.394586085858145E+01    0.880071803550783E+00
    0.854540000000000E+03    0.400106433555493E+01    0.880074381136426E+00
    0.860800000000000E+03    0.242850244728515E+01    0.880061552661954E+00
    0.860820000000000E+03    0.248370454709629E+01    0.880058967211735E+00
    0.867080000000000E+03    0.911116905158451E+00    0.879907841305508E+00
    0.867100000000000E+03    0.966312849744554E+00    0.879913348959188E+00
    0.873380000000000E+03    0.573299409903120E+01    0.879830503843980E+00
    0.873400000000000E+03    0.578818764002290E+01    0.879825862623873E+00
    0.879660000000000E+03    0.421611224781782E+01    0.880096176669307E+00
    0.879680000000000E+03    0.427131614700602E+01    0.880097831055695E+00
    0.885940000000000E+03    0.269871167015481E+01    0.880035312131355E+00
    0.885960000000000E+03    0.275391300160254E+01    0.880033086495633E+00
    0.892220000000000E+03    0.118125514661324E+01    0.879970679080067E+00
    0.892240000000000E+03    0.123645377399680E+01    0.879975227280917E+00
    0.898500000000000E+03    0.594765482555295E+01    0.879773753910925E+00
    0.898520000000000E+03    0.600284570518306E+01    0.879770642585151E+00
    0.904780000000000E+03    0.443063147496196E+01    0.880075287078567E+00
    0.904800000000000E+03    0.448583485753352E+01    0.880075318337474E+00
    0.911080000000000E+03    0.296847198078012E+01    0.880031840908872E+00
    0.911100000000000E+03    0.302367323233329E+01    0.880030778129243E+00
    0.917360000000000E+03    0.145124163955234E+01    0.880051705098005E+00
    0.917380000000000E+03    0.150644405949606E+01    0.880054573400173E+00
    0.923640000000000E+03    0.621814992590453E+01    0.879793992305767E+00
    0.923660000000000E+03    0.627334175784836E+01    0.879793302183506E+00
    0.929920000000000E+03    0.470165287151985E+01    0.880085737760473E+00
    0.929940000000000E+03    0.475685541049825E+01    0.880083289880237E+00
    0.936200000000000E+03    0.318424173471521E+01    0.880028026369781E+00
    0.936220000000000E+03    0.323944252896581E+01    0.880028352639134E+00
    0.942480000000000E+03    0.166671453961135E+01    0.880062426180945E+00
    0.942500000000000E+03    0.172191715242661E+01    0.880063512592374E+00
    0.948780000000000E+03    0.205192340406938E+00    0.879769227292247E+00
    0.948800000000000E+03    0.260383861228547E+00    0.879771819769507E+00
    0.955060000000000E+03    0.497219674514145E+01    0.880055919870859E+00
    0.955080000000000E+03    0.502739926037066E+01    0.880052009696886E+00
    0.961340000000000E+03    0.345551667089740E+01    0.880087910548319E+00
    0.961360000000000E+03    0.351072017329670E+01    0.880089642668807E+00
    0.967620000000000E+03    0.193868646512510E+01    0.880121583218169E+00
    0.967640000000000E+03    0.199389117360215E+01    0.880120402668921E+00
    0.973900000000000E+03    0.422213016458954E+00    0.879834860334939E+00
    0.973920000000000E+03    0.477406467006404E+00    0.879838676723509E+00
