    0.000000000000000E+00    0.190000000000000E+01    0.940000000000000E+00
    0.200000000000000E-01    0.195759998964405E+01    0.939999354456416E+00
    0.630000000000000E+01    0.119332763219868E+01    0.939930263572840E+00
    0.632000000000000E+01    0.125092517580793E+01    0.939934809800089E+00
    0.125800000000000E+02    0.429522449303228E+00    0.939786309339268E+00
    0.126000000000000E+02    0.487113896986479E+00    0.939790105759477E+00
    0.188600000000000E+02    0.594926805911935E+01    0.939797606607379E+00
    0.188800000000000E+02    0.600685989042141E+01    0.939794442627903E+00
    0.251400000000000E+02    0.518558101119288E+01    0.939942612372753E+00
    0.251600000000000E+02    0.524317855009573E+01    0.939937493727109E+00
    0.314200000000000E+02    0.442145632833467E+01    0.940009499381551E+00
    0.314400000000000E+02    0.447905666156893E+01    0.940009676461319E+00
    0.377000000000000E+02    0.365694662420783E+01    0.939969210282952E+00
    0.377200000000000E+02    0.371454507209701E+01    0.939971650801518E+00
    0.440000000000000E+02    0.294990831165208E+01    0.939952233835659E+00
    0.440200000000000E+02    0.300750497128448E+01    0.939951663201892E+00
    0.502800000000000E+02    0.218499095171009E+01    0.939954692986701E+00
    0.503000000000000E+02    0.224258888333748E+01    0.939952624386869E+00
    0.565600000000000E+02    0.141981371277089E+01    0.939926533040324E+00
    0.565800000000000E+02    0.147740921849524E+01    0.939929311366020E+00
    0.628400000000000E+02    0.654485173145190E+00    0.939702586932127E+00
    0.628600000000000E+02    0.712073115167300E+00    0.939707660634728E+00
    0.691200000000000E+02    0.617215395962293E+01    0.939592044352556E+00
    0.691400000000000E+02    0.622973749884582E+01    0.939591035230347E+00
    0.754000000000000E+02    0.540625386986170E+01    0.939698779766472E+00
    0.754200000000000E+02    0.546384181953701E+01    0.939691914400954E+00
    0.817000000000000E+02    0.469736490458874E+01    0.939813058580567E+00
    0.817200000000000E+02    0.475495701373950E+01    0.939810968014893E+00
    0.879800000000000E+02    0.393047229382364E+01    0.939801299679732E+00
    0.880000000000000E+02    0.398806359169799E+01    0.939803811437295E+00
    0.942600000000000E+02    0.316332167454721E+01    0.939722123816625E+00
    0.942800000000000E+02    0.322091067533665E+01    0.939722256637296E+00
    0.100540000000000E+03    0.239631063721021E+01    0.939777753276234E+00
    0.100560000000000E+03    0.245390246381908E+01    0.939775238082038E+00
    0.106820000000000E+03    0.162960646508475E+01    0.939802383585483E+00
    0.106840000000000E+03    0.168719907370655E+01    0.939803820256804E+00
    0.113100000000000E+03    0.863280167631217E+00    0.939693223813835E+00
    0.113120000000000E+03    0.920868038231731E+00    0.939698736050797E+00
    0.119400000000000E+03    0.155006184794956E+00    0.939586720979002E+00
    0.119420000000000E+03    0.212590004086280E+00    0.939588500493221E+00
    0.125680000000000E+03    0.567252841856975E+01    0.939658372100700E+00
    0.125700000000000E+03    0.573011503660911E+01    0.939653383746641E+00
    0.131960000000000E+03    0.490684135517779E+01    0.939847716639278E+00
    0.131980000000000E+03    0.496443523753067E+01    0.939844275448665E+00
    0.138240000000000E+03    0.414091383291321E+01    0.939886648825420E+00
    0.138260000000000E+03    0.419850909600291E+01    0.939888585968162E+00
    0.144520000000000E+03    0.337474965965640E+01    0.939821691463630E+00
    0.144540000000000E+03    0.343234226033979E+01    0.939823078096881E+00
    0.150800000000000E+03    0.260840581937236E+01    0.939810836453640E+00
    0.150820000000000E+03    0.266599812610673E+01    0.939808400221797E+00
    0.157080000000000E+03    0.184167926878365E+01    0.939808731721795E+00
    0.157100000000000E+03    0.189927160975202E+01    0.939808137725239E+00
    0.163380000000000E+03    0.113234051125698E+01    0.939699267722863E+00
    0.163400000000000E+03    0.118992815782548E+01    0.939704203250393E+00
    0.169660000000000E+03    0.365646395391025E+00    0.939547913853890E+00
    0.169680000000000E+03    0.423228201106838E+00    0.939551394371678E+00
    0.175940000000000E+03    0.588248930547024E+01    0.939570234553320E+00
    0.175960000000000E+03    0.594007252969237E+01    0.939566603634911E+00
    0.182220000000000E+03    0.511632035623199E+01    0.939759592663895E+00
    0.182240000000000E+03    0.517391111410950E+01    0.939754709072540E+00
    0.188500000000000E+03    0.435025924159436E+01    0.939881834369460E+00
    0.188520000000000E+03    0.440785474232462E+01    0.939882504740604E+00
    0.194780000000000E+03    0.358445522663021E+01    0.939862021530403E+00
    0.194800000000000E+03    0.364204969469813E+01    0.939864968675672E+00
    0.201080000000000E+03    0.287659050265881E+01    0.939866269397473E+00
    0.201100000000000E+03    0.293418579368063E+01    0.939864841894540E+00
    0.207360000000000E+03    0.211143992820496E+01    0.939944576242564E+00
    0.207380000000000E+03    0.216903816971899E+01    0.939942769728569E+00
    0.213640000000000E+03    0.134666012584557E+01    0.939929126674623E+00
    0.213660000000000E+03    0.140425755256433E+01    0.939932734556814E+00
    0.219920000000000E+03    0.582414954431215E+00    0.939786028619757E+00
    0.219940000000000E+03    0.640006262610996E+00    0.939791564000404E+00
    0.226200000000000E+03    0.610186658681778E+01    0.939744620573397E+00
    0.226220000000000E+03    0.615945706494267E+01    0.939743050189382E+00
    0.232480000000000E+03    0.533840186928671E+01    0.939918714730761E+00
    0.232500000000000E+03    0.539599893309764E+01    0.939913272520236E+00
    0.238780000000000E+03    0.463267243438895E+01    0.940086043347087E+00
    0.238800000000000E+03    0.469027603310349E+01    0.940084684585076E+00
    0.245060000000000E+03    0.386956695475646E+01    0.940096730775101E+00
    0.245080000000000E+03    0.392717057817390E+01    0.940100535142372E+00
    0.251340000000000E+03    0.310683530722918E+01    0.940079075232022E+00
    0.251360000000000E+03    0.316443904387927E+01    0.940079177586449E+00
    0.257620000000000E+03    0.234442602067486E+01    0.940155299635485E+00
    0.257640000000000E+03    0.240203249409149E+01    0.940152766302491E+00
    0.263900000000000E+03    0.158237247286922E+01    0.940184447567410E+00
    0.263920000000000E+03    0.163998004588018E+01    0.940186193407112E+00
    0.270180000000000E+03    0.820791244490124E+00    0.940062549494456E+00
    0.270200000000000E+03    0.878393583557113E+00    0.940069291585816E+00
    0.276480000000000E+03    0.117383811296577E+00    0.939967814430022E+00
    0.276500000000000E+03    0.174982939338634E+00    0.939969277452485E+00
    0.282760000000000E+03    0.563990971743669E+01    0.940079627560416E+00
    0.282780000000000E+03    0.569751306185674E+01    0.940074554027817E+00
    0.289040000000000E+03    0.487940498067144E+01    0.940274738353744E+00
    0.289060000000000E+03    0.493701602975534E+01    0.940271367719519E+00
    0.295320000000000E+03    0.411906500332145E+01    0.940342902092747E+00
    0.295340000000000E+03    0.417667862477947E+01    0.940345818299022E+00
    0.301600000000000E+03    0.335907719251486E+01    0.940310879532670E+00
    0.301620000000000E+03    0.341668989813616E+01    0.940312744078194E+00
    0.307880000000000E+03    0.259938069116185E+01    0.940340791390210E+00
    0.307900000000000E+03    0.265699517459791E+01    0.940338464117010E+00
    0.314160000000000E+03    0.183999240922321E+01    0.940382657279707E+00
    0.314180000000000E+03    0.189760929011334E+01    0.940382520705699E+00
    0.320460000000000E+03    0.113864813690293E+01    0.940322136002763E+00
    0.320480000000000E+03    0.119626112200763E+01    0.940327035929945E+00
    0.326740000000000E+03    0.379715362493926E+00    0.940166825139354E+00
    0.326760000000000E+03    0.437321990529199E+00    0.940170298575626E+00
    0.333020000000000E+03    0.590429099411290E+01    0.940190613799850E+00
    0.333040000000000E+03    0.596189879004339E+01    0.940187143196980E+00
    0.339300000000000E+03    0.514583277920349E+01    0.940361772960570E+00
    0.339320000000000E+03    0.520344754562586E+01    0.940356927679196E+00
    0.345580000000000E+03    0.438751891963534E+01    0.940500558183978E+00
    0.345600000000000E+03    0.444513900613981E+01    0.940501031892008E+00
    0.351860000000000E+03    0.362948075859572E+01    0.940481440623265E+00
    0.351880000000000E+03    0.368710003344347E+01    0.940483893606188E+00
    0.358160000000000E+03    0.292914068680420E+01    0.940469948162171E+00
    0.358180000000000E+03    0.298675969580881E+01    0.940468817310262E+00
    0.364440000000000E+03    0.217150993971040E+01    0.940554053260589E+00
    0.364460000000000E+03    0.222913216506549E+01    0.940551966580170E+00
    0.370720000000000E+03    0.141422808635889E+01    0.940525892353936E+00
    0.370740000000000E+03    0.147184957194168E+01    0.940529023705162E+00
    0.377000000000000E+03    0.657391859183690E+00    0.940395216054336E+00
    0.377020000000000E+03    0.715007807026950E+00    0.940401148745392E+00
    0.383280000000000E+03    0.618401393819590E+01    0.940316010990833E+00
    0.383300000000000E+03    0.624162617085858E+01    0.940315142026662E+00
    0.389560000000000E+03    0.542709637624307E+01    0.940408938176295E+00
    0.389580000000000E+03    0.548471262755083E+01    0.940403446972235E+00
    0.395860000000000E+03    0.472732631950316E+01    0.940530936107328E+00
    0.395880000000000E+03    0.478494724455754E+01    0.940528602196002E+00
    0.402140000000000E+03    0.396950420856979E+01    0.940525404153983E+00
    0.402160000000000E+03    0.402712454612902E+01    0.940527970352520E+00
    0.408420000000000E+03    0.321134555526578E+01    0.940458297309525E+00
    0.408440000000000E+03    0.326896276098819E+01    0.940459097687360E+00
    0.414700000000000E+03    0.245284752648217E+01    0.940448293320208E+00
    0.414720000000000E+03    0.251046449904516E+01    0.940445940741664E+00
    0.420980000000000E+03    0.169392449880092E+01    0.940423409658960E+00
    0.421000000000000E+03    0.175154142302290E+01    0.940424283001970E+00
    0.427260000000000E+03    0.934868718087955E+00    0.940296374482731E+00
    0.427280000000000E+03    0.992479563846928E+00    0.940301633477335E+00
    0.433540000000000E+03    0.175882791691720E+00    0.940129846441082E+00
    0.433560000000000E+03    0.233487981991630E+00    0.940131705596274E+00
    0.439840000000000E+03    0.575737459823995E+01    0.940156994065029E+00
    0.439860000000000E+03    0.581498081605787E+01    0.940152448561173E+00
    0.446120000000000E+03    0.499792706433141E+01    0.940316841679255E+00
    0.446140000000000E+03    0.505553974477948E+01    0.940312573374402E+00
    0.452400000000000E+03    0.423802527115458E+01    0.940362588342812E+00
    0.452420000000000E+03    0.429563932250699E+01    0.940364041299682E+00
    0.458680000000000E+03    0.347777042235884E+01    0.940291807603727E+00
    0.458700000000000E+03    0.353538155370984E+01    0.940293874639213E+00
    0.464960000000000E+03    0.271721534420703E+01    0.940260403299283E+00
    0.464980000000000E+03    0.277482548979515E+01    0.940258333789339E+00
    0.471240000000000E+03    0.195630604572239E+01    0.940276095328028E+00
    0.471260000000000E+03    0.201391717769411E+01    0.940274670965308E+00
    0.477540000000000E+03    0.125272354670824E+01    0.940189021098432E+00
    0.477560000000000E+03    0.131033044188280E+01    0.940193300232143E+00
    0.483820000000000E+03    0.491383652880586E+00    0.939993284613106E+00
    0.483840000000000E+03    0.548982787491468E+00    0.939997587306851E+00
    0.490100000000000E+03    0.601303247133274E+01    0.939925804542193E+00
    0.490120000000000E+03    0.607062921591501E+01    0.939923280396523E+00
    0.496380000000000E+03    0.525104566437017E+01    0.940049484787053E+00
    0.496400000000000E+03    0.530864774642714E+01    0.940043699384328E+00
    0.502660000000000E+03    0.448850214317758E+01    0.940155077666375E+00
    0.502680000000000E+03    0.454610757109367E+01    0.940154705104184E+00
    0.508940000000000E+03    0.372552226714106E+01    0.940091075426440E+00
    0.508960000000000E+03    0.378312544379150E+01    0.940093697184719E+00
    0.515240000000000E+03    0.301981321808535E+01    0.940025678232220E+00
    0.515260000000000E+03    0.307741403508021E+01    0.940025023409650E+00
    0.521520000000000E+03    0.225614066552225E+01    0.940048966808085E+00
    0.521540000000000E+03    0.231374288225788E+01    0.940045711100314E+00
    0.527800000000000E+03    0.149212386061390E+01    0.940009673491960E+00
    0.527820000000000E+03    0.154972360561646E+01    0.940012080705092E+00
    0.534080000000000E+03    0.727928573951658E+00    0.939814937717750E+00
    0.534100000000000E+03    0.785520887647408E+00    0.939820208659933E+00
    0.540360000000000E+03    0.624675875390858E+01    0.939685161559894E+00
    0.540380000000000E+03    0.211604908590743E-01    0.939684959749576E+00
    0.546640000000000E+03    0.548204338168102E+01    0.939772537772761E+00
    0.546660000000000E+03    0.553963446034527E+01    0.939765909916626E+00
    0.552940000000000E+03    0.477435228618424E+01    0.939902222549988E+00
    0.552960000000000E+03    0.483194784272791E+01    0.939899431017218E+00
    0.559220000000000E+03    0.400859625653788E+01    0.939882186525789E+00
    0.559240000000000E+03    0.406619131793059E+01    0.939884627453972E+00
    0.565500000000000E+03    0.324248162222170E+01    0.939801516632731E+00
    0.565520000000000E+03    0.330007356497572E+01    0.939802223407700E+00
    0.571780000000000E+03    0.247605038133702E+01    0.939816126089533E+00
    0.571800000000000E+03    0.253364276087177E+01    0.939813548151459E+00
    0.578060000000000E+03    0.170933045009042E+01    0.939817270664622E+00
    0.578080000000000E+03    0.176692263432665E+01    0.939817505801568E+00
    0.584340000000000E+03    0.942320465984949E+00    0.939648652290450E+00
    0.584360000000000E+03    0.999906457163434E+00    0.939654035403664E+00
    0.590620000000000E+03    0.175161156659897E+00    0.939510390037455E+00
    0.590640000000000E+03    0.232740268226507E+00    0.939512694858340E+00
    0.596920000000000E+03    0.574858459622283E+01    0.939507478633157E+00
    0.596940000000000E+03    0.580616453224479E+01    0.939502950074094E+00
    0.603200000000000E+03    0.498076526702857E+01    0.939656592216769E+00
    0.603220000000000E+03    0.503835153771865E+01    0.939652666869472E+00
    0.609480000000000E+03    0.421261338718659E+01    0.939710536590204E+00
    0.609500000000000E+03    0.427020104566463E+01    0.939712116565426E+00
    0.615760000000000E+03    0.344431656986603E+01    0.939655505140052E+00
    0.615780000000000E+03    0.350190251907020E+01    0.939657189289971E+00
    0.622040000000000E+03    0.267594611762570E+01    0.939660492696878E+00
    0.622060000000000E+03    0.273353190956414E+01    0.939658318708799E+00
    0.628320000000000E+03    0.190739912517665E+01    0.939673948057568E+00
    0.628340000000000E+03    0.196498608956858E+01    0.939673266092332E+00
    0.634620000000000E+03    0.119661171531357E+01    0.939584374172012E+00
    0.634640000000000E+03    0.125419584802444E+01    0.939588922453212E+00
    0.640900000000000E+03    0.428483164198269E+00    0.939432841209045E+00
    0.640920000000000E+03    0.486060497726157E+00    0.939436598040945E+00
    0.647180000000000E+03    0.594378136409159E+01    0.939417563950925E+00
    0.647200000000000E+03    0.600135935306412E+01    0.939414585556881E+00
    0.653460000000000E+03    0.517604821355508E+01    0.939619932762525E+00
    0.653480000000000E+03    0.523363328980327E+01    0.939614976160482E+00
    0.659740000000000E+03    0.440822132108997E+01    0.939721076095985E+00
    0.659760000000000E+03    0.446581025114369E+01    0.939721416826230E+00
    0.666020000000000E+03    0.364018567863877E+01    0.939678390416882E+00
    0.666040000000000E+03    0.369777259730995E+01    0.939680913289088E+00
    0.672320000000000E+03    0.292946875025655E+01    0.939630931465682E+00
    0.672340000000000E+03    0.298705377925398E+01    0.939629709892442E+00
    0.678600000000000E+03    0.216083001086736E+01    0.939657389350860E+00
    0.678620000000000E+03    0.221841626262199E+01    0.939654436827385E+00
    0.684880000000000E+03    0.139189058500301E+01    0.939592377860505E+00
    0.684900000000000E+03    0.144947393066968E+01    0.939595605716106E+00
    0.691160000000000E+03    0.622805496728006E+00    0.939396735462151E+00
    0.691180000000000E+03    0.680381199609656E+00    0.939401693789796E+00
    0.697440000000000E+03    0.613675423284417E+01    0.939297690669681E+00
    0.697460000000000E+03    0.619432597193736E+01    0.939296310598484E+00
    0.703720000000000E+03    0.536712510222833E+01    0.939410604114032E+00
    0.703740000000000E+03    0.542470143300693E+01    0.939403928963862E+00
    0.710000000000000E+03    0.459693528606999E+01    0.939523526969764E+00
    0.710020000000000E+03    0.465451584685593E+01    0.939522097636068E+00
    0.716300000000000E+03    0.388392479150752E+01    0.939504602448624E+00
    0.716320000000000E+03    0.394150421946688E+01    0.939507168040557E+00
    0.722580000000000E+03    0.311307960770955E+01    0.939427637133760E+00
    0.722600000000000E+03    0.317065688017738E+01    0.939427472582598E+00
    0.728860000000000E+03    0.234236617066745E+01    0.939488237413429E+00
    0.728880000000000E+03    0.239994629133980E+01    0.939485767824961E+00
    0.735140000000000E+03    0.157073172919900E+01    0.939762721308754E+00
    0.735160000000000E+03    0.162830561996589E+01    0.939762331952761E+00
    0.741420000000000E+03    0.796684099344475E+00    0.939013332977722E+00
    0.741440000000000E+03    0.854245880263079E+00    0.939018691023841E+00
    0.747700000000000E+03    0.225168256060897E-01    0.938898903124965E+00
    0.747720000000000E+03    0.800726867055346E-01    0.938899211705788E+00
    0.754000000000000E+03    0.558878147897713E+01    0.938974460000558E+00
    0.754020000000000E+03    0.564634016668924E+01    0.938969060932625E+00
    0.760280000000000E+03    0.481379360313485E+01    0.939112701454839E+00
    0.760300000000000E+03    0.487135793248126E+01    0.939109679731535E+00
    0.766560000000000E+03    0.403832126293264E+01    0.939107205989685E+00
    0.766580000000000E+03    0.409588540152754E+01    0.939109566739041E+00
    0.772840000000000E+03    0.326250617632559E+01    0.939032235154494E+00
    0.772860000000000E+03    0.332006724510802E+01    0.939033234577889E+00
    0.779120000000000E+03    0.248637167807328E+01    0.939037029217654E+00
    0.779140000000000E+03    0.254393265254657E+01    0.939034278954491E+00
    0.785400000000000E+03    0.170987671726743E+01    0.939026085358945E+00
    0.785420000000000E+03    0.176743769427367E+01    0.939026577323481E+00
    0.791700000000000E+03    0.990712517731481E+00    0.938868358559867E+00
    0.791720000000000E+03    0.104826723069527E+01    0.938873710988212E+00
    0.797980000000000E+03    0.213847561974944E+00    0.938704591430388E+00
    0.798000000000000E+03    0.271395485844096E+00    0.938706913463479E+00
    0.804260000000000E+03    0.571991293434758E+01    0.938732926550721E+00
    0.804280000000000E+03    0.577746151155361E+01    0.938728303850295E+00
    0.810540000000000E+03    0.494224026521533E+01    0.938869968532919E+00
    0.810560000000000E+03    0.499979498111361E+01    0.938865964773469E+00
    0.816820000000000E+03    0.416406769388641E+01    0.938904922542219E+00
    0.816840000000000E+03    0.422162349741257E+01    0.938906673650823E+00
    0.823100000000000E+03    0.338558793898756E+01    0.938831627563216E+00
    0.823120000000000E+03    0.344314111872654E+01    0.938833095356974E+00
    0.829400000000000E+03    0.266451239045546E+01    0.938840626021107E+00
    0.829420000000000E+03    0.272206599298352E+01    0.938838254129860E+00
    0.835680000000000E+03    0.188603171601153E+01    0.938880292728895E+00
    0.835700000000000E+03    0.194358761696867E+01    0.938879619608257E+00
    0.841960000000000E+03    0.110794546424859E+01    0.938814934488199E+00
    0.841980000000000E+03    0.116549842162840E+01    0.938819857438294E+00
    0.848240000000000E+03    0.330418951003139E+00    0.938687165029531E+00
    0.848260000000000E+03    0.387966389646863E+00    0.938690494262545E+00
    0.854520000000000E+03    0.583653917905212E+01    0.938719960721611E+00
    0.854540000000000E+03    0.589408849445454E+01    0.938716023805584E+00
    0.860800000000000E+03    0.505965243585797E+01    0.938911276985739E+00
    0.860820000000000E+03    0.511720959383547E+01    0.938906532008585E+00
    0.867080000000000E+03    0.428289900826576E+01    0.939030725727414E+00
    0.867100000000000E+03    0.434046051008272E+01    0.939031768541187E+00
    0.873380000000000E+03    0.356400140569440E+01    0.939017456040747E+00
    0.873400000000000E+03    0.362156199510082E+01    0.939019935973692E+00
    0.879660000000000E+03    0.278791428682644E+01    0.939021911619290E+00
    0.879680000000000E+03    0.284547591677347E+01    0.939020054442711E+00
    0.885940000000000E+03    0.201214949061387E+01    0.939099679119216E+00
    0.885960000000000E+03    0.206971411273662E+01    0.939098298226864E+00
    0.892220000000000E+03    0.123678011939865E+01    0.939064729336415E+00
    0.892240000000000E+03    0.129434299073955E+01    0.939068998862786E+00
    0.898500000000000E+03    0.461972167577187E+00    0.938923441893398E+00
    0.898520000000000E+03    0.519528998778696E+00    0.938928037498615E+00
    0.904780000000000E+03    0.597083844950794E+01    0.938910581147978E+00
    0.904800000000000E+03    0.602839566025614E+01    0.938907808571609E+00
    0.911080000000000E+03    0.525432185349837E+01    0.939099594935477E+00
    0.911100000000000E+03    0.531188627255278E+01    0.939094318716140E+00
    0.917360000000000E+03    0.448037116649039E+01    0.939251428169129E+00
    0.917380000000000E+03    0.453794141088838E+01    0.939251249382570E+00
    0.923640000000000E+03    0.370667727862701E+01    0.939241032501970E+00
    0.923660000000000E+03    0.376424675190083E+01    0.939244352341706E+00
    0.929920000000000E+03    0.293334651498253E+01    0.939234094067718E+00
    0.929940000000000E+03    0.299091664510433E+01    0.939233075148478E+00
    0.936200000000000E+03    0.216034123495592E+01    0.939319813639684E+00
    0.936220000000000E+03    0.221791438821265E+01    0.939317753317916E+00
    0.942480000000000E+03    0.138765360791740E+01    0.939291184965610E+00
    0.942500000000000E+03    0.144522617138409E+01    0.939294259966594E+00
    0.948780000000000E+03    0.673011438936101E+00    0.939161181797290E+00
    0.948800000000000E+03    0.730580419684429E+00    0.939165522561953E+00
    0.955060000000000E+03    0.618485803258045E+01    0.939157587874961E+00
    0.955080000000000E+03    0.624242431569382E+01    0.939156508192883E+00
    0.961340000000000E+03    0.541372350866413E+01    0.939281181877553E+00
    0.961360000000000E+03    0.547129527514790E+01    0.939275765063362E+00
    0.967620000000000E+03    0.464264223377450E+01    0.939472907064132E+00
    0.967640000000000E+03    0.470022115142410E+01    0.939471490002334E+00
    0.973900000000000E+03    0.387179466600855E+01    0.939486769449575E+00
    0.973920000000000E+03    0.392937416965879E+01    0.939489975999488E+00
    0.980180000000000E+03    0.310127005054437E+01    0.939468448772798E+00
    0.980200000000000E+03    0.315884902930429E+01    0.939468535293252E+00
    0.986480000000000E+03    0.238866799667858E+01    0.939538333007278E+00
    0.986500000000000E+03    0.244624967308391E+01    0.939535747524069E+00
    0.992760000000000E+03    0.161881187847757E+01    0.939569613530698E+00
    0.992780000000000E+03    0.167639482859704E+01    0.939571221769313E+00
    0.999040000000000E+03    0.849450655142846E+00    0.939446821231199E+00
    0.999060000000000E+03    0.907028771068781E+00    0.939452375700695E+00
    0.100532000000000E+04    0.806242309608933E-01    0.939351633454664E+00
    0.100534000000000E+04    0.138198470468069E+00    0.939352717318585E+00
    0.101160000000000E+04    0.559535177968837E+01    0.939469101436938E+00
    0.101162000000000E+04    0.565293058861471E+01    0.939463904751304E+00
    0.101788000000000E+04    0.482703528604588E+01    0.939664249923302E+00
    0.101790000000000E+04    0.488462191791905E+01    0.939661158208649E+00
    0.102416000000000E+04    0.405892156702339E+01    0.939713354774857E+00
    0.102418000000000E+04    0.411651022835213E+01    0.939715611146774E+00
