    0.000000000000000E+00    0.190000000000000E+01    0.960000000000000E+00
    0.200000000000000E-01    0.195839998994336E+01    0.959999351893545E+00
    0.630000000000000E+01    0.144537637966605E+01    0.959980762869636E+00
    0.632000000000000E+01    0.150377591711787E+01    0.959983658920281E+00
    0.125800000000000E+02    0.932714500107458E+00    0.959896457157962E+00
    0.126000000000000E+02    0.991110777515907E+00    0.959901806313765E+00
    0.188600000000000E+02    0.420495047259465E+00    0.959829298555049E+00
    0.188800000000000E+02    0.478888021722803E+00    0.959833348378047E+00
    0.251400000000000E+02    0.619186889278903E+01    0.959821839805690E+00
    0.251600000000000E+02    0.625026229375833E+01    0.959821329940212E+00
    0.314200000000000E+02    0.568035705076102E+01    0.959922311226964E+00
    0.314400000000000E+02    0.573875397317590E+01    0.959917480131895E+00
    0.377000000000000E+02    0.516909672054938E+01    0.960041286397640E+00
    0.377200000000000E+02    0.522749873064656E+01    0.960036294674255E+00
    0.440000000000000E+02    0.471644652381411E+01    0.960127409723178E+00
    0.440200000000000E+02    0.477485345556755E+01    0.960124727012750E+00
    0.502800000000000E+02    0.420575382312157E+01    0.960210699174307E+00
    0.503000000000000E+02    0.426416242699128E+01    0.960212373757974E+00
    0.565600000000000E+02    0.369537006748277E+01    0.960195602156372E+00
    0.565800000000000E+02    0.375377817586272E+01    0.960198203522856E+00
    0.628400000000000E+02    0.318531358668471E+01    0.960200120565086E+00
    0.628600000000000E+02    0.324372164295386E+01    0.960200521422010E+00
    0.691200000000000E+02    0.267543858945311E+01    0.960219900124481E+00
    0.691400000000000E+02    0.273384818409309E+01    0.960217686752650E+00
    0.754000000000000E+02    0.216571711560317E+01    0.960264259568507E+00
    0.754200000000000E+02    0.222412825769334E+01    0.960262103193274E+00
    0.817000000000000E+02    0.171467787954870E+01    0.960289248178075E+00
    0.817200000000000E+02    0.177308985211155E+01    0.960290082726231E+00
    0.879800000000000E+02    0.120558056429229E+01    0.960252730202388E+00
    0.880000000000000E+02    0.126399086202059E+01    0.960257282984386E+00
    0.942600000000000E+02    0.696888237245162E+00    0.960159623162075E+00
    0.942800000000000E+02    0.755294883768158E+00    0.960164880943653E+00
    0.100540000000000E+03    0.188555546812267E+00    0.960101994713217E+00
    0.100560000000000E+03    0.246960276466837E+00    0.960104643271568E+00
    0.106820000000000E+03    0.596371668642337E+01    0.960140799542806E+00
    0.106840000000000E+03    0.602212277115439E+01    0.960138010732603E+00
    0.113100000000000E+03    0.545577142332877E+01    0.960239635151930E+00
    0.113120000000000E+03    0.551418081363931E+01    0.960234189253483E+00
    0.119400000000000E+03    0.500588604232570E+01    0.960316629114343E+00
    0.119420000000000E+03    0.506429868162553E+01    0.960312603179151E+00
    0.125680000000000E+03    0.449727159924066E+01    0.960368631740281E+00
    0.125700000000000E+03    0.455568539709014E+01    0.960368396323761E+00
    0.131960000000000E+03    0.398844597787365E+01    0.960318817416485E+00
    0.131980000000000E+03    0.404685942601208E+01    0.960321355177086E+00
    0.138240000000000E+03    0.347944692134928E+01    0.960272231794970E+00
    0.138260000000000E+03    0.353785776879420E+01    0.960274072523068E+00
    0.144520000000000E+03    0.297035301214339E+01    0.960266056685601E+00
    0.144540000000000E+03    0.302876424677544E+01    0.960265298101302E+00
    0.150800000000000E+03    0.246150422715857E+01    0.960334641245960E+00
    0.150820000000000E+03    0.251991762000796E+01    0.960332009028736E+00
    0.157080000000000E+03    0.195170432518233E+01    0.960630596214488E+00
    0.157100000000000E+03    0.201011408063727E+01    0.960626054894592E+00
    0.163380000000000E+03    0.149756123108358E+01    0.959974401243657E+00
    0.163400000000000E+03    0.155596016524760E+01    0.959976894202014E+00
    0.169660000000000E+03    0.984251063739464E+00    0.959867116106755E+00
    0.169680000000000E+03    0.104264710050046E+01    0.959876676480342E+00
    0.175940000000000E+03    0.471553145050507E+00    0.959800068549177E+00
    0.175960000000000E+03    0.529945205980539E+00    0.959804192644403E+00
    0.182220000000000E+03    0.624240568848325E+01    0.959774601685476E+00
    0.182240000000000E+03    0.176116973891567E-01    0.959774618505151E+00
    0.188500000000000E+03    0.573028730864530E+01    0.959849657135181E+00
    0.188520000000000E+03    0.578868173741296E+01    0.959845161074195E+00
    0.194780000000000E+03    0.521848426118106E+01    0.959999191150020E+00
    0.194800000000000E+03    0.527688458441003E+01    0.959994035864860E+00
    0.201080000000000E+03    0.476525935490235E+01    0.960071077445963E+00
    0.201100000000000E+03    0.482366373826073E+01    0.960068065283256E+00
    0.207360000000000E+03    0.425385102797838E+01    0.960154939083499E+00
    0.207380000000000E+03    0.431225739786271E+01    0.960156370190570E+00
    0.213640000000000E+03    0.374278725226793E+01    0.960151666095632E+00
    0.213660000000000E+03    0.380119310449254E+01    0.960154811624393E+00
    0.219920000000000E+03    0.323207227553200E+01    0.960137503099218E+00
    0.219940000000000E+03    0.329047819585696E+01    0.960138417378852E+00
    0.226200000000000E+03    0.272168537064022E+01    0.960183691851284E+00
    0.226220000000000E+03    0.278009308504386E+01    0.960181637161869E+00
    0.232480000000000E+03    0.221161397007359E+01    0.960248697809857E+00
    0.232500000000000E+03    0.227002411906324E+01    0.960246408346540E+00
    0.238780000000000E+03    0.176027918332704E+01    0.960278594685216E+00
    0.238800000000000E+03    0.181869050447392E+01    0.960279016353657E+00
    0.245060000000000E+03    0.125089781911061E+01    0.960239154296831E+00
    0.245080000000000E+03    0.130930775507636E+01    0.960243464188168E+00
    0.251340000000000E+03    0.741914817544171E+00    0.960153695911865E+00
    0.251360000000000E+03    0.800321128619430E+00    0.960159069029643E+00
    0.257620000000000E+03    0.233339100426065E+00    0.960095747035271E+00
    0.257640000000000E+03    0.291743002035219E+00    0.960098327271737E+00
    0.263900000000000E+03    0.600829991686578E+01    0.960127159575703E+00
    0.263920000000000E+03    0.606670513136260E+01    0.960124586400759E+00
    0.270180000000000E+03    0.550035513911598E+01    0.960233520799534E+00
    0.270200000000000E+03    0.555876483313455E+01    0.960228081411110E+00
    0.276480000000000E+03    0.505105072493029E+01    0.960360924294024E+00
    0.276500000000000E+03    0.510946562464665E+01    0.960356359150632E+00
    0.282760000000000E+03    0.454356909198941E+01    0.960457086348057E+00
    0.282780000000000E+03    0.460198768457951E+01    0.960456324990992E+00
    0.289040000000000E+03    0.403636480141608E+01    0.960482136408508E+00
    0.289060000000000E+03    0.409478411546684E+01    0.960484601766659E+00
    0.295320000000000E+03    0.352948361559584E+01    0.960462042097904E+00
    0.295340000000000E+03    0.358790218214540E+01    0.960464779777105E+00
    0.301600000000000E+03    0.302293110004496E+01    0.960473996464734E+00
    0.301620000000000E+03    0.308135044308415E+01    0.960473523222993E+00
    0.307880000000000E+03    0.251668833478652E+01    0.960530670896863E+00
    0.307900000000000E+03    0.257510981602081E+01    0.960528095510255E+00
    0.314160000000000E+03    0.201075617913557E+01    0.960586093013795E+00
    0.314180000000000E+03    0.206917981185563E+01    0.960584632691791E+00
    0.320460000000000E+03    0.156357960642401E+01    0.960590571960526E+00
    0.320480000000000E+03    0.162200349530769E+01    0.960592536821840E+00
    0.326740000000000E+03    0.105835537168230E+01    0.960527175170266E+00
    0.326760000000000E+03    0.111677686214750E+01    0.960532409404287E+00
    0.333020000000000E+03    0.553535880137133E+00    0.960445149582343E+00
    0.333040000000000E+03    0.611953759527637E+00    0.960450139541757E+00
    0.339300000000000E+03    0.491061910876169E-01    0.960414833352428E+00
    0.339320000000000E+03    0.107522859964206E+00    0.960415487094632E+00
    0.345580000000000E+03    0.582818566951119E+01    0.960476735123603E+00
    0.345600000000000E+03    0.588660497324429E+01    0.960472757927989E+00
    0.351860000000000E+03    0.532433246898472E+01    0.960598215754419E+00
    0.351880000000000E+03    0.538275684078963E+01    0.960592693753156E+00
    0.358160000000000E+03    0.487913246866901E+01    0.960721127694280E+00
    0.358180000000000E+03    0.493756170653978E+01    0.960717667238648E+00
    0.364440000000000E+03    0.437575304235475E+01    0.960792647830840E+00
    0.364460000000000E+03    0.443418496366689E+01    0.960793270302584E+00
    0.370720000000000E+03    0.387266719301624E+01    0.960797160360343E+00
    0.370740000000000E+03    0.393109899331648E+01    0.960800539263605E+00
    0.377000000000000E+03    0.336991162371010E+01    0.960780345261592E+00
    0.377020000000000E+03    0.342834308138822E+01    0.960782213491132E+00
    0.383280000000000E+03    0.286747643872036E+01    0.960809190873820E+00
    0.383300000000000E+03    0.292590912819423E+01    0.960807794404757E+00
    0.389560000000000E+03    0.236535096934222E+01    0.960870807502862E+00
    0.389580000000000E+03    0.242378601109908E+01    0.960868209334173E+00
    0.395860000000000E+03    0.192197369455675E+01    0.960914054129074E+00
    0.395880000000000E+03    0.198041044329489E+01    0.960913286235047E+00
    0.402140000000000E+03    0.142050431597818E+01    0.960898320095443E+00
    0.402160000000000E+03    0.147894061740340E+01    0.960901363748239E+00
    0.408420000000000E+03    0.919415741789180E+00    0.960823850965825E+00
    0.408440000000000E+03    0.977849029254685E+00    0.960829398910754E+00
    0.414700000000000E+03    0.418735212093225E+00    0.960749874671305E+00
    0.414720000000000E+03    0.477165257213301E+00    0.960754087268549E+00
    0.420980000000000E+03    0.620161400064285E+01    0.960743440138300E+00
    0.421000000000000E+03    0.626004385057104E+01    0.960742736246538E+00
    0.427260000000000E+03    0.570161174284567E+01    0.960822573137309E+00
    0.427280000000000E+03    0.576004500611270E+01    0.960817857471571E+00
    0.433540000000000E+03    0.520184894574186E+01    0.960952959944642E+00
    0.433560000000000E+03    0.526028750150203E+01    0.960947687299455E+00
    0.439840000000000E+03    0.476075609086001E+01    0.961066896245626E+00
    0.439860000000000E+03    0.481919907679594E+01    0.961064354338190E+00
    0.446120000000000E+03    0.426148013290231E+01    0.961120659106213E+00
    0.446140000000000E+03    0.431992511469412E+01    0.961122097455202E+00
    0.452400000000000E+03    0.376250848900099E+01    0.961113493313071E+00
    0.452420000000000E+03    0.382095298800937E+01    0.961117018121795E+00
    0.458680000000000E+03    0.326386893682002E+01    0.961105571058773E+00
    0.458700000000000E+03    0.332231344419938E+01    0.961106751129614E+00
    0.464960000000000E+03    0.276554588908039E+01    0.961143856583490E+00
    0.464980000000000E+03    0.282399189387684E+01    0.961141963829766E+00
    0.471240000000000E+03    0.226753164995421E+01    0.961205311250063E+00
    0.471260000000000E+03    0.232598004831084E+01    0.961202852886030E+00
    0.477540000000000E+03    0.182828090590283E+01    0.961238518566452E+00
    0.477560000000000E+03    0.188673067637092E+01    0.961238357848403E+00
    0.483820000000000E+03    0.133093011070719E+01    0.961209712447664E+00
    0.483840000000000E+03    0.138937896016841E+01    0.961213341333627E+00
    0.490100000000000E+03    0.833965312882810E+00    0.961132641493059E+00
    0.490120000000000E+03    0.892410844788856E+00    0.961138189144204E+00
    0.496380000000000E+03    0.337406563998684E+00    0.961065922059779E+00
    0.496400000000000E+03    0.395849225631082E+00    0.961069461038673E+00
    0.502660000000000E+03    0.612439777515192E+01    0.961072014971725E+00
    0.502680000000000E+03    0.618284085169739E+01    0.961070564388614E+00
    0.508940000000000E+03    0.562849298345168E+01    0.961161253717894E+00
    0.508960000000000E+03    0.568693987923166E+01    0.961156225805432E+00
    0.515240000000000E+03    0.519127709193231E+01    0.961291220743958E+00
    0.515260000000000E+03    0.524972910333963E+01    0.961286092395899E+00
    0.521520000000000E+03    0.469584311469407E+01    0.961402867295931E+00
    0.521540000000000E+03    0.475429946842405E+01    0.961400868431046E+00
    0.527800000000000E+03    0.420067003302506E+01    0.961446944114740E+00
    0.527820000000000E+03    0.425912802841026E+01    0.961448717568488E+00
    0.534080000000000E+03    0.370580887223582E+01    0.961435928002980E+00
    0.534100000000000E+03    0.376426634447216E+01    0.961439374596722E+00
    0.540360000000000E+03    0.321127604375761E+01    0.961433395628417E+00
    0.540380000000000E+03    0.326973362486274E+01    0.961434203935727E+00
    0.546640000000000E+03    0.271706181328204E+01    0.961475213289887E+00
    0.546660000000000E+03    0.277552102447203E+01    0.961473122283273E+00
    0.552940000000000E+03    0.228161475568982E+01    0.961532630631529E+00
    0.552960000000000E+03    0.234007624455353E+01    0.961530202160009E+00
    0.559220000000000E+03    0.178802428017843E+01    0.961561361425211E+00
    0.559240000000000E+03    0.184648705550148E+01    0.961561432508467E+00
    0.565500000000000E+03    0.129477921436774E+01    0.961529373430004E+00
    0.565520000000000E+03    0.135324088879383E+01    0.961533198961610E+00
    0.571780000000000E+03    0.801924690299984E+00    0.961453493190712E+00
    0.571800000000000E+03    0.860382982675901E+00    0.961458973868288E+00
    0.578060000000000E+03    0.309474229991793E+00    0.961389113700287E+00
    0.578080000000000E+03    0.367929806986922E+00    0.961392417527928E+00
    0.584340000000000E+03    0.610056958502446E+01    0.961396861808665E+00
    0.584360000000000E+03    0.615902576432450E+01    0.961395220324166E+00
    0.590620000000000E+03    0.560876383327150E+01    0.961491931357246E+00
    0.590640000000000E+03    0.566722394225030E+01    0.961486847725716E+00
    0.596920000000000E+03    0.517566048051845E+01    0.961622848540950E+00
    0.596940000000000E+03    0.523412566820548E+01    0.961617788220863E+00
    0.603200000000000E+03    0.468432729779511E+01    0.961731840307508E+00
    0.603220000000000E+03    0.474279676130186E+01    0.961729946609222E+00
    0.609480000000000E+03    0.419325608468512E+01    0.961773645486931E+00
    0.609500000000000E+03    0.425172715830172E+01    0.961775450845517E+00
    0.615760000000000E+03    0.370249948420133E+01    0.961763935385258E+00
    0.615780000000000E+03    0.376097009813361E+01    0.961767245191929E+00
    0.622040000000000E+03    0.321206878982503E+01    0.961761756915718E+00
    0.622060000000000E+03    0.327053944215436E+01    0.961762542384306E+00
    0.628320000000000E+03    0.272195837920367E+01    0.961802231695013E+00
    0.628340000000000E+03    0.278043064701910E+01    0.961800156775402E+00
    0.634620000000000E+03    0.229062597677103E+01    0.961857234321141E+00
    0.634640000000000E+03    0.234910049206542E+01    0.961854768266980E+00
    0.640900000000000E+03    0.180113481134435E+01    0.961885273446100E+00
    0.640920000000000E+03    0.185961065282845E+01    0.961885195178972E+00
    0.647180000000000E+03    0.131198594252714E+01    0.961858904096869E+00
    0.647200000000000E+03    0.137046077282457E+01    0.961862605933251E+00
    0.653460000000000E+03    0.823227001686064E+00    0.961786022582572E+00
    0.653480000000000E+03    0.881698566709929E+00    0.961791490903443E+00
    0.659740000000000E+03    0.334872625833896E+00    0.961717164504486E+00
    0.659760000000000E+03    0.393341332627642E+00    0.961720773541238E+00
    0.666020000000000E+03    0.613006353060609E+01    0.961719041132456E+00
    0.666040000000000E+03    0.618853266423980E+01    0.961717745510157E+00
    0.672320000000000E+03    0.570083126217446E+01    0.961807943669714E+00
    0.672340000000000E+03    0.575930393278963E+01    0.961803118178247E+00
    0.678600000000000E+03    0.521337170730590E+01    0.961942422345498E+00
    0.678620000000000E+03    0.527184960486079E+01    0.961937229695693E+00
    0.684880000000000E+03    0.472614185363773E+01    0.962054327715284E+00
    0.684900000000000E+03    0.478462418767322E+01    0.962052081333730E+00
    0.691160000000000E+03    0.423917325606135E+01    0.962100364090607E+00
    0.691180000000000E+03    0.429765749469198E+01    0.962101929459182E+00
    0.697440000000000E+03    0.375251151277280E+01    0.962095350384859E+00
    0.697460000000000E+03    0.381099536930310E+01    0.962098438377502E+00
    0.703720000000000E+03    0.326617861246996E+01    0.962090295004129E+00
    0.703740000000000E+03    0.332466234440471E+01    0.962091408090740E+00
    0.710000000000000E+03    0.278016592383301E+01    0.962124919545646E+00
    0.710020000000000E+03    0.283865109807857E+01    0.962123083677531E+00
    0.716300000000000E+03    0.235294468179200E+01    0.962176342884498E+00
    0.716320000000000E+03    0.241143205751086E+01    0.962173762226347E+00
    0.722580000000000E+03    0.186754480485934E+01    0.962211409038765E+00
    0.722600000000000E+03    0.192603375359158E+01    0.962210864462637E+00
    0.728860000000000E+03    0.138248301635895E+01    0.962197291132374E+00
    0.728880000000000E+03    0.144097132368324E+01    0.962200512449760E+00
    0.735140000000000E+03    0.897805839288594E+00    0.962129971654757E+00
    0.735160000000000E+03    0.956291169898122E+00    0.962135453519930E+00
    0.741420000000000E+03    0.413533012142580E+00    0.962052940873466E+00
    0.741440000000000E+03    0.472015162600655E+00    0.962057356451912E+00
    0.747700000000000E+03    0.621281328216537E+01    0.962041998233465E+00
    0.747720000000000E+03    0.627129531368882E+01    0.962041619939396E+00
    0.754000000000000E+03    0.578769354375618E+01    0.962119306497098E+00
    0.754020000000000E+03    0.584617858437696E+01    0.962114955577451E+00
    0.760280000000000E+03    0.530434194029658E+01    0.962249160577941E+00
    0.760300000000000E+03    0.536283205697737E+01    0.962243733221859E+00
    0.766560000000000E+03    0.482122004330768E+01    0.962367869864838E+00
    0.766580000000000E+03    0.487971491029157E+01    0.962364823823844E+00
    0.772840000000000E+03    0.433835422252787E+01    0.962425626390207E+00
    0.772860000000000E+03    0.439685158484008E+01    0.962426447613969E+00
    0.779120000000000E+03    0.385578246938485E+01    0.962429043815490E+00
    0.779140000000000E+03    0.391427970306722E+01    0.962431725363815E+00
    0.785400000000000E+03    0.337354033062275E+01    0.962420466056825E+00
    0.785420000000000E+03    0.343203720781548E+01    0.962422222903143E+00
    0.791700000000000E+03    0.295011788453803E+01    0.962442464340339E+00
    0.791720000000000E+03    0.300861577862406E+01    0.962441361906598E+00
    0.797980000000000E+03    0.246850396208174E+01    0.962490822058182E+00
    0.798000000000000E+03    0.252700402264782E+01    0.962488196027567E+00
    0.804260000000000E+03    0.198719226304411E+01    0.962538088080960E+00
    0.804280000000000E+03    0.204569424596684E+01    0.962536829812239E+00
    0.810540000000000E+03    0.150621047120785E+01    0.962541478881983E+00
    0.810560000000000E+03    0.156471247975969E+01    0.962543769603195E+00
    0.816820000000000E+03    0.102560231944562E+01    0.962484933446646E+00
    0.816840000000000E+03    0.108410189794313E+01    0.962490233276457E+00
    0.823100000000000E+03    0.545394564581784E+00    0.962402919833552E+00
    0.823120000000000E+03    0.603890712938664E+00    0.962408388528083E+00
    0.829400000000000E+03    0.124062450955535E+00    0.962371318886699E+00
    0.829420000000000E+03    0.182557560870919E+00    0.962372749490217E+00
    0.835680000000000E+03    0.592774182527364E+01    0.962424031537316E+00
    0.835700000000000E+03    0.598623899149470E+01    0.962420674398095E+00
    0.841960000000000E+03    0.544850001618215E+01    0.962542536745414E+00
    0.841980000000000E+03    0.550700184766038E+01    0.962537023997898E+00
    0.848240000000000E+03    0.496949306027773E+01    0.962667238475779E+00
    0.848260000000000E+03    0.502799993419831E+01    0.962663084922623E+00
    0.854520000000000E+03    0.449072936842413E+01    0.962744772736902E+00
    0.854540000000000E+03    0.454923956964240E+01    0.962744253367627E+00
    0.860800000000000E+03    0.401224661832202E+01    0.962764650419868E+00
    0.860820000000000E+03    0.407075739740503E+01    0.962767147584732E+00
    0.867080000000000E+03    0.353408648109962E+01    0.962755105206847E+00
    0.867100000000000E+03    0.359259668100367E+01    0.962757690012267E+00
    0.873380000000000E+03    0.311476266430464E+01    0.962761455582882E+00
    0.873400000000000E+03    0.317327333966568E+01    0.962761391058432E+00
    0.879660000000000E+03    0.263723647749475E+01    0.962802797325694E+00
    0.879680000000000E+03    0.269574904907677E+01    0.962800431113715E+00
    0.885940000000000E+03    0.216001147875431E+01    0.962860572951956E+00
    0.885960000000000E+03    0.221852626924829E+01    0.962858506845053E+00
    0.892220000000000E+03    0.168310655680489E+01    0.962885343746229E+00
    0.892240000000000E+03    0.174162225369628E+01    0.962886219556285E+00
    0.898500000000000E+03    0.120655740497386E+01    0.962848706499489E+00
    0.898520000000000E+03    0.126507160496112E+01    0.962853224025141E+00
    0.904780000000000E+03    0.730400343247766E+00    0.962770643679958E+00
    0.904800000000000E+03    0.788911220157843E+00    0.962776552568281E+00
    0.911080000000000E+03    0.313141581710170E+00    0.962714275006040E+00
    0.911100000000000E+03    0.371650299246539E+00    0.962717632689830E+00
    0.917360000000000E+03    0.612090613362443E+01    0.962729741072285E+00
    0.917380000000000E+03    0.617941547716919E+01    0.962728130214844E+00
    0.923640000000000E+03    0.564577286939721E+01    0.962824304071415E+00
    0.923660000000000E+03    0.570428599820889E+01    0.962819261926053E+00
    0.929920000000000E+03    0.517088544239596E+01    0.962948352481455E+00
    0.929940000000000E+03    0.522940365732529E+01    0.962943174344681E+00
    0.936200000000000E+03    0.469623046507741E+01    0.963051112694711E+00
    0.936220000000000E+03    0.475475293715817E+01    0.963048840013570E+00
    0.942480000000000E+03    0.422183909267051E+01    0.963098506965410E+00
    0.942500000000000E+03    0.428036328294729E+01    0.963100009169334E+00
    0.948780000000000E+03    0.380627819121946E+01    0.963099744713132E+00
    0.948800000000000E+03    0.386480213167579E+01    0.963102969960866E+00
    0.955060000000000E+03    0.333252005071881E+01    0.963087417883357E+00
    0.955080000000000E+03    0.339104373254395E+01    0.963088882820336E+00
    0.961340000000000E+03    0.285907792947182E+01    0.963115443650482E+00
    0.961360000000000E+03    0.291760294285268E+01    0.963113952727189E+00
    0.967620000000000E+03    0.238593953121381E+01    0.963174654685617E+00
    0.967640000000000E+03    0.244446679841303E+01    0.963172059951668E+00
    0.973900000000000E+03    0.191311154594587E+01    0.963220194252308E+00
    0.973920000000000E+03    0.197164057752889E+01    0.963219366573459E+00
    0.980180000000000E+03    0.144061799851806E+01    0.963212922137632E+00
    0.980200000000000E+03    0.149914680235997E+01    0.963215717689946E+00
    0.986480000000000E+03    0.102702360380954E+01    0.963153550717496E+00
    0.986500000000000E+03    0.108555007979794E+01    0.963158924888883E+00
    0.992760000000000E+03    0.555291800991199E+00    0.963078658835949E+00
    0.992780000000000E+03    0.613815018044988E+00    0.963083683386292E+00
    0.999040000000000E+03    0.839359973774663E-01    0.963049626268732E+00
    0.999060000000000E+03    0.142458074704336E+00    0.963050578816881E+00
    0.100532000000000E+04    0.589608772209476E+01    0.963102346721125E+00
    0.100534000000000E+04    0.595461203821242E+01    0.963098799585641E+00
    0.101160000000000E+04    0.542531790513749E+01    0.963212990150539E+00
    0.101162000000000E+04    0.548384681100788E+01    0.963207459559623E+00
    0.101788000000000E+04    0.495478174974915E+01    0.963337292914520E+00
    0.101790000000000E+04    0.501331561269626E+01    0.963333185136731E+00
    0.102416000000000E+04    0.448449036267994E+01    0.963420130177476E+00
    0.102418000000000E+04    0.454302742102482E+01    0.963419695876644E+00
    0.103046000000000E+04    0.407301859457630E+01    0.963444506339963E+00
    0.103048000000000E+04    0.413155641575895E+01    0.963446826515830E+00
    0.103674000000000E+04    0.360332838812974E+01    0.963429355913715E+00
    0.103676000000000E+04    0.366186563691736E+01    0.963432431095681E+00
    0.104302000000000E+04    0.313396212466387E+01    0.963435175207536E+00
    0.104304000000000E+04    0.319249980326094E+01    0.963435391125263E+00
    0.104930000000000E+04    0.266490847151135E+01    0.963481048966975E+00
    0.104932000000000E+04    0.272344793779575E+01    0.963478764526993E+00
    0.105558000000000E+04    0.219615913154030E+01    0.963538323312973E+00
    0.105560000000000E+04    0.225470086621681E+01    0.963536066088255E+00
    0.106186000000000E+04    0.172772534592423E+01    0.963562915846728E+00
    0.106188000000000E+04    0.178626817480290E+01    0.963563289462671E+00
    0.106816000000000E+04    0.131817721547304E+01    0.963534821789638E+00
    0.106818000000000E+04    0.137671907317372E+01    0.963538563757609E+00
