    0.000000000000000E+00    0.190000000000000E+01    0.102000000000000E+01
    0.200000000000000E-01    0.196079999107012E+01    0.101999934427512E+01
    0.630000000000000E+01    0.220155215696732E+01    0.102001468674676E+01
    0.632000000000000E+01    0.226235280398703E+01    0.102001242101497E+01
    0.125800000000000E+02    0.244261187420476E+01    0.102001711973790E+01
    0.126000000000000E+02    0.250341285071548E+01    0.102001447111738E+01
    0.188600000000000E+02    0.268396235789143E+01    0.102002584141964E+01
    0.188800000000000E+02    0.274476362329307E+01    0.102002359766241E+01
    0.251400000000000E+02    0.292560656178622E+01    0.102003764100631E+01
    0.251600000000000E+02    0.298640824522850E+01    0.102003648325659E+01
    0.314200000000000E+02    0.316754439533429E+01    0.102005693454787E+01
    0.314400000000000E+02    0.322834678451616E+01    0.102005730183617E+01
    0.377000000000000E+02    0.340977736029147E+01    0.102008718123732E+01
    0.377200000000000E+02    0.347058086245565E+01    0.102008912950418E+01
    0.440000000000000E+02    0.371311308757171E+01    0.102013022610174E+01
    0.440200000000000E+02    0.377391822445304E+01    0.102013338479612E+01
    0.502800000000000E+02    0.395594524236961E+01    0.102017412404800E+01
    0.503000000000000E+02    0.401675216368085E+01    0.102017712543920E+01
    0.565600000000000E+02    0.419907722959044E+01    0.102021040975978E+01
    0.565800000000000E+02    0.425988581175559E+01    0.102021220402810E+01
    0.628400000000000E+02    0.444250575957275E+01    0.102023506779563E+01
    0.628600000000000E+02    0.450331538933486E+01    0.102023514928820E+01
    0.691200000000000E+02    0.468622470433377E+01    0.102024336769084E+01
    0.691400000000000E+02    0.474703462166838E+01    0.102024130769476E+01
    0.754000000000000E+02    0.493022795459714E+01    0.102023473716034E+01
    0.754200000000000E+02    0.499103748018223E+01    0.102023075811785E+01
    0.817000000000000E+02    0.523531935920141E+01    0.102020793097327E+01
    0.817200000000000E+02    0.529612780272663E+01    0.102020260581895E+01
    0.879800000000000E+02    0.547987783580351E+01    0.102018003967084E+01
    0.880000000000000E+02    0.554068518626303E+01    0.102017452890816E+01
    0.942600000000000E+02    0.572471310460566E+01    0.102015557017049E+01
    0.942800000000000E+02    0.578551950115440E+01    0.102015089278076E+01
    0.100540000000000E+03    0.596982807556344E+01    0.102014284531755E+01
    0.100560000000000E+03    0.603063396231266E+01    0.102013991323391E+01
    0.106820000000000E+03    0.621522813402953E+01    0.102014867565973E+01
    0.106840000000000E+03    0.627603421191014E+01    0.102014813660325E+01
    0.113100000000000E+03    0.177735080965874E+00    0.102017710114616E+01
    0.113120000000000E+03    0.238542219196461E+00    0.102017919315756E+01
    0.119400000000000E+03    0.484537252217649E+00    0.102023264713220E+01
    0.119420000000000E+03    0.545346529180051E+00    0.102023728036494E+01
    0.125680000000000E+03    0.730841691480521E+00    0.102030294693249E+01
    0.125700000000000E+03    0.791653783839024E+00    0.102030876960642E+01
    0.131960000000000E+03    0.977461328614140E+00    0.102037852430270E+01
    0.131980000000000E+03    0.103827662400107E+01    0.102038393177509E+01
    0.138240000000000E+03    0.122439805792101E+01    0.102045019589955E+01
    0.138260000000000E+03    0.128521636094587E+01    0.102045465349877E+01
    0.144520000000000E+03    0.147164901512235E+01    0.102051094001188E+01
    0.144540000000000E+03    0.153246973050011E+01    0.102051351254266E+01
    0.150800000000000E+03    0.171920915546116E+01    0.102055532179077E+01
    0.150820000000000E+03    0.178003159796168E+01    0.102055580132901E+01
    0.157080000000000E+03    0.196707294296135E+01    0.102058313040376E+01
    0.157100000000000E+03    0.202789647294787E+01    0.102058184127560E+01
    0.163380000000000E+03    0.227605945881453E+01    0.102059547953968E+01
    0.163400000000000E+03    0.233688348904735E+01    0.102059302755914E+01
    0.169660000000000E+03    0.252451693084447E+01    0.102060265029239E+01
    0.169680000000000E+03    0.258534126057975E+01    0.102060004959510E+01
    0.175940000000000E+03    0.277326693171631E+01    0.102060999464939E+01
    0.175960000000000E+03    0.283409154565868E+01    0.102060807336880E+01
    0.182220000000000E+03    0.302230927116602E+01    0.102062353486404E+01
    0.182240000000000E+03    0.308313437583490E+01    0.102062294159994E+01
    0.188500000000000E+03    0.327164531533890E+01    0.102064740024697E+01
    0.188520000000000E+03    0.333247128353264E+01    0.102064845225670E+01
    0.194780000000000E+03    0.352127745013490E+01    0.102068260442674E+01
    0.194800000000000E+03    0.358210472446694E+01    0.102068514387015E+01
    0.201080000000000E+03    0.383203715607021E+01    0.102072913447433E+01
    0.201100000000000E+03    0.389286624247018E+01    0.102073240966817E+01
    0.207360000000000E+03    0.408226975459399E+01    0.102077101877324E+01
    0.207380000000000E+03    0.414310063801588E+01    0.102077328106054E+01
    0.213640000000000E+03    0.433280089399250E+01    0.102080175650278E+01
    0.213660000000000E+03    0.439363318505013E+01    0.102080273352088E+01
    0.219920000000000E+03    0.458362501825547E+01    0.102081758797371E+01
    0.219940000000000E+03    0.464445792750325E+01    0.102081646533159E+01
    0.226200000000000E+03    0.483473522424947E+01    0.102081509167034E+01
    0.226220000000000E+03    0.489556797818284E+01    0.102081182990481E+01
    0.232480000000000E+03    0.508612556708817E+01    0.102079671941725E+01
    0.232500000000000E+03    0.514695755894343E+01    0.102079186299941E+01
    0.238780000000000E+03    0.539862303586199E+01    0.102076342780380E+01
    0.238800000000000E+03    0.545945371067705E+01    0.102075786353393E+01
    0.245060000000000E+03    0.565056356336606E+01    0.102073543693045E+01
    0.245080000000000E+03    0.571139314700781E+01    0.102073038479086E+01
    0.251340000000000E+03    0.590278133316224E+01    0.102071716369202E+01
    0.251360000000000E+03    0.596361019577523E+01    0.102071364269972E+01
    0.257620000000000E+03    0.615528142546430E+01    0.102071665367773E+01
    0.257640000000000E+03    0.621611023656885E+01    0.102071544546264E+01
    0.263900000000000E+03    0.124885779428382E+00    0.102073924584925E+01
    0.263920000000000E+03    0.185715421955365E+00    0.102074072836757E+01
    0.270180000000000E+03    0.377974175075678E+00    0.102078621019709E+01
    0.270200000000000E+03    0.438805613021941E+00    0.102079020563475E+01
    0.276480000000000E+03    0.692204097049398E+00    0.102085914366549E+01
    0.276500000000000E+03    0.753038426041940E+00    0.102086486538058E+01
    0.282760000000000E+03    0.945917729434314E+00    0.102093625739383E+01
    0.282780000000000E+03    0.100675528806744E+01    0.102094169602930E+01
    0.289040000000000E+03    0.119994937454214E+01    0.102100991121555E+01
    0.289060000000000E+03    0.126079006076873E+01    0.102101454571494E+01
    0.295320000000000E+03    0.145429652080952E+01    0.102107316548686E+01
    0.295340000000000E+03    0.151513972861744E+01    0.102107592598332E+01
    0.301600000000000E+03    0.170895382336334E+01    0.102111943010264E+01
    0.301620000000000E+03    0.176979883146964E+01    0.102112003450937E+01
    0.307880000000000E+03    0.196391528245067E+01    0.102114809428813E+01
    0.307900000000000E+03    0.202476140975034E+01    0.102114685595162E+01
    0.314160000000000E+03    0.221917539325204E+01    0.102116279993553E+01
    0.314180000000000E+03    0.228002211294870E+01    0.102116041834196E+01
    0.320460000000000E+03    0.253557698884981E+01    0.102116713029343E+01
    0.320480000000000E+03    0.259642389684052E+01    0.102116453887724E+01
    0.326740000000000E+03    0.279142394016674E+01    0.102117419178745E+01
    0.326760000000000E+03    0.285227111964582E+01    0.102117232757746E+01
    0.333020000000000E+03    0.304756283327140E+01    0.102118807312963E+01
    0.333040000000000E+03    0.310841051275543E+01    0.102118760598735E+01
    0.339300000000000E+03    0.330399524197605E+01    0.102121305897040E+01
    0.339320000000000E+03    0.336484382443768E+01    0.102121428862064E+01
    0.345580000000000E+03    0.356072380786713E+01    0.102124985696089E+01
    0.345600000000000E+03    0.362157375966672E+01    0.102125255418177E+01
    0.351860000000000E+03    0.381775119757117E+01    0.102129427352673E+01
    0.351880000000000E+03    0.387860288900015E+01    0.102129753140713E+01
    0.358160000000000E+03    0.413593213573608E+01    0.102133813879089E+01
    0.358180000000000E+03    0.419678575936723E+01    0.102134023924455E+01
    0.364440000000000E+03    0.439355902175930E+01    0.102136657028705E+01
    0.364460000000000E+03    0.445441391141799E+01    0.102136713491934E+01
    0.370720000000000E+03    0.465147691136235E+01    0.102137792577683E+01
    0.370740000000000E+03    0.471233221960892E+01    0.102137625890775E+01
    0.377000000000000E+03    0.490967843839258E+01    0.102137008961965E+01
    0.377020000000000E+03    0.497053337937859E+01    0.102136632040762E+01
    0.383280000000000E+03    0.516815764238049E+01    0.102134702766529E+01
    0.383300000000000E+03    0.522901164492691E+01    0.102134185755291E+01
    0.389560000000000E+03    0.542691108451436E+01    0.102131666388913E+01
    0.389580000000000E+03    0.548776389329964E+01    0.102131112626326E+01
    0.395860000000000E+03    0.574679022810187E+01    0.102128408799761E+01
    0.395880000000000E+03    0.580764176376692E+01    0.102127946561765E+01
    0.402140000000000E+03    0.600609411900746E+01    0.102127051079799E+01
    0.402160000000000E+03    0.606694510812235E+01    0.102126779250680E+01
    0.408420000000000E+03    0.626568207522405E+01    0.102127819615325E+01
    0.408440000000000E+03    0.433478395370912E-01    0.102127806307851E+01
    0.414700000000000E+03    0.242377370705526E+00    0.102131134181727E+01
    0.414720000000000E+03    0.303229858153600E+00    0.102131397114383E+01
    0.420980000000000E+03    0.502560714451192E+00    0.102136904788446E+01
    0.421000000000000E+03    0.563415439077744E+00    0.102137395117640E+01
    0.427260000000000E+03    0.763055637647767E+00    0.102144397027935E+01
    0.427280000000000E+03    0.823913387060884E+00    0.102144984879251E+01
    0.433540000000000E+03    0.102386825804410E+01    0.102152188098112E+01
    0.433560000000000E+03    0.108472934871975E+01    0.102152718416991E+01
    0.439840000000000E+03    0.134586345773187E+01    0.102159769964564E+01
    0.439860000000000E+03    0.140672766224156E+01    0.102160139586001E+01
    0.446120000000000E+03    0.160731094413381E+01    0.102165265429629E+01
    0.446140000000000E+03    0.166817730119169E+01    0.102165417917029E+01
    0.452400000000000E+03    0.186906547577314E+01    0.102168872607690E+01
    0.452420000000000E+03    0.192993323369319E+01    0.102168816634176E+01
    0.458680000000000E+03    0.213112076889638E+01    0.102170815205892E+01
    0.458700000000000E+03    0.219198929692629E+01    0.102170610594726E+01
    0.464960000000000E+03    0.239347168218592E+01    0.102171677326888E+01
    0.464980000000000E+03    0.245434056955150E+01    0.102171412416855E+01
    0.471240000000000E+03    0.265611493015967E+01    0.102172217411799E+01
    0.471260000000000E+03    0.271698403731557E+01    0.102171987622532E+01
    0.477540000000000E+03    0.297991885982674E+01    0.102173078425756E+01
    0.477560000000000E+03    0.304078826844579E+01    0.102172985504805E+01
    0.483820000000000E+03    0.324314621934718E+01    0.102175235680660E+01
    0.483840000000000E+03    0.330401640177479E+01    0.102175312818491E+01
    0.490100000000000E+03    0.350666873058753E+01    0.102178658817719E+01
    0.490120000000000E+03    0.356754017312164E+01    0.102178898482869E+01
    0.496380000000000E+03    0.377048938897860E+01    0.102183043945161E+01
    0.496400000000000E+03    0.383136252350459E+01    0.102183369580305E+01
    0.502660000000000E+03    0.403461003385382E+01    0.102187440659392E+01
    0.502680000000000E+03    0.409548502000871E+01    0.102187691239225E+01
    0.508940000000000E+03    0.429902941251066E+01    0.102190671555880E+01
    0.508960000000000E+03    0.435990589661196E+01    0.102190782503922E+01
    0.515240000000000E+03    0.462461864008014E+01    0.102192190490915E+01
    0.515260000000000E+03    0.468549571514791E+01    0.102192056190172E+01
    0.521520000000000E+03    0.488961520723615E+01    0.102191567554429E+01
    0.521540000000000E+03    0.495049197502158E+01    0.102191211951821E+01
    0.527800000000000E+03    0.515488889738936E+01    0.102189269233094E+01
    0.527820000000000E+03    0.521576472456695E+01    0.102188760490152E+01
    0.534080000000000E+03    0.542043568382019E+01    0.102186116437316E+01
    0.534100000000000E+03    0.548131026925375E+01    0.102185561168217E+01
    0.540360000000000E+03    0.568625500760277E+01    0.102183163366893E+01
    0.540380000000000E+03    0.574712844128271E+01    0.102182681310474E+01
    0.546640000000000E+03    0.595235003248422E+01    0.102181478829436E+01
    0.546660000000000E+03    0.601322279493775E+01    0.102181179219764E+01
    0.552940000000000E+03    0.627960026095889E+01    0.102181902228602E+01
    0.552960000000000E+03    0.572876562832789E-01    0.102181892177730E+01
    0.559220000000000E+03    0.263084778229768E+00    0.102185300997048E+01
    0.559240000000000E+03    0.323958927734111E+00    0.102185573660039E+01
    0.565500000000000E+03    0.530057796929441E+00    0.102191260925239E+01
    0.565520000000000E+03    0.590934260452514E+00    0.102191761857992E+01
    0.571780000000000E+03    0.797343425929512E+00    0.102198951165398E+01
    0.571800000000000E+03    0.858223006953949E+00    0.102199538014942E+01
    0.578060000000000E+03    0.106494789590397E+01    0.102206832284946E+01
    0.578080000000000E+03    0.112583086581685E+01    0.102207353265876E+01
    0.584340000000000E+03    0.133287141741130E+01    0.102213986263086E+01
    0.584360000000000E+03    0.139375730759070E+01    0.102214351124965E+01
    0.590620000000000E+03    0.160110880229240E+01    0.102219485446731E+01
    0.590640000000000E+03    0.166199684359617E+01    0.102219626462607E+01
    0.596920000000000E+03    0.193054259018754E+01    0.102222926646123E+01
    0.596940000000000E+03    0.199143196417458E+01    0.102222836409870E+01
    0.603200000000000E+03    0.219938795258645E+01    0.102224576923423E+01
    0.603220000000000E+03    0.226027798625682E+01    0.102224351460710E+01
    0.609480000000000E+03    0.246852778087305E+01    0.102225260015685E+01
    0.609500000000000E+03    0.252941810345692E+01    0.102224995588949E+01
    0.615760000000000E+03    0.273795908153238E+01    0.102225807016044E+01
    0.615780000000000E+03    0.279884961884932E+01    0.102225602306444E+01
    0.622040000000000E+03    0.300768126465709E+01    0.102226998730996E+01
    0.622060000000000E+03    0.306857222766962E+01    0.102226932757795E+01
    0.628320000000000E+03    0.327769590431876E+01    0.102229376930469E+01
    0.628340000000000E+03    0.333858771994028E+01    0.102229488301670E+01
    0.634620000000000E+03    0.360889916964129E+01    0.102233332869632E+01
    0.634640000000000E+03    0.366979244961385E+01    0.102233615154288E+01
    0.640900000000000E+03    0.387950958397255E+01    0.102237925420504E+01
    0.640920000000000E+03    0.394040467924333E+01    0.102238247770161E+01
    0.647180000000000E+03    0.415041999451250E+01    0.102241988593882E+01
    0.647200000000000E+03    0.421131691015080E+01    0.102242189487096E+01
    0.653460000000000E+03    0.442162719458065E+01    0.102244672873557E+01
    0.653480000000000E+03    0.448252529004367E+01    0.102244699266652E+01
    0.659740000000000E+03    0.469312322961400E+01    0.102245399025900E+01
    0.659760000000000E+03    0.475402156663563E+01    0.102245188170252E+01
    0.666020000000000E+03    0.496489974924566E+01    0.102244053549987E+01
    0.666040000000000E+03    0.502579749700772E+01    0.102243633943468E+01
    0.672320000000000E+03    0.529784704083818E+01    0.102240676771971E+01
    0.672340000000000E+03    0.535874343536830E+01    0.102240129958617E+01
    0.678600000000000E+03    0.557016758092641E+01    0.102237348763575E+01
    0.678620000000000E+03    0.563106267438525E+01    0.102236815809819E+01
    0.684880000000000E+03    0.584276052395217E+01    0.102234818404916E+01
    0.684900000000000E+03    0.590365462526370E+01    0.102234422225182E+01
    0.691160000000000E+03    0.611563127837826E+01    0.102234151926342E+01
    0.691180000000000E+03    0.617652508938681E+01    0.102233991455962E+01
    0.697440000000000E+03    0.105603127211452E+00    0.102236093203380E+01
    0.697460000000000E+03    0.166497640878333E+00    0.102236220526134E+01
    0.703720000000000E+03    0.379057889775595E+00    0.102240863441234E+01
    0.703740000000000E+03    0.439954221329117E+00    0.102241263141631E+01
    0.710000000000000E+03    0.652821145903090E+00    0.102247981448125E+01
    0.710020000000000E+03    0.713720297085729E+00    0.102248552231730E+01
    0.716300000000000E+03    0.987804225901982E+00    0.102256647733246E+01
    0.716320000000000E+03    0.104870703855522E+01    0.102257187299017E+01
    0.722580000000000E+03    0.126220877422247E+01    0.102264244224132E+01
    0.722600000000000E+03    0.132311476870655E+01    0.102264669671040E+01
    0.728860000000000E+03    0.153692980356436E+01    0.102270392385119E+01
    0.728880000000000E+03    0.159783822323425E+01    0.102270599983975E+01
    0.735140000000000E+03    0.181196025046256E+01    0.102274488258358E+01
    0.735160000000000E+03    0.187287025751993E+01    0.102274469457223E+01
    0.741420000000000E+03    0.208729273061317E+01    0.102276666671317E+01
    0.741440000000000E+03    0.214820359531086E+01    0.102276478324698E+01
    0.747700000000000E+03    0.236292102634752E+01    0.102277546407337E+01
    0.747720000000000E+03    0.242383225738877E+01    0.102277282753324E+01
    0.754000000000000E+03    0.269975248450328E+01    0.102277755685666E+01
    0.754020000000000E+03    0.276066380438078E+01    0.102277533160947E+01
    0.760280000000000E+03    0.297596313267741E+01    0.102278760495698E+01
    0.760300000000000E+03    0.303687481214183E+01    0.102278667784345E+01
    0.766560000000000E+03    0.325246551573309E+01    0.102280936721348E+01
    0.766580000000000E+03    0.331337797090691E+01    0.102281022737013E+01
    0.772840000000000E+03    0.352926266712984E+01    0.102284497591059E+01
    0.772860000000000E+03    0.359017643288780E+01    0.102284750324470E+01
    0.779120000000000E+03    0.380635799108722E+01    0.102289039568608E+01
    0.779140000000000E+03    0.386727352238086E+01    0.102289366224201E+01
    0.785400000000000E+03    0.408375327150407E+01    0.102293364673349E+01
    0.785420000000000E+03    0.414467067690566E+01    0.102293581089840E+01
    0.791700000000000E+03    0.442236494237341E+01    0.102296376687047E+01
    0.791720000000000E+03    0.448328371927892E+01    0.102296414859559E+01
    0.797980000000000E+03    0.470034801307565E+01    0.102297154946709E+01
    0.798000000000000E+03    0.476126705344859E+01    0.102296950725818E+01
    0.804260000000000E+03    0.497861088640047E+01    0.102295755378113E+01
    0.804280000000000E+03    0.503952931361118E+01    0.102295336239243E+01
    0.810540000000000E+03    0.525714673793073E+01    0.102292788122041E+01
    0.810560000000000E+03    0.531806397373839E+01    0.102292246890016E+01
    0.816820000000000E+03    0.553595237127774E+01    0.102289326896088E+01
    0.816840000000000E+03    0.559686825260633E+01    0.102288789639151E+01
    0.823100000000000E+03    0.581502895785343E+01    0.102286619510568E+01
    0.823120000000000E+03    0.587594377864434E+01    0.102286215604691E+01
    0.829400000000000E+03    0.615529654142711E+01    0.102285652759407E+01
    0.829420000000000E+03    0.621621094704824E+01    0.102285515663286E+01
    0.835680000000000E+03    0.151750648226425E+00    0.102287860525913E+01
    0.835700000000000E+03    0.212665857356114E+00    0.102288019549923E+01
    0.841960000000000E+03    0.431688780935019E+00    0.102293007694312E+01
    0.841980000000000E+03    0.492605959280809E+00    0.102293437536987E+01
    0.848240000000000E+03    0.711937128222417E+00    0.102300474556675E+01
    0.848260000000000E+03    0.772857284199290E+00    0.102301055892166E+01
    0.854520000000000E+03    0.992504444440328E+00    0.102308695259493E+01
    0.854540000000000E+03    0.105342809663762E+01    0.102309233081800E+01
    0.860800000000000E+03    0.127339320898682E+01    0.102316333751337E+01
    0.860820000000000E+03    0.133432003990265E+01    0.102316741785445E+01
    0.867080000000000E+03    0.155459855571917E+01    0.102322357952610E+01
    0.867100000000000E+03    0.161552775385098E+01    0.102322537991099E+01
    0.873380000000000E+03    0.189704347742554E+01    0.102326168231307E+01
    0.873400000000000E+03    0.195797414772733E+01    0.102326099947455E+01
    0.879660000000000E+03    0.217885952297956E+01    0.102327923659128E+01
    0.879680000000000E+03    0.223979089160821E+01    0.102327704968402E+01
    0.885940000000000E+03    0.246096979962886E+01    0.102328557402735E+01
    0.885960000000000E+03    0.252190143860571E+01    0.102328292617605E+01
    0.892220000000000E+03    0.274337075487620E+01    0.102329018248323E+01
    0.892240000000000E+03    0.280430257442686E+01    0.102328815665411E+01
    0.898500000000000E+03    0.302606170885201E+01    0.102330199411144E+01
    0.898520000000000E+03    0.308699394510768E+01    0.102330144713313E+01
    0.904780000000000E+03    0.330904455172004E+01    0.102332701622117E+01
    0.904800000000000E+03    0.336997768218953E+01    0.102332833077524E+01
    0.911080000000000E+03    0.365325735612532E+01    0.102336895789767E+01
    0.911100000000000E+03    0.371419204692074E+01    0.102337194037678E+01
    0.917360000000000E+03    0.393683622297249E+01    0.102341603160701E+01
    0.917380000000000E+03    0.399777280429635E+01    0.102341911898925E+01
    0.923640000000000E+03    0.422071476761721E+01    0.102345439872375E+01
    0.923660000000000E+03    0.428165311769135E+01    0.102345608386439E+01
    0.929920000000000E+03    0.450488787513814E+01    0.102347630445758E+01
    0.929940000000000E+03    0.456582714474234E+01    0.102347587165113E+01
    0.936200000000000E+03    0.478934589256778E+01    0.102347551121908E+01
    0.936220000000000E+03    0.485028506642720E+01    0.102347260552804E+01
    0.942480000000000E+03    0.507407984137717E+01    0.102345360178517E+01
    0.942500000000000E+03    0.513501810122170E+01    0.102344880089092E+01
    0.948780000000000E+03    0.542002069662203E+01    0.102341377953219E+01
    0.948800000000000E+03    0.548095738070742E+01    0.102340821414604E+01
    0.955060000000000E+03    0.570529175614411E+01    0.102338032313515E+01
    0.955080000000000E+03    0.576622713440202E+01    0.102337551549064E+01
    0.961340000000000E+03    0.599083505543877E+01    0.102336154683553E+01
    0.961360000000000E+03    0.605176968355318E+01    0.102335874436899E+01
    0.967620000000000E+03    0.627665884666203E+01    0.102336801728762E+01
    0.967640000000000E+03    0.544081959646974E-01    0.102336805523115E+01
    0.973900000000000E+03    0.279589171876523E+00    0.102340513477053E+01
    0.973920000000000E+03    0.340525393100961E+00    0.102340817803457E+01
    0.980180000000000E+03    0.566009783338814E+00    0.102347079296787E+01
    0.980200000000000E+03    0.626948566953615E+00    0.102347610743266E+01
    0.986480000000000E+03    0.913688621973051E+00    0.102355907693739E+01
    0.986500000000000E+03    0.974631050633434E+00    0.102356470623061E+01
    0.992760000000000E+03    0.120075100023723E+01    0.102363921972853E+01
    0.992780000000000E+03    0.126169685605100E+01    0.102364387990563E+01
    0.999040000000000E+03    0.148813279701153E+01    0.102370636932425E+01
    0.999060000000000E+03    0.154908132411310E+01    0.102370889377593E+01
    0.100532000000000E+04    0.177582633168049E+01    0.102375172608768E+01
    0.100534000000000E+04    0.183677661544152E+01    0.102375184453328E+01
    0.101160000000000E+04    0.206382313796030E+01    0.102377558990272E+01
    0.101162000000000E+04    0.212477435637265E+01    0.102377383786730E+01
