    0.000000000000000E+00    0.190000000000000E+01    0.104000000000000E+01
    0.200000000000000E-01    0.196159999152398E+01    0.103999934175253E+01
    0.630000000000000E+01    0.245360315215783E+01    0.103999598467937E+01
    0.632000000000000E+01    0.251520312579032E+01    0.103999332105894E+01
    0.125800000000000E+02    0.294588498660812E+01    0.103998796619233E+01
    0.126000000000000E+02    0.300748468927547E+01    0.103998686834976E+01
    0.188600000000000E+02    0.343844367575051E+01    0.104001511424515E+01
    0.188800000000000E+02    0.350004425258276E+01    0.104001709252617E+01
    0.251400000000000E+02    0.393129322889678E+01    0.104007398558167E+01
    0.251600000000000E+02    0.399289608260966E+01    0.104007709689409E+01
    0.314200000000000E+02    0.442443903369468E+01    0.104011274420060E+01
    0.314400000000000E+02    0.448604375644814E+01    0.104011296978586E+01
    0.377000000000000E+02    0.491784962404442E+01    0.104009177567415E+01
    0.377200000000000E+02    0.497945337730359E+01    0.104008787837947E+01
    0.440000000000000E+02    0.547308495910502E+01    0.104001590277736E+01
    0.440200000000000E+02    0.553468568321168E+01    0.104001036246427E+01
    0.502800000000000E+02    0.596693020570009E+01    0.103995555986289E+01
    0.503000000000000E+02    0.602852856477014E+01    0.103995252192360E+01
    0.565600000000000E+02    0.177833073665141E+00    0.103996297551410E+01
    0.565800000000000E+02    0.239431613723639E+00    0.103996487134669E+01
    0.628400000000000E+02    0.672219317404398E+00    0.104005283268243E+01
    0.628600000000000E+02    0.733821344188641E+00    0.104005853635622E+01
    0.691200000000000E+02    0.116695378013867E+01    0.104017378031305E+01
    0.691400000000000E+02    0.122856099774643E+01    0.104017855476173E+01
    0.754000000000000E+02    0.166204031190330E+01    0.104025868296541E+01
    0.754200000000000E+02    0.172365085384490E+01    0.104025962126228E+01
    0.817000000000000E+02    0.221905321742713E+01    0.104027975259289E+01
    0.817200000000000E+02    0.228066455382998E+01    0.104027744136526E+01
    0.879800000000000E+02    0.271473635302550E+01    0.104027056261040E+01
    0.880000000000000E+02    0.277634735624082E+01    0.104026839015991E+01
    0.942600000000000E+02    0.321068999143574E+01    0.104027836944872E+01
    0.942800000000000E+02    0.327230119124113E+01    0.104027890741250E+01
    0.100540000000000E+03    0.370692465735931E+01    0.104032552894265E+01
    0.100560000000000E+03    0.376853755353244E+01    0.104032863447243E+01
    0.106820000000000E+03    0.420345522369064E+01    0.104038114893862E+01
    0.106840000000000E+03    0.426507059387870E+01    0.104038285168455E+01
    0.113100000000000E+03    0.470026899435408E+01    0.104038906211958E+01
    0.113120000000000E+03    0.476188470047731E+01    0.104038689056813E+01
    0.119400000000000E+03    0.525893472529003E+01    0.104032929389239E+01
    0.119420000000000E+03    0.532054795756824E+01    0.104032389453456E+01
    0.125680000000000E+03    0.575619611357615E+01    0.104025525421679E+01
    0.125700000000000E+03    0.581780645259477E+01    0.104025070488495E+01
    0.131960000000000E+03    0.625368278793496E+01    0.104022862654986E+01
    0.131980000000000E+03    0.321065400072484E-01    0.104022833852503E+01
    0.138240000000000E+03    0.468256852272532E+00    0.104028639335023E+01
    0.138260000000000E+03    0.529868233846457E+00    0.104029094776585E+01
    0.144520000000000E+03    0.966347247527722E+00    0.104040524255926E+01
    0.144540000000000E+03    0.102796353545051E+01    0.104041071417473E+01
    0.150800000000000E+03    0.146479631018047E+01    0.104051076270151E+01
    0.150820000000000E+03    0.152641699483939E+01    0.104051339683780E+01
    0.157080000000000E+03    0.196357685254020E+01    0.104055761986351E+01
    0.157100000000000E+03    0.202519929812570E+01    0.104055633816222E+01
    0.163380000000000E+03    0.252427259617190E+01    0.104055274659737E+01
    0.163400000000000E+03    0.258589488083709E+01    0.104055013163441E+01
    0.169660000000000E+03    0.302361714004041E+01    0.104054920271080E+01
    0.169680000000000E+03    0.308523923935502E+01    0.104054854375496E+01
    0.175940000000000E+03    0.352323662344895E+01    0.104058187091729E+01
    0.175960000000000E+03    0.358485982752848E+01    0.104058428116740E+01
    0.182220000000000E+03    0.402314753556959E+01    0.104064236094424E+01
    0.182240000000000E+03    0.408477316721905E+01    0.104064512592539E+01
    0.188500000000000E+03    0.452335145271604E+01    0.104067139908744E+01
    0.188520000000000E+03    0.458497850694232E+01    0.104067079875480E+01
    0.194780000000000E+03    0.502380954755972E+01    0.104063662920439E+01
    0.194800000000000E+03    0.508543507615889E+01    0.104063207753272E+01
    0.201080000000000E+03    0.558610646834575E+01    0.104055575652126E+01
    0.201100000000000E+03    0.564772880277928E+01    0.104055045076411E+01
    0.207360000000000E+03    0.608699282632460E+01    0.104050619109388E+01
    0.207380000000000E+03    0.614861319814338E+01    0.104050421768971E+01
    0.213640000000000E+03    0.304947211177932E+00    0.104053485313745E+01
    0.213660000000000E+03    0.366568579576779E+00    0.104053799388823E+01
    0.219920000000000E+03    0.806399883321546E+00    0.104064145370269E+01
    0.219940000000000E+03    0.868025493766140E+00    0.104064737947316E+01
    0.226200000000000E+03    0.130820907535440E+01    0.104075875653402E+01
    0.226220000000000E+03    0.136983971111920E+01    0.104076265106256E+01
    0.232480000000000E+03    0.181036263702640E+01    0.104082628352580E+01
    0.232500000000000E+03    0.187199584673056E+01    0.104082605070200E+01
    0.238780000000000E+03    0.237445339916690E+01    0.104083224904765E+01
    0.238800000000000E+03    0.243608684838307E+01    0.104082962388418E+01
    0.245060000000000E+03    0.287718530578763E+01    0.104082349659493E+01
    0.245080000000000E+03    0.293881840964980E+01    0.104082201341453E+01
    0.251340000000000E+03    0.338018855897269E+01    0.104084389623024E+01
    0.251360000000000E+03    0.344182230534091E+01    0.104084550171320E+01
    0.257620000000000E+03    0.388347824582661E+01    0.104090114452792E+01
    0.257640000000000E+03    0.394511416623016E+01    0.104090435997481E+01
    0.263900000000000E+03    0.438706418073662E+01    0.104094448094453E+01
    0.263920000000000E+03    0.444870217151276E+01    0.104094502903971E+01
    0.270180000000000E+03    0.489091713544030E+01    0.104092742298277E+01
    0.270200000000000E+03    0.495255431852081E+01    0.104092373716283E+01
    0.276480000000000E+03    0.545662700541925E+01    0.104085107613425E+01
    0.276500000000000E+03    0.551826113006086E+01    0.104084551410227E+01
    0.282760000000000E+03    0.596090949049017E+01    0.104078783161777E+01
    0.282780000000000E+03    0.602254113886852E+01    0.104078471489778E+01
    0.289040000000000E+03    0.182246405698265E+00    0.104079415694532E+01
    0.289060000000000E+03    0.243878190761393E+00    0.104079606036861E+01
    0.295320000000000E+03    0.687066546505775E+00    0.104088597286011E+01
    0.295340000000000E+03    0.748701897835531E+00    0.104089171087529E+01
    0.301600000000000E+03    0.119223725398194E+01    0.104100836195395E+01
    0.301620000000000E+03    0.125387786150827E+01    0.104101301939207E+01
    0.307880000000000E+03    0.169776061737196E+01    0.104109107688370E+01
    0.307900000000000E+03    0.175940444409218E+01    0.104109174815531E+01
    0.314160000000000E+03    0.220359672191694E+01    0.104111035195972E+01
    0.314180000000000E+03    0.226524127976870E+01    0.104110799509805E+01
    0.320460000000000E+03    0.277135619705166E+01    0.104109796014906E+01
    0.320480000000000E+03    0.283300029138661E+01    0.104109598819079E+01
    0.326740000000000E+03    0.327774074312856E+01    0.104110982174317E+01
    0.326760000000000E+03    0.333938517240404E+01    0.104111077146331E+01
    0.333020000000000E+03    0.378440774978776E+01    0.104116190535084E+01
    0.333040000000000E+03    0.384605409074697E+01    0.104116513389687E+01
    0.339300000000000E+03    0.429137111628597E+01    0.104121330414048E+01
    0.339320000000000E+03    0.435301983240583E+01    0.104121454342789E+01
    0.345580000000000E+03    0.479861005829116E+01    0.104120911549159E+01
    0.345600000000000E+03    0.486025853420369E+01    0.104120615325355E+01
    0.351860000000000E+03    0.530607730014844E+01    0.104114414417285E+01
    0.351880000000000E+03    0.536772312970174E+01    0.104113861761556E+01
    0.358160000000000E+03    0.587539521535314E+01    0.104106808658163E+01
    0.358180000000000E+03    0.593703807338102E+01    0.104106428506090E+01
    0.364440000000000E+03    0.100113024429902E+00    0.104105957467258E+01
    0.364460000000000E+03    0.161755455591674E+00    0.104106059946115E+01
    0.370720000000000E+03    0.608303426598468E+00    0.104113946505563E+01
    0.370740000000000E+03    0.669948911106985E+00    0.104114486973974E+01
    0.377000000000000E+03    0.111683863659709E+01    0.104126315785227E+01
    0.377020000000000E+03    0.117848939703504E+01    0.104126818359325E+01
    0.383280000000000E+03    0.162573095810603E+01    0.104135525058642E+01
    0.383300000000000E+03    0.168738537255217E+01    0.104135654517001E+01
    0.389560000000000E+03    0.213494236684619E+01    0.104138251710090E+01
    0.389580000000000E+03    0.219659780529128E+01    0.104138040474188E+01
    0.395860000000000E+03    0.270609129053992E+01    0.104137072243995E+01
    0.395880000000000E+03    0.276774629777242E+01    0.104136850433897E+01
    0.402140000000000E+03    0.321585369322383E+01    0.104137764616849E+01
    0.402160000000000E+03    0.327750886215927E+01    0.104137818077282E+01
    0.408420000000000E+03    0.372589601678555E+01    0.104142575837573E+01
    0.408440000000000E+03    0.378755291662810E+01    0.104142889176921E+01
    0.414700000000000E+03    0.423623398426071E+01    0.104148103297555E+01
    0.414720000000000E+03    0.429789337048942E+01    0.104148260380826E+01
    0.420980000000000E+03    0.474685200970612E+01    0.104148414359301E+01
    0.421000000000000E+03    0.480851150354283E+01    0.104148162887876E+01
    0.427260000000000E+03    0.525770182868177E+01    0.104142315265319E+01
    0.427280000000000E+03    0.531935881254435E+01    0.104141770886526E+01
    0.433540000000000E+03    0.576875835582746E+01    0.104134808681245E+01
    0.433560000000000E+03    0.583041240866828E+01    0.104134376872884E+01
    0.439840000000000E+03    0.585069277533421E-01    0.104132749035905E+01
    0.439860000000000E+03    0.120160089653382E+00    0.104132805071139E+01
    0.446120000000000E+03    0.570068267172246E+00    0.104140084753498E+01
    0.446140000000000E+03    0.631724208290279E+00    0.104140602967721E+01
    0.452400000000000E+03    0.108197117970849E+01    0.104152476314295E+01
    0.452420000000000E+03    0.114363237311727E+01    0.104152991661439E+01
    0.458680000000000E+03    0.159423321831878E+01    0.104162117238762E+01
    0.458700000000000E+03    0.165589827968051E+01    0.104162275784924E+01
    0.464960000000000E+03    0.210681746261685E+01    0.104165227585955E+01
    0.464980000000000E+03    0.216848368893125E+01    0.104165029004228E+01
    0.471240000000000E+03    0.261968556290162E+01    0.104164335974158E+01
    0.471260000000000E+03    0.268135147460521E+01    0.104164095198960E+01
    0.477540000000000E+03    0.319448778797459E+01    0.104164601436416E+01
    0.477560000000000E+03    0.325615370078640E+01    0.104164639477456E+01
    0.483820000000000E+03    0.370790292159427E+01    0.104169266895632E+01
    0.483840000000000E+03    0.376957050049373E+01    0.104169575497069E+01
    0.490100000000000E+03    0.422161327867207E+01    0.104174915061525E+01
    0.490120000000000E+03    0.428328337307903E+01    0.104175080727895E+01
    0.496380000000000E+03    0.473560476333569E+01    0.104175416941639E+01
    0.496400000000000E+03    0.479727506235122E+01    0.104175177253413E+01
    0.502660000000000E+03    0.524982838740607E+01    0.104169381006977E+01
    0.502680000000000E+03    0.531149619561575E+01    0.104168838781127E+01
    0.508940000000000E+03    0.576425765786917E+01    0.104161776714527E+01
    0.508960000000000E+03    0.582592249649201E+01    0.104161340340913E+01
    0.515240000000000E+03    0.573882149340079E-01    0.104159595861789E+01
    0.515260000000000E+03    0.119052116204102E+00    0.104159647716692E+01
    0.521520000000000E+03    0.572319964302778E+00    0.104166918594759E+01
    0.521540000000000E+03    0.633986638134957E+00    0.104167436303799E+01
    0.527800000000000E+03    0.108759361900138E+01    0.104179364473295E+01
    0.527820000000000E+03    0.114926556947648E+01    0.104179878788368E+01
    0.534080000000000E+03    0.160322690211819E+01    0.104188995312696E+01
    0.534100000000000E+03    0.166490271219436E+01    0.104189148525826E+01
    0.540360000000000E+03    0.211918205841175E+01    0.104192015655720E+01
    0.540380000000000E+03    0.218085899922607E+01    0.104191813039258E+01
    0.546640000000000E+03    0.263542031739439E+01    0.104191077639030E+01
    0.546660000000000E+03    0.269709692524043E+01    0.104190840490623E+01
    0.552940000000000E+03    0.321360300764627E+01    0.104191441862559E+01
    0.552960000000000E+03    0.327527964949172E+01    0.104191490648303E+01
    0.559220000000000E+03    0.373038822965373E+01    0.104196252170641E+01
    0.559240000000000E+03    0.379206659846977E+01    0.104196565393802E+01
    0.565500000000000E+03    0.424746887810056E+01    0.104201802285665E+01
    0.565520000000000E+03    0.430914974706752E+01    0.104201956356974E+01
    0.571780000000000E+03    0.476482852948175E+01    0.104201964865007E+01
    0.571800000000000E+03    0.482650943825774E+01    0.104201702925508E+01
    0.578060000000000E+03    0.528241720196547E+01    0.104195618859755E+01
    0.578080000000000E+03    0.534409550664918E+01    0.104195070542556E+01
    0.584340000000000E+03    0.580021011977919E+01    0.104188094140228E+01
    0.584360000000000E+03    0.586188548727864E+01    0.104187678649811E+01
    0.590620000000000E+03    0.350420372312783E-01    0.104186420938106E+01
    0.590640000000000E+03    0.967166667148831E-01    0.104186479768133E+01
    0.596920000000000E+03    0.615018228070085E+00    0.104194443868314E+01
    0.596940000000000E+03    0.676695908881129E+00    0.104194982950336E+01
    0.603200000000000E+03    0.113366572277619E+01    0.104206974598727E+01
    0.603220000000000E+03    0.119534875071372E+01    0.104207473364335E+01
    0.609480000000000E+03    0.165267171950427E+01    0.104216137738493E+01
    0.609500000000000E+03    0.171435837148033E+01    0.104216251390427E+01
    0.615760000000000E+03    0.217199570445928E+01    0.104218598962902E+01
    0.615780000000000E+03    0.223368328025435E+01    0.104218377186090E+01
    0.622040000000000E+03    0.269159988650722E+01    0.104217541197748E+01
    0.622060000000000E+03    0.275328707881272E+01    0.104217320532618E+01
    0.628320000000000E+03    0.321147147789134E+01    0.104218257989780E+01
    0.628340000000000E+03    0.327315883490451E+01    0.104218321173721E+01
    0.634620000000000E+03    0.379331155731256E+01    0.104223541916466E+01
    0.634640000000000E+03    0.385500083533589E+01    0.104223864798097E+01
    0.640900000000000E+03    0.431376022961285E+01    0.104228715137172E+01
    0.640920000000000E+03    0.437545190313995E+01    0.104228831906802E+01
    0.647180000000000E+03    0.483448205752279E+01    0.104227974882043E+01
    0.647200000000000E+03    0.489617334854779E+01    0.104227658762262E+01
    0.653460000000000E+03    0.535542658342956E+01    0.104221014807918E+01
    0.653480000000000E+03    0.541711505326634E+01    0.104220458139833E+01
    0.659740000000000E+03    0.587657423304495E+01    0.104213854382806E+01
    0.659760000000000E+03    0.593825990731057E+01    0.104213490478266E+01
    0.666020000000000E+03    0.114766281410084E+00    0.104213419354040E+01
    0.666040000000000E+03    0.176451683506457E+00    0.104213558167914E+01
    0.672320000000000E+03    0.698123554723225E+00    0.104222746327824E+01
    0.672340000000000E+03    0.759812560574574E+00    0.104223318417541E+01
    0.678600000000000E+03    0.122014825295037E+01    0.104235244385798E+01
    0.678620000000000E+03    0.128184262626291E+01    0.104235701800427E+01
    0.684880000000000E+03    0.174252751819722E+01    0.104243391931534E+01
    0.684900000000000E+03    0.180422504666922E+01    0.104243433857404E+01
    0.691160000000000E+03    0.226521739754025E+01    0.104244900566238E+01
    0.691180000000000E+03    0.232691550061554E+01    0.104244652667455E+01
    0.697440000000000E+03    0.278818295415704E+01    0.104243779386653E+01
    0.697460000000000E+03    0.284988063564106E+01    0.104243595067677E+01
    0.703720000000000E+03    0.331141620496419E+01    0.104245233776042E+01
    0.703740000000000E+03    0.337311430947466E+01    0.104245359126439E+01
    0.710000000000000E+03    0.383493220079390E+01    0.104250816665362E+01
    0.710020000000000E+03    0.389663239017091E+01    0.104251140241220E+01
    0.716300000000000E+03    0.442044609548839E+01    0.104255486527930E+01
    0.716320000000000E+03    0.448214850137038E+01    0.104255528531536E+01
    0.722580000000000E+03    0.494452243688193E+01    0.104253252152993E+01
    0.722600000000000E+03    0.500622381042240E+01    0.104252857246333E+01
    0.728860000000000E+03    0.546881293652632E+01    0.104245573667230E+01
    0.728880000000000E+03    0.553051124550439E+01    0.104245020696560E+01
    0.735140000000000E+03    0.599330723052663E+01    0.104239296202870E+01
    0.735160000000000E+03    0.605500307806278E+01    0.104239024749775E+01
    0.741420000000000E+03    0.234856361464153E+00    0.104240898771138E+01
    0.741440000000000E+03    0.296552711984532E+00    0.104241156292407E+01
    0.747700000000000E+03    0.759897044526497E+00    0.104251338448087E+01
    0.747720000000000E+03    0.821597509959702E+00    0.104251930503391E+01
    0.754000000000000E+03    0.134700262602337E+01    0.104263987192589E+01
    0.754020000000000E+03    0.140870850344254E+01    0.104264362106902E+01
    0.760280000000000E+03    0.187275389815886E+01    0.104270488583526E+01
    0.760300000000000E+03    0.193446223799856E+01    0.104270433931577E+01
    0.766560000000000E+03    0.239880537152794E+01    0.104270833693355E+01
    0.766580000000000E+03    0.246051386108411E+01    0.104270567889146E+01
    0.772840000000000E+03    0.292512750581182E+01    0.104269927501756E+01
    0.772860000000000E+03    0.298683562566157E+01    0.104269809353451E+01
    0.779120000000000E+03    0.345171927360343E+01    0.104272538039717E+01
    0.779140000000000E+03    0.351342823805271E+01    0.104272744843872E+01
    0.785400000000000E+03    0.397859871638366E+01    0.104278650429048E+01
    0.785420000000000E+03    0.404031008315178E+01    0.104278944144399E+01
    0.791700000000000E+03    0.456748387005428E+01    0.104281777179440E+01
    0.791720000000000E+03    0.462919677192440E+01    0.104281698172008E+01
    0.797980000000000E+03    0.509490469409275E+01    0.104277549607824E+01
    0.798000000000000E+03    0.515661576451248E+01    0.104277067976833E+01
    0.804260000000000E+03    0.562253091221828E+01    0.104269413621582E+01
    0.804280000000000E+03    0.568423878157091E+01    0.104268898607703E+01
    0.810540000000000E+03    0.615036578202216E+01    0.104264861728942E+01
    0.810560000000000E+03    0.621207183416482E+01    0.104264734510175E+01
    0.816820000000000E+03    0.395272473715067E+00    0.104269321967695E+01
    0.816840000000000E+03    0.456980139252664E+00    0.104269723752812E+01
    0.823100000000000E+03    0.923690506819639E+00    0.104281373138832E+01
    0.823120000000000E+03    0.985403087355280E+00    0.104281941145652E+01
    0.829400000000000E+03    0.151419020632920E+01    0.104292816213221E+01
    0.829420000000000E+03    0.157590757655180E+01    0.104293058742784E+01
    0.835680000000000E+03    0.204330958212995E+01    0.104297096269078E+01
    0.835700000000000E+03    0.210502854960259E+01    0.104296937262812E+01
    0.841960000000000E+03    0.257271687411958E+01    0.104296393945211E+01
    0.841980000000000E+03    0.263443560252745E+01    0.104296139847962E+01
    0.848240000000000E+03    0.310239104849188E+01    0.104296252327333E+01
    0.848260000000000E+03    0.316410964873467E+01    0.104296238007302E+01
    0.854520000000000E+03    0.363233949607229E+01    0.104300380769715E+01
    0.854540000000000E+03    0.369405953118303E+01    0.104300668926895E+01
    0.860800000000000E+03    0.416258093660326E+01    0.104306347966322E+01
    0.860820000000000E+03    0.422430354290236E+01    0.104306532298059E+01
    0.867080000000000E+03    0.469310550219825E+01    0.104307286126862E+01
    0.867100000000000E+03    0.475482855712835E+01    0.104307072917060E+01
    0.873380000000000E+03    0.528558145983880E+01    0.104300699941917E+01
    0.873400000000000E+03    0.534730179125745E+01    0.104300153262142E+01
    0.879660000000000E+03    0.581653401039148E+01    0.104292905264671E+01
    0.879680000000000E+03    0.587825129924840E+01    0.104292489418907E+01
    0.885940000000000E+03    0.645218117606419E-01    0.104291237539518E+01
    0.885960000000000E+03    0.126238360952357E+00    0.104291309773036E+01
    0.892220000000000E+03    0.595976939702723E+00    0.104299153559218E+01
    0.892240000000000E+03    0.657696501266855E+00    0.104299690754671E+01
    0.898500000000000E+03    0.112777949590463E+01    0.104311918011837E+01
    0.898520000000000E+03    0.118950450445664E+01    0.104312413538857E+01
    0.904780000000000E+03    0.165994260940533E+01    0.104321049950284E+01
    0.904800000000000E+03    0.172167121719576E+01    0.104321145393732E+01
    0.911080000000000E+03    0.225415173768943E+01    0.104322947876403E+01
    0.911100000000000E+03    0.231588105417268E+01    0.104322706223742E+01
    0.917360000000000E+03    0.278690818320592E+01    0.104321779913408E+01
    0.917380000000000E+03    0.284863706432634E+01    0.104321590373956E+01
    0.923640000000000E+03    0.331993113660474E+01    0.104323160224732E+01
    0.923660000000000E+03    0.338166041192153E+01    0.104323283472897E+01
    0.929920000000000E+03    0.385323607655937E+01    0.104328804236001E+01
    0.929940000000000E+03    0.391496745888480E+01    0.104329128045856E+01
    0.936200000000000E+03    0.438683620844495E+01    0.104333361227967E+01
    0.936220000000000E+03    0.444856976226492E+01    0.104333415721678E+01
    0.942480000000000E+03    0.492069917503068E+01    0.104331210567896E+01
    0.942500000000000E+03    0.498243173082665E+01    0.104330820471466E+01
    0.948780000000000E+03    0.551650320063845E+01    0.104322835036631E+01
    0.948800000000000E+03    0.557823241682172E+01    0.104322286872710E+01
    0.955060000000000E+03    0.605077604579628E+01    0.104316812046882E+01
    0.955080000000000E+03    0.611250289377085E+01    0.104316579606076E+01
    0.961340000000000E+03    0.302106401964465E+00    0.104319294557385E+01
    0.961360000000000E+03    0.363834089061129E+00    0.104319603421708E+01
    0.967620000000000E+03    0.836935265942429E+00    0.104330525650580E+01
    0.967640000000000E+03    0.898667433593801E+00    0.104331117371579E+01
    0.973900000000000E+03    0.137212761400815E+01    0.104342518078257E+01
    0.973920000000000E+03    0.143386489695968E+01    0.104342861161594E+01
    0.980180000000000E+03    0.190766396496565E+01    0.104348433067949E+01
    0.980200000000000E+03    0.196940347252803E+01    0.104348342445697E+01
    0.986480000000000E+03    0.250523562951639E+01    0.104348042167153E+01
    0.986500000000000E+03    0.256697500946029E+01    0.104347778489746E+01
