    0.000000000000000E+00    0.190000000000000E+01    0.106000000000000E+01
    0.200000000000000E-01    0.196239999201665E+01    0.105999933923369E+01
    0.630000000000000E+01    0.270564509840693E+01    0.105997801436362E+01
    0.632000000000000E+01    0.276804437493349E+01    0.105997580346939E+01
    0.125800000000000E+02    0.344914323238887E+01    0.105999152386381E+01
    0.126000000000000E+02    0.351154282960162E+01    0.105999347776102E+01
    0.188600000000000E+02    0.419292208337711E+01    0.106006259280767E+01
    0.188800000000000E+02    0.425532458312124E+01    0.106006442126656E+01
    0.251400000000000E+02    0.493695948680997E+01    0.106004317775296E+01
    0.251600000000000E+02    0.499936122590921E+01    0.106003924554697E+01
    0.314200000000000E+02    0.568113110772120E+01    0.105992650356267E+01
    0.314400000000000E+02    0.574352819650363E+01    0.105992165116178E+01
    0.377000000000000E+02    0.142247277821184E+00    0.105989207383591E+01
    0.377200000000000E+02    0.204642934265010E+00    0.105989369083738E+01
    0.440000000000000E+02    0.949219176823419E+00    0.106002746823810E+01
    0.440200000000000E+02    0.101162017034832E+01    0.106003328926906E+01
    0.502800000000000E+02    0.169418312387700E+01    0.106015359642038E+01
    0.503000000000000E+02    0.175658939983998E+01    0.106015450523647E+01
    0.565600000000000E+02    0.243945153100194E+01    0.106015724851235E+01
    0.565800000000000E+02    0.250185784844825E+01    0.106015455758032E+01
    0.628400000000000E+02    0.318493810578971E+01    0.106014337695128E+01
    0.628600000000000E+02    0.324734384521028E+01    0.106014370806993E+01
    0.691200000000000E+02    0.393065019496927E+01    0.106020078998449E+01
    0.691400000000000E+02    0.399305795198788E+01    0.106020382726458E+01
    0.754000000000000E+02    0.467660699518061E+01    0.106022411873775E+01
    0.754200000000000E+02    0.473901609258786E+01    0.106022227829808E+01
    0.817000000000000E+02    0.548510875661839E+01    0.106011718060951E+01
    0.817200000000000E+02    0.554751332881091E+01    0.106011162294548E+01
    0.879800000000000E+02    0.623127605741280E+01    0.106003738612160E+01
    0.880000000000000E+02    0.104920698605042E-01    0.106003677479476E+01
    0.942600000000000E+02    0.694433004311122E+00    0.106012084819909E+01
    0.942800000000000E+02    0.756837528806329E+00    0.106012630445264E+01
    0.100540000000000E+03    0.144106418964066E+01    0.106026658189724E+01
    0.100560000000000E+03    0.150347495993617E+01    0.106026958905119E+01
    0.106820000000000E+03    0.218780237341434E+01    0.106028170477434E+01
    0.106840000000000E+03    0.225021317925632E+01    0.106027761039225E+01
    0.113100000000000E+03    0.293441049789607E+01    0.106021668610882E+01
    0.113120000000000E+03    0.299681988699655E+01    0.106021580050177E+01
    0.119400000000000E+03    0.374339890856146E+01    0.106024715020655E+01
    0.119420000000000E+03    0.380580818178890E+01    0.106024970558624E+01
    0.125680000000000E+03    0.448985225773271E+01    0.106026831936253E+01
    0.125700000000000E+03    0.455226238735997E+01    0.106026787542650E+01
    0.131960000000000E+03    0.523846487200029E+01    0.106045487535608E+01
    0.131980000000000E+03    0.530088289610882E+01    0.106044881953138E+01
    0.138240000000000E+03    0.598800323204819E+01    0.106030867473766E+01
    0.138260000000000E+03    0.605041554345729E+01    0.106030586310255E+01
    0.144520000000000E+03    0.454363094077962E+00    0.106034405644980E+01
    0.144540000000000E+03    0.516776588224275E+00    0.106034808311784E+01
    0.150800000000000E+03    0.120397039607082E+01    0.106046742899282E+01
    0.150820000000000E+03    0.126638867645437E+01    0.106047174593086E+01
    0.157080000000000E+03    0.195341869039328E+01    0.106049287022296E+01
    0.157100000000000E+03    0.201583834409234E+01    0.106049147288312E+01
    0.163380000000000E+03    0.276493288361399E+01    0.106041908331662E+01
    0.163400000000000E+03    0.282734953056973E+01    0.106041701434851E+01
    0.169660000000000E+03    0.351373643074942E+01    0.106040012446833E+01
    0.169680000000000E+03    0.357615242566033E+01    0.106040231278922E+01
    0.175940000000000E+03    0.426231573542555E+01    0.106042466867487E+01
    0.175960000000000E+03    0.432473262197834E+01    0.106042601031039E+01
    0.182220000000000E+03    0.501063374441878E+01    0.106035546289361E+01
    0.182240000000000E+03    0.507304802412625E+01    0.106035111548436E+01
    0.188500000000000E+03    0.575859242158754E+01    0.106019564663577E+01
    0.188520000000000E+03    0.582100025698162E+01    0.106019100520216E+01
    0.194780000000000E+03    0.223008185385311E+00    0.106014204599051E+01
    0.194800000000000E+03    0.285413844415416E+00    0.106014452594665E+01
    0.201080000000000E+03    0.103283653471237E+01    0.106024845933110E+01
    0.201100000000000E+03    0.109524647164017E+01    0.106025372730362E+01
    0.207360000000000E+03    0.178016290115750E+01    0.106032626586309E+01
    0.207380000000000E+03    0.184257605196171E+01    0.106032656707385E+01
    0.213640000000000E+03    0.252732124778765E+01    0.106028159966430E+01
    0.213660000000000E+03    0.258973270717922E+01    0.106027857835383E+01
    0.219920000000000E+03    0.327422091594508E+01    0.106023818423474E+01
    0.219940000000000E+03    0.333663036339647E+01    0.106023913460386E+01
    0.226200000000000E+03    0.402090339000461E+01    0.106026424207420E+01
    0.226220000000000E+03    0.408331395855851E+01    0.106026666764878E+01
    0.232480000000000E+03    0.476736799783134E+01    0.106023647479028E+01
    0.232500000000000E+03    0.482977743395224E+01    0.106023391332744E+01
    0.238780000000000E+03    0.557593042645760E+01    0.106008675044671E+01
    0.238800000000000E+03    0.563833412465044E+01    0.106008102132770E+01
    0.245060000000000E+03    0.385475320487103E-01    0.105998798076891E+01
    0.245080000000000E+03    0.100946902057217E+00    0.105998829506349E+01
    0.251340000000000E+03    0.784153435423036E+00    0.106005973846516E+01
    0.251360000000000E+03    0.846556014288126E+00    0.106006522062462E+01
    0.257620000000000E+03    0.152972021350979E+01    0.106016974897401E+01
    0.257640000000000E+03    0.159212714059765E+01    0.106017206928956E+01
    0.263900000000000E+03    0.227535068510554E+01    0.106015690773976E+01
    0.263920000000000E+03    0.233775837600774E+01    0.106015453041898E+01
    0.270180000000000E+03    0.302109066973799E+01    0.106017523589350E+01
    0.270200000000000E+03    0.308349699412292E+01    0.106017476250918E+01
    0.276480000000000E+03    0.382913024810534E+01    0.106016305743599E+01
    0.276500000000000E+03    0.389153674894351E+01    0.106016577980035E+01
    0.282760000000000E+03    0.457443490368178E+01    0.106015173993303E+01
    0.282780000000000E+03    0.463684093491793E+01    0.106015092247681E+01
    0.289040000000000E+03    0.531937183619391E+01    0.106003574942462E+01
    0.289060000000000E+03    0.538177342094093E+01    0.106002992570502E+01
    0.295320000000000E+03    0.606392332795599E+01    0.105989377457481E+01
    0.295340000000000E+03    0.612631883273366E+01    0.105989156456511E+01
    0.301600000000000E+03    0.524984568255945E+00    0.105991050948518E+01
    0.301620000000000E+03    0.587381029921289E+00    0.105991517426320E+01
    0.307880000000000E+03    0.126909345450815E+01    0.106002677374551E+01
    0.307900000000000E+03    0.133149448236929E+01    0.106003087858895E+01
    0.314160000000000E+03    0.201308574081804E+01    0.106006116778244E+01
    0.314180000000000E+03    0.207548839455455E+01    0.106005952551215E+01
    0.320460000000000E+03    0.281926016926627E+01    0.105999425150536E+01
    0.320480000000000E+03    0.288165977371909E+01    0.105999237899554E+01
    0.326740000000000E+03    0.356276752299698E+01    0.105998127139446E+01
    0.326760000000000E+03    0.362516678902136E+01    0.105998363463078E+01
    0.333020000000000E+03    0.430606010701649E+01    0.106000437337970E+01
    0.333040000000000E+03    0.436846018968322E+01    0.106000545042031E+01
    0.339300000000000E+03    0.504909391242745E+01    0.105992905019580E+01
    0.339320000000000E+03    0.511149116070419E+01    0.105992447320865E+01
    0.345580000000000E+03    0.579177253762759E+01    0.105977082585379E+01
    0.345600000000000E+03    0.585416336310459E+01    0.105976643438275E+01
    0.351860000000000E+03    0.250920018738270E+00    0.105972480509001E+01
    0.351880000000000E+03    0.313309007306543E+00    0.105972752898092E+01
    0.358160000000000E+03    0.105547414583316E+01    0.105983351115702E+01
    0.358180000000000E+03    0.111786749168573E+01    0.105983871540548E+01
    0.364440000000000E+03    0.179754587206662E+01    0.105990831362693E+01
    0.364460000000000E+03    0.185994231701829E+01    0.105990848510351E+01
    0.370720000000000E+03    0.253945108662151E+01    0.105986271352702E+01
    0.370740000000000E+03    0.260184579549377E+01    0.105985971609304E+01
    0.377000000000000E+03    0.328110213866444E+01    0.105982054850867E+01
    0.377020000000000E+03    0.334349488527846E+01    0.105982153064221E+01
    0.383280000000000E+03    0.402254139514048E+01    0.105984684457922E+01
    0.383300000000000E+03    0.408493528113263E+01    0.105984926818397E+01
    0.389560000000000E+03    0.476376854987848E+01    0.105981986063208E+01
    0.389580000000000E+03    0.482616132561952E+01    0.105981733753616E+01
    0.395860000000000E+03    0.556708631231368E+01    0.105967248104817E+01
    0.395880000000000E+03    0.562947346799820E+01    0.105966675227640E+01
    0.402140000000000E+03    0.244893444792069E-01    0.105957265961704E+01
    0.402160000000000E+03    0.868720812457013E-01    0.105957278666927E+01
    0.408420000000000E+03    0.764902847139638E+00    0.105964188796044E+01
    0.408440000000000E+03    0.827288857258054E+00    0.105964732209359E+01
    0.414700000000000E+03    0.150540701865134E+01    0.105974995614670E+01
    0.414720000000000E+03    0.156779865096701E+01    0.105975151071989E+01
    0.420980000000000E+03    0.224625870785371E+01    0.105982195673533E+01
    0.421000000000000E+03    0.230865123297258E+01    0.105981951557848E+01
    0.427260000000000E+03    0.298715370898140E+01    0.105977241849479E+01
    0.427280000000000E+03    0.304954456777864E+01    0.105977158856873E+01
    0.433540000000000E+03    0.372821360036801E+01    0.105980656421874E+01
    0.433560000000000E+03    0.379060591477605E+01    0.105981047354841E+01
    0.439840000000000E+03    0.453198495369725E+01    0.105987118166492E+01
    0.439860000000000E+03    0.459438007181689E+01    0.105987062254631E+01
    0.446120000000000E+03    0.527360208602818E+01    0.105979612242856E+01
    0.446140000000000E+03    0.533599395791066E+01    0.105979066099502E+01
    0.452400000000000E+03    0.601534958082152E+01    0.105969447882741E+01
    0.452420000000000E+03    0.607773744824726E+01    0.105969190332534E+01
    0.458680000000000E+03    0.474104203718753E+00    0.105973647897998E+01
    0.458700000000000E+03    0.536493522019100E+00    0.105974098574414E+01
    0.464960000000000E+03    0.121639152487796E+01    0.105989466129670E+01
    0.464980000000000E+03    0.127878754964945E+01    0.105989917549874E+01
    0.471240000000000E+03    0.195906148446352E+01    0.105997424848561E+01
    0.471260000000000E+03    0.202146048474924E+01    0.105997300241625E+01
    0.477540000000000E+03    0.276439810450825E+01    0.105995140081330E+01
    0.477560000000000E+03    0.282679625408218E+01    0.105994938699064E+01
    0.483820000000000E+03    0.350755663088444E+01    0.105996771444515E+01
    0.483840000000000E+03    0.356995519874408E+01    0.105996986397279E+01
    0.490100000000000E+03    0.425096609583693E+01    0.106003423648845E+01
    0.490120000000000E+03    0.431336743797056E+01    0.106003577334159E+01
    0.496380000000000E+03    0.499460399349982E+01    0.106000354197120E+01
    0.496400000000000E+03    0.505700409805604E+01    0.105999926348823E+01
    0.502660000000000E+03    0.573834887709404E+01    0.105988466184177E+01
    0.502680000000000E+03    0.580074426019655E+01    0.105988009769037E+01
    0.508940000000000E+03    0.199025929566460E+00    0.105986076045728E+01
    0.508960000000000E+03    0.261420292597222E+00    0.105986288985255E+01
    0.515240000000000E+03    0.100554897975621E+01    0.106000125378649E+01
    0.515260000000000E+03    0.106794890077526E+01    0.106000694009776E+01
    0.521520000000000E+03    0.175004282291047E+01    0.106011829374272E+01
    0.521540000000000E+03    0.181244764510006E+01    0.106011879152063E+01
    0.527800000000000E+03    0.249480319003737E+01    0.106011388148698E+01
    0.527820000000000E+03    0.255720768449464E+01    0.106011120889277E+01
    0.534080000000000E+03    0.323973638562029E+01    0.106010112431281E+01
    0.534100000000000E+03    0.330214035627796E+01    0.106010173489422E+01
    0.540360000000000E+03    0.398480824291937E+01    0.106015184915220E+01
    0.540380000000000E+03    0.404721368975629E+01    0.106015436292434E+01
    0.546640000000000E+03    0.472982715312673E+01    0.106013445377111E+01
    0.546660000000000E+03    0.479223207774248E+01    0.106013173811039E+01
    0.552940000000000E+03    0.553686675361587E+01    0.105997156775220E+01
    0.552960000000000E+03    0.559926501488485E+01    0.105996596161273E+01
    0.559220000000000E+03    0.628099581960555E+01    0.105985283962323E+01
    0.559240000000000E+03    0.602042887467178E-01    0.105985279092537E+01
    0.565500000000000E+03    0.741666179574850E+00    0.105991393950556E+01
    0.565520000000000E+03    0.804062749207787E+00    0.105991934567109E+01
    0.571780000000000E+03    0.148540072000969E+01    0.106002209896212E+01
    0.571800000000000E+03    0.154780158198400E+01    0.106002474262086E+01
    0.578060000000000E+03    0.222899243834672E+01    0.106001899372590E+01
    0.578080000000000E+03    0.229139344756481E+01    0.106001624501826E+01
    0.584340000000000E+03    0.297233322854527E+01    0.105995402329661E+01
    0.584360000000000E+03    0.303473117820431E+01    0.105995306626074E+01
    0.590620000000000E+03    0.371541731157868E+01    0.105995881003127E+01
    0.590640000000000E+03    0.377781567686588E+01    0.105996155336103E+01
    0.596920000000000E+03    0.452068010348717E+01    0.105996846116769E+01
    0.596940000000000E+03    0.458307873781928E+01    0.105996806756171E+01
    0.603200000000000E+03    0.526325536753484E+01    0.105985795526388E+01
    0.603220000000000E+03    0.532564984986629E+01    0.105985234823574E+01
    0.609480000000000E+03    0.600545429286899E+01    0.105971083825791E+01
    0.609500000000000E+03    0.606784249203429E+01    0.105970806437865E+01
    0.615760000000000E+03    0.464158188201282E+00    0.105971348032021E+01
    0.615780000000000E+03    0.526546782705736E+00    0.105971778238553E+01
    0.622040000000000E+03    0.120590878010285E+01    0.105982926757480E+01
    0.622060000000000E+03    0.126830192270677E+01    0.105983374380253E+01
    0.628320000000000E+03    0.194755434816625E+01    0.105987581559349E+01
    0.628340000000000E+03    0.200994956922091E+01    0.105987465440526E+01
    0.634620000000000E+03    0.275139305295806E+01    0.105981228303984E+01
    0.634640000000000E+03    0.281378548546581E+01    0.105981019762702E+01
    0.640900000000000E+03    0.349257601464137E+01    0.105979199739799E+01
    0.640920000000000E+03    0.355496770500577E+01    0.105979407955705E+01
    0.647180000000000E+03    0.423354988630240E+01    0.105981835706472E+01
    0.647200000000000E+03    0.429594255571783E+01    0.105981987881891E+01
    0.653460000000000E+03    0.497428111655199E+01    0.105975692208418E+01
    0.653480000000000E+03    0.503667145098075E+01    0.105975286210856E+01
    0.659740000000000E+03    0.571467472665563E+01    0.105960055432034E+01
    0.659760000000000E+03    0.577705885275554E+01    0.105959553192518E+01
    0.666020000000000E+03    0.171535793172552E+00    0.105953616662941E+01
    0.666040000000000E+03    0.233917199218467E+00    0.105953811249718E+01
    0.672320000000000E+03    0.973788415228228E+00    0.105963590885975E+01
    0.672340000000000E+03    0.103617390761156E+01    0.105964132024684E+01
    0.678600000000000E+03    0.171357980137418E+01    0.105972336487114E+01
    0.678620000000000E+03    0.177596882442958E+01    0.105972425374295E+01
    0.684880000000000E+03    0.245323691083922E+01    0.105969126613865E+01
    0.684900000000000E+03    0.251562488575291E+01    0.105968822533905E+01
    0.691160000000000E+03    0.319267647288189E+01    0.105964294948955E+01
    0.691180000000000E+03    0.325506204113390E+01    0.105964327876156E+01
    0.697440000000000E+03    0.393195866592441E+01    0.105966817298038E+01
    0.697460000000000E+03    0.399434575751184E+01    0.105967079153603E+01
    0.703720000000000E+03    0.467129600320595E+01    0.105969689177239E+01
    0.703740000000000E+03    0.473368408436045E+01    0.105969490869932E+01
    0.710000000000000E+03    0.541084942419639E+01    0.105959831712311E+01
    0.710020000000000E+03    0.547323361630606E+01    0.105959286640690E+01
    0.716300000000000E+03    0.621298866890584E+01    0.105953562626289E+01
    0.716320000000000E+03    0.627537009587786E+01    0.105953482238122E+01
    0.722580000000000E+03    0.669887074789131E+00    0.105961859920154E+01
    0.722600000000000E+03    0.732271683025374E+00    0.105962438116798E+01
    0.728860000000000E+03    0.141037610252397E+01    0.105977559752536E+01
    0.728880000000000E+03    0.147276739375275E+01    0.105977880839798E+01
    0.735140000000000E+03    0.215123849885458E+01    0.105982335696084E+01
    0.735160000000000E+03    0.221363148495175E+01    0.105982119490067E+01
    0.741420000000000E+03    0.289236187880533E+01    0.105980012978207E+01
    0.741440000000000E+03    0.295475398924282E+01    0.105979878863614E+01
    0.747700000000000E+03    0.363371893100657E+01    0.105983314362384E+01
    0.747720000000000E+03    0.369611206395621E+01    0.105983592120606E+01
    0.754000000000000E+03    0.443773816305657E+01    0.105989290134388E+01
    0.754020000000000E+03    0.450013406210064E+01    0.105989324120799E+01
    0.760280000000000E+03    0.517957384169267E+01    0.105983155536599E+01
    0.760300000000000E+03    0.524196703656071E+01    0.105982637389885E+01
    0.766560000000000E+03    0.592151271811645E+01    0.105971891177848E+01
    0.766580000000000E+03    0.598390152436741E+01    0.105971553487759E+01
    0.772840000000000E+03    0.380420047634743E+00    0.105973603820433E+01
    0.772860000000000E+03    0.442809357094120E+00    0.105973974739489E+01
    0.779120000000000E+03    0.112282228832601E+01    0.105988888902371E+01
    0.779140000000000E+03    0.118521791836883E+01    0.105989382204573E+01
    0.785400000000000E+03    0.186559973483099E+01    0.105998405226689E+01
    0.785420000000000E+03    0.192799912785767E+01    0.105998345382276E+01
    0.791700000000000E+03    0.267104117951612E+01    0.105996548590653E+01
    0.791720000000000E+03    0.273343984854091E+01    0.105996314430208E+01
    0.797980000000000E+03    0.341428729015934E+01    0.105997042404261E+01
    0.798000000000000E+03    0.347668599671852E+01    0.105997204383304E+01
    0.804260000000000E+03    0.415775893627324E+01    0.106003524742422E+01
    0.804280000000000E+03    0.422016013623670E+01    0.106003752261003E+01
    0.810540000000000E+03    0.490144483674521E+01    0.106002085071235E+01
    0.810560000000000E+03    0.496384566702000E+01    0.106001727562766E+01
    0.816820000000000E+03    0.564521153401802E+01    0.105990180918440E+01
    0.816840000000000E+03    0.570760742882203E+01    0.105989676532989E+01
    0.823100000000000E+03    0.105824377734734E+00    0.105985338911414E+01
    0.823120000000000E+03    0.168218337712460E+00    0.105985452103540E+01
    0.829400000000000E+03    0.911965320281524E+00    0.105992862096739E+01
    0.829420000000000E+03    0.974363202604309E+00    0.105993405851260E+01
    0.835680000000000E+03    0.165576166414530E+01    0.106003100770632E+01
    0.835700000000000E+03    0.171816358826209E+01    0.106003222791652E+01
    0.841960000000000E+03    0.239960308066520E+01    0.106004015251611E+01
    0.841980000000000E+03    0.246200347414742E+01    0.106003799980287E+01
    0.848240000000000E+03    0.314311329151406E+01    0.105997779802691E+01
    0.848260000000000E+03    0.320551218964602E+01    0.105997791936839E+01
    0.854520000000000E+03    0.388663720519799E+01    0.106000280269336E+01
    0.854540000000000E+03    0.394903787851808E+01    0.106000528448545E+01
    0.860800000000000E+03    0.463012406437201E+01    0.106002275763994E+01
    0.860820000000000E+03    0.469252345585392E+01    0.106002094357189E+01
    0.867080000000000E+03    0.537330769779464E+01    0.105988284611824E+01
    0.867100000000000E+03    0.543570266392180E+01    0.105987717557698E+01
    0.873380000000000E+03    0.617840384848569E+01    0.105974203619805E+01
    0.873400000000000E+03    0.624079327724985E+01    0.105974104126407E+01
    0.879660000000000E+03    0.637587083875133E+00    0.105977708361300E+01
    0.879680000000000E+03    0.699978146246849E+00    0.105978219033762E+01
    0.885940000000000E+03    0.137980073481503E+01    0.105988946224674E+01
    0.885960000000000E+03    0.144219624800644E+01    0.105989289513084E+01
    0.892220000000000E+03    0.212186930989901E+01    0.105990371819551E+01
    0.892240000000000E+03    0.218426567016468E+01    0.105990142870638E+01
    0.898500000000000E+03    0.286368966805640E+01    0.105983619242129E+01
    0.898520000000000E+03    0.292608290195767E+01    0.105983460806040E+01
    0.904780000000000E+03    0.360523728329690E+01    0.105982914527544E+01
    0.904800000000000E+03    0.366763044637673E+01    0.105983168714372E+01
    0.911080000000000E+03    0.440895237012592E+01    0.105984813249696E+01
    0.911100000000000E+03    0.447134617823713E+01    0.105984858359612E+01
    0.917360000000000E+03    0.514999396616031E+01    0.105975600676447E+01
    0.917380000000000E+03    0.521238432026212E+01    0.105975087975298E+01
    0.923640000000000E+03    0.589066143647551E+01    0.105959992510813E+01
    0.923660000000000E+03    0.595304526842529E+01    0.105959623608278E+01
    0.929920000000000E+03    0.347804034866840E+00    0.105957414284329E+01
    0.929940000000000E+03    0.410187016017517E+00    0.105957760723234E+01
    0.936200000000000E+03    0.108796669085223E+01    0.105968368249497E+01
    0.936220000000000E+03    0.115035401085697E+01    0.105968870948509E+01
    0.942480000000000E+03    0.182802370009995E+01    0.105974952705916E+01
    0.942500000000000E+03    0.189041380594927E+01    0.105974927020252E+01
    0.948780000000000E+03    0.263028156526525E+01    0.105969407736173E+01
    0.948800000000000E+03    0.269266941023170E+01    0.105969136612451E+01
